0.010059595
0.0050108433
0.016274095
0.008643866
0.0056397915
0.008621454
0.004895687
0.008599997
0.009358883
0.0076156855
0.0102415085
0.0051720142
0.008038163
0.01262331
0.006054044
0.011912584
0.002464056
0.0037360191
0.0105063915
0.0017442703
0.004035473
0.006183505
0.016067743
0.0033904314
0.0050469637
0.009593487
0.011661172
0.009464741
0.004225731
0.014165044
0.00841248
0.0023633242
0.0010332465
0.0052378178
0.0068278313
0.010936022
0.010241032
0.008905411
0.004758239
0.014587164
0.007944107
0.01077199
0.009038806
0.0180614
0.009793997
0.0032355785
0.0071980953
0.018333912
0.011932731
0.005749345
0.010397315
0.0064151287
0.009808779
0.0024914742
0.009616375
0.011988282
0.0068911314
0.01838839
0.0066467524
0.009001613
0.0130877495
0.010654688
0.008004546
0.01040709

0.008333087
0.0030184984
0.008322597
0.021178484
0.007248521
0.007765174
0.011214972
0.01949501
0.0042562485
0.0072232485
0.015391827
0.010471106
0.0038000345
0.0022397041
0.012492776
0.015545368
0.0017188787
0.0074084997
0.009471655
0.008840084
0.008012652
0.003352642
0.007172823
0.008787036
0.00496006
0.0005879402
0.015679598
0.005982876
0.010397911
0.004584193
0.0012803078
0.002412796
0.007135272
0.011100531
0.008226275
0.011797905
0.0100528
0.0073848963
0.004869938
0.004049778
0.00675714
0.0074431896
0.015615225
0.0051494837
0.005810976
0.018631697
0.01260674
0.011340737
0.002734542
0.009225965
0.013736248
0.022203565
0.004975438
0.011213064
0.009544492
0.021853209
0.020308137
0.013032675
0.007513404
1.0728836e-05
0.018939376
0.010276675
0.0055630207
0.011476755

0.007578969
0.0077655315
0.008060098
0.0016498566
0.009474993
0.0018868446
0.0011489391
0.00073862076
0.00818789
0.00827539
0.003083825
0.008682251
0.009171009
0.0034683943
0.00043690205
0.006076932
0.0072346926
0.004430294
-8.34465e-06
0.003289342
0.0036865473
0.007219672
0.0017967224
0.004414797
0.010593057
0.0034315586
0.0036445856
0.0028277636
0.006031513
0.0027337074
0.009999275
0.0012352467
0.011502981
0.005702615
0.011662364
0.0014345646
0.0007237196
0.005101919
0.0043634176
0.004360914
0.00088250637
0.009431481
0.0015858412
0.006783366
0.0032162666
0.0018556118
0.0024073124
0.0036196709
0.006266117
0.0016567707
0.00883317
0.003606677
0.0065324306
0.0029605627
0.005855918
0.00622952
0.007890582
0.0019137859
0.008025527
0.0051443577
0.0068751574
0.0009560585
0.0059096813
0.0010279417
0.009913802
0.008429527
0.0062658787
0.00318861
0.005426049
0.004588008
0.007790923
0.012743235
0.0026769638
0.000114917755
0.0073895454
0.008328557
0.0031861067
0.008663774
0.0026283264
0.01451993
0.008018255
0.0021352768
0.0068329573
0.0012680292
0.004148841
0.0024479628
0.0035389662
0.0066114664
0.007225275
3.2305717e-05
0.0006302595
0.0008995533
0.0068200827
0.0045673847
0.0066028833
0.003845811
7.390976e-06
0.0004428625
0.0050878525
0.00355649
0.00019443035
9.512901e-05
0.005915761
0.004230976
0.0070039034
0.007820725
0.0004339218
0.0073153973
0.012167096
5.352497e-05
3.194809e-05
0.0044226646
0.001532793
0.003026843
0.009301782
0.00458622
0.002809763
0.0054365396
0.0089844465
0.0005348921
0.0046902895
0.0066583157
0.00072956085
0.00055372715
0.011210322
0.003632307
0.007942796
0.009551406

0.00016069412
0.0019934177
0.003753662
0.009779096
0.007453084
0.00044620037
0.0037556887
0.00045752525
0.0040364265
0.008902073
0.016955614
0.0096052885
0.0050348043
0.0068228245
0.0027951002
0.0104522705
0.0068879128
0.002486229
0.0014214516
0.0015730858
0.0051927567
0.0025708675
0.00080406666
0.006362796
0.009592533
0.009940505
0.0050290823
0.0060766935
0.0040159225
0.0023595095
0.00080788136
0.0014498234
0.0069379807
0.0013716221
0.002012968
0.003953576
0.0046494007
0.0029474497
0.0032258034
0.00069642067
0.0035823584
0.0041834116
0.0039765835
0.0033079386
0.008285522
0.002857089
0.011226296
0.0028924942
0.0041947365
0.00388062
0.0037269592
0.0059165955
0.0010026693
0.005351186
0.011528969
0.005751729
0.0010340214
0.0058248043
0.008306384
0.0055832863
0.007170081
0.0055845976
0.014873505
0.0072784424
0.0038318634
0.0032964945
0.0037062168
0.0116221905
0.00784111
0.0055977106
0.013671398
0.0040756464
0.0026539564
0.0034064054
0.00029468536
0.0059763193
0.007745266
0.00078988075
0.0043985844
0.000207901
0.0037982464
4.6491623e-06
0.00079131126
0.007904291
0.0035281181
0.0006428957
0.004065156
0.007362485
0.0039186478
0.011189342
0.0001450777
0.0060055256
0.002131939
0.0023344755
0.00534904
-2.3841858e-07
0.012191057
0.007619977
0.0014613867
0.00387156
0.0038814545
0.007407546
0.004357338
0.0004349947
0.00018334389
0.0049051046
0.0023710728
0.00032877922
0.014978409
0.0024683475
0.0022244453
0.0024232864
0.0046623945
0.005130768
0.006984234
0.0029406548
0.0060471296
5.722046e-06
0.008867621
0.0062972307
1.0371208e-05
0.0061780214
0.005747676
0.0073946714
0.0025231838
0.0053287745
0.006834388
0.002820015

0.002764821
0.0037640333
0.0018093586
0.0020626783
0.0037308931
0.0010770559
0.0012924671
0.0012471676
0.0049672127
0.0034412146
0.0050406456
0.0017892122
0.00076401234
0.0019283295
0.0031813383
0.0032020807
0.0021913052
0.0029568672
0.0042544603
0.0006489754
0.00048172474
0.0018875599
0.00048422813
0.004316807
0.0028972626
0.0023704767
0.0037515163
0.0035834312
0.0028350353
0.0041228533
0.0032256842
0.003232479
0.0018510818
0.0026413202
0.00064468384
0.0010508299
0.00352633
7.009506e-05
0.001663804
0.0035227537
0.0037738085
0.0021691322
0.0033034086
0.001409173
0.0015747547
0.0020536184
0.002389431
0.003911376
0.0030465126
0.0036725998
0.0012449026
0.00078618526
0.00079250336
0.0036517382
0.002554655
0.0033988953
0.0033077002
0.0038318634
0.00018513203
0.0017476082
0.0038106441
0.003211856
0.00020730495
0.00024747849
0.0037579536
0.002548337
0.0036751032
0.00018942356
0.0016328096
0.0036410093
0.00022041798
0.000895381
0.0010709763
0.0057606697
7.367134e-05
0.0025891066
0.0024881363
0.00040853024
0.0027911663
0.0029714108
0.0031143427
0.0019023418
0.0005607605
0.0027167797
0.0030179024
0.0031501055
0.0025970936
0.00010383129
0.0028903484
0.0015263557
0.0035072565
0.001668334
0.0042538643
0.003091693
0.00045716763
0.0048264265
0.0019586086
0.004049778
0.0028982162
0.0030961037
0.0023337603
0.0037212372
0.0022001266
2.360344e-05
0.0018554926
0.004252672
0.00064611435
0.005431652
1.2993813e-05
0.002969265
0.004378438
0.0021202564
0.0044447184
0.0033015013
0.0047183037
0.0037033558
0.0015022755
0.0013753176
0.0025929213
0.0015319586
0.00022304058
0.0024187565
0.00413239
0.001295805
0.001799345
0.0023875237
0.0036656857
0.0027518272
0.0019471645
0.003777504
0.00093996525
0.0012054443
0.003190279
0.00026285648
0.00014340878
0.0020213127
0.0016551018
0.0039999485
0.00056517124
0.0016462803
0.004624963
0.0030605793
0.005048394
0.0047342777
0.003929138
0.0039526224
0.003374219
0.0022109747
0.004247308
0.0026532412
0.0035429
0.0023815632
0.0029997826
0.002837181
0.003805995
0.0037994385
0.0034760237
0.0027477741
0.0022978783
0.0030810833
6.92606e-05
0.004192114
0.002147317
0.0032049417
0.0032260418
0.0014343262
0.0031216145
0.003025651
7.9870224e-05
0.0033954382
2.9802322e-06
0.0041109324
0.0040444136
0.0045325756
0.000700593
0.002284646
0.0054785013
0.0029660463
0.0002309084
0.0035237074
0.0028361082
0.0037451982
0.003973365
0.004037261
0.0005118847
0.00013589859
0.00077188015
0.001380682
0.0022758245
0.0039966106
0.0017488003
9.059906e-06
6.532669e-05
0.00023388863
0.0013734102
0.0025691986
0.00018930435
0.0011063814
0.0013021231
0.0034544468
0.0021920204
0.0028709173
0.0041390657
0.002097845
0.0010435581
0.0037020445
3.6478043e-05
0.0031952858
0.0047365427
0.003173709
0.0033359528
0.0023283958
0.0018531084
0.0032798052
0.0049672127
0.0025776625
0.0030019283
7.426739e-05
0.0026546717
0.00013136864
0.0005019903
0.0036031008
0.0033951998
0.0049847364
0.002495885
0.0034854412
0.0026831627
0.003135085
0.0037884712
0.0005763769
0.00034308434
0.0048781633
0.00434041
0.0024083853
0.0020577908
0.0033195019
0.002878189
0.0023269653
0.0026540756
0.0011731386
0.0009343624
0.0050257444
0.001678586
0.0004749298
0.00033128262
0.0045833588
0.000101327896
0.0018795729
0.0016663074
0.0036039352
0.003446579
0.0031923056
0.0021523237
0.0018674135
0.0027332306
0.0014965534

0.00016248226
0.001816392
0.00206244
0.002960682
0.0035425425
0.002068758
0.0032920837
0.003753543
0.0026154518
0.002427578
1.8954277e-05
0.0005117655
0.0035076141
0.0014386177
0.0013474226
0.0027177334
0.001050353
0.0004595518
0.0034133196
0.002162695
0.002822876
0.0025644302
0.0034685135
0.0021848679
0.0043513775
0.002986908
0.0006890297
0.0045051575
0.0037043095
0.0007272959
0.003419876
0.00050246716
0.0027792454
-6.198883e-06
0.0031627417
0.0021185875
0.004032731
0.00058555603
0.0025100708
0.00059592724
0.0002669096
0.0037349463
0.0029262304
0.0015101433
0.0027631521
0.00221169
0.00019848347
0.0021461248
0.003502965
0.0006507635
0.000118494034
0.002756238
0.00030648708
0.002543211
0.0032681227
0.0022574663
0.0010458231
0.0031740665
0.0033535957
0.0028982162
0.0042123795
0.0026937723
0.0024529696
0.00255692
0.0017825365
0.004351735
0.0033023357
0.002375126
0.003450632
0.0016855001
0.00020766258
0.0017927885
0.0035229921
-2.503395e-06
0.00399971
0.0028994083
0.0022184849
0.0021477938
0.00449872
0.00035905838
0.0038833618
3.7550926e-05
0.006379366
0.0025264025
0.0029199123
0.0015027523
0.0033570528
0.0035557747
0.004791975
0.001475215
0.0032644272
0.00014030933
0.0024329424
0.002870202
0.0017906427
0.0043290854
0.002287984
0.0037904978
0.001987934
0.0027284622
0.0040495396
0.0018526316
0.002670765
0.0016508102
0.0001538992
0.0017498732
0.0037571192
0.003210187
0.0024251938
0.0029456615
0.0035647154
0.002398491
0.00038850307
0.002401948
0.0035492182
0.001688838
0.002023697
0.0033755302
0.0025877953
0.0023019314
0.0033837557
0.00289464
0.0028283596
0.0023165941
0.004119396
0.0033458471
0.0028635263
0.0032316446
1.4543533e-05
0.0069081783
0.004054904
0.0038120747
0.0018386841
0.0016282797
0.0015492439
0.004533291
0.0032827854
0.0028500557
0.0013359785
0.0035145283
0.0025435686
0.0024415255
0.0036696196
0.0001487732
0.0036756992
0.003237605
0.002549529
0.0028989315
0.00041234493
0.00095939636
0.0031387806
0.001987815
0.0031620264
0.00041937828
0.002908945
0.004325986
0.0035743713
0.00066268444
0.0034326315
0.00025343895
0.0029702187
0.0011385679
0.0010640621
2.7775764e-05
0.0027307272
0.0025783777
0.002327323
0.0030646324
0.0019055605
0.0009200573
0.003077507
0.0027871132
0.0001128912
0.0005286932
0.0036904812
0.0
0.0005732775
0.0037449598
-4.053116e-06
0.0022443533
0.0023396015
0.0031903982
0.002726674
0.003436327
7.081032e-05
0.0035383701
0.0005682707
0.001775384
0.0029273033
0.0039770603
0.00057792664
0.005027175
0.004811883
0.003891468
0.0016940832
0.0039697886
0.0020221472
0.003443122
0.004050851
0.0019131899
0.0038098097
0.003271699
0.0016061068
0.0017225742
0.0044413805
4.053116e-06
0.0035469532
0.00026345253
0.005118847
0.004455209
0.0001847744
0.0032494068
0.0020962954
0.0027097464
0.00011265278
0.0034655333
0.0024911165
0.0037375689
0.0046128035
0.001593113
0.003602028
0.003712058
0.00061655045
0.0012552738
0.0018459558
3.3974648e-05
0.0020717382
0.0050610304
0.0016251802
0.00200665
0.003000021
0.0021208525
0.0027109385
0.00230062
0.0038073063
0.0039741993
0.0004994869
0.00477767
0.003404379
0.0021009445
0.0034668446
0.0026397705
0.0038576126
0.0025445223
0.0009834766
0.0023440123
0.0031005144
0.00097572803
0.0023798943
0.0005480051
0.00385499
0.003232479
0.0011624098
0.0015013218
0.0025786161
0.00031602383

0.0033160448
0.000857234
0.0031728745
0.003423214
0.0018820763
0.0031015873
0.004203558
0.00319767
0.00029456615
0.0027694702
0.00040650368
0.001860857
0.000952363
0.0037697554
0.0035020113
0.0014785528
0.003023386
0.0011929274
0.0017290115
0.0023442507
0.0010442734
0.0023180246
0.0033255816
0.0023075342
0.0023066998
0.0033168793
0.0026891232
0.0021084547
0.0021988153
0.0032414198
0.0031330585
0.00314641
0.002349615
0.0023002625
3.4093857e-05
0.0011626482
0.0025031567
0.0031530857
0.0006161928
0.0025240183
0.0016604662
0.003967762
0.0025889874
0.0020244122
0.002508998
8.273125e-05
0.0025612116
0.0025771856
0.0032827854
0.0028642416
0.0009328127
0.0006264448
0.0017215014
0.0021919012
0.00439775
0.0042694807
0.0030442476
0.00277102
0.0033855438
0.0024602413
0.0014760494
0.0041383505
0.0016299486
0.0036511421
0.0019421577
0.0035043955
0.0015836954
0.0020048618
0.003194809
0.0039806366
0.0030757189
0.0028295517
0.0035357475
0.0023646355
0.0017939806
0.0056807995
0.0028395653
0.0017290115
0.00080645084
0.0027279854
0.00020718575
0.0027923584
0.0012463331
0.0007362366
0.0017598867
0.0038552284
0.00021719933
0.0033246279
0.0020030737
0.00057053566
0.0018193722
0.0034265518
0.0030764341
0.003334999
0.00026881695
0.0027860403
0.002917409
0.0027884245
0.0026768446
0.0015559196
0.0011153221
0.003033042
0.0037902594
0.0019688606
0.0024536848
0.00359869
0.0018318892
0.003537178
0.0029668808
0.0026189089
0.0018537045
0.0004950762
0.0029864311
0.00074887276
0.0025613308
0.0015755892
0.0002475977
0.00037431717
0.0036181211
0.0015974045
4.87566e-05
0.0025734901
0.0028799772
0.0015739202
0.0009651184
0.0043348074
0.0037932396
0.0004105568
0.0029910803
0.0028110743
0.003149271
0.0032253265
0.0038570166
0.0044443607
0.0036466122
0.0032515526
0.0015895367
0.0024917126
0.0009121895
0.002917409
0.0020290613
0.0033791065
0.0023442507
0.002989769
0.002831459
0.0006055832
0.0020393133
0.00086319447
0.0016871691
0.0036395788
0.002718091
0.002224207
0.00017094612
0.0006097555
0.0028201342
0.0036412477
0.0013878345
0.00079751015
0.0017043352
0.0037109852
0.0028668642
0.001830101
0.003079176
0.0013918877
0.0020120144
0.0019761324
0.002157092
0.0033022165
0.00302279
0.0014511347
0.00048947334
0.003934741
0.0012239218
0.0018607378
0.0017627478
0.0019507408
0.0024373531
0.0044527054
0.0014414787
0.0021089315
0.0033313036
0.0018808842
0.0019772053
0.003660798
0.0015904903
0.0018867254
0.0025070906
0.005755663
0.0006095171
0.0027698278
0.0014339685
0.00012421608
0.00010621548
0.00017666817
0.0033379793
0.0033701658
0.0028598309
0.0024430752
0.00045013428
0.004161358
0.0023214817
0.0016776323
0.004023552
0.0031667948
0.000983715
0.0022280216
0.0006701946
0.0034434795
0.0026909113
0.0024895668
0.0016247034
0.00149405
0.0024613142
0.0025968552
0.0045667887
0.0010355711
0.0031342506
0.0027935505
0.0023453236
0.0043114424
0.0009912252
0.0030610561
0.003586173
3.695488e-05
0.0028676987
0.0038582087
0.004936576
0.00054490566
0.0036616325
0.0019415617
0.0034354925
0.0028978586
0.0022146702
0.0041686296
0.0019811392
0.0039292574
0.0034486055
0.003801465
0.0027275085
0.002408862
0.0030828714
0.003558278
0.0044038296
0.0036455393
0.00075387955
0.0020538568
0.0019536018
0.0022097826
0.002646327
0.0021772385
0.0033659935
0.0040802956
0.003631711
0.0020122528
0.0030491352
0.0022486448

0.0015518665
0.0015211105
0.0018424988
0.0012003183
0.0023792982
0.0017045736
0.002556324
0.0018627644
0.0020093918
0.00084376335
0.001465559
0.0016194582
0.000875473
0.0017027855
0.0014075041
0.0015612841
0.00072312355
0.0013513565
0.0003439188
0.0008124113
0.0008575916
0.0021653175
7.927418e-05
0.00021982193
0.0017625093
0.0017255545
0.00043582916
0.0019258261
5.364418e-06
0.0003556013
0.0019545555
0.0007404089
0.0019905567
0.0006133318
0.001024723
0.0005686283
0.0014864206
0.0015692711
0.0015641451
0.00026929379
0.0013139248
0.000874877
0.0015785694
8.9645386e-05
0.0011343956
0.002315998
0.0014874935
0.0006015301
0.0013459921
0.0017597675
0.0020439625
0.0019495487
0.0002784729
0.00084865093
0.0019936562
0.00010883808
0.00031399727
0.0021026134
0.0010371208
0.0006377697
0.0004696846
0.001977563
0.00035476685
0.0012040138
0.0018401146
0.0012875795
0.002439618
0.0022038221
0.000300169
0.002150774
0.0012551546
0.00029480457
0.0020645857
0.00017917156
0.0014936924
0.00023257732
0.00111413
0.0006971359
5.3167343e-05
0.00057041645
0.0013877153
0.0002616644
0.0014489889
0.0018526316
0.0007740259
0.0009485483
0.00012052059
0.001344204
0.0010229349
0.00086808205
0.0011610985
0.0019339323
0.0011527538
0.0013958216
0.00066518784
0.001517415
0.00023031235
0.0013462305
0.0009974241
0.0011328459
0.0010714531
0.002732873
0.0014140606
0.0014778376
0.0018923283
0.0017235279
0.0019317865
0.0013943911
0.0017552376
0.001608491
0.000828743
0.0017791986
0.00036549568
0.0024918318
0.00013780594
0.0018719435
0.0007580519
0.0017338991
0.0016731024
0.00070488453
0.0014773607
0.0016008615
0.0015847683
0.001962185
0.0022250414
0.0014066696
0.00055253506
0.0016587973
0.0010607243
0.0013878345
0.0008561611
0.0016064644
0.002583146
0.0004426241
0.000101327896
0.0015140772
0.00053179264
0.0006097555
0.0005964041
0.00139606
0.0011121035
0.0017310381
0.0021003485
6.198883e-06
0.0012103319
0.00023519993
0.0021857023
0.00053429604
0.0016316175
0.0016067028
0.0015976429
0.001940012
0.001793623
0.0018461943
0.0010995865
0.0018856525
0.0018737316
0.0017054081
0.0007355213
0.0015928745
0.00056385994
0.0017832518
0.0014092922
0.0014506578
0.00030767918
0.000833869
0.00039982796
0.0010716915
0.001567483
0.0017364025
0.00056672096
0.00012731552
0.0023676157
0.0010172129
0.0015200377
0.0018532276
0.0005246401
0.0004478693
0.0024986267
0.00071263313
0.0015566349
0.0006828308
0.0010514259
0.0014535189
0.002170205
0.0014383793
0.0014106035
0.0019404888
0.0008201599
0.0005685091
0.0008968115
0.0004234314
0.0020438433
0.0017533302
0.00036859512
0.0017617941
0.0014789104
0.00052428246
0.0008971691
0.0010238886
0.0012509823
0.0010040998
0.0018641949
0.0010527372
0.00052666664
0.0015279055
0.00039553642
0.0015263557
0.0021514893
0.0014532804
0.0005450249
0.0015221834
0.0002425909
0.0010240078
0.0023027658
0.0019067526
0.0019311905
0.001065731
0.0014446974
0.0007480383
0.00097072124
0.0010724068
0.0015077591
0.0017681122
0.0018452406
0.002087593
0.0010466576
0.0007343292
0.0015366077
0.00026535988
0.0012904406
0.0020325184
0.0008442402
0.0014710426
0.0018173456
0.0007561445
0.0018581152
0.0014975071
0.0012458563
0.0019606352
0.00057315826
0.0005363226
0.0015978813
0.00024235249
0.0012441874
0.0003426075
0.00091421604
0.0017405748
0.0029028654
0.00071930885
0.0011608601
0.001121521
0.00059103966
0.0006015301
0.0008894205
0.0013128519
0.0018401146
0.0013712645
0.00020599365
0.002011776
0.0017334223
0.0015281439
0.0013234615
0.001291275
0.0013569593
0.002074957
0.0013787746
-1.1920929e-05
0.001570344
0.0013713837
0.0020353794
0.00015699863
0.00014972687
0.00053298473
0.0010123253
0.0007940531
0.0014152527
0.0022807121
0.0018123388
0.0014066696
0.0013017654
0.0007978678
0.00015842915
8.440018e-05
0.0020042658
0.0012332201
0.0005097389
0.0011458397
0.0011427402
0.0013865232
0.00072050095
0.001625061
0.0011233091
0.0012644529
0.002747655
0.0010243654
0.00044572353
0.0006866455
0.0022051334
0.0018607378
0.001042366
0.00017404556
0.002035737
0.000987649
0.0016003847
6.198883e-05
0.0020654202
0.0012136698
0.0021988153
0.0018999577
0.0013492107
0.0009988546
0.0008648634
0.0004168749
0.00048935413
0.0021935701
0.002652526
0.0020498037
0.0019686222
0.0014414787
0.0015611649
0.0018829107
0.0015830994
0.0006723404
1.5735626e-05
0.0010478497
0.0018106699
0.0016896725
0.0016505718
2.7656555e-05
0.0015181303
0.00060009956
3.385544e-05
0.0020635128
0.00093889236
0.00022614002
0.0007272959
0.0012776852
0.001668334
0.000700593
0.00015580654
0.0007504225
0.00017154217
0.0011091232
0.0007722378
0.0005071163
0.0019809008
0.0017110109
0.0013881922
0.0017945766
0.00092947483
0.00024139881
0.00043058395
0.0013504028
0.0014669895
0.0008575916
0.0004541874
0.000549078
0.0006984472
0.002123952
0.0014109612
0.0011687279
0.0010046959
0.0022718906
0.00056636333
0.0022746325
0.00048673153
0.0016646385
0.00047516823
0.00089526176
0.0018408298
0.0015081167
0.00047278404
0.0023046732
0.00020229816
0.001224637
0.0010685921
0.00022506714
0.002461791
0.0009520054
0.0015940666
0.00053310394
0.00035333633
0.0016373396
0.000631094
0.0018861294
0.0014256239
0.0015022755
9.6678734e-05
0.0009468794
0.0013383627
0.00027239323
0.0010029078
0.0021979809
0.00076270103
0.0019153357
0.0013315678
0.000441432
0.0002310276
0.0016547441
0.0020115376
0.0019885302
0.0015890598
0.0012780428
0.00042891502
0.0024510622
0.0018138885
0.0016491413
5.9843063e-05
0.0008587837
0.0015201569
0.0008317232
0.0018178225
0.0024362803
0.0014090538
0.0018476248
0.00109303
0.0009844303
0.00047922134
0.0010849237
0.0018960238
0.0018508434
0.0011498928
0.0003402233
0.0016486645
0.0017178059
0.0016597509
0.0016397238
0.00089097023
0.0021795034
0.00019812584
0.0014723539
0.0010821819
0.0020905733
0.0018808842
0.0003476143
0.0018546581
0.0014843941
0.00050878525
0.0013065338
0.0012234449
0.0021115541
0.00062954426
0.0023144484
0.001760602
0.001175046
0.0021348
0.0009877682
0.0015023947
0.0006722212
0.0009533167
0.0021944046
0.00016152859
0.0018270016
0.0006955862
0.0019552708
0.0017697811
0.0013633966
0.0017693043
0.00012934208
0.0023003817
0.001817584
0.0018894672
0.000284791
0.0016841888
0.0023777485
0.0013384819
0.0009441376
0.0012462139
0.00014078617
0.0015155077
0.00045835972
0.0009739399
0.0027052164
0.0009070635
0.0016189814
0.002215147
0.0005681515
0.0013338327
0.00062918663
0.0023217201
0.0010044575
0.0006300211
0.0013884306
0.00172925
0.0014857054
0.0024374723
0.0008100271
0.00016832352
0.0020922422
0.00060009956
0.0019893646
0.002658844
0.0022292137
6.771088e-05
0.0022950172
0.0015236139
0.0033717155
0.00032269955
0.002157569
9.059906e-05
0.00025975704
0.0021679401
0.0023528337
0.0019335747
0.00073850155
0.0016876459
4.172325e-05
0.001322031
0.0009856224
0.001590848
0.00010514259

0.0010820627
0.0017712116
0.0011233091
0.0010995865
0.00047647953
0.0014634132
0.0005617142
0.0019352436
0.0021481514
0.0015431643
0.0011698008
0.0011392832
0.0005338192
0.0015048981
0.00096166134
0.0012546778
0.0006904602
0.001401782
0.0009213686
0.0006825924
0.0017261505
0.000978589
7.867813e-06
0.0014327765
0.0016871691
0.0012294054
0.0007147789
0.00017142296
0.00036680698
0.00031471252
0.0017591715
0.0015932322
0.001106143
0.001644969
0.00037813187
0.0012028217
0.0012001991
0.0020657778
0.00085389614
0.0008196831
0.0020405054
0.0011253357
0.0017893314
0.0006477833
0.0022404194
0.00070130825
0.0006892681
0.0011264086
0.00073337555
0.0015963316
0.0012847185
0.0020333529
0.0005700588
0.002347231
0.0003824234
0.0004849434
0.0018194914
0.0011780262
0.0017814636
0.0018552542
0.0008177757
1.859665e-05
0.0018788576
0.0015765429
0.0014673471
0.002027154
0.001234889
0.00040137768
0.001044035
0.0015420914
3.7550926e-05
0.00014305115
0.001572609
0.0011122227
0.0012141466
0.0012979507
0.0020452738
0.0016032457
0.0018612146
0.0018002987
0.00022912025
0.00081419945
0.0020041466
0.0018718243
0.00199306
0.00036644936
0.00039494038
0.0022859573
0.0013564825
0.0013052225
0.0016635656
0.00081920624
0.0020694733
0.0011292696
0.0022360086
0.0017880201
0.0016847849
0.00081419945
0.00071263313
0.0011395216
0.0022392273
0.00086319447
0.00037002563
0.0018931627
0.0009638071
0.002044797
0.001458168
0.00075161457
0.0012902021
0.0011972189
0.0014537573
0.00086176395
0.0009380579
0.001967907
0.0018365383
0.0020567179
0.0019932985
0.0010523796
0.0022547245
0.0026159286
0.0016133785
0.00013446808
0.000700593
0.0011657476
0.0009316206
0.0019147396
0.003317833
0.0016955137
0.0007303953
0.0016748905
0.0017637014
0.0016641617
0.0016733408
0.00066030025
0.0018253326
0.0008569956
0.00011920929
0.0010219812
0.000598073
0.001268506
0.00033712387
0.0015784502
0.0015028715
0.001144886
0.00097084045
0.0011104345
0.0015983582
0.0021879673
0.002120018
0.0010460615
0.00056040287
0.0012271404
0.0011144876
0.0016952753
0.00015044212
0.0008561611
0.001036644
0.00045764446
0.001151681
0.0009970665
0.0014208555
0.0010846853
0.00045847893
0.001842618
0.001495719
0.0014054775
0.0023685694
0.0017684698
0.0016442537
0.000713706
0.001560688
0.0011847019
0.0014545918
0.0018962622
0.0016918182
0.0014977455
0.0014531612
0.0014647245
0.0012212992
0.0008071661
0.0020792484
0.0022500753
0.00096035004
0.00052952766
0.0005937815
0.0010719299
0.0013056993
0.0021594763
0.001332283
0.0004774332
0.000721097
0.0022511482
0.001282692
0.0015594959
0.0004975796
0.0015120506
0.002117157
0.00094759464
0.0002912283
0.000110030174
0.0019108057
0.0010586977
0.0015882254
0.0012154579
0.00039982796
0.002178669
0.0013635159
0.0017540455
0.00022733212
0.0017027855
0.0005825758
0.001096487
0.0011681318
0.001526475
1.2516975e-05
0.0011348724
0.0019273758
0.0011919737
0.0013906956
0.0005480051
0.001398921
0.00086307526
0.0012875795
0.0017966032
0.0007828474
0.0013629198
0.0006130934
0.0012584925
0.00038290024
0.0011537075
0.0007760525
0.0012032986
0.0009715557
0.0010821819
0.0007801056
0.0013597012
0.0013576746
0.0012506247
0.0013962984
0.0020406246
0.0017391443
0.0011395216
0.000647068
0.0014179945
0.0017251968
0.00045871735
0.0017188787
0.002599597
0.0007764101
0.0010509491
0.001411438
0.0007157326
0.0008776188
0.0019664764
0.0015318394
0.0018972158
0.0008569956
0.00036358833
0.001377821
0.001850605
0.00097310543
0.0008816719
0.0014816523
0.0011864901
0.00055897236
0.00043284893
0.0019385815
0.001152277
0.0022319555
0.00061261654
0.00084352493
0.0003014803
0.0016767979
0.0012559891
0.002030015
0.0009511709
0.0011382103
0.001103878
0.0008804798
0.00013589859
0.0010398626
0.00054085255
0.0021448135
0.0001039505
0.001045227
0.0018340349
0.0014199018
0.0012598038
0.0011999607
0.00012385845
0.0011742115
7.510185e-05
0.00016880035
0.0017147064
0.001871705
0.00072979927
0.0010927916
0.0015693903
0.0021699667
0.001206398
0.0014016628
0.0024570227
0.00048339367
0.0013834238
0.0011649132
0.0009806156
0.0006145239
5.9247017e-05
0.0012264252
0.0016570091
0.00094270706
0.0009906292
0.00079095364
0.00068700314
0.0014442205
0.0015449524
0.00042784214
0.0011179447
0.0012145042
0.0013109446
0.0011829138
0.0009996891
0.0016797781
0.0013769865
0.00044381618
0.0013619661
0.001967907
0.00094366074
0.0019863844
0.0008286238
0.0013182163
0.0009292364
0.0012595654
0.0012894869
0.0017797947
9.047985e-05
0.002045989
0.0011464357
0.0012693405
0.0014039278
0.0011962652
0.0013945103
0.00075519085
0.0015764236
0.00063991547
0.0020473003
0.001679182
0.0013451576
0.0006233454
0.0013483763
0.00026476383
0.0007623434
0.0013079643
0.0004079342
8.583069e-05
0.0008223057
0.00090515614
0.00082314014
0.0016093254
0.00038528442
0.0009917021
0.001765132
0.0016703606
1.9311905e-05
0.0011298656
0.0019687414
0.0008249283
0.00029289722
0.0018868446
0.0012527704
5.5789948e-05
0.001371026
0.0006456375
0.0023143291
0.0023674965
0.0017887354
0.0017876625
0.0020244122
0.002094984
0.001141429
0.0021820068
0.00053346157
0.0011371374
0.0013262033
0.0010794401
0.00069379807
0.0017385483
0.00036907196
0.0004942417
0.0022488832
0.0020763874
0.0
0.0018514395
0.0013208389
0.00096488
0.0015656948
0.00026631355
0.000756979
0.0018233061
0.0014663935
0.000395298
0.0006606579
0.002191782
0.0015797615
0.00123775
0.0002721548
0.0005272627
0.0020508766
0.001073122
0.0006798506
0.0014207363
0.0015631914
0.0014692545
0.00051164627
0.0019441843
0.0018655062
0.0019482374
0.0013911724
0.002387762
0.0015113354
0.00037932396
0.0020291805
0.0004490614
0.0009784698
0.0014169216
0.00010883808
0.0016676188
0.00097227097
0.0008839369
0.0009874105
0.0015969276
0.001858592
0.0018532276
0.00081431866
0.0020940304
0.0013569593
0.0004093647
0.0012279749
0.0003863573
0.0018644333
0.0013782978
0.0015804768
0.0013799667
0.00033533573
0.00020945072
0.0001335144
0.0014111996
0.0014178753
0.0013327599
0.0011969805
0.00061666965
0.0009075403
0.0010259151
0.0021407604
0.0015801191
0.0018401146
0.0010904074
0.0011905432
0.0019249916
0.0005850792
0.0012038946
0.0008741617
0.0014653206
0.0011769533
0.0008442402
0.0013917685
0.0020692348
0.0010274649
0.0002142191
0.0014533997
0.0013941526
0.0013139248
0.0011146069
0.0021694899
0.0004477501
0.0016915798
0.0015377998
0.0015184879
0.001414299
0.0027030706
0.0016134977
0.0016291142
0.0016598701
0.0031163692
0.0015915632
0.0018744469
0.0010018349
0.0019718409
0.0018355846
0.0012631416
0.0011202097
8.881092e-05
0.0011651516
0.0014004707
0.0014600754
0.002042532
0.0018285513
0.001634717
0.0014307499
0.0020227432
0.0007172823
0.00090289116
0.0010130405
0.0014648438
0.00069987774
0.0019296408
0.00039982796
0.0019863844
0.0013005733
0.0019693375
0.0012853146
0.00094401836

0.0004030466
0.0015586615
0.0005469322
0.0006161928
0.00037026405
0.00020086765
0.001106143
0.00016283989
0.00055122375
0.00091683865
0.0003825426
0.0011312962
0.00092327595
0.00073337555
0.001475811
0.0010244846
0.001373291
0.00032401085
0.0011219978
0.00011789799
0.001294136
0.00251019
0.00051498413
0.0008776188
0.0006535053
0.0010416508
0.00082576275
0.0017769337
0.0017806292
0.00063836575
0.0006581545
0.0053801537
0.001275301
5.2332878e-05
0.0004210472
0.0022294521
0.0005148649
0.0006941557
0.00069880486
0.00075793266
0.0009326935
0.0007532835
0.0018508434
0.00071692467
0.003134489
0.00031590462
0.00060498714
0.0017843246
0.0011850595
0.0010557175
0.0003232956
0.0006426573
0.002066493
8.773804e-05
0.00051128864
0.00032424927
0.00041604042
0.0010031462
0.0012457371
0.00012052059
0.0011812449
0.0019319057
0.0029973984
0.002105832
0.0011993647
0.00059890747
0.0025134087
0.0031613111
0.0010002851
0.0061001778
0.000536561
0.002583027
0.0002052784
0.00039672852
0.00043952465
0.00060915947
0.0006144047
0.0013767481
0.0011700392
0.0005937815
0.00081443787
0.0020502806
0.0008175373
0.000625968
0.00016629696
0.0019298792
0.0016771555
0.0014870167
0.00082337856
0.0032502413
0.0015553236
0.0018250942
0.00059747696
0.0017024279
0.0019005537
0.00031113625
0.006542206
0.000644207
0.00044870377
0.0005341768
0.0022383928
0.0003234148
0.0013976097
0.00025236607
0.0028226376
0.00020420551
0.000970006
0.00067281723
0.00049209595
0.0002901554
6.425381e-05
0.0023171902
0.0004041195
0.0009356737
0.00046670437
0.00016593933
0.0001975298
0.0027458668
0.0007739067
0.001992464
0.0019407272
0.00016069412
0.002032876
0.0002592802
0.001241684
0.00042128563
0.000238657
0.0017496347
0.0017129183
0.00043070316
0.0014646053
0.00066173077
0.0012594461
0.0023958683
0.002926588
0.0014313459
0.0012614727
0.0020104647
0.001557231
0.00014483929
0.002775669
0.0023789406
0.00015985966
0.0006326437
0.0005648136
0.0017706156
0.0006645918
0.001026392
9.953976e-05
0.00030493736
0.00052785873
0.0020883083
0.0013135672
0.0005797148
0.00083196163
0.0014517307
0.0015597343
8.4877014e-05
0.0034445524
0.0033506155
0.0002425909
0.0019546747
0.002102971
0.0012522936
0.00027441978
0.0003900528
6.1273575e-05
0.0021930933
0.001716733
0.0017328262
0.0016423464
0.00167799
0.0017822981
0.0012367964
0.0015244484
0.0013965368
0.0012450218
0.001137495
0.0012527704
0.0033712387
0.00021088123
0.0009998083
0.00035762787
0.00015294552
0.0011963844
0.00019264221
0.00045967102
0.00025367737
0.0013170242
0.00080895424
0.00068974495
0.00041139126
0.0011683702
0.0017083883
0.0011259317
0.000797987
0.0010834932
0.00041997433
0.0007417202
0.00052559376
0.0012176037
0.0031101704
0.0010311604
0.0015707016
0.000751853
0.00066435337
0.00096940994
0.0009227991
0.0004339218
0.0008096695
0.00083994865
0.00045406818
0.00011539459
0.0010744333
0.00048053265
0.002454996
0.0040433407
0.0019129515
0.0003912449
0.00086557865
0.0017488003
0.0016942024
0.00015819073
0.0018026829
0.0013281107
0.000323534
0.0007736683
0.00048565865
0.0004938841
0.002340436
0.0010181665
0.002604723
0.0041463375
0.0061519146
0.002701521
0.0024007559
0.00066173077
4.7683716e-05
9.6678734e-05
0.0017710924
0.0012652874
0.0014256239
0.001552701
0.00023627281
0.0012999773
0.0040938854
0.0019207001
0.0008409023
0.0031517744
0.00016987324
0.0013574362
0.002982974
0.0015614033
0.0027965307
0.000341177
0.0010644197
0.0007021427
0.00056147575
0.0019751787
0.0019960403
0.00022959709
0.0014715195
0.0025815964
0.0022825003
0.0002629757
0.0019620657
0.0014438629
0.00087690353
0.0005199909
0.0015696287
0.00019907951
0.00081157684
0.003917694
0.004973769
0.0012183189
0.0028537512
0.001516223
0.0018703938
0.00042414665
0.00024938583
0.0006906986
0.0010540485
0.0011302233
0.00014019012
0.0013225079
0.0018616915
0.00054085255
0.001067996
0.00087094307
0.0004581213
0.0027809143
0.00026988983
0.0010230541
0.0011242628
0.00039970875
0.0004645586
0.0012112856
0.0007504225
0.0017870665
0.0020262003
0.0009800196
0.00017905235
0.00061273575
0.0005508661
0.00047957897
1.5854836e-05
0.00089907646
0.00073468685
0.00041103363
0.00056159496
0.0009471178
0.0010288954
0.0010983944
0.0009863377
0.0023382902
0.0019009113
0.00029361248
0.0036494732
0.0022816658
0.00050807
0.0008980036
0.0022928715
0.0021423101
0.0044955015
0.00076031685
0.0043438673
0.00093615055
0.00072324276
0.00053346157
0.0049134493
0.002688527
0.0009404421
0.0006902218
0.00030744076
0.0019235611
0.001475811
0.00013494492
0.0025339127
0.0010553598
0.0004492998
0.00013685226
0.0014641285
0.00016129017
0.000916481
0.00053203106
0.00028431416
0.002908349
0.00093758106
0.0011026859
8.702278e-05
0.00223279
0.00097191334
0.00076949596
0.001562953
0.0013487339
0.00020086765
0.0043336153
1.7404556e-05
0.0007096529
0.00028073788
0.0020736456
0.001907587
0.00282228
0.0006970167
0.00046753883
0.0029044151
0.00066018105
0.0022900105
0.00084507465
0.00034081936
0.0007914305
0.0014300346
0.0004169941
0.0006059408
0.0004146099
0.000875473
0.00013887882
0.0041935444
0.00017738342
0.00032627583
0.001098752
0.0014830828
0.000120162964
0.0013545752
0.0027320385
0.0005042553
0.0007619858
0.0013034344
0.0014607906
0.00046014786
0.0013657808
0.00032150745
0.00058054924
0.0017726421
0.0012526512
0.006771207
0.0010441542
0.0013067722
8.559227e-05
0.0023617744
0.0015708208
0.00067448616
0.0010843277
0.00078713894
0.0008724928
0.0022767782
0.00071263313
0.0017449856
0.00029408932
0.0014567375
0.00089657307
0.0040374994
0.00034868717
0.0010274649
0.00093483925
0.0019505024
0.0030355453
0.0011893511
0.00011301041
7.402897e-05
0.00032258034
0.0005296469
0.0030645132
0.0004762411
0.001295805
0.00094270706
0.00025188923
0.00058496
0.001321435
0.00028038025
0.0033005476
0.00027954578
0.0011605024
5.4478645e-05
0.00090396404
0.00043952465
0.0004696846
0.0025120974
0.0013350248
0.0015163422
0.0011389256
0.0008214712
0.0020388365
0.00024974346
0.0012079477
0.00081181526
0.0026574135
0.0015903711
9.894371e-05
0.00096416473
0.00056147575
0.00029158592
0.0004581213
0.0027893782
0.0013538599
0.00038182735
0.0026590824
0.0010242462
0.00044083595
0.000426054
7.56979e-05
0.00017476082
0.00011467934
0.0017914772
0.0008701086
0.003014326
0.0014204979
0.0011036396
0.0010728836
0.004953146
0.0006297827
0.0019094944
0.00015342236
0.0022722483
0.0004941225
0.0010677576
0.00026094913
0.0002719164
0.0024930239
0.004381299
0.0010861158
0.00051116943
0.00023674965
0.0070027113
0.0013077259
0.0003629923
0.00289011
0.00010931492
0.0017331839
0.0005030632
0.0023181438
0.000666976
0.00011181831
0.00012803078
0.0015815496
0.0008214712
0.0012183189
0.0023294687
0.00040876865
0.001975894
0.000516057
7.081032e-05
0.00032639503
0.00025558472
0.0002272129
0.00082314014
0.0019869804
0.00033032894
0.0009635687
0.00050127506
0.00075507164
0.00042176247

0.0003633499
0.0005174875
0.0010653734
0.00011193752
0.0018455982
0.0012141466
0.00088369846
0.00042760372
0.0019538403
0.00033545494
0.00026917458
0.0008339882
0.0007431507
0.000523448
0.00024867058
0.0026739836
0.0010918379
4.351139e-05
0.0028582811
0.0008201599
0.00397861
0.001693964
2.1100044e-05
0.001422286
0.00068974495
0.00061511993
0.001019597
0.0015759468
0.0015962124
0.0025738478
0.00088238716
0.001843214
0.00029456615
0.0023707151
0.00021314621
0.0020347834
0.0022287369
0.001057744
0.00034940243
0.00042700768
0.0031007528
1.2874603e-05
0.0010647774
0.0024542809
0.0016514063
0.00015056133
0.0009422302
0.002126813
7.534027e-05
0.00012862682
8.34465e-07
0.0029262304
0.00040376186
0.0010713339
0.0018105507
0.0011262894
0.0019614697
0.00031399727
0.0017803907
0.0006250143
0.001983881
0.00043094158
0.0021651983
0.00047063828
0.00024557114
0.00031352043
0.0009492636
0.0006363392
0.00018775463
0.002584815
0.00066256523
0.0030927658
0.0004942417
0.0026519299
0.00026023388
0.00027799606
0.00018787384
0.00038194656
0.0017322302
0.0006479025
0.0020160675
0.0012091398
0.00033783913
0.0006213188
0.0023245811
0.000104904175
0.0013856888
2.014637e-05
0.001222372
0.00010895729
0.0032824278
0.000110030174
0.0027791262
0.0028637648
0.00075781345
5.0663948e-05
0.0015450716
0.0022355318
0.0011850595
0.0010668039
0.001765132
0.0017106533
0.00068569183
0.00019645691
0.0003581047
3.0994415e-06
0.0005042553
0.0016514063
0.0005440712
0.0022445917
0.00018644333
0.0014692545
3.9339066e-05
0.0027564764
0.0042945147
0.00018084049
0.0011565685
0.0013449192
0.0010201931
5.1259995e-05
0.0050337315
0.000118136406
0.0002641678
0.0003193617
0.00076675415
0.00032627583
0.0005892515
0.0011775494
0.00015366077
0.0022226572
0.0004980564
0.0014864206
0.0021914244
0.00033020973
0.0040289164
0.0002206564
0.001273632
0.001431942
0.00036275387
0.001773715
0.0021984577
0.0012415648
1.4781952e-05
0.0008509159
0.0012916327
0.0003106594
0.00080788136
0.002895236
0.00074005127
0.0007214546
0.0012470484
0.002260089
0.0022864342
0.0027165413
0.001584053
0.0007456541
0.0011655092
0.00027382374
0.001994729
0.00073337555
0.000651598
0.0008288622
1.7881393e-06
0.0042797327
0.00039350986
0.0022034645
0.0026251078
1.3232231e-05
-4.7683716e-07
0.0018736124
0.0011603832
0.0025650263
0.00025570393
0.0032228231
0.00062322617
0.000682354
0.00021922588
0.0015325546
0.00020599365
0.0019863844
0.0016490221
0.0004233122
0.0027843714
6.604195e-05
0.00064611435
0.00082576275
0.0017179251
0.00023770332
0.0031104088
0.000577569
0.0009595156
0.0004607439
0.00040376186
0.0015025139
0.0014635324
0.00014722347
0.0028580427
0.0011270046
0.0009524822
0.0020171404
0.003113389
0.0011950731
0.00013029575
0.00019538403
0.007299423
0.0013604164
0.0005940199
0.00035083294
0.0007685423
0.0021381378
0.0026396513
0.0008786917
0.0015226603
0.00059723854
0.0019663572
0.0015964508
0.0008318424
0.004266858
0.0020461082
0.0014640093
6.556511e-06
0.0016075373
0.0008366108
0.0029916763
0.0007443428
0.001749754
0.0032010078
0.0013753176
0.0008840561
0.00057017803
0.0023087263
0.001408577
0.0012584925
0.0007890463
0.000300169
1.4543533e-05
0.0007971525
0.0026460886
0.0015282631
0.00032818317
0.0017722845
0.0034518242
0.0009211302
0.00076520443
0.00074350834
0.001437068
1.680851e-05
0.0011200905
0.0011305809
0.0020172596
0.001324892
0.0017186403
0.0022119284
0.0022733212
0.0004646778
0.0005726814
0.00012898445
0.00096702576
0.0020349026
0.00059354305
0.0010501146
0.0012645721
4.4107437e-05
0.0012100935
0.00034832954
0.0014563799
0.00042963028
0.0012307167
0.00023806095
0.0016601086
0.0011870861
5.4836273e-06
0.0002272129
0.00039327145
0.00070917606
0.00053083897
0.0003039837
0.0015188456
0.0048960447
0.0019630194
0.00083112717
0.0010814667
0.0026079416
0.00057947636
0.0014971495
0.003120184
0.00058078766
0.0014612675
0.002870202
0.00075137615
0.0048440695
1.7046928e-05
0.0034611225
0.0010693073
0.004272461
0.0009824038
0.002190113
4.4584274e-05
3.4570694e-06
0.0003322363
0.0035643578
0.0020707846
0.0008729696
0.0015360117
0.0016857386
0.00019347668
0.001335144
0.0013792515
0.0007584095
2.0384789e-05
0.0011367798
0.0006161928
0.00066661835
0.0010838509
0.001050353
0.00036358833
0.00029110909
0.002120614
0.00051403046
0.0025280714
0.0020282269
0.0022039413
0.0022604465
0.002313733
0.0019017458
0.0023202896
0.0005764961
6.568432e-05
0.0011022091
0.0023874044
0.0013843775
0.0013443232
0.00060391426
0.0011327267
0.00037813187
3.4570694e-06
0.0010865927
0.00042796135
0.0034139156
0.0004975796
0.0018200874
0.0020980835
0.00083994865
0.001611352
0.0006710291
0.0029472113
0.0004223585
0.00038707256
0.0014768839
-7.1525574e-07
0.0011470318
0.0006209612
0.0011707544
0.0005021095
0.00062441826
0.001933217
0.0028326511
0.0007675886
0.0014029741
6.1273575e-05
0.001029849
0.00044620037
0.001339674
8.34465e-06
0.001953125
0.00075125694
0.0024071932
5.6028366e-06
0.0011533499
0.00046038628
0.0012252331
0.0005046129
0.00072288513
0.003606677
0.0010068417
7.9870224e-05
0.00026619434
0.00020122528
0.0008085966
1.7762184e-05
0.0003027916
0.0032337904
0.0029836893
0.0024898052
0.0030189753
0.000338912
7.033348e-06
0.0024707317
0.0030055046
0.0017980337
1.13248825e-05
5.8054924e-05
0.0030639172
0.00011909008
0.00041854382
0.00087058544
0.0010355711
0.0010740757
0.0043581724
0.0011880398
6.67572e-06
0.0009533167
0.0020729303
0.0011953115
0.00028920174
0.0022659302
0.002056837
0.0018689632
0.0024449825
0.0018261671
0.002403736
0.0022816658
0.0022326708
0.0014322996
0.0014494658
0.0019743443
0.0027115345
0.0007978678
0.0013079643
0.0029046535
0.00011432171
0.0014899969
0.0018577576
0.0016832352
0.00029969215
0.0006481409
0.0007172823
0.002758503
0.00055634975
0.0005197525
0.0003182888
0.0032906532
0.0011456013
4.839897e-05
0.0017174482
0.00059866905
0.00037145615
0.00055480003
0.0007338524
0.0010416508
0.0009560585
0.0001899004
0.0030343533
1.7046928e-05
0.0012472868
0.0017184019
0.00078356266
0.0010311604
0.0016304255
0.00018596649
0.0018177032
0.002792716
0.000248909
0.0023510456
0.00010538101
0.0020663738
0.0027029514
0.0026595592
8.225441e-06
0.0019726753
0.0006440878
0.0003851652
1.0251999e-05
0.0014330149
0.00057816505
0.00087463856
0.0010738373
0.001535058
4.863739e-05
3.6239624e-05
0.0031379461
0.0014817715
0.0009678602
0.001650095
0.0031445026
0.00068974495
0.0017071962
0.001192689
0.0002310276
0.0025150776
0.0024451017
0.0015239716
0.0033211708
0.0011826754
0.001988411
0.0005939007
0.0013705492
0.0006248951
0.0011882782
0.0015693903
0.0019412041
0.0031018257
0.0012587309
0.0018423796
0.0033949614
0.0017457008
2.5629997e-05
0.00454998
0.0017318726
0.0007004738
0.00095534325
0.0005120039
1.66893e-06
0.0010159016
8.022785e-05
0.0014023781
0.0024030209
0.0014107227
0.000492692
0.00018250942
0.0022617579
0.0013073683

0.0012038946
0.0008484125
0.0018193722
0.0041986704
0.0017330647
0.0014630556
0.0016043186
0.0012905598
0.0013010502
0.0007534027
0.0018219948
0.0022838116
0.001129508
0.000744462
0.0011073351
0.0014979839
0.0022050142
0.00090265274
0.0004864931
0.0006583929
0.0014843941
0.0012412071
0.0006284714
0.00077438354
0.0012319088
0.0017174482
0.000997901
0.0011392832
0.0008881092
0.0004389286
0.00025868416
0.00088071823
0.002233982
0.0010179281
0.00025725365
0.0001821518
0.0022201538
0.0029033422
0.0007953644
0.0012283325
0.001541853
0.001110673
0.00031137466
0.0015372038
0.0017385483
0.001209259
0.001670599
0.0010180473
0.0020202398
0.00085520744
0.0005732775
0.0012844801
0.0012128353
0.0029418468
0.0013306141
0.0012973547
0.00097453594
0.0024389029
0.00039112568
0.0020291805
4.2915344e-06
0.0025082827
0.001513958
0.0002590418
4.7683716e-07
0.00084245205
0.0012712479
0.0015910864
0.0010908842
0.002472639
0.0018544197
0.0012573004
0.0010230541
0.00043118
0.002405405
0.002138257
0.0026638508
0.00088214874
0.0014359951
0.0024385452
0.0017992258
0.001853466
0.0011575222
0.0019910336
0.00094127655
0.0013346672
0.0013298988
0.002986312
0.00072836876
0.00080001354
0.001645565
0.0013979673
0.0010113716
0.00038790703
0.0014203787
0.00035464764
0.0011949539
0.00025618076
0.00059223175
0.00023567677
4.0769577e-05
0.0008239746
0.0013104677
0.0015462637
0.0017091036
0.0014497042
0.0020965338
0.0008472204
0.0012671947
0.0007623434
0.0014442205
0.00024557114
0.0016819239
0.0018535852
0.0012872219
0.0016115904
0.00071644783
0.00067710876
0.00045526028
0.00076949596
0.000633955
0.00058698654
0.0019249916
0.0010793209
0.0006456375
0.00080001354
7.43866e-05
0.0016452074
0.00039708614
0.00020241737
0.00063729286
0.0024861097
0.0015089512
0.002537489
0.0021464825
0.0008198023
0.0034290552
0.00071024895
0.0017420053
0.00031507015
0.0018750429
0.00061059
0.0017910004
0.002158165
0.0007919073
0.0011273623
0.00096201897
0.0031024218
0.00060367584
0.0016541481
0.002919674
0.0005996227
0.0015063286
6.258488e-05
9.3221664e-05
0.0013885498
0.0009810925
0.0014886856
0.002829671
0.00014436245
0.0021615028
0.0006136894
0.00069892406
0.00044441223
0.00023388863
0.0015647411
0.00054478645
0.00232625
0.0013133287
0.0014175177
0.0011080503
2.169609e-05
0.0019534826
0.000595212
0.0008466244
0.0009666681
0.00027871132
0.0017744303
0.0019061565
0.00024998188
0.0011357069
0.0006350279
0.0001912117
0.0014072657
0.0019431114
0.0035036802
0.0012392998
0.00041759014
0.0030150414
0.0015946627
0.0024410486
0.00065791607
0.001982212
0.00200212
0.001452446
0.0015308857
0.0021287203
0.0007175207
0.0017011166
0.0013664961
0.001627922
0.0009280443
0.001185894
0.0012714863
0.00023293495
0.00051891804
1.7046928e-05
0.0014295578
0.00020718575
0.00078701973
0.0008212328
0.002714634
0.002845645
0.0006670952
0.00038862228
0.0007710457
0.0010008812
0.0017397404
0.0006403923
0.0022947788
0.00090014935
0.0014441013
0.0009810925
0.0027928352
0.00085151196
0.0010700226
0.0012277365
0.0014373064
0.0027016401
0.0023690462
0.00081574917
0.0011438131
0.0007426739
0.0009920597
0.0024530888
0.0019695759
0.0022217035
0.0016983747
0.0013308525
0.0017842054
0.003690362
0.001962781
0.0012843609
0.0021272898
0.00023460388
0.0030258894
0.0008518696
0.0012145042
0.0014601946
0.0005375147
0.0026410818
0.0025428534
0.0014212132
0.00037896633
0.0009037256
0.00027048588
0.0011222363
0.0010430813
0.0012558699
0.0007069111
0.0021922588
0.00031292439
0.0016120672
0.0015254021
0.0014597178
0.0029975176
0.0028518438
0.0028822422
0.0016754866
0.0007529259
0.0015509129
1.4305115e-06
0.00078737736
0.0015087128
0.00046133995
0.00082063675
0.001471281
0.0012717247
0.002363205
0.0017873049
0.00044453144
0.00062537193
0.0006996393
0.00061655045
0.0010040998
0.0011152029
0.0015594959
0.00089228153
0.0007967949
0.0012767315
0.00344038
0.0013456345
0.0020548105
0.0010194778
0.0019824505
8.583069e-06
0.0020692348
0.00027525425
0.0023487806
0.0010961294
0.0018471479
0.00066781044
0.0010201931
0.0013046265
0.0018435717
0.00055253506
0.000915885
0.00044977665
0.0024377108
0.0004684925
0.0006568432
0.0016121864
0.000795722
0.001724124
0.0021748543
0.0013691187
0.0010371208
0.0020136833
0.0014722347
0.001008749
0.0003591776
0.0014568567
0.00048208237
0.0005940199
0.00043654442
0.0011752844
0.001580596
0.0009391308
0.002199173
0.00044345856
0.0010380745
0.0013273954
0.0016770363
0.002949953
0.0021041632
0.0024878979
0.0007915497
0.00092852116
0.0005983114
0.0022485256
0.0017333031
0.0003863573
7.367134e-05
0.0011931658
0.00072562695
0.0018113852
0.0014882088
0.0017273426
0.0016582012
0.00035059452
0.001217246
0.0009166002
0.0017670393
0.00044083595
0.0019074678
0.0011669397
0.0020728111
0.0013586283
0.0009678602
0.00073742867
0.00044250488
0.00020337105
0.000641942
0.00045657158
6.4611435e-05
0.0004361868
0.0030794144
0.00042903423
0.0020426512
5.1498413e-05
0.002280116
0.0016089678
0.001229763
0.00039577484
0.0013428926
0.00010049343
0.001403451
0.00081038475
0.00056385994
0.0016676188
0.0010887384
0.0011891127
0.002944231
0.00069344044
0.0006387234
0.0010772943
0.00062966347
0.00032520294
0.00075888634
0.002702713
3.9696693e-05
0.00030052662
0.000864625
0.00062799454
0.0006867647
0.00083339214
0.0020383596
0.0019593239
0.0030434132
0.002760172
0.0018404722
7.4625015e-05
0.0009664297
0.002564311
0.0017440319
0.0017888546
4.684925e-05
0.0011643171
0.00220716
0.0016334057
0.0010347366
0.0015040636
0.0002117157
0.0007251501
0.0005879402
0.0014663935
0.0006092787
0.0016890764
0.0026681423
0.0023121834
0.001765132
0.0007686615
0.0022184849
0.0009313822
0.002090335
0.0004633665
0.00029933453
0.0019806623
0.0010371208
0.0018322468
0.0007240772
0.0012112856
0.002302289
0.0006353855
0.0018972158
0.001170516
0.0037696362
0.0030494928
0.001445651
0.0015124083
4.7683716e-06
0.0012550354
0.0012741089
0.00016009808
0.00015175343
0.00071668625
0.0026494265
0.0022274256
0.00073444843
0.001185298
0.0017324686
0.0012792349
0.0020602942
0.00027394295
0.00038659573
0.0012042522
0.00025475025
0.002603531
0.0023633242
0.00039577484
0.0017399788
9.739399e-05
0.0020362139
0.00045120716
0.0020202398
0.0013188124
0.001132369
0.00036466122
0.0010237694
0.0008716583
0.0014235973
0.000901103
0.00097310543
0.000923872
0.00064253807
0.0014178753
0.002011776
0.002054453
0.0016291142
0.0002758503
0.0027834177
0.0007712841
0.0019773245
0.00029027462
0.00086665154
0.0020540953
0.0013165474
0.002159834
0.002180338
0.0013167858
0.0007703304
0.0015491247
0.0020179749
0.0015195608
0.0014606714
8.34465e-05
0.0027103424
0.0016132593
0.0027132034
0.0030258894
0.000526309
0.0026692152
0.0012816191
0.0008916855
0.0002657175
0.0009715557
0.0017302036
0.0007019043
0.00024032593
0.00093603134
0.001842022
0.0011968613

0.0008955002
0.0017906427
0.0004940033
0.0004914999
0.0015956163
0.0010813475
0.0015687943
0.0016224384
0.0009950399
0.002775073
0.0011539459
0.0016802549
0.001146555
0.001183629
0.0014047623
0.0013293028
0.00077462196
0.0006158352
0.0006920099
0.00045013428
0.00066804886
0.0012395382
0.00031793118
0.0008814335
0.001013279
0.0024985075
7.6293945e-05
0.0011678934
0.00066530704
0.0017113686
0.0016146898
0.0014076233
0.00088250637
0.00014722347
0.00088489056
0.0017912388
0.0016822815
0.0016720295
0.002080083
0.0011683702
0.00094521046
0.0016623735
0.0013592243
0.0009046793
0.0025433302
0.0030562878
0.0012346506
0.0009291172
0.00085937977
0.0023294687
0.00088107586
0.00028526783
0.0012347698
0.0004928112
0.0021818876
0.00043833256
0.00065124035
0.002122283
0.0016307831
0.0017198324
0.0010755062
0.00059354305
0.0017381907
0.0014756918
0.0018326044
0.001999259
0.0010352135
0.0007805824
0.0009784698
0.0005391836
0.0021797419
0.0021176338
0.001419425
0.0005810261
0.0010774136
0.0036302805
0.0011174679
0.00096058846
0.001634717
0.0019915104
0.0010834932
0.0014666319
0.0008620024
0.0023132563
0.003604889
0.0010267496
0.0049296618
0.00065112114
0.0010609627
0.0005723238
0.0007375479
0.00073587894
0.0016468763
0.00032150745
0.0014718771
0.0017244816
0.0014418364
0.0013304949
0.0012040138
0.0013873577
0.0013802052
0.0019699335
0.0012649298
0.00084245205
0.0012922287
0.0009951591
0.000697732
0.0015002489
0.002073288
0.0008043051
0.0016752481
0.002080679
0.0010484457
0.0006747246
0.00091576576
0.0034635067
0.0012103319
0.0015240908
0.00035357475
0.0016424656
0.001388073
0.0031501055
0.00052297115
0.0027655363
0.0019657612
0.00086164474
0.0018662214
0.0007376671
0.0008661747
0.00086033344
0.0011655092
0.002347231
0.0022990704
0.0027717352
0.0011719465
0.0016489029
0.0011488199
0.0012642145
0.0022996664
0.0007238388
0.0012910366
0.0005258322
0.0015767813
0.0017853975
0.0010174513
0.00055110455
0.0019367933
0.0011204481
0.001409173
0.000908494
0.0005646944
0.00084507465
7.6532364e-05
0.00086450577
0.0009739399
0.0009664297
0.001422286
0.0037521124
0.00056779385
0.0022403002
0.0013289452
0.0022125244
0.0027097464
1.66893e-06
0.0010222197
0.0020041466
0.00022029877
0.0014566183
0.0014709234
0.0006123781
0.001175642
0.0011098385
0.0009469986
0.0019130707
0.0012363195
0.0013895035
0.0011119843
0.00076532364
0.00024855137
0.00068080425
0.0015081167
0.0004644394
0.001110673
0.0008457899
0.0015604496
0.00041401386
0.001993537
0.0020394325
0.0009768009
0.000472188
0.0014156103
0.00093472004
0.0012454987
0.0020196438
0.0007673502
0.0015773773
0.0022562742
0.00039994717
0.00074374676
0.00044083595
0.002576828
0.0020811558
0.0007703304
0.000970006
0.0024576187
0.0024148226
0.0032988787
0.004577279
0.0011079311
0.0010867119
0.00053942204
0.0022066832
0.0010560751
0.0004878044
0.0038154125
0.0026516914
0.000310421
0.0009046793
0.0038529634
0.0011651516
0.0016658306
0.0004361868
0.0019551516
0.00066554546
0.0015484095
0.0009251833
0.0010508299
0.0012586117
0.00069093704
0.0013384819
0.0013270378
0.00218606
0.0010360479
0.0014740229
0.0018318892
0.00070524216
0.00071287155
0.0011838675
0.0011606216
0.00038933754
0.0016480684
0.0005013943
0.0010008812
0.0014561415
0.0015176535
0.00141716
0.0013272762
0.003401041
0.0011416674
0.0028192997
0.00093221664
0.00083708763
0.0013936758
0.0013276339
0.0024003983
0.0013813972
0.0009485483
0.0019260645
0.0013440847
0.0012382269
0.0009281635
0.0014436245
0.0013257265
0.0019270182
0.0004093647
0.0011441708
0.001979947
0.00063443184
0.0008020401
0.0013231039
0.002334118
0.0013046265
0.001425147
0.0012860298
0.0026353598
0.0003259182
0.0013173819
0.0008921623
0.00034987926
0.0006021261
0.00045514107
0.00011861324
0.00054228306
0.0006598234
0.0006519556
0.000772357
0.0012989044
0.0005636215
0.0019493103
0.00057530403
0.00045609474
0.000264287
0.00045394897
0.0012841225
0.00032758713
0.0007914305
0.0012530088
0.0018230677
0.0016585588
0.00036489964
0.0006957054
0.0013976097
0.0007650852
0.0011017323
0.001956582
0.0014243126
0.0006568432
0.0012875795
0.00044584274
0.0014841557
0.00011885166
0.0016322136
0.0010050535
0.0023242235
0.002678275
0.0019289255
0.0014688969
0.0020407438
0.0005040169
0.0015319586
0.0024472475
0.00078856945
0.0013304949
0.0025656223
0.00021457672
0.0014100075
0.00080287457
0.0016599894
0.0011667013
0.00045883656
0.0002373457
0.0015821457
0.0028598309
0.0014512539
0.00123775
0.00078201294
0.00064110756
7.1406364e-05
0.0013840199
0.0023764372
0.0011489391
0.0015639067
0.00074100494
0.0008906126
0.0012984276
0.0020810366
0.001465559
0.0012155771
0.0012823343
0.0002450943
0.00101614
0.0007747412
0.0017501116
0.0012423992
0.0008341074
0.0012922287
0.0025812387
0.0026378632
0.00073349476
0.0018825531
0.0010443926
0.0022547245
0.0026996136
0.00040388107
0.0018296242
0.0007125139
0.000284791
0.0005182028
0.0018802881
0.0017797947
0.0010954142
0.0012750626
0.0009280443
0.0015972853
0.0015823841
0.00064098835
1.0728836e-06
0.0014650822
0.0004929304
0.001599431
0.0012513399
0.00071430206
0.001917243
0.00079870224
0.0017102957
0.0015031099
0.0019055605
0.001514554
0.0007491112
0.00052404404
0.00091826916
1.04904175e-05
0.0010490417
0.0024157763
0.00084125996
0.001111865
0.001149416
0.0022785664
0.0003926754
0.002265215
0.002527833
0.0015733242
0.0033011436
0.0007686615
0.0012487173
0.0015082359
0.00016140938
0.0016925335
2.3245811e-05
0.0006610155
0.00076568127
0.00090253353
0.00074386597
0.001994133
0.00035524368
0.0008121729
0.002444148
0.001049161
0.0005327463
0.0019028187
0.0007007122
0.0016356707
0.00063562393
0.0008997917
0.00070905685
0.00043010712
0.0008906126
0.0011709929
0.0009022951
0.0011532307
0.0016391277
0.00063312054
0.00021350384
0.0012569427
0.0022304058
0.0018349886
0.0010174513
0.0009497404
0.0034598112
0.0013152361
0.0020167828
0.0011259317
0.0015884638
0.0027914047
0.0015853643
0.00079512596
0.0012910366
0.0004916191
0.0026088953
0.0014401674
0.0019004345
0.0014233589
0.001262188
0.0008677244
0.00339818
0.0008736849
0.001113534
0.0014190674
0.0012116432
0.00029826164
0.0010275841
0.0017626286
0.00034964085
0.0010613203
0.0006301403
0.001737237
0.00096035004
0.0010721684
0.0007690191
0.00040125847
0.0008482933
0.0010228157
0.0019117594
0.0010744333
0.0024302006
0.0009918213
0.0008919239
0.0015075207
0.0012642145
0.0015081167
0.00095927715
0.0010968447
0.0017954111
0.00047910213
0.00065493584
0.00039625168
0.0011547804
0.0011078119
0.0020997524
0.0013455153
0.0011872053
0.0036062002
0.0022211075
0.0020204782
0.0012415648
0.000233531
0.0016022921
0.0015764236
0.0005043745
0.0008325577
0.0005013943
0.0009952784
0.0019880533
0.0003348589
0.0024834871
0.0010391474
0.0011041164
0.0009305477
0.0
0.0015591383
0.0014574528
0.00068318844

0.04912758
0.03911805
0.06581032
0.0707674
0.05564964
0.06309199
0.04650855
0.038243175
0.04312837
0.041991234

