0.019454122
0.008890033
0.034069896
0.018979073
0.011234403
0.017463446
0.009337187
0.017431378
0.017961264
0.01595378
0.02043724
0.010555625
0.016201377
0.024966478
0.011326909
0.024567604
0.004960656
0.0075991154
0.01989913
0.0028749704
0.008013368
0.012636781
0.032374024
0.007135272
0.010223985
0.02063477
0.023401737
0.01730299
0.008556843
0.029706717
0.018190742
0.004830599
0.0010783076
0.010060191
0.013035178
0.021229386
0.020707488
0.014263511
0.008733392
0.028302908
0.016201258
0.02074325
0.01815176
0.036911964
0.018672228
0.0060715675
0.013173819
0.03612542
0.024575591
0.01128304
0.019970298
0.011999249
0.020168066
0.0041013956
0.01902008
0.024642587
0.013664842
0.038044572
0.013355732
0.015718818
0.02577877
0.020927787
0.016299963
0.021073818

0.017491102
0.00636065
0.015955687
0.043451667
0.015069008
0.0146791935
0.023017764
0.040259123
0.0083886385
0.0138943195
0.030606866
0.02185285
0.008414388
0.0042848587
0.026652217
0.031168103
0.0040564537
0.015930653
0.018695831
0.018151999
0.015357137
0.006193161
0.01476109
0.01673758
0.010252237
0.0011357069
0.03152156
0.011458874
0.020928502
0.008736253
0.0025615692
0.0044300556
0.013073802
0.02172494
0.015394449
0.023008704
0.020043612
0.014320016
0.008458734
0.0073547363
0.013562322
0.014401555
0.0310328
0.010125756
0.010532141
0.03600645
0.025012374
0.021117926
0.0049865246
0.01683855
0.026791334
0.042618155
0.009438753
0.020995378
0.017777443
0.04316175
0.042234063
0.025758862
0.015134096
3.015995e-05
0.038170457
0.019941092
0.010487437
0.02351451

0.014481425
0.015305996
0.015344501
0.0035065413
0.01822126
0.003861308
0.0024570227
0.0015788078
0.015262485
0.016894102
0.006405592
0.016277194
0.017079115
0.007575512
0.0009711981
0.011264801
0.01392591
0.009171605
-2.2768974e-05
0.006955147
0.00754416
0.014678717
0.0033817291
0.009148955
0.021757722
0.007424712
0.008155823
0.005509019
0.012291193
0.0056164265
0.019365668
0.0026382208
0.02287364
0.012758613
0.02273333
0.0031758547
0.001298666
0.010503888
0.009087801
0.008709192
0.0017164946
0.017779708
0.003095746
0.013313055
0.0065084696
0.00370574
0.0045022964
0.007436633
0.011628628
0.0034729242
0.017695427
0.007153511
0.012426734
0.0051720142
0.011903286
0.012421727
0.016002178
0.003581047
0.015159011
0.009987116
0.013201952
0.001962185
0.011662126
0.0017755032
0.020792007
0.015807748
0.0121279955
0.0059684515
0.009868979
0.008601308
0.016057491
0.0248698
0.0053647757
0.00024580956
0.0141990185
0.016317606
0.0063234568
0.017610908
0.005810261
0.030164361
0.014949203
0.0037716627
0.012403369
0.0024425983
0.008404613
0.004407525
0.0070841312
0.013913393
0.013289928
9.1433525e-05
0.0013182163
0.0019788742
0.013725638
0.009114027
0.011197448
0.007963419
2.18153e-05
0.0010524988
0.010245681
0.0071936846
0.0004479885
0.00025069714
0.012179971
0.008381009
0.012405992
0.015765905
0.0008766651
0.014194369
0.024231315
9.906292e-05
0.00012660027
0.008560896
0.0029828548
0.006604314
0.018983483
0.008817077
0.005530119
0.01041317
0.017771482
0.0009315014
0.009321809
0.012767434
0.0012741089
0.0012067556
0.022517204
0.007261157
0.016541958
0.01895082

0.00040590763
0.0037573576
0.0070086718
0.019609332
0.013722777
0.0009896755
0.007585168
0.001177907
0.0070539713
0.01761055
0.032908082
0.019595623
0.009255648
0.014159441
0.005238652
0.021340132
0.013549209
0.004746437
0.0025883913
0.0030252934
0.010401607
0.004782319
0.0017879009
0.012735009
0.018796086
0.021215916
0.009790897
0.012312651
0.0073953867
0.0047822
0.0015815496
0.0027364492
0.014217615
0.0024501085
0.0042755604
0.007791519
0.0092715025
0.0055726767
0.005796671
0.0016646385
0.0077022314
0.0073934793
0.008412242
0.0065761805
0.01563418
0.005252123
0.021289706
0.005360961
0.008674145
0.0076823235
0.007565379
0.011339903
0.001789093
0.009974122
0.02167511
0.011065602
0.0018308163
0.010653973
0.017014742
0.011538982
0.014355898
0.010570288
0.029589891
0.014613152
0.0073816776
0.0070539713
0.006951332
0.022245407
0.016201735
0.010595322
0.02813232
0.0080913305
0.0058625937
0.0067977905
0.00063443184
0.0122846365
0.014778256
0.0014828444
0.008244872
0.00034701824
0.0077234507
1.6212463e-05
0.001865983
0.015501857
0.007682681
0.0014781952
0.0076254606
0.013670564
0.0074706078
0.022681713
0.00042283535
0.011470199
0.004919529
0.0046229362
0.01069212
-1.5497208e-06
0.02342081
0.01574397
0.0027118921
0.008245349
0.007583618
0.014989018
0.008793354
0.0014255047
0.00033640862
0.010284066
0.0055087805
0.0007356405
0.028862953
0.005674958
0.0045878887
0.0050578117
0.009378552
0.010156989
0.015063763
0.0054694414
0.011641741
4.351139e-05
0.017713904
0.012637377
6.4492226e-05
0.011409521
0.011338115
0.014349699
0.0051271915
0.010513544
0.012980461
0.004830122

0.005257368
0.0064481497
0.0035312176
0.0039231777
0.0070762634
0.0018002987
0.0025707483
0.0026134253
0.009607792
0.006602168
0.0101310015
0.003849864
0.0014936924
0.0035848618
0.0069354773
0.0065927505
0.0049791336
0.0057513714
0.00830698
0.0011892319
0.0009276867
0.0039008856
0.0011205673
0.008410096
0.004989624
0.0049107075
0.007583499
0.0074515343
0.0054244995
0.0089588165
0.0068588257
0.0063272715
0.0037295818
0.0051778555
0.001021266
0.002192974
0.007030964
0.00014913082
0.0036017895
0.0073792934
0.006747842
0.0046525
0.0060379505
0.0027618408
0.0033351183
0.0042210817
0.0050377846
0.007415056
0.0061086416
0.007712722
0.0017883778
0.0017236471
0.0014709234
0.00708735
0.0046476126
0.0059804916
0.00652194
0.0075805187
0.00036013126
0.004049301
0.0072482824
0.006088972
0.00055491924
0.00043833256
0.0077605247
0.004470706
0.0072803497
0.0004912615
0.0031138659
0.006620288
0.00052547455
0.0018321276
0.0021845102
0.010904431
0.00021028519
0.004822612
0.0044870377
0.000869751
0.0053955317
0.0064674616
0.006981373
0.0036242008
0.0010893345
0.00616014
0.0057970285
0.006534815
0.005298376
0.00015199184
0.006353855
0.0031768084
0.0070450306
0.0027383566
0.00852716
0.005998373
0.00087821484
0.010161638
0.003905654
0.00813055
0.005636215
0.0061074495
0.004930377
0.0075387955
0.0049585104
8.881092e-05
0.0037523508
0.007004857
0.0012876987
0.010472655
-1.0251999e-05
0.005370617
0.0084337
0.004266739
0.00881803
0.0066170692
0.008944392
0.0077939034
0.0032908916
0.003171444
0.005010247
0.0035386086
0.000516057
0.0046280622
0.007630706
0.0025564432
0.0035085678
0.004458785
0.007438779
0.005543709
0.0042580366
0.007542491
0.0020756721
0.0023332834
0.0069162846
0.00069594383
0.00033986568
0.0039954185
0.0029121637
0.00817132
0.0010198355
0.0035647154
0.00980103
0.006348133
0.009442925
0.009384394
0.008294702
0.0071964264
0.0066497326
0.0042312145
0.008449674
0.0055155754
0.006880045
0.0047984123
0.005587697
0.00548625
0.007869363
0.007100582
0.006105542
0.005636215
0.004998684
0.005779147
0.00015902519
0.007945418
0.0050042868
0.006348133
0.005814314
0.0027182102
0.006025672
0.005268216
0.00014448166
0.006896615
-6.67572e-06
0.0076266527
0.0079215765
0.008760095
0.0015708208
0.0042182207
0.010714412
0.006248355
0.00038468838
0.0067533255
0.0060207844
0.006724477
0.0072140694
0.008500099
0.00088334084
0.00029623508
0.0015439987
0.0029290915
0.0051903725
0.009027243
0.0035164356
3.2186508e-05
0.00020098686
0.00043559074
0.0028483868
0.005042672
0.00038731098
0.002147913
0.0024507046
0.0065898895
0.004692793
0.0055794716
0.0079625845
0.004482627
0.0018094778
0.007009864
6.0081482e-05
0.00630641
0.009492755
0.0064772367
0.006385565
0.0040795803
0.0037049055
0.0056915283
0.0103337765
0.005704403
0.0059472322
0.00018918514
0.0052295923
0.00028169155
0.0010217428
0.0066342354
0.006168723
0.009699464
0.0049563646
0.0063886642
0.004849553
0.0056034327
0.0071018934
0.0010353327
0.0006836653
0.009855747
0.008335829
0.005032778
0.0039134026
0.0066410303
0.00596416
0.0045541525
0.0054438114
0.0024900436
0.0020503998
0.010264397
0.0034732819
0.0010660887
0.0007419586
0.008487463
0.00018119812
0.004062891
0.0031071901
0.006894946
0.00711751
0.0063369274
0.00429523
0.003816843
0.004890442
0.0030087233

0.00027620792
0.0035306215
0.0045546293
0.0066615343
0.006989479
0.004006982
0.006656885
0.0071622133
0.0054416656
0.005382657
5.4717064e-05
0.0009803772
0.0067727566
0.003128767
0.0023553371
0.004989147
0.002225399
0.0009834766
0.006804228
0.0044339895
0.0053590536
0.0040192604
0.005879998
0.0044618845
0.008645058
0.005922675
0.0016120672
0.008777499
0.0071560144
0.0015463829
0.006474972
0.0012902021
0.005699396
2.3722649e-05
0.005889058
0.004103899
0.007489443
0.0011320114
0.004398942
0.0010772943
0.0008175373
0.007814765
0.0059776306
0.003216982
0.005848527
0.004008293
0.00028681755
0.0042061806
0.00689435
0.0011947155
0.00033986568
0.0056061745
0.0007599592
0.0052717924
0.0066388845
0.004390478
0.0020154715
0.006390691
0.00597167
0.0060201883
0.008026838
0.0053920746
0.0048012733
0.00510478
0.0035675764
0.008669376
0.006747365
0.0051959753
0.0066627264
0.0033984184
0.0006120205
0.0036919117
0.007580042
-1.5497208e-06
0.008153558
0.0063000917
0.0046286583
0.0041776896
0.008450985
0.00062572956
0.007698655
0.00012338161
0.0135804415
0.004806161
0.0054969788
0.003087759
0.006877899
0.0066280365
0.009409547
0.0031112432
0.006768942
0.0002874136
0.004817128
0.005451679
0.0043070316
0.008236408
0.004205942
0.006247759
0.0039851665
0.0055919886
0.008236408
0.0035897493
0.0050723553
0.0038051605
0.00031614304
0.003819704
0.00760746
0.0060055256
0.0046947002
0.006109357
0.007708311
0.004632473
0.00084364414
0.0043199062
0.0067076683
0.0029406548
0.004433632
0.006772995
0.0051915646
0.004580617
0.0064098835
0.006641388
0.005954027
0.0048183203
0.0082217455
0.007082939
0.005715966
0.0062400103
4.851818e-05
0.013491511
0.008307219
0.0067545176
0.0034337044
0.0024894476
0.0031495094
0.009439826
0.0062748194
0.00575161
0.002567172
0.0072678328
0.0047465563
0.0046727657
0.007172823
0.000295043
0.0074932575
0.005637765
0.004365921
0.005680084
0.0009999275
0.0020925999
0.0057811737
0.0043445826
0.005537033
0.0007814169
0.0057076216
0.008531213
0.006976247
0.0015802383
0.0066974163
0.00056397915
0.005879283
0.002014637
0.001972556
4.2676926e-05
0.0058841705
0.0046497583
0.00446558
0.005900383
0.0031613111
0.0017212629
0.0059639215
0.0062140226
0.00016105175
0.0012384653
0.007478714
-2.861023e-06
0.0012249947
0.0073018074
1.9788742e-05
0.004180908
0.004388809
0.005879879
0.0051859617
0.007278681
0.00014984608
0.0074671507
0.0011609793
0.003984332
0.0056368113
0.008040667
0.0011811256
0.0095489025
0.009189129
0.008218765
0.0034058094
0.007268429
0.00374341
0.0068380833
0.008275747
0.0039334297
0.0071463585
0.0055909157
0.0039055347
0.0037161112
0.008689046
2.193451e-05
0.0068306923
0.0005874634
0.010837793
0.00873363
0.0003618002
0.0064867735
0.004352689
0.005534053
0.00019025803
0.006667733
0.005047798
0.0070484877
0.009670377
0.003381133
0.006482959
0.006603718
0.0011838675
0.002583027
0.0040798187
9.262562e-05
0.0038861036
0.010319948
0.0030515194
0.0039765835
0.0056068897
0.004206538
0.005287051
0.004989147
0.008050919
0.0073115826
0.0009961128
0.009542346
0.0072854757
0.0038467646
0.0069704056
0.0051374435
0.007033348
0.0042903423
0.0022531748
0.004682541
0.0060435534
0.001679182
0.0045700073
0.0012075901
0.008595943
0.006384015
0.0021380186
0.0029560328
0.0046414137
0.000551939

0.006268382
0.0019661188
0.0064959526
0.0063705444
0.003422618
0.0065147877
0.008461237
0.006326556
0.00066387653
0.0054057837
0.00090551376
0.0042955875
0.0019109249
0.0073063374
0.0068531036
0.0030134916
0.005685687
0.0023075342
0.0034968853
0.0046925545
0.0021601915
0.0044367313
0.006692171
0.0047512054
0.0041929483
0.006351471
0.0052695274
0.0043189526
0.004594445
0.006598234
0.0067363977
0.005902052
0.0044306517
0.0045820475
8.4638596e-05
0.0020395517
0.0054044724
0.0063220263
0.0013498068
0.0047968626
0.0031222105
0.008309245
0.004827976
0.0037519932
0.0050091743
0.0002528429
0.004708886
0.004625201
0.006382823
0.0055235624
0.0018247366
0.0015512705
0.0035039186
0.0039025545
0.008522272
0.008055568
0.0064219236
0.005662918
0.006864786
0.004786372
0.002757907
0.007560134
0.0032624006
0.0065762997
0.0039601326
0.007212162
0.002643466
0.0043069124
0.0069497824
0.0070160627
0.005477786
0.006049037
0.0068227053
0.004864216
0.0034919977
0.0114046335
0.00557065
0.0032353401
0.0018336773
0.005106449
0.00033426285
0.005316019
0.0028506517
0.0012221336
0.003584981
0.0073827505
0.00044095516
0.006000519
0.0044082403
0.0011845827
0.0038490295
0.0066194534
0.00675261
0.006883025
0.00043165684
0.006010413
0.0053681135
0.0056949854
0.0051420927
0.0027292967
0.0023007393
0.0058522224
0.007299781
0.0035369396
0.004807353
0.006727934
0.0038962364
0.006749749
0.0058367252
0.006068468
0.003848195
0.0008815527
0.0066883564
0.0015531778
0.0050308704
0.002744317
0.0005648136
0.00069224834
0.006599307
0.0034079552
0.00019156933
0.0049670935
0.005066991
0.003709793
0.0023940802
0.008761764
0.0074008703
0.00082707405
0.0059280396
0.0057959557
0.006000757
0.006341338
0.008136988
0.00865078
0.0068979263
0.0072618723
0.0035581589
0.0047963858
0.0020048618
0.0062422752
0.004157901
0.006582737
0.004046321
0.0051760674
0.005596161
0.0010250807
0.004661083
0.0018070936
0.0034543276
0.0066593885
0.0047910213
0.0046132803
0.00036215782
0.001270771
0.0054996014
0.007157922
0.002900958
0.0012334585
0.0038684607
0.006698966
0.005824685
0.0036990643
0.005608201
0.003015995
0.0036119223
0.003078699
0.0046440363
0.006420493
0.005322814
0.0031994581
0.0007582903
0.0069639683
0.0024347305
0.0039721727
0.003439784
0.0035426617
0.0043513775
0.008404374
0.0028831959
0.004496336
0.006041527
0.0042356253
0.003697753
0.0071241856
0.0030601025
0.003953576
0.005457163
0.01154387
0.0011948347
0.005547881
0.0029472113
0.00032174587
0.00021195412
0.00035572052
0.005643487
0.0062385798
0.005861044
0.0051259995
0.0010194778
0.00847888
0.005180478
0.0038739443
0.008714676
0.006308794
0.0015386343
0.0040570498
0.0014126301
0.0071709156
0.0048520565
0.004445076
0.003205657
0.0032103062
0.0053116083
0.005319476
0.009289622
0.002115965
0.005943179
0.005939126
0.0044156313
0.008645296
0.0019141436
0.0064148903
0.0070717335
4.1127205e-05
0.0052387714
0.0076218843
0.009459972
0.0011129379
0.007153511
0.0039161444
0.006043911
0.005599618
0.0043764114
0.008126378
0.004305482
0.008371592
0.006601572
0.007887125
0.006063342
0.0053776503
0.0059450865
0.0070171356
0.009157062
0.0074625015
0.0015439987
0.0037236214
0.0039616823
0.0047118664
0.0055406094
0.004317403
0.0074168444
0.008285165
0.006940365
0.004252672
0.0056997538
0.004598975

0.0034550428
0.0032112598
0.0037329197
0.0024636984
0.004581213
0.003209591
0.0047432184
0.0038193464
0.0037565231
0.0015290976
0.0031023026
0.0029393435
0.0019809008
0.0030037165
0.0023287535
0.003071785
0.0009945631
0.0026593208
0.0006251335
0.0015815496
0.0020906925
0.004058957
0.00011873245
0.0003758669
0.003350377
0.0033314228
0.0009109974
0.0042214394
1.0251999e-05
0.0005749464
0.003914118
0.0016592741
0.003450036
0.0014821291
0.0023924112
0.0011992455
0.0032536983
0.0031256676
0.003278613
0.0005773306
0.0026323795
0.0020958185
0.0034611225
0.00017237663
0.0020843744
0.0046590567
0.0030379295
0.0013433695
0.002476573
0.0035818815
0.003783822
0.003637433
0.00048530102
0.0018428564
0.004226804
0.00017619133
0.000600338
0.004219532
0.001598835
0.001413703
0.0010390282
0.0037487745
0.00078356266
0.002303481
0.0034831762
0.0022559166
0.0048707724
0.0048211813
0.00070106983
0.0043792725
0.0024791956
0.0006349087
0.0040551424
0.00036525726
0.002935052
0.0004838705
0.0021578074
0.0015164614
0.000101566315
0.0011153221
0.0026029348
0.00050985813
0.0032000542
0.00362432
0.0015823841
0.0020362139
0.00023257732
0.0024594069
0.0019496679
0.0016999245
0.002161622
0.0034812689
0.0024536848
0.0026378632
0.0014258623
0.0031985044
0.00045251846
0.002594471
0.002011776
0.001865983
0.001868248
0.0055093765
0.0026276112
0.00287354
0.0039047003
0.0033751726
0.0038251877
0.003009081
0.0029790401
0.0035840273
0.0016511679
0.003827691
0.0007443428
0.00539124
0.0003105402
0.003693819
0.001606822
0.0036412477
0.003601551
0.0014951229
0.0028110743
0.0033876896
0.0029495955
0.004052758
0.004253149
0.0026527643
0.0009912252
0.003593564
0.0021204948
0.0027734041
0.0014702082
0.0030322075
0.0051789284
0.0009841919
0.0001937151
0.002534628
0.0010483265
0.001239419
0.0011175871
0.0027914047
0.0020262003
0.0036313534
0.0040369034
1.847744e-05
0.0023736954
0.00042796135
0.004036784
0.0010761023
0.0033313036
0.0030305386
0.0033893585
0.0034110546
0.00299263
0.0038583279
0.0027809143
0.0034536123
0.0038580894
0.0034290552
0.0012596846
0.0029529333
0.0010441542
0.0036702156
0.003076911
0.0028829575
0.0006592274
0.001381278
0.00074219704
0.0019598007
0.0033330917
0.003062129
0.0012037754
0.00029456615
0.0049221516
0.0015884638
0.0031090975
0.0032982826
0.001003027
0.0009849072
0.0052882433
0.0013591051
0.0031431913
0.0011227131
0.0019103289
0.0029921532
0.0037673712
0.0025250912
0.002619505
0.0035004616
0.0016798973
0.0010131598
0.0018178225
0.0008803606
0.0044703484
0.0035268068
0.000790596
0.0032827854
0.0025475025
0.00087988377
0.0020393133
0.0021278858
0.0023919344
0.001970768
0.0037544966
0.0020058155
0.0010522604
0.002928853
0.00054705143
0.0030220747
0.0042756796
0.002693534
0.0010858774
0.0030542612
0.0005003214
0.002015829
0.0048179626
0.003780365
0.0039509535
0.0016922951
0.0029336214
0.0018609762
0.0022503138
0.0023620129
0.0030469894
0.0030146837
0.0037897825
0.003775835
0.001758337
0.0015183687
0.0032051802
0.00048696995
0.0023275614
0.0039930344
0.0015858412
0.0027712584
0.0036295652
0.0015332699
0.003523469
0.0030106306
0.0025260448
0.0035581589
0.001146555
0.0011718273
0.0031114817
0.0004734993
0.0025045872
0.00084733963
0.001994729
0.0032180548
0.005455494
0.0013911724
0.0023620129
0.0020780563
0.0011063814
0.0011935234
0.0015944242
0.002515316
0.0034440756
0.002438426
0.0004132986
0.0035822392
0.0037363768
0.0030936003
0.002726078
0.002465129
0.0023971796
0.0037665367
0.0029218197
-5.5789948e-05
0.0036878586
0.0029287338
0.0033142567
0.00023710728
0.00035631657
0.001033783
0.00206995
0.0013171434
0.0032970905
0.0046919584
0.0033410788
0.0029884577
0.0029016733
0.0012915134
0.00038301945
0.00022816658
0.0038427114
0.0026685
0.0012196302
0.0024861097
0.0018560886
0.0029278994
0.0013687611
0.0032020807
0.0022559166
0.0022944212
0.005494833
0.001891613
0.00069117546
0.0014759302
0.0045416355
0.003689289
0.0023157597
0.00047647953
0.004186988
0.0019212961
0.0027798414
0.00014197826
0.0039749146
0.0020383596
0.0042595863
0.004146576
0.0027296543
0.0021231174
0.0014672279
0.00078332424
0.0009279251
0.0042608976
0.006106615
0.0039350986
0.004192233
0.0029979944
0.002886057
0.004340291
0.0029931068
0.0014795065
2.8133392e-05
0.0015718937
0.0036777258
0.0033829212
0.003442049
6.377697e-05
0.002801776
0.000880599
6.4492226e-05
0.0040653944
0.0018750429
0.0004901886
0.0016958714
0.0029881
0.0036040545
0.0013464689
0.00019598007
0.0016036034
0.0004041195
0.002217412
0.0016406775
0.0011755228
0.004020095
0.0030630827
0.0026272535
0.0036350489
0.0019420385
0.00051546097
0.0007572174
0.0025975704
0.0025955439
0.001650691
0.0008999109
0.0010533333
0.0013064146
0.0040344
0.003120184
0.00201118
0.0018757582
0.004286051
0.00083208084
0.004380822
0.00095295906
0.0035066605
0.0008773804
0.0017281771
0.0040915012
0.0025377274
0.00096940994
0.0049141645
0.00043034554
0.0024328232
0.002395749
0.00048577785
0.0048708916
0.002022028
0.00315094
0.0011082888
0.0007292032
0.0030388832
0.0013842583
0.003964424
0.0026094913
0.003370881
0.00022280216
0.0019985437
0.0029058456
0.00037384033
0.0019836426
0.0038807392
0.0016040802
0.0045694113
0.0027419329
0.0010251999
0.0003607273
0.003264904
0.0035504103
0.0039463043
0.002910614
0.0026621819
0.00072574615
0.0053044558
0.0034964085
0.0034724474
2.9802322e-05
0.0017381907
0.003122449
0.0016222
0.0033596754
0.004689336
0.0027669668
0.003702402
0.0022604465
0.0015707016
0.0009548664
0.0020936728
0.0035762787
0.004031539
0.002086401
0.00068712234
0.0032970905
0.0032576323
0.003606677
0.0035051107
0.0017175674
0.0038621426
0.00041532516
0.0030440092
0.0025091171
0.004594207
0.0037640333
0.0005726814
0.0034832954
0.0030351877
0.0011998415
0.0024598837
0.0021731853
0.0039823055
0.0011020899
0.0046013594
0.003540039
0.002183795
0.0042598248
0.0020127296
0.0028572083
0.0010331869
0.0020662546
0.003796935
0.00025689602
0.004088998
0.0011668205
0.003972769
0.0035221577
0.0028105974
0.0035672188
0.00023519993
0.0044209957
0.0032503605
0.0033202171
0.0007762909
0.003011942
0.0044846535
0.003008008
0.0017927885
0.0029485226
0.00022900105
0.0028734207
0.00086069107
0.0020318031
0.0052103996
0.0019091368
0.0031033754
0.0040585995
0.0011228323
0.0030058622
0.0011181831
0.0048140287
0.0025057793
0.001229763
0.0025140047
0.0037790537
0.0029199123
0.0047546625
0.001658082
0.00035214424
0.0045232773
0.0010222197
0.0043046474
0.005168915
0.004441142
0.00015437603
0.004999757
0.003057599
0.006517291
0.0006313324
0.0043097734
0.00016462803
0.0005108118
0.004142046
0.004732847
0.00394094
0.0012695789
0.0036205053
0.0001142025
0.002799511
0.0018087626
0.0031805038
0.00021386147

0.0018649101
0.0034803152
0.0021064281
0.002097845
0.0011425018
0.0028505325
0.0009953976
0.003933549
0.004246831
0.0029600859
0.001974821
0.0021653175
0.0010005236
0.0031391382
0.0018283129
0.002397418
0.0011273623
0.002442956
0.0020945072
0.001229763
0.0033495426
0.0017161369
2.5629997e-05
0.0023926497
0.003053069
0.0023776293
0.0014024973
0.0002808571
0.0005853176
0.00067806244
0.003132701
0.003018856
0.0018709898
0.0035583973
0.0006415844
0.0024745464
0.002154708
0.0034583807
0.0016959906
0.0019803047
0.0038499832
0.0020477772
0.0036098957
0.0014914274
0.0044173
0.0014270544
0.0014560223
0.0019488335
0.0011228323
0.0032233
0.0022784472
0.003986001
0.0011987686
0.005420208
0.0006893873
0.0010192394
0.0034618378
0.0019706488
0.003959298
0.0041605234
0.0016551018
3.7670135e-05
0.0033613443
0.003224492
0.0027097464
0.0043582916
0.0024555922
0.0008252859
0.002135396
0.0030246973
0.0002592802
0.00031793118
0.0029803514
0.0021709204
0.0023292303
0.0026682615
0.0039157867
0.0033506155
0.0031481981
0.00371778
0.00040268898
0.0013754368
0.0038499832
0.0038102865
0.0034155846
0.0008097887
0.0009088516
0.004543543
0.0025647879
0.0026726723
0.0035022497
0.001522541
0.003853798
0.0019900799
0.0045918226
0.0037453175
0.0032815933
0.0016901493
0.0015186071
0.0020691156
0.0046807528
0.0015833378
0.0005582571
0.0032713413
0.0019630194
0.004704714
0.0029183626
0.0015472174
0.0029095411
0.0023503304
0.0031263828
0.0014079809
0.0019410849
0.0037879944
0.0031803846
0.003592372
0.003804326
0.0018774271
0.0047928095
0.0054228306
0.0033251047
0.00026392937
0.0011992455
0.0024678707
0.002322793
0.0035399199
0.006107092
0.0031946898
0.0015202761
0.0032788515
0.0032680035
0.002994895
0.003697157
0.0013785362
0.0039709806
0.0017187595
0.00026917458
0.0019488335
0.0012372732
0.0029454231
0.000695467
0.003177166
0.0033679008
0.002121091
0.0017476082
0.001965046
0.003181219
0.0046241283
0.004429102
0.0021787882
0.001373291
0.0025254488
0.0022428036
0.0034745932
0.0003077984
0.0018393993
0.0021725893
0.0008046627
0.0023226738
0.0017604828
0.0026159286
0.002269864
0.000926733
0.003586769
0.0027377605
0.0026693344
0.00487864
0.0036033392
0.0032128096
0.0016458035
0.003479123
0.002361536
0.0026261806
0.0038336515
0.0035264492
0.0028526783
0.0028002262
0.0027337074
0.0025660992
0.001535058
0.003951907
0.0043791533
0.0020549297
0.0010854006
0.0010510683
0.0017488003
0.0027480125
0.0044032335
0.002637744
0.0010504723
0.0010002851
0.004014015
0.0027884245
0.0032770634
0.0009958744
0.0031063557
0.0041452646
0.0020831823
0.0006172657
0.00024795532
0.0037323236
0.0021243095
0.0034667253
0.0024551153
0.00077450275
0.004455924
0.0024260283
0.0034663677
0.00041091442
0.0030457973
0.0010802746
0.0020668507
0.0025082827
0.0028932095
1.2040138e-05
0.002317071
0.00388062
0.0019302368
0.0028669834
0.0012499094
0.0026825666
0.0019991398
0.0026289225
0.0033946037
0.0015822649
0.003180623
0.0011991262
0.0023294687
0.0008177757
0.0022826195
0.0016567707
0.0021891594
0.0019664764
0.0021750927
0.0015987158
0.0026761293
0.002996564
0.002373457
0.0029188395
0.0041384697
0.003414154
0.0021585226
0.0012331009
0.003133893
0.0031778812
0.0008970499
0.003622532
0.005515814
0.0018770695
0.0019868612
0.0027900934
0.0013889074
0.001842022
0.003688097
0.002816081
0.0032043457
0.0017850399
0.0006160736
0.0025610924
0.0035860538
0.0018693209
0.0019420385
0.00291574
0.0023590326
0.0011255741
0.00076937675
0.004050255
0.0021024942
0.004351139
0.0013828278
0.0016798973
0.0006569624
0.0035175085
0.0023610592
0.0039104223
0.0021350384
0.002092123
0.0022714138
0.0019093752
0.00025224686
0.0019925833
0.0012623072
0.0042830706
0.00030839443
0.0020017624
0.003655076
0.0031701326
0.0024578571
0.0021523237
0.0002450943
0.0025821924
0.00018107891
0.00016486645
0.003571868
0.0043718815
0.0013602972
0.0020936728
0.0033673048
0.004496336
0.0025242567
0.0027964115
0.004889846
0.0008047819
0.0024846792
0.0019091368
0.0021332502
0.0013365746
0.00016272068
0.0023841858
0.0031317472
0.0018501282
0.0019381046
0.001587987
0.0014439821
0.0029957294
0.003131628
0.0007073879
0.002059698
0.002564907
0.0025845766
0.0027110577
0.0019613504
0.0027897358
0.0029029846
0.0009073019
0.0026046038
0.0038429499
0.0018168688
0.0044202805
0.0017404556
0.0025115013
0.0017962456
0.0027595758
0.0025684834
0.0037754774
0.00015866756
0.0040631294
0.0026328564
0.0025812387
0.0028692484
0.0022734404
0.0030041933
0.001470089
0.0031436682
0.0012408495
0.004073739
0.0032918453
0.00265491
0.0012640953
0.0031137466
0.00045907497
0.001633048
0.0027718544
0.00076401234
0.0002092123
0.0015109777
0.0019370317
0.0014487505
0.0031603575
0.0007081032
0.0019702911
0.003349781
0.0030531883
5.7816505e-05
0.0023200512
0.004517317
0.0018757582
0.00061404705
0.0033468008
0.0024222136
0.00011861324
0.0027393103
0.0011036396
0.00471735
0.0050501823
0.0036405325
0.003919244
0.0046168566
0.0041559935
0.0024523735
0.0045114756
0.0010499954
0.002492547
0.0026431084
0.001948595
0.0015237331
0.0033012629
0.00074124336
0.00083458424
0.004515767
0.004137993
8.106232e-06
0.003579855
0.0024808645
0.0019994974
0.0031875372
0.00045073032
0.0015617609
0.0037254095
0.0027762651
0.00073361397
0.0013872385
0.004340887
0.0027263165
0.0029405355
0.0006648302
0.0010881424
0.003981948
0.0020309687
0.0013822317
0.002552271
0.0030230284
0.0031962395
0.0009903908
0.004143119
0.0033302307
0.0035204887
0.00257051
0.0041823387
0.0030341148
0.00085926056
0.0034601688
0.0010465384
0.0018985271
0.002984643
0.00020253658
0.0034521818
0.0021437407
0.0017266273
0.002045393
0.0032117367
0.0034583807
0.00366354
0.001237154
0.0041514635
0.0022895336
0.0008634329
0.0016840696
0.00081145763
0.0033870935
0.0026601553
0.0031757355
0.0027873516
0.0006734133
0.0003182888
0.00022864342
0.0030173063
0.0028355122
0.0028834343
0.0022450686
0.0012456179
0.0019341707
0.0022462606
0.0037273169
0.002989769
0.0038110018
0.0021044016
0.002118349
0.003698945
0.001087904
0.0020147562
0.0016955137
0.0028008223
0.0025196075
0.001491189
0.0029633045
0.004008651
0.0021284819
0.0003849268
0.00297606
0.002737999
0.0028676987
0.0022566319
0.0041228533
0.00081694126
0.0032850504
0.002768755
0.0031906366
0.0029429197
0.005446434
0.0029258728
0.0027931929
0.003089428
0.006221056
0.0034322739
0.0042248964
0.0020337105
0.003986478
0.00359416
0.0021944046
0.0023595095
0.00018537045
0.0025606155
0.0027376413
0.0029352903
0.0035346746
0.004006386
0.0035368204
0.0027114153
0.004240513
0.0013713837
0.0019600391
0.0021055937
0.00302279
0.0015639067
0.0037068129
0.0008723736
0.0040225983
0.002707243
0.0037287474
0.002481699
0.0020412207

0.000911355
0.0033727884
0.00094246864
0.0010488033
0.00068831444
0.00038850307
0.0018507242
0.00033795834
0.0013737679
0.001839757
0.0006866455
0.0017158985
0.0017170906
0.0014978647
0.0025424957
0.001921773
0.0024393797
0.0007557869
0.0021107197
0.00019598007
0.0026597977
0.0047558546
0.0012243986
0.0014244318
0.0014789104
0.0018378496
0.0014344454
0.003357172
0.003515005
0.0011552572
0.0015273094
0.011217356
0.002488017
0.00010728836
0.0007814169
0.0047609806
0.0009763241
0.0013136864
0.0014197826
0.0017615557
0.0017676353
0.0012645721
0.003748536
0.0014365911
0.0064121485
0.00062155724
0.0014095306
0.0031764507
0.002446413
0.0019893646
0.00060617924
0.0013077259
0.0038022995
0.00017905235
0.00087976456
0.0006301403
0.0009797812
0.0022609234
0.0024363995
0.00020503998
0.0024917126
0.0034623146
0.0058733225
0.00396204
0.0025179386
0.0009988546
0.004734516
0.006124258
0.0021888018
0.011342406
0.0009177923
0.0050569773
0.00042390823
0.0008429289
0.0008882284
0.0009949207
0.0011068583
0.0026156902
0.0020428896
0.0013684034
0.0017164946
0.004083991
0.0017193556
0.0013961792
0.0003284216
0.0042761564
0.0037568808
0.0030111074
0.0016255379
0.0070858
0.0026957989
0.0037468672
0.001081109
0.0031360388
0.003935218
0.0007237196
0.013787508
0.0012713671
0.0008842945
0.0008431673
0.004490614
0.00059497356
0.0031334162
0.000510931
0.005199313
0.0004451275
0.002195239
0.0012834072
0.0008471012
0.0006775856
0.00013911724
0.004606962
0.0009139776
0.0018230677
0.0010348558
0.00027549267
0.00035333633
0.004986167
0.0018343925
0.003878355
0.003995061
0.0003272295
0.0037311316
0.00054454803
0.0026818514
0.00088214874
0.0003978014
0.0036922693
0.0033043623
0.0009754896
0.0026937723
0.0014098883
0.0027137995
0.0050457716
0.0055161715
0.0028184652
0.0024909973
0.004267931
0.0030113459
0.00014543533
0.0062738657
0.0051164627
0.00029611588
0.0011968613
0.0010946989
0.003910899
0.0013022423
0.0023036003
0.00026357174
0.00042259693
0.0012061596
0.003975749
0.0027884245
0.00092709064
0.0016280413
0.0031638145
0.0034029484
0.0001989603
0.006981015
0.0065339804
0.00044751167
0.0038301945
0.004254818
0.0024170876
0.00058496
0.0007250309
0.00015461445
0.004480481
0.003262043
0.0035434961
0.003361702
0.0031704903
0.003322482
0.0023903847
0.0029985905
0.0029549599
0.0019797087
0.0022369623
0.002496004
0.0063124895
0.00037956238
0.002131343
0.00075781345
0.00033414364
0.0022255182
0.00041401386
0.0009280443
0.00040602684
0.0023920536
0.0014925003
0.0014503002
0.000739336
0.0021102428
0.0032186508
0.00230062
0.0013313293
0.002223134
0.00079989433
0.0017402172
0.0011798143
0.0023138523
0.0057291985
0.0020730495
0.0033131838
0.0015702248
0.0010434389
0.0018336773
0.0020785332
0.0008087158
0.0013669729
0.0020536184
0.00095283985
0.0002837181
0.0020879507
0.0009583235
0.0043512583
0.007841349
0.0036711693
0.0007457733
0.0018634796
0.0031768084
0.0034217834
0.00034463406
0.0033099651
0.0027182102
0.0005556345
0.0016473532
0.000819087
0.0011786222
0.004434347
0.0019735098
0.004898429
0.008367181
0.0125103
0.005317211
0.004840493
0.001316905
2.9921532e-05
0.00014173985
0.0038423538
0.0029855967
0.0027965307
0.0035009384
0.00042688847
0.0025715828
0.007754445
0.003976226
0.0018218756
0.0069533587
0.000218153
0.002691269
0.007189989
0.0027605295
0.005758643
0.00073707104
0.0019512177
0.0014382601
0.0013129711
0.004095793
0.0036696196
0.00040066242
0.0024689436
0.005489826
0.0038923025
0.0005042553
0.0036644936
0.002863288
0.001719594
0.0011150837
0.0030965805
0.00046944618
0.0016524792
0.008051634
0.009289384
0.0023305416
0.0055879354
0.002311349
0.0036674738
0.0006825924
0.0005108118
0.0014107227
0.0022194386
0.00210464
0.00026464462
0.0023509264
0.003937125
0.0011487007
0.002103448
0.0021053553
0.0010153055
0.0053977966
0.00056290627
0.0021965504
0.002315402
0.000795722
0.0009148121
0.0024795532
0.0015872717
0.0038388968
0.0041368008
0.001786232
0.00040602684
0.0012067556
0.0010581017
0.0009378195
2.69413e-05
0.0017565489
0.0015053749
0.0008368492
0.0011185408
0.0021272898
0.0021675825
0.0021762848
0.002072215
0.004185319
0.0042506456
0.0005879402
0.006693125
0.0048139095
0.00079393387
0.0016927719
0.0049039125
0.004284501
0.0087150335
0.0016028881
0.009020805
0.002015829
0.0013267994
0.0010801554
0.009792089
0.005584836
0.0019643307
0.001285553
0.00070774555
0.0037506819
0.0025936365
0.00028288364
0.0049114227
0.002387166
0.000874877
0.0003017187
0.0028454065
0.0002900362
0.0018928051
0.0013059378
0.00038969517
0.005532384
0.001986146
0.0023231506
0.0001783371
0.004305482
0.0019493103
0.0016218424
0.0030318499
0.0026985407
0.00041103363
0.008883715
2.4080276e-05
0.0015987158
0.00065779686
0.003527999
0.0038200617
0.0054768324
0.0014359951
0.0008723736
0.0058568716
0.0013943911
0.005004883
0.0016700029
0.0006840229
0.0013297796
0.002726674
0.0007394552
0.0012491941
0.0008739233
0.0014054775
0.00029826164
0.00810349
0.00028038025
0.000598073
0.0024722815
0.0026943684
0.00016987324
0.0023269653
0.00554502
0.0010355711
0.0015332699
0.0029646158
0.002773881
0.0009024143
0.002372861
0.0006335974
0.0011216402
0.00370574
0.0019128323
0.012597799
0.0022346973
0.002650857
0.00016736984
0.004445672
0.0032941103
0.0012631416
0.0019506216
0.0014497042
0.0015203953
0.0042818785
0.0016769171
0.0038661957
0.0005431175
0.0026595592
0.0016342402
0.007561326
0.0006632805
0.0019314289
0.0018273592
0.0034227371
0.006056905
0.0022292137
0.00023829937
8.404255e-05
0.00087344646
0.0011479855
0.0058823824
0.0009912252
0.002606392
0.0017331839
0.00039684772
0.0011020899
0.002989173
0.00046157837
0.006794691
0.00058341026
0.0023585558
6.818771e-05
0.001737833
0.00082945824
0.0010994673
0.00475502
0.002650261
0.002967596
0.0023319721
0.0017682314
0.0040016174
0.00050473213
0.0024735928
0.0015470982
0.0053601265
0.0033202171
0.00020492077
0.0018886328
0.0010375977
0.0006301403
0.0007202625
0.0054420233
0.002804637
0.0007020235
0.004345536
0.0020623207
0.00090420246
0.0008972883
0.00014829636
0.0004068613
0.00020051003
0.003415227
0.0018187761
0.005489707
0.0030628443
0.0022101402
0.0023821592
0.009584427
0.0010176897
0.003437519
0.00031590462
0.004521966
0.0010293722
0.0021215677
0.00049495697
0.0004223585
0.004419565
0.008739948
0.002420783
0.00083112717
0.00039672852
0.014230251
0.0028004646
0.0007096529
0.0060406923
0.00031352043
0.00340724
0.0009778738
0.0050657988
0.0012948513
0.00029599667
0.00029695034
0.0030089617
0.0014184713
0.002343297
0.0046435595
0.00086700916
0.004533291
0.0011571646
0.00022661686
0.0004913807
0.00045764446
0.00043833256
0.0014467239
0.0037870407
0.0006303787
0.0017954111
0.0009635687
0.0014141798
0.0009534359

0.0006971359
0.00078606606
0.0022392273
0.00015377998
0.003586173
0.0022323132
0.0016735792
0.0007724762
0.0040341616
0.00062572956
0.00040507317
0.0016975403
0.0013614893
0.0009793043
0.0005005598
0.0052963495
0.0020507574
0.00013124943
0.005737424
0.0015249252
0.007910013
0.0032001734
6.9499016e-05
0.0025576353
0.0013091564
0.0011723042
0.002197504
0.0029187202
0.0030716658
0.005259514
0.00172019
0.0038852692
0.0006169081
0.004531026
0.0004029274
0.004040122
0.004369378
0.0021086931
0.0006495714
0.00066912174
0.006614208
-3.33786e-06
0.001960516
0.004941702
0.0031074286
0.00025999546
0.0018981695
0.004175544
0.00015115738
0.0002617836
3.2186508e-06
0.00543952
0.0008984804
0.0023275614
0.0033031702
0.0023798943
0.0040094852
0.0006350279
0.003723979
0.0013598204
0.004074216
0.0008034706
0.0041451454
0.00087058544
0.00040638447
0.00045764446
0.0018390417
0.0011503696
0.0003708601
0.00505805
0.0012495518
0.0061404705
0.0009999275
0.004698515
0.00042021275
0.0005763769
0.0002822876
0.00068318844
0.0033057928
0.0012345314
0.0040148497
0.0023350716
0.0006110668
0.0011655092
0.0044261217
0.00014066696
0.0024460554
4.4703484e-05
0.0022234917
0.0002901554
0.006621361
0.00023138523
0.005534649
0.0056729317
0.0014607906
0.00013768673
0.0033416748
0.004321933
0.0022435188
0.0018664598
0.0033888817
0.0030815601
0.0013263226
0.0004030466
0.0006865263
-8.34465e-06
0.000844717
0.0032399893
0.00096166134
0.004712105
0.000364542
0.003030777
8.6545944e-05
0.0054461956
0.008307099
0.00031721592
0.0021988153
0.0026350021
0.0021529198
8.21352e-05
0.01066184
0.00025510788
0.00046861172
0.0005810261
0.0015405416
0.0005565882
0.001304388
0.002474904
0.00032150745
0.0045706034
0.001060605
0.0027405024
0.004053116
0.0005915165
0.0077494383
0.0004272461
0.002455473
0.0027605295
0.0007491112
0.0037724972
0.004275322
0.0027620792
3.0994415e-05
0.0015541315
0.0025908947
0.00064635277
0.0014793873
0.005760312
0.0014379025
0.0012800694
0.0023903847
0.0043751
0.0044237375
0.0056995153
0.0030136108
0.0014351606
0.0023282766
0.0005363226
0.004112363
0.0012960434
0.0012516975
0.001463294
2.7418137e-06
0.0087111
0.00071024895
0.004040599
0.0058317184
2.5391579e-05
3.5762787e-07
0.0035945177
0.0022133589
0.005398631
0.00043416023
0.0066877604
0.0011110306
0.0012073517
0.0004965067
0.0030612946
0.00043225288
0.00390172
0.0030882359
0.00079751015
0.005664587
0.00012600422
0.0010293722
0.0016992092
0.003541708
0.00045132637
0.00606966
0.0009894371
0.00195539
0.00096929073
0.00078201294
0.002994895
0.0031766891
0.00027871132
0.006262541
0.002056241
0.0019795895
0.00408864
0.006267667
0.0023492575
0.00020337105
0.0003633499
0.014173865
0.0028146505
0.0011390448
0.0006444454
0.001334548
0.003935218
0.0059384108
0.0017011166
0.003122449
0.0013198853
0.003829956
0.0031149387
0.0014667511
0.0085020065
0.004042506
0.003037572
-5.9604645e-06
0.0033655167
0.00151968
0.006041646
0.0015254021
0.0037082434
0.0065609217
0.0025343895
0.0015987158
0.00111866
0.0048191547
0.0027816296
0.002267599
0.0015389919
0.00046992302
5.9604645e-07
0.0014774799
0.0051600933
0.002972722
0.00062024593
0.0034681559
0.00701797
0.0017901659
0.0015888214
0.0012798309
0.0026055574
3.170967e-05
0.0020714998
0.0022484064
0.004024267
0.0025624037
0.0031050444
0.0042756796
0.004614949
0.0009535551
0.001073122
0.0002926588
0.0016756058
0.0034433603
0.0011427402
0.0019820929
0.002862215
7.498264e-05
0.0022047758
0.0006376505
0.0029081106
0.00081276894
0.002644062
0.00036394596
0.0031694174
0.0023915768
7.1525574e-06
0.00042772293
0.0006777048
0.0015553236
0.0010175705
0.00048971176
0.0028871298
0.009928107
0.003898263
0.0016115904
0.0019373894
0.005078435
0.0012097359
0.0028152466
0.005944729
0.0010578632
0.0030831099
0.0060970783
0.0014401674
0.009219289
5.9127808e-05
0.0075181723
0.0020393133
0.008460164
0.0020315647
0.0043064356
0.00013804436
2.2888184e-05
0.0005983114
0.007052541
0.004061103
0.0015217066
0.0027610064
0.0033304691
0.0003941059
0.0023251772
0.0025330782
0.0015113354
4.2319298e-05
0.0023576021
0.001188755
0.0014830828
0.002025485
0.0018943548
0.0006375313
0.0005583763
0.004049301
0.0010428429
0.004557252
0.0041862726
0.004291296
0.0046213865
0.0048867464
0.003939271
0.004781127
0.0010839701
0.00012385845
0.002105713
0.004401207
0.0027188063
0.0024522543
0.0010448694
0.0021381378
0.00082588196
-5.722046e-06
0.0024026632
0.0007534027
0.0064538717
0.0010707378
0.0032013655
0.004550457
0.0017648935
0.0029523373
0.0013930798
0.006305337
0.0006994009
0.0006917715
0.0025320053
3.5762787e-07
0.0022479296
0.0011554956
0.0021984577
0.00095427036
0.0011649132
0.0036388636
0.0055230856
0.0015550852
0.0027099848
0.00013101101
0.0018609762
0.0010378361
0.0024762154
2.0503998e-05
0.0039532185
0.0013626814
0.0052981377
1.6093254e-05
0.0023450851
0.0007904768
0.002373457
0.000995636
0.0013495684
0.0068336725
0.0018838644
0.00016021729
0.0005042553
0.00041472912
0.0013333559
5.5789948e-05
0.00054621696
0.0067561865
0.0060293674
0.0049505234
0.006141901
0.0006201267
1.0609627e-05
0.0048367977
0.0059685707
0.0034425259
7.987022e-06
0.00011074543
0.006230235
0.00022351742
0.0007314682
0.0015490055
0.0021471977
0.0021790266
0.008412242
0.0021113157
2.336502e-05
0.0015507936
0.004439831
0.0024546385
0.00052535534
0.0047109127
0.0041610003
0.0035418272
0.0051054955
0.0038558245
0.0050457716
0.004589796
0.004354
0.0027439594
0.0028717518
0.004510641
0.0054171085
0.0013597012
0.002664566
0.006177306
0.0002156496
0.0029934645
0.003515005
0.0032910109
0.0005736351
0.0012829304
0.0016589165
0.005517602
0.001070857
0.00092959404
0.00062310696
0.0066570044
0.0020519495
8.940697e-05
0.004377842
0.0011185408
0.0006303787
0.0011862516
0.0014102459
0.0022010803
0.0019431114
0.00029480457
0.005732298
5.3167343e-05
0.0022960901
0.0031744242
0.0013509989
0.0021492243
0.0033032894
0.0003899336
0.0034606457
0.005563259
0.00046563148
0.004659891
0.00018596649
0.0038944483
0.0053738356
0.005505562
1.8119812e-05
0.0041031837
0.0012892485
0.0007119179
2.6464462e-05
0.0027749538
0.0011428595
0.0017371178
0.001840353
0.0030697584
7.1406364e-05
6.9856644e-05
0.006496668
0.0029691458
0.0018895864
0.0031074286
0.006181836
0.0015485287
0.0035321712
0.0020456314
0.00036370754
0.0048371553
0.0045210123
0.0030105114
0.0065307617
0.002213955
0.003902316
0.0012181997
0.002704978
0.0012180805
0.002246499
0.0031650066
0.0034354925
0.0064407587
0.0024261475
0.00376904
0.007035494
0.0037032366
3.8266182e-05
0.009533644
0.0032678843
0.0013456345
0.0018132925
0.0008767843
3.9339066e-06
0.0021092892
0.000108003616
0.0028797388
0.004826188
0.0027837753
0.0008505583
0.00032687187
0.0044214725
0.002585411

0.0022999048
0.0016700029
0.0034325123
0.008190632
0.0037840605
0.0028440952
0.0032589436
0.0026409626
0.0029177666
0.0015565157
0.0033864975
0.005051136
0.002268672
0.0013908148
0.0021710396
0.0028544664
0.004104495
0.0019663572
0.0008985996
0.0012245178
0.0029039383
0.0027080774
0.0012900829
0.0015729666
0.002336979
0.0035190582
0.0018694401
0.0023978949
0.001645565
0.0008598566
0.00046622753
0.0016958714
0.004445553
0.0020508766
0.00051021576
0.00030100346
0.0042533875
0.005620122
0.001461029
0.0025229454
0.0030610561
0.0023509264
0.00055110455
0.0031735897
0.0033220053
0.002470374
0.0035803318
0.0020643473
0.0038821697
0.0015302896
0.001082778
0.00245893
0.0023676157
0.0059235096
0.0025978088
0.0026279688
0.0021047592
0.0046879053
0.00070655346
0.0039863586
5.6028366e-06
0.004981518
0.0028589964
0.00048220158
1.9073486e-06
0.0017504692
0.0026996136
0.00336349
0.0021930933
0.004758477
0.0036714077
0.0026192665
0.0019415617
0.0008147955
0.0050359964
0.0041958094
0.005336046
0.0017498732
0.0028680563
0.0049704313
0.0035084486
0.0037366152
0.0022832155
0.0040043592
0.0018279552
0.0026744604
0.0024563074
0.0054985285
0.001291275
0.0015131235
0.0031763315
0.0026460886
0.0019854307
0.000818491
0.002896428
0.00071310997
0.0021705627
0.0004969835
0.0011507273
0.00043928623
6.186962e-05
0.0017831326
0.002485633
0.0032225847
0.0035592318
0.0028178692
0.003927946
0.0013890266
0.0026388168
0.0014193058
0.0028681755
0.0004891157
0.0032972097
0.003644824
0.002385497
0.003169775
0.0013382435
0.001232028
0.0008928776
0.0016003847
0.00123775
0.0011949539
0.0035989285
0.001981616
0.0011292696
0.0016560555
0.0001424551
0.00301826
0.00068581104
0.00044298172
0.0012824535
0.004834652
0.003092885
0.005403042
0.0045524836
0.0016251802
0.006807685
0.0014132261
0.0034554005
0.0005657673
0.0036326647
0.0010970831
0.0033935308
0.0042686462
0.0015032291
0.0022323132
0.0018248558
0.006333351
0.0011198521
0.0032929182
0.005793214
0.001247406
0.0025746822
0.0001155138
0.00016462803
0.0026625395
0.0020830631
0.0028585196
0.0057047606
0.00024747849
0.004219532
0.0014384985
0.0013363361
0.00087344646
0.00046861172
0.003063321
0.0010823011
0.00441432
0.002498746
0.0026704073
0.0020276308
4.2796135e-05
0.0036987066
0.0011777878
0.0016336441
0.0019130707
0.0005954504
0.0036696196
0.0039384365
0.0005143881
0.0021289587
0.0011912584
0.0002771616
0.0028092861
0.003702402
0.007012725
0.0022858381
0.00072300434
0.0061092377
0.003455758
0.0049197674
0.0013272762
0.0037947893
0.0036904812
0.002744913
0.00288558
0.0043110847
0.001455307
0.0034396648
0.0027415752
0.003309846
0.001712203
0.0024988651
0.0026460886
0.00045859814
0.0009608269
3.7908554e-05
0.0027902126
0.0004593134
0.0014522076
0.0015568733
0.0055150986
0.005859375
0.0013147593
0.0007253885
0.0016225576
0.0020364523
0.003162384
0.001260519
0.0042330027
0.0018156767
0.0028122663
0.0019322634
0.0056322813
0.00167346
0.0021886826
0.002277851
0.0028979778
0.0054398775
0.004647732
0.0015723705
0.0021178722
0.0013662577
0.0020457506
0.0046817064
0.0039795637
0.004330516
0.0035494566
0.00274086
0.0036728382
0.0072818995
0.0037029982
0.0024597645
0.0041126013
0.00046658516
0.005848527
0.0017060041
0.0022919178
0.0027261972
0.0009613037
0.005184412
0.0051726103
0.0027817488
0.00077438354
0.0017719269
0.0005247593
0.002180934
0.0020428896
0.0024006367
0.001429677
0.004455209
0.00053954124
0.0031341314
0.0030145645
0.0031762123
0.006360173
0.005534768
0.0055241585
0.0034683943
0.0015081167
0.0029923916
2.7418137e-06
0.0015397072
0.0027096272
0.0008958578
0.0015105009
0.003206849
0.0024988651
0.0046536922
0.0034626722
0.00081670284
0.0013535023
0.0012376308
0.0013054609
0.0021381378
0.0022193193
0.00315094
0.0016970634
0.0015518665
0.0023949146
0.006871462
0.0025525093
0.004180193
0.0020910501
0.003847599
2.002716e-05
0.0040997267
0.00063562393
0.004941821
0.0020501614
0.0036962032
0.001136303
0.0021111965
0.002528429
0.0036680698
0.0010447502
0.0015791655
0.0011687279
0.004743576
0.00084352493
0.0012302399
0.0034377575
0.0014846325
0.0034900904
0.0042380095
0.0026922226
0.002229333
0.0038554668
0.0028780699
0.00225389
0.00063455105
0.0027639866
0.0008752346
0.0011303425
0.00081276894
0.0023072958
0.0032241344
0.0016653538
0.0041521788
0.00084996223
0.002059102
0.0024760962
0.0034070015
0.005684972
0.0039396286
0.0047641993
0.0014953613
0.0018094778
0.0011451244
0.0042692423
0.0032904148
0.0007597208
0.00013530254
0.0023497343
0.0013092756
0.0035372972
0.0028903484
0.0034942627
0.0032023191
0.0007029772
0.0023789406
0.0019185543
0.0036227703
0.00085389614
0.0035139322
0.0023263693
0.0039978027
0.0027172565
0.0018810034
0.0013017654
0.00075280666
0.00033402443
0.0012062788
0.000872612
0.0001295805
0.0008845329
0.0062589645
0.00080263615
0.0039026737
0.00011134148
0.0049426556
0.0031983852
0.002203703
0.00073206425
0.0025752783
0.00018417835
0.002470255
0.0017004013
0.001144886
0.0032809973
0.0021167994
0.0022073984
0.006213665
0.001180768
0.0013684034
0.0021723509
0.0011707544
0.00066816807
0.0015559196
0.005150199
7.343292e-05
0.00056636333
0.0016123056
0.0012456179
0.0012325048
0.0015121698
0.0037540197
0.0038659573
0.0059854984
0.005650401
0.0035880804
0.0001424551
0.0018439293
0.0052165985
0.003224969
0.0034821033
0.00010561943
0.0021451712
0.004377842
0.0035494566
0.0019381046
0.0030403137
0.00031983852
0.0013990402
0.0011677742
0.0028303862
0.0012185574
0.0032943487
0.005054474
0.0042921305
0.0035831928
0.0013531446
0.0044783354
0.0018707514
0.0041279793
0.0008254051
0.00058174133
0.0040256977
0.001954317
0.0036399364
0.0014334917
0.0022449493
0.0045690536
0.0011885166
0.0040807724
0.0020883083
0.007632017
0.0063331127
0.0028471947
0.0029832125
1.8954277e-05
0.0022902489
0.0030555725
0.00029432774
0.00030696392
0.0014151335
0.004891157
0.0041993856
0.0014115572
0.0023254156
0.0034747124
0.0024154186
0.004197955
0.0005360842
0.00081694126
0.00250566
0.00057673454
0.005598545
0.0047130585
0.00077807903
0.003224492
0.00019705296
0.0038605928
0.0008163452
0.003853798
0.002664566
0.0021413565
0.0006250143
0.001935482
0.0016156435
0.002857089
0.0017751455
0.0019004345
0.0019904375
0.0012125969
0.0027987957
0.0041873455
0.003997326
0.0033351183
0.0005290508
0.0054666996
0.0015916824
0.00405097
0.00057935715
0.0016826391
0.004023671
0.002711296
0.0041583776
0.004460454
0.0027930737
0.0014634132
0.0033146143
0.0038288832
0.0028578043
0.002733469
0.00013518333
0.0054758787
0.0029218197
0.005425215
0.006234765
0.0010919571
0.0054136515
0.002497077
0.0017620325
0.00049352646
0.0017249584
0.0034579039
0.0012974739
0.00044107437
0.0021291971
0.0033780336
0.0023846626

0.0016127825
0.0035277605
0.00090909004
0.0009800196
0.0030323267
0.0020850897
0.0031673908
0.002968669
0.0019288063
0.0052924156
0.0023007393
0.0031454563
0.0022218227
0.0023332834
0.0028674603
0.002664566
0.0014790297
0.0012282133
0.0013182163
0.00093209743
0.0012756586
0.002348423
0.0005799532
0.0017267466
0.0019683838
0.0050599575
0.0001513958
0.0022441149
0.0012518167
0.0035182238
0.0030668974
0.0025837421
0.0017254353
0.00026214123
0.0016744137
0.0032997131
0.0033642054
0.0033808947
0.004130602
0.0023736954
0.0018957853
0.003396988
0.0026897192
0.0018845797
0.004940152
0.0061565638
0.002268076
0.0017938614
0.001683116
0.0046391487
0.001722455
0.0005134344
0.0024482012
0.0010229349
0.0045431852
0.00090658665
0.0012085438
0.004337549
0.0031235218
0.0036283731
0.0019415617
0.0011880398
0.0034269094
0.0028654337
0.0036588907
0.0039069653
0.001937747
0.0014709234
0.0019440651
0.0011261702
0.0043730736
0.0038667917
0.0026384592
0.0010615587
0.0020990372
0.0073885918
0.0021950006
0.0019106865
0.0033460855
0.003987789
0.0021238327
0.0029762983
0.0016995668
0.0044617653
0.0070519447
0.002125144
0.009874821
0.0012642145
0.002068162
0.0011045933
0.0014569759
0.0015389919
0.003308177
0.0006220341
0.0030332804
0.0035521984
0.0030219555
0.002552271
0.002285719
0.0027160645
0.00281322
0.0038211346
0.0025154352
0.0016316175
0.0025593042
0.0019630194
0.0013413429
0.0029873848
0.0040786266
0.0014798641
0.0033960342
0.004202962
0.0020507574
0.001335144
0.0017745495
0.007264614
0.0023217201
0.0031309128
0.0006451607
0.003127575
0.0025911331
0.0063632727
0.000991106
0.0054858923
0.0039889812
0.00169456
0.0035415888
0.0014717579
0.0017961264
0.0017012358
0.0023487806
0.00468421
0.0046446323
0.005904913
0.0021808147
0.0031887293
0.0023293495
0.002515316
0.004700184
0.001450181
0.0023719072
0.0009704828
0.0028771162
0.003452301
0.0018405914
0.001085639
0.0040402412
0.0021723509
0.002852559
0.0017973185
0.001116991
0.0016729832
0.00014162064
0.0016738176
0.0019301176
0.0017830133
0.0027911663
0.0075383186
0.0011161566
0.0045809746
0.0025058985
0.004418969
0.0052677393
1.4424324e-05
0.002030611
0.0041462183
0.0004172325
0.0029735565
0.0028531551
0.0012634993
0.0022022724
0.0021451712
0.0018399954
0.0037257671
0.00237751
0.002592206
0.0022164583
0.0014568567
0.00052416325
0.0013775826
0.0030152798
0.0008842945
0.0021185875
0.0015641451
0.0031012297
0.0007804632
0.0040074587
0.004123926
0.0019116402
0.0009022951
0.0027991533
0.0017896891
0.002575636
0.0039414167
0.0014867783
0.0030952692
0.004245281
0.0007994175
0.0014333725
0.0008764267
0.004716754
0.004179716
0.001463294
0.0018966198
0.0048220158
0.0049880743
0.006268859
0.009253144
0.0022610426
0.0020685196
0.0010411739
0.0043857098
0.0020395517
0.0009918213
0.007758975
0.0054274797
0.0005928278
0.0017700195
0.007536888
0.002151847
0.003329277
0.000859499
0.0038473606
0.0012720823
0.0032342672
0.0017639399
0.0021176338
0.0025463104
0.0014001131
0.0026561022
0.0025875568
0.0043592453
0.0019943714
0.0028939247
0.0036940575
0.0013482571
0.0014294386
0.0023809671
0.002159357
0.0007055998
0.0030287504
0.001011014
0.0019568205
0.0028693676
0.0032514334
0.0027343035
0.0026290417
0.0066936016
0.002265811
0.0057229996
0.0017956495
0.0016300678
0.0026909113
0.0025888681
0.0047049522
0.002632022
0.0017613173
0.0039277077
0.0027048588
0.0025732517
0.0018639565
0.0028414726
0.002609849
0.0036275387
0.00074768066
0.002301693
0.0038751364
0.0011906624
0.0015594959
0.0027951002
0.0048553944
0.0027259588
0.002584219
0.0024514198
0.0051090717
0.0006377697
0.0027054548
0.0017191172
0.0006226301
0.0011702776
0.00085389614
0.00021350384
0.0009690523
0.0013203621
0.0012714863
0.0015261173
0.0025479794
0.0010871887
0.004017949
0.0011065006
0.0008778572
0.0005517006
0.0009417534
0.002429247
0.0006432533
0.0015031099
0.0024671555
0.0038204193
0.0033948421
0.00070512295
0.0013362169
0.0028378963
0.0015605688
0.0021919012
0.0039026737
0.0029369593
0.001196146
0.002570033
0.0008171797
0.0029124022
0.00019001961
0.0028575659
0.001892209
0.0043931007
0.005222559
0.003942728
0.0030118227
0.004310131
0.0009821653
0.00309515
0.0045974255
0.0015007257
0.0026470423
0.0051323175
0.00042033195
0.0028882027
0.0015736818
0.003194809
0.0023047924
0.0009146929
0.00042760372
0.0031650066
0.0054894686
0.0027316809
0.0024005175
0.0015639067
0.0012727976
0.00010704994
0.002816081
0.004731655
0.0022825003
0.0029058456
0.001390338
0.0017390251
0.0025964975
0.004209757
0.0029029846
0.0022771358
0.0023949146
0.00040590763
0.002081275
0.0015149117
0.003437996
0.0025128126
0.0016518831
0.002593279
0.0052717924
0.005222082
0.0012865067
0.0034062862
0.002138257
0.0043997765
0.0053505898
0.0007917881
0.0035585165
0.0013772249
0.0005412102
0.0010334253
0.0036035776
0.0033746958
0.002076149
0.0024237633
0.0017998219
0.0031856298
0.0032994747
0.0012167692
3.8146973e-06
0.0029133558
0.0009226799
0.0032241344
0.0022999048
0.001435399
0.0037652254
0.0015976429
0.0035678148
0.0027573109
0.0036826134
0.0026733875
0.0014948845
0.0010254383
0.0018651485
2.2292137e-05
0.0020079613
0.0049362183
0.0015884638
0.002141714
0.0021111965
0.004493594
0.00075757504
0.0047768354
0.0047757626
0.0032373667
0.006586075
0.001493454
0.0021771193
0.0030030012
0.0003029108
0.003354907
2.4199486e-05
0.0012965202
0.0014834404
0.0017286539
0.0014617443
0.004145026
0.0007047653
0.0015784502
0.0050485134
0.0018755198
0.0010944605
0.0038045645
0.0013090372
0.003163457
0.0012868643
0.0017411709
0.0012847185
0.0007300377
0.0017819405
0.0021824837
0.001814127
0.002226591
0.0033183098
0.0012516975
0.0004068613
0.0026693344
0.004401803
0.0037072897
0.0019960403
0.0018427372
0.0066047907
0.0025669336
0.004061818
0.0022405386
0.0031698942
0.005736947
0.003123045
0.0015461445
0.0024510622
0.0009913445
0.00536263
0.0027469397
0.0035469532
0.0028164387
0.0024331808
0.0017808676
0.0068069696
0.0017626286
0.0022394657
0.0028508902
0.0022922754
0.0005726814
0.0020781755
0.0034890175
0.0006275177
0.0021306276
0.00126338
0.0034902096
0.0018049479
0.002056241
0.0014488697
0.0007647276
0.0016107559
0.0018675327
0.0039457083
0.0022045374
0.0047193766
0.002065301
0.00180614
0.003017664
0.0023659468
0.003004074
0.001981616
0.002085209
0.003569603
0.00087046623
0.0013245344
0.00075781345
0.0022195578
0.002192974
0.004071474
0.0026654005
0.0022671223
0.007335186
0.004482031
0.004089117
0.0024176836
0.00044941902
0.0031123161
0.0031584501
0.00101614
0.0016729832
0.00092971325
0.0017570257
0.003908634
0.00063204765
0.004843235
0.0019983053
0.0021502972
0.0018603802
2.3841858e-07
0.0032258034
0.0028494596
0.0012623072

0.10228884
0.07859981
0.13312292
0.14315462
0.10748112
0.13042212
0.09203315
0.07317293
0.08535397
0.07996619

