0.010178089
0.005056858
0.0164603
0.0087429285
0.00570786
0.0087121725
0.00495255
0.0087019205
0.00945437
0.007712364
0.010352373
0.005236149
0.00811553
0.012759924
0.0061233044
0.012050867
0.0024915934
0.003780961
0.010638237
0.0017625093
0.0040866137
0.0062601566
0.016250253
0.003424406
0.0050998926
0.009705186
0.011780143
0.009566784
0.004278779
0.0143226385
0.008511066
0.0023884773
0.0010448694
0.005291581
0.0069069862
0.01106143
0.010361433
0.008977771
0.004812002
0.014743328
0.008024931
0.010877848
0.009136319
0.018255115
0.009909034
0.0032736063
0.007284522
0.018543243
0.012073994
0.005817294
0.010496616
0.00648582
0.009906173
0.002515316
0.009724736
0.012138486
0.0069699287
0.018604755
0.0067232847
0.009099364
0.013229609
0.010774851
0.00809741
0.010534167

0.00843823
0.003051877
0.00841701
0.021409512
0.007329941
0.007846594
0.011336684
0.019726515
0.0043104887
0.00730443
0.015563846
0.010583043
0.003845811
0.0022696257
0.012627959
0.015703559
0.0017435551
0.007480979
0.009581089
0.008950353
0.008108616
0.0033857822
0.0072538853
0.00885427
0.005018115
0.00059473515
0.015865088
0.006047368
0.010519862
0.00463593
0.0012955666
0.0024415255
0.00720644
0.011228561
0.008318782
0.011934996
0.010160685
0.007461071
0.004909277
0.0040994883
0.0068228245
0.00753057
0.01578784
0.005207062
0.0058819056
0.018815756
0.01275897
0.011460066
0.002770424
0.009327173
0.013903022
0.022423744
0.00503242
0.011353016
0.009654045
0.022114873
0.020528436
0.013194919
0.007590294
1.0967255e-05
0.019146323
0.010383129
0.0056245327
0.011597514

0.0076528788
0.00785625
0.0081499815
0.0016709566
0.009577751
0.0019102097
0.0011606216
0.00074505806
0.008270502
0.008361936
0.003116846
0.008778334
0.009269595
0.0035142899
0.00044310093
0.0061364174
0.007309437
0.00448668
-8.583069e-06
0.0033267736
0.0037246943
0.007302046
0.0018165112
0.0044720173
0.010702968
0.003476262
0.003682375
0.0028522015
0.006106138
0.0027647018
0.010108471
0.0012509823
0.011619329
0.005757332
0.011796236
0.0014492273
0.0007314682
0.005161047
0.0044134855
0.004409075
0.0008916855
0.009537697
0.0016046762
0.006854415
0.0032562017
0.0018734932
0.0024302006
0.003659606
0.006331563
0.0016738176
0.008933902
0.0036435127
0.006599188
0.0029917955
0.0059268475
0.0063016415
0.007981658
0.001932025
0.008117199
0.005199194
0.0069446564
0.00096702576
0.0059683323
0.0010420084
0.010036349
0.008524418
0.006335616
0.0032174587
0.0054867268
0.0046418905
0.007876396
0.012877345
0.0027086735
0.000116705894
0.0074778795
0.008420229
0.0032243729
0.0087634325
0.002665162
0.014687538
0.008104801
0.0021516085
0.006907463
0.0012784004
0.004202485
0.0024775267
0.0035842657
0.00668931
0.0073097944
3.2901764e-05
0.00063836575
0.0009086132
0.006896019
0.00461936
0.0066679716
0.003883481
7.5101852e-06
0.00044870377
0.005147338
0.0035932064
0.0001975298
9.691715e-05
0.00597775
0.0042784214
0.0070741177
0.0079061985
0.0004376173
0.0074033737
0.012316346
5.4001808e-05
3.2186508e-05
0.004482627
0.0015468597
0.0030624866
0.0094150305
0.0046379566
0.0028520823
0.0054867268
0.009075642
0.00053954124
0.004745364
0.006744623
0.0007327795
0.0005595684
0.011318088
0.003665924
0.00803566
0.009652853

0.00016188622
0.0020189285
0.0037902594
0.009891033
0.0075387955
0.0004531145
0.003790617
0.00046360493
0.0040831566
0.008993745
0.017145157
0.009721398
0.0050902367
0.0069032907
0.0028252602
0.010567665
0.006951928
0.002511263
0.0014339685
0.0015847683
0.005243182
0.002599001
0.0008137226
0.006431818
0.009698272
0.010040402
0.0050919056
0.0061467886
0.004063368
0.002385378
0.0008172989
0.0014703274
0.0070221424
0.0013928413
0.0020327568
0.0040078163
0.0046964884
0.0029820204
0.0032572746
0.00070381165
0.0036196709
0.00422132
0.004031658
0.0033432245
0.008385181
0.0028885603
0.011345983
0.0029244423
0.004238844
0.003917098
0.0037730932
0.00597167
0.0010125637
0.0054085255
0.011651993
0.0058113337
0.0010460615
0.0058836937
0.008398771
0.0056459904
0.007241726
0.0056313276
0.015031815
0.007356167
0.0038753748
0.0033352375
0.0037475824
0.011749744
0.0079193115
0.005659342
0.013849378
0.0041110516
0.0026806593
0.0034382343
0.0003002882
0.00604403
0.007840037
0.00080382824
0.004442811
0.00021076202
0.0038381815
5.00679e-06
0.0008020401
0.007989168
0.003573656
0.00065147877
0.004111171
0.0074356794
0.0039633512
0.011321187
0.0001475811
0.006067276
0.0021629333
0.002358079
0.005415559
-2.3841858e-07
0.012337923
0.007694721
0.0014762878
0.0039161444
0.0039122105
0.007494688
0.004404664
0.0004415512
0.00018417835
0.004970789
0.0024086237
0.00033330917
0.015141368
0.0024995804
0.0022547245
0.0024448633
0.0047365427
0.005183935
0.0070695877
0.002972722
0.0061119795
5.841255e-06
0.008958459
0.006359935
1.0728836e-05
0.0062503815
0.0058107376
0.0074825287
0.002550006
0.0053910017
0.0069150925
0.002846241

0.0027916431
0.003804922
0.0018286705
0.0020809174
0.0037673712
0.0010914803
0.0013070107
0.0012612343
0.0050206184
0.0034776926
0.005091071
0.0018135309
0.0007709265
0.0019487143
0.0032103062
0.0032411814
0.0022138357
0.0029907227
0.0043007135
0.00065398216
0.00048565865
0.001912713
0.0004913807
0.004362583
0.0029337406
0.002400279
0.0037992
0.00362885
0.0028710365
0.004175186
0.003266096
0.003271103
0.0018767118
0.0026640892
0.00065135956
0.0010660887
0.0035626888
7.104874e-05
0.0016804934
0.0035681725
0.0038042068
0.0021939278
0.00334239
0.0014228821
0.0015933514
0.0020786524
0.0024187565
0.003950238
0.0030782223
0.0037152767
0.0012557507
0.0007920265
0.00080132484
0.0036962032
0.0025850534
0.00342381
0.0033468008
0.0038756132
0.00018763542
0.0017616749
0.0038514137
0.0032413006
0.00021111965
0.00025200844
0.0038044453
0.0025795698
0.003717661
0.00019073486
0.0016510487
0.0036793947
0.00022482872
0.0009082556
0.0010817051
0.005824566
7.4625015e-05
0.0026164055
0.0025086403
0.00041425228
0.0028201342
0.003011465
0.003153205
0.0019254684
0.0005660057
0.0027537346
0.0030523539
0.0031796694
0.0026290417
0.00010442734
0.0029209852
0.00154531
0.0035443306
0.0016846657
0.0043047667
0.003129959
0.00046372414
0.0048732758
0.001979947
0.0040956736
0.0029354095
0.0031280518
0.0023614168
0.003763318
0.0022207499
2.4437904e-05
0.0018737316
0.0042898655
0.0006545782
0.005487442
1.335144e-05
0.00299716
0.004416585
0.002147317
0.0044903755
0.0033391714
0.004773617
0.003738761
0.0015234947
0.0013928413
0.0026209354
0.0015467405
0.00022518635
0.002443552
0.0041695833
0.0013091564
0.0018223524
0.0024113655
0.003706932
0.002780676
0.0019700527
0.0038255453
0.00095033646
0.0012167692
0.0032328367
0.00026726723
0.0001450777
0.0020428896
0.0016698837
0.0040453672
0.0005710125
0.001665473
0.0046812296
0.0031032562
0.005102992
0.0047887564
0.0039782524
0.003996372
0.0034052134
0.00223279
0.0042926073
0.002683878
0.0035864115
0.0024077892
0.003033638
0.002865672
0.0038529634
0.003844142
0.0035225153
0.0027800798
0.0023272038
0.0031137466
6.9856644e-05
0.0042363405
0.0021687746
0.0032507181
0.0032593012
0.0014514923
0.003157854
0.0030589104
8.094311e-05
0.0034388304
2.9802322e-06
0.0041555166
0.004080653
0.0045912266
0.0007094145
0.0023132563
0.005548954
0.0029985905
0.00023365021
0.0035619736
0.002873063
0.003775835
0.0040216446
0.004073262
0.00052058697
0.00013804436
0.0007801056
0.0013974905
0.0023008585
0.0040433407
0.0017673969
8.583069e-06
6.6161156e-05
0.00023627281
0.0013890266
0.002597928
0.00019168854
0.001116395
0.0013149977
0.003488183
0.0022178888
0.0029034615
0.0041770935
0.0021218061
0.0010585785
0.0037472248
3.695488e-05
0.0032339096
0.0047888756
0.0032122135
0.003366828
0.0023536682
0.0018724203
0.0033195019
0.005017519
0.0026093721
0.0030343533
7.510185e-05
0.0026807785
0.00013244152
0.0005084276
0.0036427975
0.0034257174
0.0050444603
0.0025185347
0.0035207272
0.0027102232
0.0031654835
0.0038268566
0.00058436394
0.00034677982
0.0049268007
0.004387021
0.0024347305
0.0020822287
0.0033518076
0.002911806
0.0023437738
0.0026813745
0.0011831522
0.00094509125
0.0050854683
0.0016944408
0.00048208237
0.00033557415
0.0046340227
0.000101685524
0.0019042492
0.0016820431
0.0036461353
0.0034856796
0.0032334328
0.0021761656
0.0018874407
0.002755165
0.0015189648

0.00016415119
0.0018349886
0.0020916462
0.0029944181
0.0035773516
0.002091527
0.003330946
0.0037964582
0.0026483536
0.002456069
1.9073486e-05
0.00051760674
0.0035431385
0.0014541149
0.0013576746
0.0027486086
0.0010627508
0.00046527386
0.0034612417
0.002187848
0.0028529167
0.0025892258
0.0035079718
0.0022102594
0.004395604
0.003019929
0.0006958246
0.0045591593
0.0037468672
0.00073838234
0.0034585
0.0005072355
0.0028071404
-6.0796738e-06
0.003201604
0.0021387339
0.004078388
0.0005940199
0.0025315285
0.00060248375
0.00027036667
0.0037727356
0.0029690266
0.0015236139
0.002800107
0.002233386
0.00019979477
0.0021693707
0.003541708
0.0006554127
0.00011920929
0.0027885437
0.00031125546
0.0025712252
0.003296852
0.0022866726
0.0010563135
0.0032074451
0.0033948421
0.0029284954
0.0042574406
0.0027154684
0.0024802685
0.0025801659
0.0018111467
0.0043985844
0.0033376217
0.0024065971
0.0035008192
0.0017108917
0.00021028519
0.0018100739
0.0035579205
-2.503395e-06
0.004039645
0.0029313564
0.0022428036
0.0021727085
0.0045496225
0.00036227703
0.003917694
3.838539e-05
0.0064516068
0.002546072
0.002952695
0.001519084
0.003395319
0.0035940409
0.0048527718
0.0014953613
0.0032941103
0.00014257431
0.0024616718
0.0029103756
0.0018070936
0.0043714046
0.0023156404
0.0038245916
0.0020159483
0.0027587414
0.004088402
0.0018751621
0.0027042627
0.0016756058
0.00015604496
0.0017750263
0.0037938356
0.003242135
0.002450347
0.0029838085
0.003609538
0.0024244785
0.00039231777
0.002431035
0.0035924911
0.0017058849
0.0020394325
0.003414631
0.0026147366
0.0023213625
0.0034204721
0.0029336214
0.0028549433
0.0023527145
0.0041559935
0.0033912659
0.002887249
0.0032610893
1.4901161e-05
0.00698483
0.0041013956
0.0038588047
0.0018624067
0.0016441345
0.0015671253
0.004598379
0.0033177137
0.0028767586
0.0013536215
0.003549695
0.0025736094
0.0024774075
0.0037099123
0.00014972687
0.0037178993
0.0032638311
0.002576232
0.0029292107
0.00041806698
0.00097191334
0.0031775236
0.0020104647
0.0031892061
0.0004233122
0.002941966
0.004376292
0.0036177635
0.0006707907
0.0034804344
0.00025570393
0.0030055046
0.001154542
0.0010764599
2.8014183e-05
0.0027589798
0.0026062727
0.0023479462
0.0030915737
0.0019316673
0.0009315014
0.0031036139
0.002820015
0.00011396408
0.00053691864
0.0037493706
0.0
0.0005810261
0.0037763119
-4.053116e-06
0.0022671223
0.0023628473
0.0032277107
0.0027577877
0.0034793615
7.18832e-05
0.003585577
0.00057280064
0.0017931461
0.0029633045
0.0040174723
0.0005861521
0.005075574
0.00486362
0.003929734
0.0017160177
0.0040079355
0.002049446
0.0034844875
0.00409019
0.001935482
0.003846407
0.0033009052
0.0016224384
0.0017411709
0.0044891834
4.172325e-06
0.0035902262
0.0002657175
0.005175352
0.004503131
0.00018751621
0.00327909
0.0021170378
0.0027445555
0.0001142025
0.0035042763
0.0025197268
0.0037829876
0.004661083
0.001613617
0.0036383867
0.0037385225
0.000621438
0.0012655258
0.0018680096
3.4451485e-05
0.0020916462
0.00511992
0.0016372204
0.002032876
0.003029704
0.002141714
0.0027426481
0.0023293495
0.0038496256
0.0040109158
0.00050616264
0.0048383474
0.0034424067
0.0021258593
0.0035057068
0.0026745796
0.0038986206
0.0025660992
0.0009946823
0.0023674965
0.0031433105
0.0009881258
0.0024063587
0.0005555153
0.0039004087
0.0032638311
0.0011732578
0.0015201569
0.002592206
0.000320673

0.003357768
0.00086414814
0.003207326
0.0034582615
0.0019061565
0.0031381845
0.004241705
0.0032248497
0.0002964735
0.0028018951
0.00041139126
0.0018849373
0.0009653568
0.0038093328
0.0035446882
0.0014899969
0.0030572414
0.0012050867
0.0017409325
0.0023789406
0.0010563135
0.002346158
0.0033527613
0.0023419857
0.0023348331
0.0033510923
0.002718091
0.002128601
0.0022279024
0.003272891
0.0031758547
0.0031790733
0.0023816824
0.0023226738
3.4332275e-05
0.0011792183
0.0025275946
0.0031899214
0.0006213188
0.0025621653
0.0016820431
0.0040100813
0.0026208162
0.002048254
0.0025258064
8.416176e-05
0.0025885105
0.0026108027
0.003324747
0.0028948784
0.00094139576
0.0006325245
0.0017410517
0.0022228956
0.004449129
0.004319072
0.0030802488
0.0028010607
0.00341475
0.0024886131
0.0014899969
0.004191041
0.0016471148
0.0036946535
0.0019637346
0.0035506487
0.0015976429
0.0020273924
0.0032349825
0.004021406
0.0031020641
0.0028648376
0.0035694838
0.0023852587
0.0018202066
0.005744934
0.0028783083
0.0017479658
0.0008112192
0.002741456
0.0002092123
0.002826333
0.0012624264
0.00074756145
0.0017801523
0.0038961172
0.00021922588
0.0033650398
0.002033949
0.00057947636
0.0018408298
0.0034564734
0.0031119585
0.00337255
0.00027108192
0.0028185844
0.0029509068
0.002815485
0.002707243
0.0015734434
0.0011299849
0.003068447
0.0038249493
0.0019876957
0.0024774075
0.0036439896
0.0018469095
0.0035768747
0.0029999018
0.002647996
0.0018731356
0.00050246716
0.0030189753
0.0007570982
0.0025906563
0.0015872717
0.00025129318
0.00037777424
0.0036524534
0.0016191006
4.9233437e-05
0.0026006699
0.0028985739
0.0015954971
0.0009725094
0.0043754578
0.0038257837
0.0004159212
0.003025055
0.002840042
0.003186345
0.00325346
0.0039047003
0.004503131
0.00368011
0.0032896996
0.001611948
0.0025229454
0.0009226799
0.0029469728
0.0020529032
0.0034189224
0.002366066
0.003026843
0.002866149
0.0006123781
0.0020618439
0.0008779764
0.0017105341
0.0036803484
0.0027457476
0.0022547245
0.00017344952
0.0006173849
0.0028527975
0.0036872625
0.001401782
0.00080418587
0.0017238855
0.0037499666
0.0029001236
0.0018510818
0.003105998
0.0014122725
0.0020297766
0.001995802
0.0021879673
0.0033358335
0.003044486
0.0014714003
0.0004962683
0.0039776564
0.0012398958
0.0018814802
0.0017867088
0.0019698143
0.002465725
0.004489064
0.0014605522
0.0021303892
0.0033698082
0.0019046068
0.001999855
0.00368917
0.0016109943
0.001906991
0.0025372505
0.0058176517
0.00061643124
0.00280869
0.001457572
0.00012588501
0.00010621548
0.0001784563
0.0033746958
0.0034083128
0.0028871298
0.00246799
0.00045502186
0.0042113066
0.0023505688
0.00169909
0.0040655136
0.0032012463
0.000992775
0.0022529364
0.0006759167
0.0034924746
0.002719164
0.0025143623
0.0016438961
0.0015141964
0.0024904013
0.0026255846
0.004614353
0.0010466576
0.0031843185
0.002822876
0.0023630857
0.004366517
0.0009976625
0.0031024218
0.0036194324
3.71933e-05
0.0028954744
0.003896594
0.0049887896
0.0005502701
0.0037033558
0.0019694567
0.0034549236
0.0029340982
0.0022392273
0.004216671
0.002006054
0.003976345
0.0034900904
0.0038496256
0.0027573109
0.0024330616
0.003117323
0.0035871267
0.0044528246
0.0036906004
0.00076675415
0.0020724535
0.0019727945
0.0022318363
0.0026831627
0.002205491
0.003403902
0.004131198
0.0036643744
0.0020284653
0.0030722618
0.0022681952

0.0015758276
0.0015414953
0.0018723011
0.0012183189
0.0024009943
0.0017242432
0.002585888
0.0018814802
0.0020278692
0.0008504391
0.0014790297
0.0016340017
0.0008815527
0.0017153025
0.0014240742
0.0015784502
0.00072717667
0.0013645887
0.00034737587
0.00081825256
0.00087082386
0.0021942854
8.010864e-05
0.00022244453
0.0017815828
0.0017459393
0.0004401207
0.0019438267
5.841255e-06
0.00035846233
0.0019700527
0.0007508993
0.0020051003
0.00062298775
0.0010373592
0.0005733967
0.0015033484
0.001585722
0.0015825033
0.00027275085
0.0013277531
0.0008814335
0.0016014576
9.047985e-05
0.0011453629
0.0023471117
0.0015040636
0.00060653687
0.0013591051
0.0017795563
0.002065897
0.001969099
0.0002810955
0.0008584261
0.0020172596
0.00010955334
0.00031661987
0.0021249056
0.0010499954
0.000644207
0.00047254562
0.001998186
0.0003579855
0.0012153387
0.0018581152
0.0013012886
0.0024666786
0.0022337437
0.00030362606
0.002167821
0.0012680292
0.00029730797
0.0020897388
0.00018024445
0.0015090704
0.00023519993
0.0011301041
0.00070631504
5.38826e-05
0.00057804585
0.0014078617
0.00026333332
0.0014692545
0.0018713474
0.000787735
0.0009599924
0.00012242794
0.0013580322
0.0010348558
0.0008790493
0.0011707544
0.0019505024
0.0011658669
0.0014086962
0.00067067146
0.0015370846
0.00023257732
0.0013574362
0.0010107756
0.0011429787
0.0010857582
0.0027672052
0.0014265776
0.0014961958
0.0019112825
0.0017397404
0.0019515753
0.0014119148
0.0017777681
0.0016278028
0.0008350611
0.0017988682
0.00036978722
0.0025225878
0.00014019012
0.0018888712
0.00076651573
0.0017515421
0.0016930103
0.0007110834
0.0014895201
0.0016200542
0.0016043186
0.0019907951
0.002244234
0.0014183521
0.00056004524
0.0016795397
0.0010721684
0.0014029741
0.00086677074
0.0016252995
0.002615571
0.00044834614
0.00010275841
0.0015286207
0.00053954124
0.0006169081
0.00060248375
0.0014088154
0.0011268854
0.00175035
0.0021276474
6.3180923e-06
0.001222372
0.00023841858
0.0022114515
0.0005403757
0.00164783
0.0016288757
0.0016125441
0.0019562244
0.0018110275
0.001865983
0.0011147261
0.0019073486
0.0018899441
0.001722455
0.00074219704
0.0016137362
0.000567317
0.0018064976
0.0014213324
0.0014663935
0.00031232834
0.0008453131
0.00040578842
0.0010802746
0.0015944242
0.0017535686
0.0005733967
0.00012886524
0.0023950338
0.0010267496
0.0015364885
0.0018758774
0.0005315542
0.0004518032
0.002527833
0.0007213354
0.0015696287
0.0006893873
0.0010609627
0.0014736652
0.002187252
0.0014514923
0.0014281273
0.0019630194
0.0008317232
0.00057661533
0.000906229
0.00042283535
0.0020684004
0.0017713308
0.00037276745
0.001775384
0.0014932156
0.00053071976
0.00090658665
0.0010355711
0.0012615919
0.0010118484
0.0018826723
0.0010643005
0.0005325079
0.0015441179
0.00039875507
0.0015455484
0.0021733046
0.0014686584
0.0005517006
0.0015389919
0.0002465248
0.0010352135
0.0023384094
0.0019288063
0.0019509792
0.0010741949
0.0014641285
0.00075984
0.0009816885
0.0010823011
0.0015232563
0.001783371
0.0018713474
0.0021113157
0.0010602474
0.0007414818
0.001552105
0.00026786327
0.0012995005
0.0020501614
0.00085651875
0.0014859438
0.0018339157
0.0007631779
0.0018779039
0.0015169382
0.0012629032
0.0019772053
0.0005776882
0.0005428791
0.0016189814
0.00024485588
0.0012606382
0.0003489256
0.0009226799
0.0017610788
0.00293231
0.0007277727
0.0011758804
0.0011333227
0.0005967617
0.0006080866
0.0008984804
0.0013328791
0.0018573999
0.0013908148
0.000207901
0.0020297766
0.0017515421
0.0015462637
0.0013359785
0.0013078451
0.0013667345
0.0020961761
0.00139606
-1.2278557e-05
0.0015960932
0.0013848543
0.0020518303
0.00015795231
0.0001513958
0.00054073334
0.0010236502
0.00080418587
0.001430273
0.0023064613
0.0018261671
0.0014184713
0.0013189316
0.00080657005
0.00016021729
8.559227e-05
0.0020304918
0.0012544394
0.0005168915
0.0011560917
0.0011556149
0.001406312
0.00072968006
0.0016441345
0.0011347532
0.0012784004
0.002780676
0.0010348558
0.00044703484
0.00069594383
0.0022269487
0.0018829107
0.0010515451
0.00017678738
0.0020558834
0.0009975433
0.0016201735
6.246567e-05
0.0020928383
0.0012270212
0.0022236109
0.001919508
0.0013623238
0.001013875
0.00087451935
0.00042319298
0.0004943609
0.002217412
0.0026835203
0.0020725727
0.0019885302
0.0014607906
0.001573205
0.0019044876
0.0016006231
0.00068056583
1.5854836e-05
0.0010565519
0.0018280745
0.0017075539
0.0016700029
2.8014183e-05
0.0015366077
0.0006092787
3.385544e-05
0.0020873547
0.0009498596
0.00022935867
0.0007377863
0.0012943745
0.0016919374
0.00071048737
0.00015676022
0.0007586479
0.00017559528
0.0011249781
0.0007816553
0.0005120039
0.002008438
0.0017257929
0.0013998747
0.0018131733
0.00093925
0.00024402142
0.00043535233
0.0013633966
0.0014774799
0.0008662939
0.0004618168
0.00055348873
0.00070893764
0.0021476746
0.0014315844
0.0011795759
0.0010178089
0.0022886992
0.00056803226
0.0022999048
0.00049090385
0.0016835928
0.00048017502
0.00090301037
0.0018628836
0.0015234947
0.00047802925
0.0023293495
0.00020492077
0.0012376308
0.001079917
0.00022757053
0.0024871826
0.0009678602
0.0016106367
0.00053977966
0.00035834312
0.0016477108
0.00063991547
0.0019137859
0.0014349222
0.0015214682
9.8347664e-05
0.0009595156
0.0013552904
0.000274539
0.0010126829
0.0022295713
0.0007683039
0.0019351244
0.0013438463
0.00044620037
0.00023281574
0.001674056
0.0020369291
0.0020080805
0.0016058683
0.0012917519
0.00043118
0.0024763346
0.0018365383
0.0016695261
5.9843063e-05
0.00086677074
0.0015363693
0.000841856
0.0018389225
0.0024662018
0.0014237165
0.001873374
0.0011050701
0.0009980202
0.00048160553
0.0010956526
0.0019145012
0.0018718243
0.001161933
0.00034558773
0.0016666651
0.001734972
0.0016776323
0.0016622543
0.000900507
0.0022041798
0.00020062923
0.0014915466
0.001095295
0.0021138191
0.0019090176
0.00035238266
0.001875639
0.0015023947
0.0005135536
0.0013203621
0.001239419
0.0021277666
0.00063347816
0.0023373365
0.0017783642
0.0011831522
0.0021572113
0.0009970665
0.0015170574
0.0006804466
0.00096297264
0.002217412
0.00016331673
0.0018459558
0.0007055998
0.0019812584
0.0017834902
0.001382947
0.001794219
0.00012898445
0.0023207664
0.001832962
0.0019155741
0.0002863407
0.0017100573
0.0024040937
0.0013577938
0.0009548664
0.0012634993
0.00014197826
0.0015317202
0.0004646778
0.0009838343
0.002739668
0.0009112358
0.0016368628
0.0022435188
0.00057542324
0.0013486147
0.0006355047
0.0023515224
0.001021862
0.00063598156
0.0014036894
0.001752615
0.0015028715
0.0024704933
0.00081825256
0.00017011166
0.0021163225
0.00060737133
0.002018571
0.0026806593
0.002250433
6.830692e-05
0.0023138523
0.0015449524
0.0034062862
0.00032746792
0.00218153
9.1433525e-05
0.00026142597
0.00219059
0.0023790598
0.001954317
0.00074481964
0.0017024279
4.208088e-05
0.0013362169
0.000995636
0.0016058683
0.00010609627

0.0010933876
0.0017935038
0.0011358261
0.0011129379
0.00048244
0.001480341
0.0005683899
0.001956582
0.0021703243
0.0015583038
0.0011820793
0.0011508465
0.0005377531
0.0015277863
0.00097095966
0.001267314
0.00069642067
0.0014173985
0.00093245506
0.0006902218
0.0017447472
0.0009899139
7.867813e-06
0.001449585
0.0017050505
0.0012408495
0.00072157383
0.00017309189
0.00036883354
0.00031757355
0.0017726421
0.0016080141
0.0011190176
0.0016629696
0.0003811121
0.0012174845
0.0012168884
0.0020799637
0.00086951256
0.00083065033
0.0020672083
0.0011357069
0.0018098354
0.0006542206
0.0022625923
0.0007081032
0.00069880486
0.0011345148
0.0007413626
0.0016134977
0.0012974739
0.0020608902
0.00057542324
0.0023794174
0.00038707256
0.0004912615
0.0018413067
0.0011895895
0.001803875
0.0018808842
0.00082433224
1.8835068e-05
0.0018960238
0.0015945435
0.0014771223
0.0020495653
0.0012457371
0.0004069805
0.0010545254
0.001560092
3.8266182e-05
0.00014567375
0.0015875101
0.0011242628
0.0012289286
0.0013118982
0.002067566
0.001614809
0.0018806458
0.0018217564
0.00023281574
0.00082457066
0.0020250082
0.0018920898
0.0020114183
0.00037169456
0.00039935112
0.002311945
0.0013664961
0.0013190508
0.0016832352
0.00082576275
0.0020867586
0.0011403561
0.0022637844
0.001809597
0.0017054081
0.00082039833
0.00072419643
0.0011488199
0.0022611618
0.0008711815
0.0003746748
0.0019119978
0.0009727478
0.002071619
0.0014730692
0.00076031685
0.001306057
0.00121212
0.0014675856
0.0008699894
0.0009480715
0.0019888878
0.0018556118
0.002075076
0.002016902
0.0010644197
0.0022790432
0.002646327
0.0016286373
0.00013589859
0.00071036816
0.001175642
0.00094616413
0.001937747
0.0033589602
0.0017089844
0.0007406473
0.0016932487
0.0017827749
0.0016839504
0.001693368
0.0006662607
0.0018486977
0.00086557865
0.00012052059
0.0010367632
0.0006047487
0.0012825727
0.00034070015
0.0015888214
0.0015200377
0.0011571646
0.0009812117
0.0011229515
0.0016115904
0.0022207499
0.0021505356
0.0010576248
0.00056791306
0.0012446642
0.001126647
0.0017175674
0.00015163422
0.0008637905
0.0010476112
0.0004631281
0.0011683702
0.001008153
0.001435399
0.0010948181
0.0004633665
0.0018595457
0.001513958
0.0014197826
0.0023944378
0.0017873049
0.0016651154
0.00072336197
0.0015727282
0.0011996031
0.0014721155
0.001917839
0.0017094612
0.0015206337
0.0014685392
0.0014808178
0.0012367964
0.0008158684
0.0020985603
0.002274394
0.00097072124
0.0005337
0.00059866905
0.0010815859
0.001324296
0.0021842718
0.0013422966
0.0004813671
0.00072717667
0.0022702217
0.0012968779
0.00157547
0.0005031824
0.0015300512
0.0021386147
0.00095796585
0.00029206276
0.00011134148
0.0019267797
0.0010741949
0.0016102791
0.0012285709
0.0004041195
0.0022038221
0.0013793707
0.0017744303
0.00022900105
0.0017204285
0.00058722496
0.0011103153
0.0011839867
0.0015376806
1.2636185e-05
0.0011497736
0.0019507408
0.0011999607
0.0014071465
0.0005545616
0.0014135838
0.0008722544
0.0013030767
0.0018171072
0.0007920265
0.0013735294
0.00062072277
0.0012704134
0.00038814545
0.00116539
0.00078487396
0.001217246
0.0009799004
0.0010991096
0.0007853508
0.0013743639
0.0013716221
0.00126338
0.0014103651
0.0020656586
0.0017575026
0.0011503696
0.00065279007
0.0014336109
0.0017377138
0.0004644394
0.0017373562
0.002628684
0.00078749657
0.0010621548
0.0014294386
0.00072312355
0.0008864403
0.001989007
0.0015468597
0.0019222498
0.0008665323
0.00036883354
0.0013935566
0.0018706322
0.0009807348
0.0008928776
0.0014944077
0.0011985302
0.00056529045
0.00043797493
0.0019619465
0.001161933
0.0022523403
0.00062024593
0.0008536577
0.00030446053
0.0016967058
0.0012696981
0.002055049
0.00096285343
0.0011518002
0.0011178255
0.0008889437
0.00013709068
0.0010527372
0.00054728985
0.00216043
0.00010585785
0.0010567904
0.0018543005
0.0014334917
0.0012732744
0.0012156963
0.00012552738
0.0011876822
7.56979e-05
0.00016987324
0.0017383099
0.0018988848
0.00073838234
0.0011054277
0.0015847683
0.0021960735
0.0012203455
0.0014164448
0.0024827719
0.00048947334
0.0013953447
0.0011755228
0.0009907484
0.0006233454
5.9485435e-05
0.0012418032
0.0016738176
0.0009511709
0.0010024309
0.00080120564
0.00069475174
0.0014594793
0.0015660524
0.0004336834
0.0011299849
0.0012277365
0.0013263226
0.0011950731
0.0010097027
0.0016950369
0.0013968945
0.00044894218
0.0013772249
0.0019869804
0.0009536743
0.0020070076
0.0008343458
0.001334548
0.00093853474
0.0012761354
0.0013017654
0.0017969608
9.1433525e-05
0.0020692348
0.0011578798
0.0012871027
0.0014238358
0.0012077093
0.0014123917
0.0007635355
0.0015949011
0.00064599514
0.0020666122
0.0016969442
0.0013576746
0.0006313324
0.0013678074
0.00026786327
0.0007703304
0.001324296
0.0004105568
8.6307526e-05
0.0008318424
0.0009176731
0.0008369684
0.0016311407
0.0003888607
0.0010021925
0.00178051
0.0016887188
1.9311905e-05
0.0011436939
0.0019931793
0.0008354187
0.00029540062
0.0019061565
0.0012644529
5.6266785e-05
0.0013856888
0.0006520748
0.0023339987
0.0023995638
0.0018088818
0.0018047094
0.0020478964
0.0021135807
0.0011554956
0.002210617
0.0005418062
0.0011504889
0.0013391972
0.0010875463
0.0007041693
0.0017602444
0.0003722906
0.00049734116
0.002278924
0.0021051168
-1.1920929e-07
0.0018771887
0.0013380051
0.0009772778
0.0015842915
0.000269413
0.00076413155
0.0018405914
0.0014806986
0.00040113926
0.0006672144
0.002211213
0.0015987158
0.0012552738
0.00027620792
0.0005354881
0.0020774603
0.0010852814
0.00068712234
0.0014368296
0.0015808344
0.0014843941
0.00051760674
0.0019658804
0.001888752
0.0019686222
0.0014084578
0.0024124384
0.001529932
0.000385046
0.0020471811
0.0004556179
0.0009890795
0.0014301538
0.00010955334
0.0016887188
0.0009840727
0.0008932352
0.0009983778
0.001614809
0.0018792152
0.0018662214
0.00082337856
0.002116561
0.0013711452
0.00041413307
0.0012404919
0.00039172173
0.0018820763
0.0013949871
0.0016006231
0.0013961792
0.00034034252
0.00021350384
0.00013458729
0.0014280081
0.0014364719
0.0013450384
0.0012108088
0.00062453747
0.0009191036
0.0010384321
0.0021613836
0.0015989542
0.001860857
0.0010998249
0.0011976957
0.0019416809
0.00058817863
0.0012186766
0.0008869171
0.0014804602
0.0011912584
0.00085139275
0.0014086962
0.002094984
0.0010368824
0.00021660328
0.0014657974
0.0014100075
0.0013297796
0.0011287928
0.002194047
0.00045263767
0.0017127991
0.0015510321
0.0015366077
0.0014282465
0.002732873
0.00162673
0.0016461611
0.0016773939
0.0031508207
0.0016100407
0.001896739
0.001013279
0.0019904375
0.0018537045
0.0012779236
0.0011329651
9.024143e-05
0.0011819601
0.0014191866
0.0014772415
0.002067566
0.001853466
0.0016607046
0.001445651
0.0020484924
0.0007214546
0.0009120703
0.0010225773
0.0014826059
0.0007096529
0.0019564629
0.00040578842
0.0020097494
0.0013175011
0.0019934177
0.0012998581
0.0009524822

0.0004067421
0.001572609
0.00055217743
0.00062048435
0.00037491322
0.000202775
0.0011198521
0.00016438961
0.0005596876
0.00092852116
0.0003874302
0.0011409521
0.00093495846
0.00073957443
0.0014903545
0.0010355711
0.0013870001
0.00032782555
0.001136303
0.000119924545
0.0013084412
0.0025349855
0.00052297115
0.0008866787
0.00066137314
0.0010544062
0.000833869
0.0017940998
0.0017979145
0.0006451607
0.0006660223
0.005449891
0.0012873411
5.2928925e-05
0.00042665005
0.0022546053
0.0005186796
0.00070118904
0.0007071495
0.0007662773
0.0009430647
0.00076270103
0.0018690825
0.00072324276
0.0031715631
0.00031864643
0.0006108284
0.001803875
0.0011953115
0.0010653734
0.000325799
0.0006492138
0.0020865202
8.881092e-05
0.00051665306
0.00032794476
0.00042128563
0.0010159016
0.0012594461
0.0001219511
0.0011936426
0.0019518137
0.0030190945
0.0021312237
0.0012097359
0.0006043911
0.0025422573
0.0031939745
0.0010128021
0.0061682463
0.00054323673
0.0026148558
0.00020885468
0.00040090084
0.0004427433
0.0006130934
0.0006225109
0.0013908148
0.0011790991
0.0006017685
0.00082337856
0.0020748377
0.0008262396
0.0006325245
0.00016725063
0.0019564629
0.0016977787
0.0015081167
0.0008351803
0.0032895803
0.0015728474
0.0018496513
0.00060367584
0.0017192364
0.0019227266
0.00031530857
0.006616354
0.0006502867
0.0004529953
0.0005406141
0.0022636652
0.00032627583
0.0014119148
0.0002552271
0.0028526783
0.00020718575
0.0009821653
0.0006802082
0.00049746037
0.00029408932
6.508827e-05
0.0023454428
0.00040912628
0.00094532967
0.00047135353
0.0001680851
0.00019979477
0.0027743578
0.00077962875
0.002015233
0.0019564629
0.00016319752
0.0020563602
0.0002619028
0.0012567043
0.00042569637
0.00023984909
0.0017726421
0.001732707
0.00043678284
0.0014797449
0.000669837
0.0012764931
0.0024255514
0.0029549599
0.0014466047
0.0012763739
0.002034545
0.0015722513
0.00014579296
0.0028092861
0.0024051666
0.000161767
0.00063943863
0.0005711317
0.001791358
0.00067174435
0.0010392666
0.00010037422
0.0003068447
0.00053322315
0.0021072626
0.0013285875
0.0005848408
0.0008420944
0.0014667511
0.0015814304
8.606911e-05
0.003486514
0.0033876896
0.0002439022
0.0019769669
0.0021264553
0.0012634993
0.00027751923
0.00039458275
6.175041e-05
0.0022170544
0.0017387867
0.0017533302
0.0016607046
0.0016973019
0.0017992258
0.0012476444
0.0015389919
0.0014126301
0.0012586117
0.0011504889
0.0012657642
0.0034068823
0.00021374226
0.0010099411
0.0003604889
0.00015449524
0.0012075901
0.00019466877
0.00046503544
0.00025510788
0.0013303757
0.0008174181
0.0006952286
0.00041639805
0.0011790991
0.0017279387
0.0011365414
0.00080657005
0.0010949373
0.00042319298
0.0007494688
0.0005315542
0.001229763
0.0031410456
0.0010432005
0.0015859604
0.00076007843
0.0006715059
0.0009806156
0.00093460083
0.00043809414
0.00081670284
0.00085139275
0.00045859814
0.000116705894
0.0010877848
0.0004862547
0.0024825335
0.0040872097
0.001930356
0.00039672852
0.00087714195
0.0017704964
0.001713872
0.00015997887
0.0018231869
0.0013434887
0.00032663345
0.00078201294
0.00049233437
0.00049972534
0.0023667812
0.0010327101
0.0026352406
0.0041959286
0.006218314
0.002736926
0.0024212599
0.000669837
4.851818e-05
9.75132e-05
0.0017910004
0.0012824535
0.0014401674
0.0015705824
0.00023829937
0.0013128519
0.004137635
0.0019438267
0.0008497238
0.0031877756
0.0001707077
0.0013729334
0.0030183792
0.0015765429
0.0028300285
0.00034570694
0.0010744333
0.0007084608
0.0005674362
0.0019956827
0.0020145178
0.00023162365
0.0014822483
0.0026150942
0.002302885
0.0002654791
0.0019811392
0.001461029
0.00088846684
0.00052678585
0.0015870333
0.00020098686
0.00082075596
0.0039590597
0.0050213337
0.0012296438
0.0028862953
0.0015283823
0.001891613
0.0004274845
0.00025248528
0.00069892406
0.0010663271
0.0011415482
0.00014162064
0.0013350248
0.0018876791
0.00054717064
0.0010808706
0.0008832216
0.0004632473
0.002811432
0.00027251244
0.0010359287
0.0011372566
0.00040376186
0.0004724264
0.0012243986
0.00076436996
0.0018074512
0.0020495653
0.0009883642
0.00018167496
0.00062024593
0.00055623055
0.00048530102
1.5974045e-05
0.00090777874
0.0007430315
0.00041544437
0.00056803226
0.0009585619
0.0010412931
0.0011078119
0.0009993315
0.0023630857
0.0019254684
0.00029742718
0.0036907196
0.0023076534
0.0005123615
0.0009074211
0.0023200512
0.002166748
0.004545212
0.0007696152
0.004391551
0.0009473562
0.000729084
0.0005403757
0.004965663
0.0027184486
0.00095129013
0.0006970167
0.00031089783
0.0019412041
0.001493454
0.00013661385
0.0025650263
0.0010666847
0.00045466423
0.00013756752
0.0014784336
0.00016212463
0.00092983246
0.0005402565
0.0002861023
0.0029389858
0.0009485483
0.0011152029
8.8214874e-05
0.00225842
0.0009827614
0.0007791519
0.001578927
0.0013632774
0.0002039671
0.004386544
1.7404556e-05
0.0007189512
0.00028383732
0.002094388
0.0019299984
0.002853036
0.0007054806
0.00047290325
0.0029387474
0.0006688833
0.0023139715
0.0008531809
0.00034475327
0.00079989433
0.0014468431
0.00042307377
0.0006119013
0.0004197359
0.0008852482
0.00014019012
0.0042437315
0.00017940998
0.0003298521
0.0011143684
0.0014979839
0.00012111664
0.001369834
0.0027668476
0.0005104542
0.0007710457
0.0013209581
0.0014787912
0.0004646778
0.0013793707
0.00032401085
0.0005861521
0.001791358
0.001265049
0.0068491697
0.0010584593
0.0013229847
8.678436e-05
0.0023891926
0.0015909672
0.0006816387
0.0010970831
0.0007954836
0.00088346004
0.0023007393
0.0007226467
0.0017617941
0.00029575825
0.0014768839
0.000905633
0.004079938
0.0003517866
0.0010378361
0.0009433031
0.0019727945
0.0030686855
0.0012048483
0.0001142025
7.4863434e-05
0.000325799
0.0005373955
0.0030983686
0.0004813671
0.001308322
0.000952363
0.00025463104
0.00059103966
0.001339078
0.00028288364
0.0033385754
0.00028133392
0.0011718273
5.4836273e-05
0.00091195107
0.00044465065
0.00047516823
0.0025383234
0.0013504028
0.0015339851
0.0011525154
0.0008291006
0.0020580292
0.00025236607
0.0012207031
0.0008214712
0.0026876926
0.0016078949
9.9778175e-05
0.00097584724
0.0005668402
0.00029361248
0.00046133995
0.002820611
0.001367569
0.00038552284
0.0026847124
0.0010356903
0.00044453144
0.00043165684
7.6174736e-05
0.00017631054
0.00011587143
0.0018148422
0.0008786917
0.00304389
0.0014358759
0.00111413
0.0010863543
0.005008459
0.00063598156
0.0019313097
0.00015461445
0.0022993088
0.0004993677
0.0010809898
0.00026357174
0.0002746582
0.0025219917
0.004432082
0.0010998249
0.0005155802
0.00023913383
0.0070779324
0.0013235807
0.00036680698
0.0029226542
0.00011110306
0.0017536879
0.00050985813
0.0023468733
0.00067305565
0.00011253357
0.00012993813
0.0015966892
0.00083088875
0.001232028
0.0023571253
0.0004131794
0.0020003319
0.0005213022
7.1406364e-05
0.00033009052
0.00025856495
0.00022935867
0.00082838535
0.0020080805
0.00033414364
0.0009754896
0.00050616264
0.00076305866
0.0004259348

0.00036728382
0.0005226135
0.0010769367
0.0001128912
0.0018666983
0.0012272596
0.000893116
0.00043189526
0.0019751787
0.000338912
0.0002719164
0.0008442402
0.0007494688
0.00052928925
0.0002515316
0.0027048588
0.0011047125
4.4107437e-05
0.0028926134
0.00082969666
0.0040221214
0.001711607
2.1338463e-05
0.0014362335
0.0006970167
0.00062191486
0.0010308027
0.0015934706
0.0016125441
0.002602458
0.00089251995
0.0018641949
0.0002977848
0.0023944378
0.00021517277
0.0020594597
0.0022529364
0.0010700226
0.0003529787
0.00043082237
0.0031369925
1.2993813e-05
0.0010757446
0.0024825335
0.0016685724
0.00015246868
0.00095307827
0.0021502972
7.56979e-05
0.00013005733
8.34465e-07
0.0029577017
0.0004081726
0.0010848045
0.0018311739
0.0011377335
0.0019847155
0.00031745434
0.00180161
0.00063335896
0.0020062923
0.00043559074
0.0021871328
0.00047564507
0.00024735928
0.00031614304
0.000959754
0.00064349174
0.0001899004
0.002614975
0.0006697178
0.0031300783
0.0005002022
0.0026800632
0.00026237965
0.0002809763
0.00018942356
0.00038540363
0.0017498732
0.00065517426
0.0020383596
0.0012233257
0.00034081936
0.0006278753
0.0023497343
0.00010561943
0.0014001131
2.0503998e-05
0.0012360811
0.000109791756
0.0033187866
0.000111460686
0.002811551
0.0028954744
0.00076651573
5.1140785e-05
0.0015633106
0.0022614002
0.0011979342
0.0010778904
0.0017825365
0.0017281771
0.00069344044
0.00019860268
0.00036168098
3.0994415e-06
0.00050890446
0.0016701221
0.00055003166
0.0022706985
0.00018775463
0.0014852285
3.9696693e-05
0.0027861595
0.00434196
0.00018286705
0.0011700392
0.001359582
0.0010310411
5.1617622e-05
0.005093217
0.00011909008
0.00026655197
0.00032305717
0.0007747412
0.00032901764
0.00059604645
0.0011912584
0.00015497208
0.0022499561
0.0005033016
0.0015022755
0.0022146702
0.00033402443
0.0040756464
0.00022304058
0.0012865067
0.0014485121
0.0003670454
0.0017943382
0.002222538
0.0012564659
1.4781952e-05
0.00086033344
0.0013049841
0.00031483173
0.00081551075
0.0029308796
0.0007479191
0.0007299185
0.0012611151
0.0022832155
0.0023124218
0.0027457476
0.0016015768
0.00075244904
0.001180172
0.00027644634
0.0020171404
0.00074124336
0.0006599426
0.0008363724
1.7881393e-06
0.00432992
0.00039744377
0.0022274256
0.0026556253
1.3589859e-05
-4.7683716e-07
0.0018945932
0.0011736155
0.0025955439
0.00025868416
0.003259778
0.0006289482
0.0006893873
0.00022172928
0.0015492439
0.000207901
0.0020059347
0.0016666651
0.00042784214
0.0028158426
6.6399574e-05
0.00065231323
0.00083494186
0.0017358065
0.0002399683
0.003145218
0.0005836487
0.0009703636
0.00046634674
0.00040853024
0.0015187263
0.001481533
0.00014901161
0.0028942823
0.0011389256
0.00096309185
0.0020422935
0.0031474829
0.0012079477
0.00013160706
0.00019729137
0.0073736906
0.0013765097
0.0006002188
0.00035452843
0.0007753372
0.0021605492
0.0026712418
0.00088739395
0.0015393496
0.0006041527
0.0019870996
0.0016149282
0.00083971024
0.0043153763
0.0020672083
0.0014811754
6.556511e-06
0.0016248226
0.00084519386
0.003025055
0.0007529259
0.001768589
0.003237605
0.0013900995
0.0008934736
0.00057697296
0.0023348331
0.0014262199
0.0012712479
0.0007978678
0.00030326843
1.4543533e-05
0.0008060932
0.0026755333
0.0015451908
0.00033175945
0.001790762
0.003492117
0.00092995167
0.0007741451
0.00075149536
0.0014514923
1.692772e-05
0.0011334419
0.0011433363
0.002040863
0.0013395548
0.001737237
0.0022358894
0.0023009777
0.0004696846
0.0005786419
0.00013065338
0.000977397
0.0020531416
0.00059986115
0.0010613203
0.0012803078
4.4465065e-05
0.0012224913
0.000351429
0.0014731884
0.0004349947
0.0012462139
0.00024080276
0.001678586
0.0012001991
5.6028366e-06
0.0002297163
0.00039684772
0.00071823597
0.00053703785
0.00030648708
0.0015347004
0.0049518347
0.0019841194
0.0008405447
0.0010924339
0.0026346445
0.00058686733
0.0015131235
0.0031536818
0.0005877018
0.0014790297
0.002905488
0.0007599592
0.0048952103
1.7166138e-05
0.0035011768
0.0010809898
0.0043206215
0.000992775
0.0022131205
4.518032e-05
3.4570694e-06
0.0003350973
0.0036046505
0.002091527
0.00088119507
0.0015515089
0.0017049313
0.00019526482
0.0013495684
0.0013941526
0.0007663965
2.0503998e-05
0.0011503696
0.0006234646
0.0006747246
0.001096487
0.001060605
0.0003670454
0.00029444695
0.0021440983
0.00052011013
0.002551198
0.0020524263
0.0022286177
0.002285242
0.0023399591
0.0019221306
0.0023468733
0.0005828142
6.6399574e-05
0.0011147261
0.0024129152
0.0013993979
0.0013591051
0.0006095171
0.0011456013
0.0003825426
3.4570694e-06
0.0010989904
0.00043201447
0.0034492016
0.00050246716
0.0018384457
0.0021214485
0.0008497238
0.0016283989
0.00067949295
0.0029773712
0.00042688847
0.00039172173
0.0014909506
-7.1525574e-07
0.0011594296
0.0006264448
0.001183033
0.0005071163
0.00063169
0.0019546747
0.00286448
0.0007765293
0.0014179945
6.210804e-05
0.0010414124
0.00045216084
0.0013542175
8.34465e-06
0.0019773245
0.00075912476
0.0024369955
5.6028366e-06
0.0011659861
0.00046491623
0.0012398958
0.0005096197
0.0007305145
0.0036457777
0.0010160208
8.046627e-05
0.00026893616
0.00020337105
0.0008161068
1.8000603e-05
0.000305295
0.0032699108
0.0030157566
0.0025190115
0.0030550957
0.00034224987
7.1525574e-06
0.0024968386
0.0030386448
0.0018199682
1.1444092e-05
5.877018e-05
0.003099203
0.00012028217
0.00042259693
0.0008790493
0.0010453463
0.0010864735
0.004406452
0.0012001991
6.7949295e-06
0.0009621382
0.0020979643
0.0012090206
0.00029182434
0.0022933483
0.0020793676
0.0018911362
0.002474308
0.0018485785
0.0024315119
0.0023077726
0.0022569895
0.0014475584
0.0014634132
0.0019987822
0.0027410984
0.00080525875
0.0013219118
0.0029387474
0.00011527538
0.0015066862
0.0018789768
0.0017024279
0.00030314922
0.00065493584
0.00072681904
0.0027911663
0.00056254864
0.00052559376
0.00032162666
0.0033266544
0.0011571646
4.887581e-05
0.0017405748
0.00060486794
0.0003745556
0.0005611181
0.0007407665
0.0010536909
0.0009672642
0.00019145012
0.003066063
1.7285347e-05
0.0012602806
0.0017362833
0.0007919073
0.0010434389
0.0016483068
0.00018835068
0.0018382072
0.0028254986
0.0002515316
0.0023756027
0.000106453896
0.0020865202
0.0027341843
0.0026903152
8.34465e-06
0.0019960403
0.000651598
0.0003899336
1.04904175e-05
0.0014486313
0.0005836487
0.00088357925
0.0010844469
0.0015510321
4.887581e-05
3.6239624e-05
0.0031745434
0.0014972687
0.0009790659
0.0016686916
0.0031811
0.00069892406
0.0017257929
0.0012037754
0.00023305416
0.0025428534
0.0024716854
0.0015412569
0.0033589602
0.0011947155
0.002007842
0.00059986115
0.001385212
0.00063097477
0.0012011528
0.0015877485
0.0019606352
0.0031385422
0.00127244
0.0018644333
0.00343287
0.0017672777
2.5868416e-05
0.0046042204
0.0017499924
0.00070750713
0.00096547604
0.0005172491
1.66893e-06
0.0010277033
8.094311e-05
0.0014193058
0.0024303198
0.0014270544
0.0004976988
0.00018370152
0.0022859573
0.0013217926

0.0012174845
0.0008568764
0.0018396378
0.004245162
0.0017536879
0.001478672
0.0016220808
0.0013058186
0.001316905
0.0007623434
0.0018417835
0.002310276
0.0011417866
0.0007529259
0.0011204481
0.001514554
0.0022294521
0.0009133816
0.00049209595
0.0006657839
0.0015007257
0.0012555122
0.00063586235
0.0007829666
0.0012450218
0.0017360449
0.0010092258
0.0011521578
0.0008981228
0.0004439354
0.00026130676
0.0008895397
0.0022586584
0.0010294914
0.00025999546
0.00018370152
0.0022445917
0.0029330254
0.00080406666
0.0012425184
0.0015592575
0.0011230707
0.0003144741
0.0015544891
0.0017570257
0.0012229681
0.0016884804
0.0010290146
0.0020428896
0.00086414814
0.00057947636
0.0012979507
0.0012265444
0.002975583
0.0013443232
0.0013123751
0.0009870529
0.002466917
0.000395298
0.0020507574
4.529953e-06
0.00253582
0.001529336
0.0002617836
4.7683716e-07
0.0008523464
0.0012863874
0.0016080141
0.0011026859
0.0025008917
0.0018749237
0.0012713671
0.0010336637
0.0004351139
0.0024322271
0.0021605492
0.0026938915
0.00089275837
0.0014516115
0.0024660826
0.0018179417
0.0018748045
0.0011701584
0.0020126104
0.00095129013
0.0013486147
0.0013439655
0.0030180216
0.00073599815
0.0008083582
0.0016636848
0.0014139414
0.0010226965
0.00039172173
0.0014361143
0.00035881996
0.0012067556
0.0002592802
0.0005983114
0.00023782253
4.1127205e-05
0.00083363056
0.0013244152
0.0015646219
0.0017285347
0.0014662743
0.0021195412
0.0008560419
0.001281023
0.00077056885
0.0014595985
0.00024831295
0.0017000437
0.0018744469
0.0013025999
0.001629591
0.0007240772
0.0006842613
0.0004605055
0.0007786751
0.00064074993
0.00059354305
0.0019458532
0.0010906458
0.00065267086
0.0008085966
7.534027e-05
0.0016635656
0.00040102005
0.00020456314
0.00064504147
0.0025144815
0.0015256405
0.0025668144
0.0021713972
0.0008289814
0.0034689903
0.00071799755
0.0017614365
0.0003182888
0.0018962622
0.0006175041
0.0018113852
0.0021812916
0.0008006096
0.00113976
0.0009723902
0.0031392574
0.0006104708
0.0016723871
0.0029503107
0.00060617924
0.0015209913
6.318092e-05
9.429455e-05
0.0014036894
0.000992775
0.001504302
0.002862215
0.00014579296
0.002184987
0.00062036514
0.0007071495
0.00044941902
0.00023639202
0.0015815496
0.0005502701
0.0023517609
0.0013279915
0.0014330149
0.0011197329
2.193451e-05
0.0019750595
0.0006020069
0.0008558035
0.0009778738
0.0002821684
0.0017935038
0.0019277334
0.0002529621
0.0011485815
0.0006417036
0.00019288063
0.0014221668
0.0019640923
0.0035409927
0.001251936
0.00042152405
0.003047347
0.0016145706
0.0024678707
0.0006648302
0.0020048618
0.0020227432
0.0014686584
0.001547575
0.002151847
0.00072550774
0.0017200708
0.0013819933
0.0016468763
0.00093865395
0.0012003183
0.0012862682
0.00023543835
0.0005245209
1.7166138e-05
0.0014460087
0.00020945072
0.0007959604
0.0008299351
0.0027468204
0.002878666
0.00067448616
0.0003927946
0.0007804632
0.0010122061
0.0017564297
0.0006483793
0.002319336
0.0009098053
0.0014595985
0.0009921789
0.0028253794
0.0008608103
0.001082778
0.0012406111
0.0014531612
0.0027333498
0.002394557
0.00082457066
0.0011563301
0.00075006485
0.0010043383
0.002480507
0.0019916296
0.0022451878
0.0017172098
0.0013462305
0.0018037558
0.003733039
0.0019834042
0.0012987852
0.0021510124
0.00023722649
0.0030583143
0.0008611679
0.0012272596
0.0014767647
0.00054359436
0.0026712418
0.0025691986
0.0014369488
0.00038337708
0.0009139776
0.00027298927
0.001134634
0.001054883
0.0012702942
0.00071561337
0.0022164583
0.000315547
0.0016297102
0.0015423298
0.001478076
0.003029704
0.0028852224
0.002912283
0.0016947985
0.0007611513
0.0015687943
1.4305115e-06
0.00079631805
0.0015244484
0.0004657507
0.000828743
0.0014885664
0.0012857914
0.0023889542
0.0018079281
0.00044977665
0.0006327629
0.0007070303
0.00062429905
0.0010162592
0.0011279583
0.0015776157
0.00090169907
0.0008049011
0.0012900829
0.003477931
0.0013597012
0.0020792484
0.0010304451
0.002003193
8.702278e-06
0.0020917654
0.00027799606
0.0023747683
0.0011072159
0.0018675327
0.0006740093
0.0010324717
0.0013192892
0.0018644333
0.00055778027
0.0009239912
0.00045502186
0.0024647713
0.00047314167
0.0006644726
0.001630187
0.00080406666
0.0017434359
0.0021988153
0.0013856888
0.0010484457
0.0020356178
0.0014886856
0.0010211468
0.00036251545
0.0014734268
0.00048720837
0.0006002188
0.0004413128
0.001188755
0.0015990734
0.00094878674
0.002222538
0.00044834614
0.0010490417
0.0013415813
0.0016958714
0.002983451
0.002126217
0.0025140047
0.00080025196
0.0009384155
0.0006046295
0.002272725
0.0017522573
0.00039100647
7.426739e-05
0.0012066364
0.0007338524
0.0018312931
0.0015040636
0.0017471313
0.0016766787
0.00035452843
0.0012298822
0.00092613697
0.0017873049
0.00044608116
0.0019276142
0.0011798143
0.0020959377
0.0013728142
0.0009777546
0.00074470043
0.00044691563
0.00020503998
0.00064861774
0.00046133995
6.520748e-05
0.000441432
0.0031119585
0.0004338026
0.0020651817
5.221367e-05
0.0023066998
0.0016263723
0.001242876
0.00039935112
0.0013574362
0.000101685524
0.0014179945
0.0008196831
0.0005699396
0.0016863346
0.0011006594
0.0012017488
0.0029785633
0.0006996393
0.0006453991
0.0010895729
0.00063562393
0.00032877922
0.00076818466
0.0027316809
4.005432e-05
0.00030350685
0.0008735657
0.00063478947
0.0006945133
0.00084233284
0.0020598173
0.001982212
0.0030802488
0.0027908087
0.0018607378
7.534027e-05
0.0009770393
0.0025924444
0.0017617941
0.0018081665
4.7445297e-05
0.0011759996
0.0022336245
0.0016518831
0.0010458231
0.0015226603
0.00021374226
0.0007337332
0.0005940199
0.0014818907
0.0006161928
0.0017085075
0.0026955605
0.0023382902
0.0017843246
0.0007766485
0.0022441149
0.0009418726
0.0021131039
0.0004682541
0.0003026724
0.0020035505
0.0010483265
0.0018533468
0.00073206425
0.001224041
0.0023288727
0.0006418228
0.0019190311
0.0011821985
0.003813386
0.003083825
0.0014615059
0.001529932
4.887581e-06
0.0012691021
0.0012898445
0.000161767
0.00015366077
0.00072431564
0.002678156
0.0022515059
0.0007430315
0.0011987686
0.0017514229
0.0012927055
0.0020837784
0.00027692318
0.00039088726
0.0012187958
0.00025773048
0.0026329756
0.0023897886
0.00039970875
0.0017603636
9.858608e-05
0.0020582676
0.00045609474
0.0020424128
0.0013337135
0.0011438131
0.0003682375
0.001034975
0.00088119507
0.0014407635
0.0009114742
0.0009841919
0.00093495846
0.0006504059
0.0014332533
0.0020350218
0.00207901
0.0016468763
0.00027883053
0.002812624
0.0007801056
0.0020002127
0.00029313564
0.0008766651
0.0020768642
0.0013326406
0.0021839142
0.0022040606
0.0013315678
0.00077855587
0.0015661716
0.002039671
0.0015354156
0.0014771223
8.416176e-05
0.0027412176
0.001629591
0.0027445555
0.0030603409
0.0005315542
0.0026985407
0.0012959242
0.0009019375
0.00026881695
0.000980258
0.00175035
0.0007096529
0.00024271011
0.00094747543
0.001860857
0.0012111664

0.0009050369
0.0018109083
0.0004993677
0.0004965067
0.0016130209
0.0010943413
0.0015861988
0.0016416311
0.0010057688
0.0028083324
0.0011662245
0.0016982555
0.0011597872
0.0011970997
0.0014190674
0.0013437271
0.0007815361
0.0006226301
0.0006992817
0.00045526028
0.00067555904
0.0012532473
0.00032103062
0.00089132786
0.0010244846
0.0025252104
7.712841e-05
0.0011812449
0.000672698
0.0017303228
0.0016328096
0.0014215708
0.00089240074
0.0001487732
0.0008941889
0.0018091202
0.0017004013
0.0016913414
0.002101779
0.0011813641
0.0009557009
0.0016803741
0.0013742447
0.0009139776
0.0025715828
0.0030918121
0.0012483597
0.0009393692
0.0008690357
0.002354622
0.0008906126
0.00028800964
0.0012484789
0.0004981756
0.0022069216
0.00044357777
0.00065886974
0.002145648
0.0016477108
0.0017389059
0.0010851622
0.00059986115
0.0017576218
0.0014923811
0.0018562078
0.0020228624
0.0010465384
0.0007894039
0.0009895563
0.0005453825
0.0022033453
0.0021398067
0.0014345646
0.00058698654
0.0010902882
0.0036734343
0.0011297464
0.0009713173
0.0016530752
0.002014637
0.0010961294
0.001483202
0.00087094307
0.0023394823
0.0036451817
0.0010390282
0.004984975
0.0006582737
0.0010732412
0.0005786419
0.0007452965
0.00074493885
0.0016649961
0.00032496452
0.0014868975
0.0017437935
0.0014588833
0.0013446808
0.0012168884
0.0014035702
0.0013959408
0.0019922256
0.0012791157
0.0008511543
0.0013062954
0.0010060072
0.00070488453
0.0015171766
0.00209558
0.0008126497
0.0016922951
0.0021027327
0.001060605
0.0006824732
0.0009254217
0.00350523
0.0012235641
0.0015412569
0.00035715103
0.001660347
0.0014026165
0.0031882524
0.000528574
0.002796173
0.0019859076
0.0008722544
0.0018861294
0.0007458925
0.00087571144
0.00086951256
0.0011782646
0.0023756027
0.002325654
0.0028027296
0.0011845827
0.0016680956
0.0011616945
0.001278162
0.002326727
0.0007311106
0.0013048649
0.000531435
0.0015946627
0.0018062592
0.0010275841
0.0005569458
0.0019581318
0.0011330843
0.0014243126
0.00091946125
0.00057148933
0.000854373
7.724762e-05
0.0008741617
0.0009858608
0.0009770393
0.0014390945
0.0037935972
0.0005736351
0.0022659302
0.0013444424
0.002237916
0.0027382374
1.66893e-06
0.0010333061
0.0020251274
0.00022268295
0.0014731884
0.0014870167
0.000618577
0.0011878014
0.0011223555
0.00095808506
0.0019346476
0.0012501478
0.0014061928
0.0011248589
0.0007740259
0.0002514124
0.0006889105
0.0015251637
0.0004698038
0.0011224747
0.0008548498
0.0015779734
0.00041866302
0.0020164251
0.002061963
0.0009870529
0.000477314
0.0014305115
0.0009460449
0.0012587309
0.0020422935
0.00077593327
0.0015941858
0.0022809505
0.0004042387
0.000751853
0.00044560432
0.002606511
0.0021061897
0.00077819824
0.0009795427
0.0024843216
0.002438426
0.0033367872
0.004633665
0.0011194944
0.0010994673
0.0005453825
0.002231598
0.0010687113
0.00049316883
0.0038594007
0.002679944
0.00031411648
0.0009151697
0.003894329
0.0011771917
0.001684308
0.00044071674
0.0019757748
0.0006725788
0.0015659332
0.0009351969
0.0010621548
0.0012718439
0.00069880486
0.0013533831
0.0013411045
0.0022107363
0.001047492
0.001488924
0.0018543005
0.0007132292
0.0007209778
0.0011959076
0.0011730194
0.00039339066
0.0016665459
0.0005069971
0.0010123253
0.0014714003
0.0015360117
0.0014332533
0.0013413429
0.003437519
0.0011539459
0.002849698
0.00094258785
0.0008466244
0.0014081001
0.0013414621
0.0024280548
0.0013959408
0.0009589195
0.0019477606
0.0013585091
0.0012528896
0.0009379387
0.0014590025
0.0013401508
0.0019458532
0.00041353703
0.0011570454
0.0020030737
0.00064122677
0.0008111
0.0013394356
0.0023581982
0.0013190508
0.0014410019
0.0013008118
0.002663374
0.00032937527
0.0013319254
0.0009019375
0.00035357475
0.0006080866
0.00046002865
0.000119805336
0.00054752827
0.000666976
0.0006583929
0.0007811785
0.0013142824
0.0005699396
0.0019705296
0.0005812645
0.00046145916
0.00026738644
0.00045895576
0.0012993813
0.000330925
0.0007997751
0.0012674332
0.0018428564
0.0016784668
0.00036871433
0.0007030964
0.0014134645
0.00077426434
0.0011140108
0.0019773245
0.0014407635
0.0006633997
0.0013017654
0.0004503727
0.0014997721
0.00011956692
0.0016490221
0.0010157824
0.0023508072
0.0027096272
0.0019496679
0.0014857054
0.0020651817
0.00050902367
0.0015501976
0.0024776459
0.0007972717
0.0013436079
0.0025936365
0.00021672249
0.0014256239
0.00081157684
0.0016790628
0.0011789799
0.00046372414
0.00024008751
0.0015996695
0.0028899908
0.0014671087
0.0012513399
0.000790596
0.0006480217
7.18832e-05
0.0013985634
0.00240314
0.0011609793
0.0015798807
0.000749588
0.000900507
0.0013121367
0.0021060705
0.0014818907
0.0012290478
0.0012972355
0.00024747849
0.0010274649
0.000782609
0.0017693043
0.0012558699
0.00084364414
0.0013059378
0.002610445
0.0026683807
0.0007407665
0.0019019842
0.0010555983
0.0022807121
0.0027273893
0.00040841103
0.0018513203
0.0007200241
0.00028777122
0.00052404404
0.0018994808
0.0017992258
0.0011070967
0.0012885332
0.0009382963
0.0016143322
0.0016011
0.0006477833
1.0728836e-06
0.001480341
0.00049829483
0.0016180277
0.0012646914
0.00072205067
0.0019381046
0.0008081198
0.001730442
0.0015186071
0.001927495
0.0015300512
0.0007581711
0.0005302429
0.000928998
1.0609627e-05
0.0010601282
0.0024421215
0.00085020065
0.0011241436
0.0011638403
0.0023053885
0.00039684772
0.0022907257
0.0025537014
0.0015902519
0.003338933
0.00077807903
0.0012629032
0.0015249252
0.00016283989
0.0017106533
2.336502e-05
0.0006672144
0.0007739067
0.0009120703
0.0007522106
0.002014637
0.0003591776
0.00082206726
0.0024718046
0.0010604858
0.00053858757
0.0019220114
0.00070798397
0.0016548634
0.0006427765
0.000908494
0.0007157326
0.00043463707
0.0009012222
0.0011849403
0.0009125471
0.0011652708
0.0016584396
0.00063991547
0.0002156496
0.0012704134
0.0022537708
0.0018559694
0.0010296106
0.0009602308
0.0034981966
0.0013289452
0.002040267
0.0011385679
0.0016064644
0.0028207302
0.0016020536
0.0008035898
0.0013048649
0.0004965067
0.0026398897
0.0014570951
0.0019216537
0.0014382601
0.0012766123
0.00087714195
0.003435254
0.0008832216
0.001126051
0.0014355183
0.0012241602
0.0003017187
0.0010398626
0.0017832518
0.00035333633
0.0010727644
0.0006364584
0.001756072
0.00096976757
0.001083374
0.0007778406
0.0004056692
0.0008583069
0.0010336637
0.0019361973
0.0010869503
0.002454877
0.0010025501
0.0009018183
0.0015228987
0.0012764931
0.0015237331
0.0009713173
0.0011101961
0.0018167496
0.00048422813
0.00066161156
0.000400424
0.0011675358
0.0011193752
0.0021232367
0.0013600588
0.0012005568
0.0036444664
0.0022460222
0.0020430088
0.0012545586
0.00023579597
0.0016196966
0.0015957355
0.00051033497
0.0008417368
0.0005065203
0.0010054111
0.0020115376
0.00033855438
0.0025104284
0.0010502338
0.001115799
0.00094151497
2.3841858e-07
0.0015766621
0.0014723539
0.0006905794

0.049660325
0.039558053
0.066514134
0.07164538
0.05624771
0.06380558
0.047069073
0.038641095
0.043609142
0.042453647

