0.007496476
0.0039651394
0.0030452013
0.0028082132
0.012125015
0.0019249916
0.0031803846
0.003219843
0.0062839985
0.0037572384
0.0050058365
0.0039879084
0.0036326647
0.0041885376
0.0038180351
0.0017187595
0.0037231445
0.0042960644
0.008011222
0.0056123734
0.0017307997
0.0038272142
0.0024117231
0.0039795637
0.005322933
0.0060977936
0.008054137
0.0071212053
0.005075693
0.0025618076
0.0044625998
0.00597775
0.0069885254
0.005825162
0.0026524067
0.006346822
0.0031422377
0.018718123
0.0019695759
0.009605885
0.006440401
0.005037904
0.003899932
0.008979201
0.008587241
0.0070858
0.003894329
0.0013631582
0.003534913
0.007469654
0.0051238537
-4.029274e-05
0.0023429394
0.0054849386
0.00607574
0.0027506351
0.004630327
0.003937483
0.0034581423
0.00725019
0.0030789375
0.0054017305
0.0013282299
0.005454719

0.00453043
0.0041371584
0.00053966045
0.00026893616
0.0021452904
0.00823164
0.0078064203
0.007446766
0.019447327
0.011460185
0.0058454275
0.0023419857
0.007461071
0.0016258955
0.0077227354
0.0072631836
0.010524869
0.0057866573
0.0036040545
0.0017569065
0.003984928
0.0052500963
0.005830407
0.005239606
0.0029463768
0.012126923
0.009950042
0.0017929077
0.0039343834
0.017457008
0.0026669502
0.00054228306
0.0021584034
-1.1920929e-07
0.006487012
0.0072374344
0.008491874
0.0072968006
0.0028976202
0.0039224625
0.00011062622
0.0038055182
0.0037106276
0.0036907196
0.0067532063
0.0073212385
0.009250164
0.009190917
0.0047602654
0.0065345764
0.005666256
0.002656579
0.012330174
0.006757617
0.0009442568
0.001666069
0.0048419237
0.0014728308
0.0060168505
0.0019928217
0.0074920654
0.004522085
0.00014650822
0.014765382

0.0028407574
0.0011417866
0.0006275177
0.0010027885
0.0018777847
0.006774783
0.003719449
1.1920929e-06
0.004316449
0.0023950338
0.0031969547
0.00085914135
0.0008766651
0.0
5.00679e-06
0.00924623
0.0027366877
0.005248189
0.0031573772
0.0036088228
0.0006657839
0.0034217834
0.0032880306
0.0021840334
0.0064935684
0.001095295
0.0037221909
0.005527973
3.5762787e-07
0.0042853355
0.000649333
0.0006494522
0.002619505
0.0044806004
0.0
0.0056843758
0.003285408
0.00020325184
0.0057451725
0.0025492907
0.0019977093
0.000595212
0.004579425
8.583069e-06
-1.1920929e-07
0.0048679113
0.003378749
0.0006070137
0.004359603
0.0045206547
0.0018553734
-3.5762787e-07
0.0035784245
0.0030704737
0.0015130043
0.0022892952
0.0053828955
0.002016306
0.0028327703
0.0018744469
0.007560849
0.0035778284
0.0023790598
1.66893e-06
0.005811572
0.001072526
0.0003631115
0.0014909506
8.34465e-07
0.0039590597
0.002997756
0.0020582676
0.00027227402
0.004966736
0.0026667118
0.003657341
0.0026279688
0.0033528805
0.0038986206
0.0020010471
0.001937151
0.004856825
0.0012159348
0.0050780773
0.0028387308
0.0016598701
0.0013412237
0.002660036
0.00093090534
3.5762787e-07
0.006447673
0.003524065
0.0034856796
0.009054065
0.0031129122
0.0021032095
0.0007840395
0.0018789768
0.0051215887
7.8201294e-05
0.004707694
0.0020912886
0.0045936108
0.0034245253
0.003759861
0.0037008524
0.0023702383
0.0053989887
1.2636185e-05
0.0026726723
0.0008163452
0.0021387339
0.0032143593
0.002878189
0.0036551952
0.0015161037
0.0017387867
0.0012011528
0.005366564
1.1920929e-07
0.0043592453
0.0038688183
0.0064331293
0.0033829212
0.0014270544
0.0025455952
0.003841877
0.0047525167

0.003907442
0.0020669699
0.0011559725
0.0028123856
0.00010609627
0.003846407
0.002409339
0.00022935867
0.0010402203
0.0027472973
0.0011825562
0.0060784817
0.0026528835
0.002215147
0.0011675358
0.0015861988
0.002599597
0.0023919344
0.0020381212
0.00025999546
0.0032157898
0.007368326
0.0075535774
0.0051243305
0.0023925304
0.0006352663
0.0023120642
0.0020252466
0.0013980865
0.006043315
0.0038334131
0.0012999773
0.003930807
0.00292027
0.0014884472
0.009225607
0.000993967
0.001270175
0.0021779537
0.003722787
0.0061240196
0.0023920536
0.0009022951
0.0038799047
0.0040775537
0.004939437
0.004755378
0.001635313
0.0019472837
0.00070488453
0.00199759
0.004236579
0.0010914803
0.0052495003
0.0028387308
0.0023659468
0.004627943
0.0030936003
0.0020793676
0.002132535
0.0021950006
0.0029979944
0.0016539097
0.004236102
0.0023487806
0.0016429424
0.0004105568
0.0025299788
0.0040107965
3.9577484e-05
0.003008604
0.0029883385
0.0044289827
0.0021893978
0.001168251
9.179115e-05
0.0029747486
0.00057673454
0.002825737
0.0014271736
0.003866911
0.004616499
0.0012891293
0.000621438
0.0027877092
0.0025476217
0.0044344664
0.0043355227
0.005002618
0.0018877983
0.00095796585
0.0058469772
0.0020982027
0.0027575493
0.0014238358
0.004099369
0.0023568869
0.004371643
0.001799345
1.8239021e-05
0.008004308
0.0012910366
0.0028163195
0.00594151
0.002574563
0.005145669
0.00599277
0.004747629
0.0035442114
0.0015010834
0.0017350912
0.002931118
0.00095641613
0.0024992228
0.0023502111
0.0029392242
0.0034829378
0.0021293163
0.0014876127
0.0017191172
0.0012158155
0.0005084276
0.0019373894
9.059906e-05
0.0011960268
0.0012259483
0.006669998
0.009081721

0.0014036894
0.002293229
0.001671195
0.0013232231
0.0015019178
0.0016853809
0.00035572052
0.0013574362
0.0020748377
0.0018647909
0.0026105642
0.0024962425
0.0011607409
0.001123786
0.0015981197
0.0007202625
0.0009737015
0.0013136864
-5.9604645e-07
0.0018789768
0.00081062317
0.0012763739
0.0016009808
0.0005888939
1.1920929e-06
0.0021594763
0.0013847351
0.00049972534
0.0017564297
0.0016413927
0.0014201403
0.00045335293
0.001052022
0.0017341375
-3.5762787e-07
0.001604557
0.0020099878
0.00020754337
0.00038945675
0.0020003319
2.3841858e-05
0.0010294914
0.0026506186
0.0012388229
0.0006272793
0.002961278
3.683567e-05
0.0012924671
1.859665e-05
0.0017266273
0.00036025047
0.0036267042
1.1920929e-07
0.002329111
0.0018926859
0.000436306
0.0018646717
0.0025171041
6.258488e-05
0.0014561415
0.0005122423
0.0018897057
0.0014044046
0.0020382404
0.0017127991
0.0015282631
0.0014041662
1.1920929e-07
0.0005016327
0.0023623705
0.0017403364
0.0018472672
0.0010796785
0.0015619993
0.00036096573
0.0022250414
0.002090335
0.0015445948
3.504753e-05
0.0021332502
0.000702858
0.0029691458
0.0022883415
0.0023682117
0.00096428394
0.0004415512
0.0015211105
0.002494812
0.0022156239
2.3841858e-05
0.0013623238
3.6120415e-05
0.0016156435
0.00046515465
0.0017112494
0.0013189316
1.835823e-05
0.00015568733
0.00044584274
0.00028932095
0.0008838177
0.00045275688
0.0016158819
0.0025119781
0.001513958
0.00022137165
0.00010919571
0.00043439865
0.002290845
0.0014806986
0.0029069185
0.0009447336
0.0009659529
0.0020580292
0.0013158321
0.0023522377
0.001398325
0.00046992302
0.0015182495
0.0008571148
0.0012643337
0.0024648905
0.0027970076
0.0013878345
0.0012022257
0.0014147758
0.0021151304
0.0011776686
0.0035340786
0.0013650656
3.7550926e-05
0.0030608177
0.0022329092
0.000108242035
0.0016762018
0.0009652376
0.00023281574
0.00040221214
2.861023e-06
0.0006418228
0.0018841028
0.0013508797
6.198883e-06
0.0013067722
0.0010559559
0.0022382736
0.0014668703
0.001922369
0.002791047
0.0006453991
0.0010311604
0.0013893843
0.0018963814
0.0014457703
0.0016080141
0.0015355349
0.0016031265
0.0037953854
0.0016294718
0.0024226904
1.4305115e-05
0.0014313459
0.0019271374
0.0012207031
0.0013759136
0.00089752674
0.0004799366
0.0014641285
0.0019090176
0.0035772324
0.0028896332
0.00047898293
0.00072431564
0.0013158321
2.3841858e-07
0.002700448
0.0022201538
0.0014343262
0.0024713278
0.0022082329
0.00017857552
0.00046932697
0.0020122528
0.0011746883
0.002188921
0.0014635324
0.0015033484
0.0012443066
0.0026595592
0.00018012524
0.002126813
7.1525574e-06
0.0014213324
0.0016392469
0.0016670227
5.00679e-06
0.00060272217
0.0
0.0030956268
0.0012075901
0.0034012794
1.21593475e-05
0.0023319721
0.0011867285
0.0001757145
0.00066161156
0.0008727312
0.0018473864
0.0011246204
0.0007482767
0.0012769699
0.0019006729
0.0021270514
0.0025104284
0.0008096695
3.5762787e-07
0.0021153688
0.0023508072
0.0023590326
0.0019856691
0.0012726784
0.0002821684
0.003292799
0.0030069351
4.4107437e-06
0.001670599
0.0014052391
0.00093364716
0.0012671947
0.00053846836
0.0023920536
0.0017238855
0.0009531975
0.002751112
0.00022375584
0.00025236607
0.0022822618
0.001704812
0.00052440166
0.0002580881
0.0013426542
0.001278758
0.0010342598
0.0017149448
0.00061655045
0.0030282736
0.0027800798
0.0011564493
0.0004415512
0.001614809
0.00031769276
0.00035345554
0.001987934
0.0023571253
0.0011663437
0.0029319525

0.0005887747
0.001860857
0.0005965233
0.00026512146
0.0015140772
0.0014059544
0.0016442537
0.0004054308
2.503395e-06
0.0011063814
0.0021215677
0.0012375116
0.0016505718
0.0020754337
0.0019040108
0.0014572144
0.0021095276
0.002461791
0.00014305115
0.0017654896
0.0003759861
0.00094389915
0.001653552
0.0015593767
0.0015729666
0.0018465519
0.0016020536
0.0016578436
0.0011104345
5.865097e-05
0.0014184713
0.0016875267
5.531311e-05
0.001760602
0.0017017126
0.0018393993
0.000864625
0.0007851124
0.0027023554
0.0010094643
0.0021973848
0.002077341
0.00087976456
0.0001655817
0.0001039505
0.00074768066
0.0012447834
0.0009059906
0.001795888
0.0015015602
0.0023274422
0.0010921955
0.0028434992
2.2649765e-06
0.00026011467
0.0012389421
0.0023043156
0.0016987324
0.0012130737
0.0009596348
0.0023602247
0.0013484955
0.0016115904
0.0011204481
0.00021469593
0.00085651875
0.0016479492
0.0035932064
0.00083231926
0.0021395683
0.00086534023
0.0011440516
0.0011806488
0.001106143
0.0015411377
0.00024330616
4.7683716e-07
0.00051033497
0.00019538403
0.0029722452
0.0004696846
0.000999093
0.0012077093
0.0014423132
0.0017104149
0.0024580956
0.0022591352
8.34465e-07
8.9764595e-05
0.002072215
0.0014486313
0.0015077591
0.00026774406
0.0010802746
0.0013742447
0.0009166002
0.0019228458
0.0010408163
0.00262177
0.0030519962
0.0021060705
0.0009723902
2.8848648e-05
0.00022113323
0.0006970167
0.00048434734
0.0021630526
0.0012670755
0.0018678904
0.0022593737
-5.841255e-06
0.0015530586
0.0024124384
1.9311905e-05
0.0020912886
0.00204432
0.0013200045
0.00030076504
0.0016999245
0.0033665895
0.0020139217
0.00086808205
0.0008838177
0.0012023449
0.0024520159
0.0026173592
0.0016899109
0.0024778843
0.0015873909
0.0014464855
0.0005649328
0.0020235777
0.00043272972
0.0018814802
0.001868248
0.0012843609
0.00073957443
0.0020827055
0.00090527534
2.6106834e-05
0.0023143291
0.0022354126
0.00022566319
0.0020939112
2.3841858e-07
0.0015039444
0.0011479855
0.0018571615
0.0027487278
0.0020725727
0.0020682812
0.0016406775
0.0022166967
0.0009099245
0.0013939142
0.002048254
0.00041365623
0.0025137663
0.0013239384
0.0010734797
0.002246499
1.1920929e-06
0.00082218647
0.003119111
0.0017044544
-8.34465e-07
0.0012470484
0.0012972355
0.001644969
0.0027509928
0.0014193058
0.0013686419
0.0017906427
0.0016123056
0.0012661219
0.00030577183
0.0010970831
0.0018204451
0.0029262304
0.0014431477
0.0009996891
0.0008661747
0.00041604042
0.0019795895
0.00038707256
0.000962615
0.0012546778
0.0028470755
0.0027854443
0.0011578798
0.0028811693
0.00032663345
0.00086951256
0.0015687943
0.0019569397
0.0015492439
0.0023607016
0.0006480217
0.00090789795
0.0007250309
0.0021846294
0.0032633543
0.0013290644
0.002050519
0.00085544586
0.00057709217
0.00048351288
0.00053203106
0.0015356541
0.0002734661
0.0015256405
0.00063824654
0.0028315783
0.0026000738
0.0012801886
0.0022886992
0.0011036396
0.00077688694
0.0022569895
0.0014777184
0.0021893978
0.003114581
5.9604645e-07
4.3272972e-05
0.0015678406
0.002027154
0.0013896227
0.0
0.0019727945
0.0018754005
0.0004774332
0.0015227795
0.0018750429
0.00015342236
0.001896143
0.0010787249
0.002401352
0.0012646914
0.00077712536
0.0007636547
0.0022181273
5.877018e-05
0.00413692
0.0011748075
0.0008649826
0.0022403002
0.0008536577
0.00037181377
0.001887083
0.0010771751
0.00286448
0.00088977814
0.0011124611
0.0013475418
0.0022103786
2.9802322e-06

0.000636816
0.0005791187
0.00065374374
0.0004849434
0.0006496906
0.0013964176
0.0017511845
0.0011661053
0.0015200377
0.00030589104
0.0019862652
0.002529502
0.0017607212
0.00037765503
0.0018106699
0.0021921396
0.0022056103
0.0014417171
0.0012515783
0.0021636486
0.0016344786
7.9512596e-05
0.0011800528
0.00040221214
0.0018364191
0.0010313988
0.0020604134
0.001273632
0.000259161
0.0024348497
0.0029250383
0.00025355816
0.0010386705
0.0023218393
0.002000928
0.0011181831
0.0022500753
0.0007965565
0.0020917654
0.0015056133
0.0016691685
0.0016624928
0.0002822876
0.0029889345
0.002170682
6.03199e-05
0.0021059513
0.00046765804
0.0020350218
0.0017758608
0.0015450716
0.0015718937
0.0022304058
0.003126502
0.0022640228
0.002267003
0.0006978512
0.0020846128
0.0018270016
0.0011222363
0.0009827614
0.0020600557
0.0009819269
0.00081408024
0.00090670586
0.00078213215
0.0014441013
0.0012600422
0.0011373758
0.0020225048
0.0010334253
0.0018129349
0.0020768642
2.527237e-05
0.0012001991
0.00013816357
0.0010129213
0.0012725592
0.0012837648
0.0010499954
0.0016393661
0.00037026405
0.0021394491
0.0006200075
0.0014855862
0.0028480291
0.0008883476
0.0004131794
0.0008945465
0.0020537376
0.0019658804
0.00030314922
0.00045132637
0.00012052059
0.00089359283
0.0011464357
0.0009448528
0.00010383129
0.00244236
0.002583027
0.0009434223
0.0015960932
0.0022784472
0.003019452
0.0013853312
0.002865553
0.0010802746
0.0007505417
0.0010807514
0.00244987
0.0012060404
5.6028366e-06
0.0005862713
0.001980424
0.002260685
0.0017840862
0.0006674528
0.0017366409
0.0021147728
0.00038278103
0.0019563437
0.002078414
7.367134e-05
0.0015317202
0.0005429983
0.0022991896
0.0006786585
0.00079476833
0.002741456
0.00031638145
0.0031878948
0.0008894205
0.0033103228
0.00029706955
0.0004924536
0.0017848015
0.0029506683
0.001154542
0.00010955334
0.00023710728
0.0018957853
0.0016958714
0.0013238192
0.0030725002
0.0005620718
0.0008382797
0.0009444952
0.00038588047
0.00091695786
0.000987649
8.72612e-05
0.0016162395
0.0023992062
0.0020413399
0.0018250942
0.0026260614
0.0028589964
0.002220869
0.0018211603
0.002054453
0.0016810894
0.0016429424
0.0013827085
0.001299262
0.0006971359
0.0015215874
0.0014240742
0.00035333633
0.0016738176
0.0017706156
0.0011045933
0.0016362667
0.000620842
0.0011700392
0.000797987
0.002826333
0.001339674
0.0008921623
0.002616167
0.00067174435
0.0017008781
0.0013662577
0.0018250942
0.00093865395
0.0009573698
0.0027016401
0.0016967058
0.0018520355
0.0026477575
0.00076818466
0.002100587
0.0014693737
0.0020714998
0.0012860298
0.0013208389
0.0005774498
0.00175035
0.0008137226
0.0002142191
0.0015799999
0.002576828
0.0015132427
0.0008006096
0.0010194778
0.0019060373
0.0017266273
0.00021076202
0.0017904043
0.0015944242
0.00041258335
0.0017682314
0.0016384125
0.0007778406
0.002526164
0.0017935038
0.0007480383
0.0017411709
0.0009384155
0.0013498068
0.0026494265
0.0013047457
0.0020947456
0.0025345087
0.001860261
0.0007046461
0.00093734264
0.00067174435
0.0016970634
0.00038838387
0.0018203259
0.0010836124
0.00068736076
0.0008596182
0.001026392
0.00022363663
0.0019040108
0.0017722845
0.0011878014
0.0011787415
0.002067566
0.00044500828
0.0009171963
0.0015981197
0.0012904406
0.00044560432
0.0012061596
0.0003374815
0.00048804283
0.00095653534
0.00017488003
0.0015017986
0.0015757084
0.0006467104
0.0010334253
0.0021195412
0.004556775

0.00020158291
0.0012046099
0.00010943413
0.0015380383
0.000600338
4.9948692e-05
0.0002245903
0.00094914436
0.0011678934
0.00021457672
3.33786e-05
0.00043010712
6.4730644e-05
0.00028324127
0.00080883503
0.00068855286
0.0007021427
0.0005668402
0.00076401234
0.0018407106
0.0013149977
0.00061917305
0.00093364716
0.0008454323
0.0012470484
0.000351429
0.0011305809
0.0011558533
0.0012151003
0.0007596016
0.0006635189
0.00031638145
0.00047671795
0.0007735491
0.00023674965
0.00039088726
0.0006504059
0.0011814833
0.0005415678
0.0006915331
0.0012538433
0.0005477667
0.00096976757
0.0005007982
3.695488e-06
0.0002412796
0.00011253357
0.0007250309
0.00044476986
0.000895381
0.0012564659
0.0004451275
0.0008890629
0.0010255575
0.0005339384
0.0006159544
0.00047934055
0.0011403561
0.00080657005
0.00021326542
0.00025629997
0.0008391142
0.00062692165
0.0007020235
0.0011941195
0.0002014637
4.0888786e-05
0.00012099743
0.0008531809
0.00085783005
0.0010486841
0.0007324219
0.00031673908
0.00022661686
1.3828278e-05
0.000790596
0.00063860416
0.00062298775
0.00061059
5.7578087e-05
0.0014767647
2.9802322e-06
0.0012089014
0.0010285378
0.00036156178
0.0005764961
0.00017499924
0.00036358833
0.00059747696
0.0008350611
0.00033128262
0.0014414787
0.00020301342
0.0007544756
1.5258789e-05
0.00040018559
0.00035226345
0.00069499016
0.001096487
0.0012243986
0.0015426874
0.00032532215
0.0009918213
0.00031340122
0.00034356117
0.0010695457
0.0004891157
0.0012322664
0.0009045601
0.0010222197
0.0010674
0.0008009672
0.0003041029
0.00014102459
0.00089228153
0.0008313656
0.0001937151
4.7683716e-07
0.0007318258
0.0006918907
0.00042510033
0.00063943863
0.0001360178
0.00024700165
0.0011661053
0.00025594234
0.0006775856
0.0005875826
0.00019824505
0.0005944967
0.0008087158
0.0010098219
0.00077044964
0.0012729168
0.0010039806
0.00021159649
0.000875473
0.0006079674
0.0013766289
0.0007251501
0.00057709217
0.0010858774
0.0009930134
0.00059986115
0.0005842447
0.0003414154
0.00037121773
0.00045466423
0.0009032488
0.0006096363
0.00046277046
0.0009382963
0.000115156174
0.00052559376
0.00014579296
0.0006406307
0.0013241768
0.00028383732
0.00031518936
0.00084733963
0.000111579895
0.0010215044
0.00071167946
0.0010330677
0.00057411194
0.00038182735
0.0008510351
0.0004541874
0.00038528442
0.000161767
0.0011430979
0.0003273487
0.00095653534
0.0008789301
0.0008571148
0.001024723
0.0004943609
0.0005583763
0.00080275536
0.0005557537
0.0005891323
0.0002901554
0.00036013126
0.000472188
0.00011730194
0.0011206865
0.00022435188
0.00035727024
3.9339066e-05
0.0008339882
0.00017094612
0.001136303
0.0010238886
0.0004349947
0.0005352497
0.0009775162
0.00078463554
0.0018076897
0.00097334385
0.0011634827
1.7881393e-06
0.0004492998
0.00079119205
0.0005990267
0.0006104708
0.00021016598
0.0008254051
0.0009703636
0.0015487671
0.0005226135
0.00096440315
0.001369834
0.0008364916
3.2544136e-05
0.0009993315
0.0002156496
0.00087070465
0.00058603287
0.00063061714
0.00031483173
0.000497818
0.00075662136
0.0014680624
0.00048291683
3.3020973e-05
0.0007709265
0.0006273985
0.00057697296
0.0008878708
0.0011789799
0.0007144213
7.236004e-05
8.1539154e-05
0.0004775524
0.0005862713
0.00037825108
0.0012624264
0.0013188124
0.00024271011
2.002716e-05
0.0016206503
0.0012139082
0.0007071495
0.0011970997
0.0005236864
0.0010898113
0.000692606
0.00068569183
0.00062453747
0.00035834312
0.0008609295
0.0005323887
0.0012805462
0.0005850792
0.0010498762
0.0010843277
0.001200676
0.0004657507
0.000992775
0.00042545795
2.3126602e-05
1.66893e-06
0.0011280775
0.00015950203
0.00064587593
0.0008699894
0.00029826164
0.0006117821
0.00092720985
0.00011610985
0.0006109476
9.596348e-05
0.00090432167
0.0005007982
0.0008722544
0.0005515814
0.0009431839
0.00058317184
0.0005940199
0.0012822151
0.00015819073
0.00022161007
0.0009469986
6.914139e-05
0.0005055666
0.0012066364
0.00020241737
0.00044107437
0.0013175011
0.0011193752
0.00050890446
0.00043535233
0.0006569624
0.00032770634
0.0009768009
0.00023710728
0.0002939701
0.00013124943
0.0012651682
0.0005791187
0.00010895729
3.886223e-05
0.00048244
0.00064229965
2.861023e-06
0.00013518333
0.00070786476
0.0007470846
0.0007317066
0.0009175539
0.0011928082
0.00010728836
0.0011425018
0.00075387955
0.0006108284
0.0007277727
0.0010186434
0.0008585453
0.000718832
0.0005031824
0.0009768009
4.6253204e-05
0.00024008751
0.001434207
0.001057148
0.0006929636
0.0009639263
0.00083613396
0.0010015965
0.0010038614
0.0008158684
0.00092864037
0.0012359619
0.0009522438
0.0006620884
0.00015556812
0.00064241886
0.0006363392
0.0007901192
0.00049102306
0.00041747093
0.00047934055
0.00042903423
0.00079345703
0.00067949295
0.00041222572
2.1100044e-05
4.9471855e-05
0.000100016594
0.0001604557
0.0006774664
0.0011667013
0.0007044077
0.000967741
0.0012292862
0.0010621548
0.0005954504
0.00073099136
0.00076794624
0.000118494034
0.00081300735
0.0008779764
0.00014948845
0.00056266785
0.0002938509
0.0014237165
0.00035631657
0.0004942417
0.00065732
0.00076520443
0.0008556843
0.0010149479
0.00037634373
0.00087988377
0.0017182827
0.0005543232
0.00063562393
0.00026202202
0.0006021261
0.00054192543
0.00037109852
0.000659585
0.00052440166
0.0005236864
0.0006481409
0.0008274317
2.2053719e-05
0.00085425377
0.0005451441
1.4662743e-05
0.0012458563
0.00058305264
0.0008994341
0.00022900105
0.0008251667
0.00040888786
0.00016152859
0.00031769276
0.0006196499
0.0004838705
0.0007932186
8.273125e-05
0.00035071373
0.001224637
0.00049066544
0.001127243
0.0010867119
0.0008276701
0.0012196302
0.0006785393
0.0010384321
0.00072181225
0.0004531145
0.00040900707
0.0008107424
-3.695488e-06
0.0002976656
0.00095283985
0.00024008751
0.00067925453
0.0011235476
0.00015807152
7.867813e-05
0.00055241585
0.0010658503
0.0008649826
0.0007944107
0.0006971359
0.0010763407
0.0012792349
0.00035381317
0.0012146235
0.0005776882
8.678436e-05
0.00070381165
0.00047194958
0.0014125109
0.00013172626
0.0011482239
8.59499e-05
0.0010094643
0.0007572174
0.00027441978
0.0009447336
0.00041651726
0.00093865395
0.00010764599
0.0009211302
0.00093615055
0.0006535053
0.000651598
0.00017642975
0.0011525154
0.0006724596
0.0009098053
0.00056672096
0.00057399273
0.0008544922
6.568432e-05
0.0013056993
0.001301527
0.0012128353
0.0010904074
0.00088858604
0.00097572803
0.00026881695
0.0003556013
0.0012911558
1.66893e-06
0.0010421276
0.0007737875
0.00094389915
0.00049972534
0.0009418726
0.00071418285
0.00074887276
0.000803113
0.0010461807
0.00088202953
0.0012011528
0.0002412796
0.0010982752
0.0008406639
0.000105023384
0.00081014633
7.069111e-05
0.0009800196
0.00096046925
0.0013122559
0.00043606758
0.00088095665
0.00072717667
3.159046e-05
0.00055885315
0.00093090534
0.000330925
0.00063824654
0.0010867119
0.0013620853
0.00039851665
0.0002681017
0.00095391273
0.0006132126
0.0007801056
0.0003632307
9.429455e-05
0.0009070635
4.208088e-05
0.0013327599
0.001052618
0.00042808056
0.0010870695

0.0010204315
0.0006554127
0.00082337856
0.0007805824
0.00095164776
0.00044834614
0.0010358095
0.0005517006
0.0015633106
6.2823296e-05
0.0007685423
0.00016582012
0.0005289316
0.00060129166
0.0006673336
0.000344038
0.00076293945
0.00062429905
0.001332283
0.00076425076
0.0013593435
3.9458275e-05
0.0006953478
0.0005117655
0.0012526512
1.7404556e-05
0.0005302429
0.0005619526
0.0011388063
0.0005340576
0.00079739094
0.00033557415
0.00061166286
0.0013366938
0.00081181526
0.0010236502
0.0008007288
1.859665e-05
0.00073349476
0.00067949295
0.00062704086
0.0007278919
0.00050807
0.000564456
0.00069880486
0.00062179565
5.7578087e-05
0.00023972988
0.00024223328
0.0010422468
0.0003221035
0.00062167645
0.00076818466
0.0006811619
0.00065743923
0.00079512596
0.00022864342
0.00072193146
0.0010327101
0.0010025501
0.0009287596
0.00047826767
0.00068855286
0.0010851622
0.0010381937
0.0003979206
0.0008920431
0.0013027191
0.0006662607
0.0003722906
0.0005674362
0.00047326088
0.0007287264
0.0008457899
5.9604645e-07
0.00028383732
0.0011906624
0.00055623055
0.0006887913
0.0011225939
0.0003838539
0.0004968643
0.0008649826
0.00068473816
0.0005030632
0.0005457401
0.0006505251
0.0011843443
0.0006917715
0.0005067587
0.0007200241
0.00046157837
0.0006799698
0.00071406364
0.00041890144
0.0010951757
0.000325799
0.0005013943
0.00038790703
0.0005208254
6.425381e-05
0.0006145239
0.00040447712
0.000536561
0.0009393692
0.0014027357
1.7642975e-05
0.0006535053
0.0007227659
0.00056529045
0.00023174286
0.00035119057
0.0007749796
0.0012384653
0.0005646944
0.00024199486
0.0010267496
0.00077700615
0.00080406666
0.0010268688
0.0012432337
0.00031280518
0.0006798506
0.0006387234
0.0009850264
0.0012205839
0.00047767162
0.00022053719
0.00047683716
0.0010886192
0.0001052618
0.0010105371
0.0001732111
0.00066816807
0.001134038
0.00049710274
0.00066816807
0.0011062622
0.0007368326
0.0003607273
0.0006853342
0.0009676218
0.00066030025
0.0006535053
0.0009239912
0.0004172325
0.0008562803
0.0010221004
0.0008972883
0.001059413
0.00068736076
0.00086283684
0.0001758337
0.0010029078
0.0008485317
0.0013580322
0.0005966425
0.00072205067
0.00061142445
0.0008085966
5.5909157e-05
0.001101017
0.0004606247
0.00042665005
0.0004066229
0.00058567524
7.987022e-06
0.00070500374
0.000895977
0.00049865246
6.6161156e-05
7.8082085e-05
4.553795e-05
0.00043690205
0.00052273273
0.0009672642
0.0006644726
0.0005668402
0.0008229017
0.000867486
0.00037956238
0.00087428093
0.0005071163
0.000510931
0.0003093481
0.00033533573
0.0010908842
0.0008096695
0.0005624294
0.00023686886
0.00043523312
0.00052273273
0.0012023449
0.0005208254
0.00024950504
0.0009419918
0.0006260872
0.00029277802
0.0013638735
0.00067949295
0.00033032894
0.0005261898
0.00055360794
0.00033032894
0.0010061264
0.0003014803
9.083748e-05
0.00094747543
0.000248909
0.0009983778
0.00070154667
0.00063717365
0.0003117323
0.0008832216
0.0005400181
0.0006104708
0.0003591776
0.00051534176
0.000620842
0.0008971691
0.00090289116
0.00028407574
0.00024700165
0.0012748241
0.00044751167
0.0010755062
0.00057029724
0.0006133318
0.0009384155
0.00065004826
0.0005123615
0.00034952164
0.0002837181
0.0012695789
0.00018203259
0.00087177753
0.00091326237
0.00086569786
0.0010362864
0.00071167946
0.0007739067
0.00052022934
0.00089108944
0.00076019764
0.0009723902
0.0006248951
0.0007292032
3.8266182e-05
0.00059068203
0.00019359589
0.00065529346
0.0007054806
0.000900507
0.00026345253
0.0008471012
0.0010162592
0.0010620356
0.0007160902
0.0005681515
0.00080370903
0.00039196014
0.0005571842
0.0002821684
0.0008022785
0.0006210804
0.0002771616
0.00032663345
0.0006352663
0.00028061867
0.00066256523
0.0007581711
0.00017309189
0.00072586536
0.00046622753
0.00036084652
0.00021243095
0.00015819073
0.0006150007
0.00066781044
0.00019097328
0.000672698
0.0012737513
9.059906e-06
0.00019097328
0.0008280277
0.000841856
0.0010521412
0.00048291683
0.00080263615
0.00021898746
0.00093340874
0.0008459091
0.00058829784
0.00012111664
0.00097358227
0.000996232
0.00062191486
0.00096070766
0.0003478527
0.0008022785
0.00089645386
0.0004981756
0.0009032488
0.00044298172
0.00025475025
0.00032639503
0.0013648272
0.0007762909
0.0012289286
0.001313448
0.00049710274
0.0005198717
0.0009510517
0.00035476685
0.00082695484
0.00067317486
3.4093857e-05
0.0003889799
0.0007098913
0.0009075403
0.00062036514
0.00046432018
0.00034451485
0.0006490946
0.0010797977
0.0012218952
0.0010290146
0.0012048483
0.00029945374
0.00045263767
0.0011606216
0.0010565519
0.000562191
4.529953e-05
0.00056135654
0.00011742115
0.001388669
0.00031495094
0.00011432171
0.00015211105
0.00023758411
0.00023400784
0.0004914999
0.0008971691
0.0007070303
0.0009634495
0.00010919571
0.00034034252
0.00017082691
0.0009012222
0.00050866604
0.00030231476
0.0004452467
0.0013084412
0.0014064312
0.00063693523
0.0013194084
0.00086951256
0.00079500675
2.8252602e-05
0.0011179447
0.0011178255
0.0010581017
0.0013171434
1.5497208e-05
0.00039052963
0.00021839142
0.0009583235
0.00079870224
0.0004892349
5.8054924e-05
0.0003490448
0.00015866756
0.0003786087
0.0010390282
0.0005991459
0.0011039972
0.0005670786
0.0007671118
0.0005905628
0.0009498596
0.00052821636
0.0008419752
0.00062942505
0.00017142296
0.001296401
0.00078701973
0.00048458576
0.0007878542
2.1100044e-05
1.1563301e-05
0.00071310997
2.5510788e-05
0.000587821
0.0005608797
0.0007247925
0.00016582012
0.00053596497
0.001205802
0.00092852116
0.0005624294
0.00051927567
0.0001770258
0.0004953146
0.000587821
0.00038218498
0.0012555122
0.0011385679
0.00026369095
0.00028061867
0.0005145073
0.0008240938
0.0006686449
0.0005674362
0.0005791187
0.0005081892
0.0005156994
7.200241e-05
0.00090670586
0.00067579746
0.0011783838
0.0013719797
0.00041794777
0.0005506277
0.0006556511
4.4226646e-05
0.0003556013
0.00065493584
0.0010092258
0.0008844137
5.9485435e-05
0.0010080338
0.00040781498
0.0008627176
0.00049328804
0.00071275234
5.865097e-05
0.0010135174
0.0005515814
0.0009509325
0.00043010712
0.0008442402
0.0009409189
0.00078320503
0.0007493496
0.00056922436
0.00059199333
0.00035059452
1.9669533e-05
0.0011444092
0.0007956028
0.00091290474
0.00027942657
0.0012636185
0.0011792183
0.0013564825
0.0006479025
0.0013676882
0.00087058544
0.00058555603
0.0013720989
0.0009855032
0.0005172491
0.0006958246
0.0003376007
0.00057554245
0.0011069775
0.00049328804
0.0012379885
0.0005091429
0.0007536411
0.000598073
0.0010460615
0.0008723736
0.0007389784
0.00058698654
0.0001784563
0.00048840046
5.9723854e-05
0.0007491112
0.0006520748
0.00070893764
0.0005762577
0.0004042387
0.0005067587
0.0010801554
0.000274539
0.00065886974
0.0009213686
0.0007445812
0.0009444952
0.00045084953
0.00034809113
0.0002193451
1.41859055e-05
0.0011233091
0.00033044815
0.00072205067
0.0009086132
0.00017929077
0.0005738735
0.0006965399
0.001065731
0.0009766817
0.00045228004
0.0010408163
0.00044834614
0.00090944767
9.536743e-07
0.00041413307
0.00044190884
0.0005347729

0.0028067827
9.346008e-05
0.00014746189
0.00023555756
0.00093984604
0.00031673908
0.001123786
0.001947999
0.0013953447
0.00014841557
0.0006713867
0.0014437437
0.0002812147
9.059906e-05
0.0013372898
0.00032830238
0.0006815195
0.0013687611
0.00040256977
0.00037789345
0.0008889437
2.9802322e-05
0.0023368597
0.000264287
0.000849247
0.00019204617
0.0007389784
0.00013768673
2.503395e-06
0.001141429
0.000656724
0.0001693964
0.00018703938
0.0019739866
0.00024724007
0.00012946129
5.5909157e-05
7.200241e-05
0.0021516085
0.001098752
0.0007067919
0.00051665306
0.000111699104
5.7458878e-05
0.00021135807
0.00037801266
0.00018751621
0.0004736185
0.00015473366
7.164478e-05
0.0002644062
0.00023305416
0.0001399517
0.000177145
0.002057314
0.0009120703
0.0008355379
0.0004146099
0.00033843517
0.0003182888
0.00020158291
0.00070667267
8.8214874e-05
5.1259995e-05
7.2836876e-05
9.2983246e-05
0.00015997887
8.916855e-05
0.00011873245
0.00043535233
0.00029277802
3.0517578e-05
0.00058090687
0.0007522106
0.0003054142
1.21593475e-05
2.4199486e-05
0.00056374073
0.001049161
0.00047278404
0.0011764765
0.0010074377
3.20673e-05
0.0003604889
9.75132e-05
0.00023269653
0.0002297163
0.0010374784
0.00068449974
0.0006455183
0.00014579296
0.0013215542
0.001609683
0.00046861172
0.00039076805
0.0003323555
0.000600338
0.0003234148
0.0013502836
8.1539154e-05
3.0040741e-05
0.00030362606
0.00038146973
0.0011399984
5.2571297e-05
0.0002605915
0.0016281605
0.00088083744
0.0005710125
0.000104904175
0.0015156269
8.547306e-05
8.571148e-05
0.00028896332
0.0023144484
0.002369523
1.4424324e-05
0.000207901
0.00069594383
3.361702e-05
0.00066661835
0.00025045872
4.9829483e-05
0.0010211468
5.7935715e-05
0.00026214123
0.00021219254
0.0006107092
0.0002808571
0.00025045872
2.2649765e-05
5.2571297e-05
0.0006928444
0.0005918741
0.000218153
0.00072836876
0.00049734116
5.710125e-05
0.00091040134
0.00016641617
0.00030374527
2.026558e-06
0.0011447668
0.00037026405
0.00033581257
4.9948692e-05
9.059906e-05
0.00016403198
0.0019936562
0.0014834404
0.0008004904
0.00023925304
0.0007287264
0.00046432018
0.0035915375
0.0006736517
3.9458275e-05
0.0008045435
0.0008687973
0.00049233437
0.0005568266
0.00021290779
0.00047409534
0.00017011166
0.0007022619
0.0012159348
0.00016665459
0.00047779083
0.000921607
0.00071263313
0.0013058186
0.0014795065
0.000238657
0.00025701523
0.00021147728
6.580353e-05
6.508827e-05
0.0013588667
0.00014925003
0.0014486313
0.00021958351
0.00040614605
0.00036287308
0.00046277046
0.00018918514
0.0005968809
6.532669e-05
0.0016057491
0.00029981136
2.4199486e-05
0.0011538267
0.0007029772
9.536743e-05
0.002423048
7.390976e-06
0.0007754564
0.0002090931
8.261204e-05
6.0915947e-05
0.0012649298
7.236004e-05
0.00049841404
0.00087571144
0.00010406971
0.00070643425
0.00024831295
4.887581e-05
0.0004376173
0.00029277802
0.00033938885
4.720688e-05
0.00061142445
0.0007109642
0.0013599396
0.0003954172
0.00011062622
0.0001449585
6.6280365e-05
0.00045204163
3.695488e-05
0.000905633
0.00042438507
0.0010451078
0.0011843443
0.00022888184
0.00019717216
5.8412552e-05
0.00012671947
0.0004901886
0.002080679
0.0003556013
0.0014805794
0.00016891956
0.0016360283
0.00038278103
0.00019860268
0.0004056692
4.863739e-05
0.00018644333
0.00055527687
8.094311e-05
0.0026248693
0.00010561943
0.00027692318
0.0004976988
0.0034173727
0.0014697313
7.2717667e-06
0.0013875961
0.0017216206
0.001103878
0.0030794144
0.0001193285
0.00045335293
0.0005515814
0.0014494658
0.00095653534
0.0004951954
0.00014722347
6.353855e-05
0.00015699863
9.298325e-06
0.0012404919
0.0011963844
2.5868416e-05
1.4424324e-05
0.0007073879
0.0002901554
0.00067937374
0.00015628338
0.00010251999
0.00060641766
0.0018372536
0.0001538992
0.003940463
0.00021111965
5.2928925e-05
0.00021409988
0.0010429621
0.00020313263
0.0022125244
0.00012075901
0.0006748438
0.0008864403
0.0024564266
0.00076532364
0.00026738644
0.00041604042
0.00013816357
0.0019137859
5.722046e-06
0.0002245903
0.00053465366
0.0016014576
0.0016077757
0.00098598
0.00029671192
0.0007146597
0.0015099049
9.763241e-05
0.00062561035
0.00089371204
0.0004891157
3.9577484e-05
0.00037682056
0.00029337406
-4.2915344e-06
0.0006607771
0.00022733212
2.5629997e-05
0.00026261806
0.0027315617
2.503395e-05
0.00019109249
0.0003709793
0.0006135702
1.9311905e-05
0.00027942657
9.918213e-05
6.3180923e-06
0.00047135353
0.00013291836
0.0007959604
0.0008776188
0.0001552105
0.00067543983
0.00028526783
0.0006958246
0.0010943413
0.001161933
0.0006632805
6.6280365e-05
0.00010883808
0.0005310774
0.0011903048
0.0007234812
0.0006867647
0.0029530525
0.00023508072
0.00041556358
0.00011408329
7.092953e-05
9.953976e-05
0.00055742264
0.0019050837
0.00034701824
0.0020327568
0.00020098686
0.0013642311
8.08239e-05
0.00023829937
0.0011205673
0.00025975704
0.0013967752
0.002966404
0.00071775913
0.0013041496
0.0013349056
0.0002861023
0.00033640862
1.4543533e-05
0.0005829334
3.695488e-06
0.0011907816
8.833408e-05
3.695488e-05
9.202957e-05
0.0009058714
0.003289342
0.00013363361
0.00018787384
0.00012600422
0.0014573336
0.00074636936
0.00059211254
0.00062024593
0.001763463
3.194809e-05
0.00065886974
0.00046861172
0.0002924204
7.772446e-05
0.0004863739
7.200241e-05
0.0004657507
0.0012128353
0.00013697147
0.0005829334
0.00026714802
0.00086569786
0.001091361
0.0005311966
0.00095903873
0.0007146597
0.002813816
0.0003427267
0.0019212961
0.00038087368
0.0003722906
0.00020086765
0.00035738945
0.00072455406
0.001074791
0.00014233589
0.00043165684
0.0003874302
0.0016514063
2.360344e-05
0.00121665
0.00025975704
4.1127205e-05
0.0001604557
0.0009857416
0.00026237965
0.0010663271
0.00015282631
0.0014657974
0.0012055635
3.8146973e-06
0.0004911423
0.0015795231
0.0016824007
0.0002361536
0.00019645691
0.00035095215
0.0005326271
0.0002297163
0.00099051
0.000685215
0.00076413155
0.00010967255
0.00019586086
0.00045120716
0.0005825758
0.00020587444
0.001146555
0.000104904175
0.00046217442
0.0002207756
1.1205673e-05
0.0007343292
0.0006247759
0.0001308918
0.0018832684
0.0008202791
5.567074e-05
0.00033652782
0.00144732
0.00020110607
0.00031232834
0.00101161
0.0011934042
0.0009467602
8.1300735e-05
0.00056505203
0.0006058216
0.000647068
0.00019669533
0.00014483929
0.0027967691
0.0007354021
0.00074350834
0.0001629591
6.0796738e-05
5.7697296e-05
0.00025773048
0.00022006035
0.0014742613
0.0005531311
3.9815903e-05
0.00060129166
5.1379204e-05
4.7445297e-05
0.0005992651
0.0021898746
0.00043594837
0.0019657612
0.00028789043
0.0008111
0.0021502972
0.00035250187
0.00044596195
0.00013458729
6.4373016e-06
0.0011173487
0.00027787685
0.001439333
0.0005517006
0.00029456615
2.1457672e-06
0.0003502369
0.0026403666
0.00010251999
0.0017175674
1.7642975e-05
0.00030314922
0.0010049343
0.0006303787
0.0001745224
0.0031408072
0.0011894703
0.00028514862
0.00014781952
0.0004528761
0.00017297268
0.0005019903
0.00022435188
0.0003296137
0.0014551878
0.00022530556
0.00014424324
0.0009313822

3.695488e-06
0.0016224384
0.00048398972
0.00035953522
0.002171278
0.00024998188
0.00019931793
0.00016450882
2.4557114e-05
0.0004326105
7.748604e-06
3.5643578e-05
1.1920929e-07
0.0006543398
0.00086450577
0.0014669895
0.00050103664
1.8954277e-05
6.6280365e-05
5.4836273e-06
0.0012118816
1.4305115e-06
0.00055992603
0.0004477501
4.7683716e-06
0.00087857246
0.00070798397
0.00021731853
0.0010031462
0.0
0.00025224686
0.0006147623
0.0008391142
8.34465e-07
0.0019913912
0.0008343458
0.00033843517
0.00056385994
2.2888184e-05
3.9696693e-05
0.0008070469
0.00033426285
0.00011301041
0.00030958652
0.0001269579
0.00076949596
0.0001155138
0.0023058653
0.00030601025
0.00055003166
0.0002580881
0.0013848543
0.0006452799
0.0008202791
0.0010615587
3.325939e-05
0.00040841103
0.0007916689
0.00013768673
3.6358833e-05
4.673004e-05
0.0031089783
1.347065e-05
0.00018620491
0.00056004524
0.0009723902
0.00087845325
3.5762787e-07
0.0017883778
0.0006200075
0.00040459633
0.00044977665
1.9669533e-05
0.0012648106
0.0002720356
0.00040888786
1.3113022e-06
0.0022382736
8.010864e-05
2.9325485e-05
0.00018179417
0.0013614893
0.0010610819
0.0018641949
1.3113022e-06
0.0011547804
8.511543e-05
0.0024358034
0.00013053417
0.00053215027
4.6253204e-05
0.000238657
0.0017787218
0.00010216236
1.180172e-05
5.4717064e-05
0.0008445978
2.6345253e-05
0.00076031685
0.00012624264
1.6570091e-05
0.0006697178
0.00024712086
0.0002641678
1.50203705e-05
0.0005966425
1.21593475e-05
0.0005238056
0.00029671192
0.0002478361
0.00061941147
0.00045835972
0.00034999847
1.2993813e-05
0.00011026859
8.4519386e-05
4.6133995e-05
2.026558e-06
-1.1920929e-07
0.00015425682
0.00032043457
0.00014722347
0.0013427734
0.000959754
9.6440315e-05
0.00082170963
3.2544136e-05
2.5868416e-05
0.0004943609
0.0002720356
0.00044250488
0.00096416473
0.00062680244
0.0012116432
0.00086915493
3.683567e-05
0.0012549162
1.6212463e-05
3.707409e-05
0.00010621548
5.9604645e-07
0.0008891821
0.00026464462
0.00025689602
5.1259995e-06
0.00021505356
0.00048589706
7.426739e-05
0.00070536137
0.0009921789
0.00046658516
0.00084781647
5.5909157e-05
0.00019001961
0.00042915344
0.0008587837
0.00017809868
0.0005117655
0.00014805794
0.00043702126
0.0016515255
0.0005258322
0.00055611134
0.0011941195
0.00020956993
9.298325e-06
0.00035870075
0.00018632412
0.00053453445
0.00018823147
0.00053048134
0.00066185
0.0015271902
0.0003888607
0.00096702576
0.0010674
0.0008280277
0.00089132786
0.00020372868
0.0017760992
0.0013014078
0.0009254217
0.0005457401
6.771088e-05
7.545948e-05
0.00040531158
0.0003026724
0.00034832954
0.00051033497
6.020069e-05
8.9645386e-05
0.00042891502
0.0010514259
1.1920929e-06
2.8014183e-05
0.00040066242
0.00038301945
0.00042688847
0.00046026707
0.00017821789
0.00033724308
0.0010734797
0.0003709793
4.518032e-05
1.1920929e-07
0.0020490885
0.00016915798
0.00068950653
0.0001733303
1.5258789e-05
9.6559525e-05
0.00023937225
0.00012350082
0.00050604343
0.00024104118
7.677078e-05
3.85046e-05
3.5881996e-05
0.0006271601
0.0003553629
1.7881393e-06
7.522106e-05
0.00027096272
0.0008944273
0.0007314682
0.0013459921
0.0007172823
0.0006017685
0.00027894974
4.9829483e-05
0.0012001991
4.7683716e-07
0.0010774136
0.0001835823
0.0015289783
0.00027036667
0.0019851923
0.0003465414
0.00041258335
0.00054216385
8.714199e-05
0.00027763844
0.00080513954
2.6464462e-05
0.00047171116
0.00011897087
0.00040078163
9.3102455e-05
0.0004197359
0.0028226376
1.9073486e-05
0.0004966259
7.05719e-05
0.0015019178
0.0010040998
0.0005594492
0.00037896633
0.0004826784
0.0019853115
7.534027e-05
0.00072586536
0.00029945374
-1.1920929e-07
0.00017380714
0.00027275085
0.0004413128
0.0002104044
-1.1920929e-07
0.0005631447
0.0013195276
0.00054466724
1.5497208e-05
0.001319766
0.0019226074
3.8146973e-06
0.0009902716
0.00017690659
7.390976e-06
8.6188316e-05
0.00041508675
3.4093857e-05
0.0014255047
1.1920929e-07
0.001218915
0.00035977364
0.0010250807
1.180172e-05
0.00035822392
0.0003451109
0.00018417835
0.00051784515
0.00014388561
0.00022518635
0.0008994341
2.3841858e-07
0.00078988075
0.0010795593
0.0005555153
0.00035905838
9.584427e-05
0.0008627176
0.00075519085
0.0
0.0003143549
0.0010656118
0.00071644783
0.00095021725
0.004799366
0.0008444786
0.001237154
0.0003823042
0.001485467
0.0007749796
4.7683716e-07
0.00024449825
0.0005928278
0.0012909174
0.0006850958
0.0009903908
2.9802322e-05
0.00094008446
0.0011166334
0.0007458925
5.6147575e-05
2.7418137e-06
5.9604645e-07
3.2186508e-06
0.0009114742
0.00010251999
0.00040078163
0.0009536743
8.8095665e-05
0.0010616779
0.0009571314
1.5735626e-05
0.00069081783
0.0004761219
0.00147295
0.00037240982
0.00061273575
8.225441e-06
0.0010544062
0.00019931793
0.00029861927
0.00026082993
0.00016129017
0.0004956722
9.071827e-05
0.00018751621
8.106232e-06
0.002326727
0.000110030174
0.0001385212
0.00012803078
0.001073122
0.0002964735
0.0012624264
0.0006041527
5.5789948e-05
0.00039935112
0.0002849102
2.8371811e-05
0.0011279583
3.5762787e-07
2.5868416e-05
0.0008238554
0.0001232624
0.00048208237
0.00010383129
5.7816505e-05
7.760525e-05
0.0011097193
3.6239624e-05
0.0011501312
0.0013949871
0.0010091066
0.00085377693
0.00012636185
0.00059211254
0.0003771782
4.6491623e-06
0.0006045103
0.00068092346
0.00020051003
0.0008081198
0.0008794069
1.859665e-05
0.001013875
9.536743e-05
0.00018000603
5.6028366e-06
0.0005033016
0.0004954338
0.0010327101
0.001101613
1.5616417e-05
8.261204e-05
0.0012472868
0.00015223026
5.0783157e-05
6.771088e-05
0.00081276894
0.000513196
0.0018125772
8.72612e-05
4.7445297e-05
0.0005939007
1.7523766e-05
2.3841858e-07
0.00051009655
0.00011277199
0.00020813942
0.0018951893
9.75132e-05
6.92606e-05
0.0008651018
0.00078582764
1.2755394e-05
0.00017738342
0.0011591911
0.00027894974
2.2649765e-06
3.9577484e-05
0.0014590025
0.001074791
0.0013514757
0.0005105734
0.0016866922
0.0010920763
0.00031125546
0.00014519691
4.1246414e-05
8.34465e-07
0.0002835989
0.000156641
0.00056409836
0.00078094006
0.0003144741
5.042553e-05
0.00028681755
0.0008430481
0.0015403032
0.0007022619
0.00090301037
1.4543533e-05
2.503395e-05
0.00082218647
0.00063955784
0.00018239021
0.0007300377
0.00046432018
0.00049602985
0.000177145
0.0005464554
1.3113022e-06
0.00012207031
3.0994415e-05
0.0010092258
2.8967857e-05
5.9723854e-05
0.0002784729
6.9499016e-05
0.0010848045
0.00028312206
5.698204e-05
0.0006593466
0.0002616644
0.0006828308
5.5789948e-05
0.0012677908
0.00038588047
0.0009673834
0.0004593134
6.401539e-05
0.0005965233
8.2850456e-05
0.00030863285
3.8146973e-06
0.0018079281
0.00037622452
8.8095665e-05
0.00067830086
2.5629997e-05
0.00078713894
0.0007647276
0.0003657341
0.00026285648
7.748604e-06
8.666515e-05
6.258488e-05
0.00031781197
6.9499016e-05
0.0030753613
0.00013446808
0.00023150444
6.175041e-05
0.00013625622
0.00089657307
0.0007497072
3.6120415e-05
0.0001103878
0.0008112192
0.0004503727
0.0008648634
0.00069129467
0.0007497072
0.0006904602
0.00027680397
0.0
0.00023782253
5.7458878e-05
3.8146973e-05

0.0006123781
0.00031888485
0.00030958652
0.0011969805
0.00056028366
0.0017288923
0.0006453991
0.00036394596
0.0006723404
1.5616417e-05
0.0004811287
0.001300931
0.0010362864
0.0007197857
0.00013518333
6.6280365e-05
0.00035095215
0.00014472008
0.0006452799
0.00042414665
0.00048744678
0.0004771948
0.0006966591
0.00038468838
0.00024425983
0.0012310743
0.00014579296
0.00056040287
0.00088584423
0.0003077984
0.00011730194
0.000121712685
0.00024199486
0.0
0.000101566315
0.00046348572
0.0006489754
5.364418e-05
0.00044620037
0.00078332424
0.0009126663
7.7843666e-05
0.0002875328
3.6478043e-05
0.00064754486
0.00070381165
0.0003759861
0.0008291006
0.0008211136
6.0915947e-05
0.00067043304
0.0002553463
4.4822693e-05
0.00023376942
0.00095045567
0.00035989285
0.0005186796
0.0011796951
0.00010728836
0.00015199184
0.00019085407
0.00011634827
0.00049877167
0.000121474266
9.119511e-05
0.00095558167
0.00030231476
0.00010597706
0.00019180775
0.00049865246
0.00015246868
0.00028908253
0.00012075901
0.0012859106
0.00028192997
0.00028800964
0.0006301403
0.00015473366
0.00040829182
0.00049841404
0.0007536411
0.0005017519
0.00026595592
0.00019681454
0.00025558472
0.00057053566
0.0003567934
0.00036919117
0.00084114075
0.00037133694
9.9778175e-05
0.0008972883
0.00046348572
0.00027120113
2.2292137e-05
0.00021183491
0.00043654442
0.000490427
0.0013785362
4.6610832e-05
0.0014355183
0.0017422438
0.0007750988
0.0010826588
0.000111460686
0.0001282692
0.00046670437
0.0010569096
0.00020575523
0.0005354881
0.0006710291
0.0
0.0006290674
0.0
0.0009355545
2.5629997e-05
0.00061929226
0.00029623508
4.7445297e-05
0.00049364567
0.00039374828
0.0013293028
0.0014026165
0.00036025047
7.1525574e-07
0.0004247427
0.00048351288
0.000993371
0.00097596645
0.00037121773
0.00039696693
0.00011181831
0.00015234947
9.274483e-05
0.0006798506
0.00022637844
6.699562e-05
0.00014996529
0.00014781952
0.0006837845
0.00029551983
0.00011050701
0.0008029938
9.286404e-05
0.0008369684
0.0009123087
0.00049197674
0.00010871887
0.0011153221
0.00024843216
0.00037753582
0.0004543066
0.00097465515
0.00064122677
0.0011920929
0.0014044046
0.00042641163
0.00072681904
0.002090454
1.0848045e-05
0.0002988577
0.00047278404
2.6226044e-06
0.00012993813
0.0009431839
0.00018656254
0.0010966063
0.00056540966
0.00065016747
0.0010826588
0.00028014183
0.00038051605
0.0002632141
0.0001488924
2.3007393e-05
0.00013923645
0.00023829937
0.00038659573
0.00045192242
0.00058078766
0.0001809597
2.9802322e-05
0.000756979
8.869171e-05
0.00010204315
0.00010049343
0.00076138973
0.00052821636
0.0001128912
0.0001052618
0.0004981756
0.00027120113
0.0005431175
0.00040864944
0.00022411346
2.503395e-06
0.0011234283
5.9843063e-05
0.0006817579
0.0005469322
0.00089228153
4.9233437e-05
0.0006353855
0.00092184544
0.00026762486
0.0007523298
0.00074481964
0.00078189373
5.841255e-06
0.0003465414
0.00093746185
0.0
0.0010854006
0.000300169
0.0009913445
0.0005888939
0.0007343292
0.00040328503
0.00051498413
0.0011036396
0.00032377243
0.0007827282
0.0004323721
0.0007442236
0.0008519888
0.0002859831
7.545948e-05
0.0002696514
0.001332283
0.00073313713
0.00036895275
6.0796738e-06
0.00041854382
0.00070130825
0.00024819374
0.0009379387
0.0006029606
0.0004440546
0.0005398989
6.3180923e-06
3.2424927e-05
9.071827e-05
0.0005340576
0.00048017502
3.325939e-05
0.0010071993
0.00024926662
0.00012278557
0.00065386295
0.00093078613
3.0994415e-05
0.0005108118
0.00010049343
0.00010716915
0.000819087
0.00037181377
0.0001616478
0.0005543232
0.0003156662
0.0009175539
0.0012295246
0.0005912781
0.0002988577
0.0008677244
0.00052702427
0.00012099743
0.00010085106
0.0006136894
0.0013124943
0.0005532503
0.00013566017
0.00025510788
0.0006918907
0.000590086
3.695488e-06
0.0003736019
0.00072813034
5.340576e-05
0.0023645163
0.00013542175
0.0009970665
0.0003658533
7.1525574e-07
0.00014221668
0.00047647953
0.00011754036
0.00051009655
0.0012776852
2.2768974e-05
0.0
0.0
0.00054335594
0.00062537193
0.00020682812
0.00043821335
0.0006250143
6.592274e-05
0.00052535534
0.00020122528
0.0001693964
0.0004836321
0.00074899197
0.00021588802
0.0004130602
0.00043296814
0.000546813
0.0003464222
0.0005776882
0.00023531914
0.00014007092
0.0010205507
6.818771e-05
0.0004682541
0.00041091442
0.00015163422
0.00056672096
0.0001488924
0.00036501884
0.0010994673
0.0004557371
0.00011086464
0.0014173985
0.0009686947
0.00014126301
0.0004593134
0.00027751923
0.0003951788
0.0
7.343292e-05
0.00040507317
0.0001667738
0.00059461594
0.00027918816
0.00078475475
0.00048244
0.0005569458
0.0005170107
0.00021743774
0.00056374073
0.00019776821
4.7683716e-06
0.00010859966
0.00037384033
4.172325e-06
0.0005662441
0.00036871433
5.8054924e-05
0.00014996529
0.0011031628
0.0009353161
0.00039052963
0.00035393238
0.00024700165
0.0007647276
0.00045359135
0.00053083897
0.0010668039
2.5629997e-05
0.00041341782
1.0728836e-06
0.00028908253
0.000187397
0.0012853146
0.00089907646
5.9604645e-07
0.00018942356
0.00017666817
0.0014823675
2.5749207e-05
0.001584053
0.00018835068
0.00036358833
0.00053191185
0.00019657612
4.7683716e-05
0.00094497204
0.0009977818
0.00018048286
0.001014471
4.172325e-06
4.7683716e-07
1.1920929e-07
0.00018060207
0.00030195713
0.000269413
0.000988245
0.0005633831
0.00031292439
0.0006098747
0.0015592575
0.0006121397
0.00054073334
0.0006246567
0.00013303757
0.0008342266
2.670288e-05
1.3113022e-06
3.1352043e-05
0.00023686886
0.0010040998
0.00011122227
0.002009511
8.833408e-05
0.0
0.00049877167
0.0006906986
2.7418137e-06
0.00036656857
0.0011403561
0.00096678734
0.00028681755
0.0001386404
7.331371e-05
0.00012111664
0.00011050701
0.000900507
0.00011789799
0.0004221201
0.000106453896
0.0005033016
0.0003541708
0.0011330843
3.5762787e-07
4.529953e-05
0.00078094006
0.0004453659
0.0001860857
0.00031721592
0.0013331175
0.00072801113
0.00028824806
0.00047278404
0.00023961067
0.00052034855
0.00035822392
0.001137495
0.001757741
0.00031268597
0.00013065338
0.0005104542
0.00047147274
0.0004631281
0.00059366226
0.000114917755
0.00035524368
0.00018560886
0.0010814667
0.00046432018
0.0012644529
0.0011665821
0.0010565519
0.000351429
0.0004464388
3.027916e-05
0.00072419643
0.00018453598
5.4836273e-05
0.0007581711
0.0015920401
0.00014579296
0.00057411194
0.00015115738
0.00046896935
0.00014460087
0.00042188168
0.00054228306
0.00044250488
0.00052678585
0.00072062016
0.00058186054
0.0015488863
0.00054609776
0.0003068447
0.0015569925
0.0003578663
0.0001603365
0.00016331673
0.00028586388
0.0015541315
4.3272972e-05
5.5909157e-05
0.00029325485
0.0006123781
8.4877014e-05
0.0004014969
0.00037884712
0.0001295805
0.0004969835
0.0003683567
0.0011783838
0.0007401705
0.00016725063
0.0011278391
0.00024366379
0.001019597
0.0010718107
0.000746727
2.026558e-06
0.00022149086
6.556511e-06
0.00025200844
2.014637e-05
0.00041389465
0.0010120869
0.00073742867
0.00040745735
0.00076150894
0.0009673834
2.2292137e-05
0.00019943714
0.000111699104
-1.1920929e-07

0.00029587746
0.00022244453
0.00014173985
0.000639081
0.00074875355
0.00039207935
0.0028345585
0.0008585453
8.404255e-05
0.00036001205
0.0007060766
0.0012335777
0.00085902214
0.0004502535
0.0013382435
0.00043416023
0.001262784
0.00089752674
0.00016343594
0.0006133318
0.0001296997
3.5762787e-07
0.0015839338
0.00064885616
0.00019133091
0.0012942553
0.0010559559
6.067753e-05
0.00018978119
0.0008248091
5.567074e-05
0.00073337555
0.00045323372
0.0012487173
8.7976456e-05
0.0003848076
0.00040912628
0.0021510124
0.0006887913
0.0009120703
0.0008326769
0.001352191
0.0003786087
0.0007184744
0.00068700314
0.00061798096
0.00016117096
0.0003876686
0.0009865761
0.000310421
0.0004708767
0.00074994564
0.000101327896
0.0012551546
0.00022888184
0.0008138418
0.00041270256
0.00080657005
0.0006016493
0.00043058395
0.0
0.0011559725
0.0010186434
0.0012756586
0.00021064281
0.00023579597
7.2717667e-06
0.00058841705
0.0013850927
6.890297e-05
0.00016891956
0.0006415844
0.0011079311
0.000860095
0.00027132034
0.0010868311
0.00017523766
4.2915344e-05
0.0009268522
0.00013780594
0.0005967617
0.00060105324
0.00063169
7.1525574e-07
0.0010735989
0.001024723
0.00046944618
0.00049841404
0.00035703182
0.00066792965
0.00047814846
0.0008639097
6.2823296e-05
0.00016975403
0.0005290508
0.0008072853
0.0014847517
0.0004079342
0.0003759861
0.0012587309
0.0006327629
0.00021338463
0.00097084045
0.0012065172
0.00017380714
0.0010385513
0.0003426075
0.0014041662
0.00067830086
0.0015112162
0.0002529621
0.00023567677
0.0012779236
0.00032675266
0.0005643368
2.6226044e-06
0.0005245209
0.00071418285
0.00045239925
0.00039744377
0.00036418438
0.00021183491
0.0006313324
0.00082969666
0.00019848347
0.00014603138
0.0005142689
0.00074863434
0.00079226494
0.0016738176
0.00026869774
0.0011621714
0.00012338161
0.00071942806
0.00040519238
5.173683e-05
0.00078332424
0.00047814846
0.0009351969
0.00076949596
0.0003361702
0.0005053282
0.00016283989
0.00066924095
0.001226902
0.0005711317
0.00084257126
0.0004441738
0.0005902052
0.00044059753
0.00032913685
0.00011253357
0.0010479689
0.0018572807
1.7046928e-05
0.0015568733
2.6226044e-06
0.00017035007
0.00018441677
0.000923872
0.0006029606
0.000113487244
0.00031852722
0.0003066063
0.0005811453
0.0006110668
1.1920929e-07
0.0015615225
0.00016641617
0.00014400482
0.00097203255
0.00016415119
8.356571e-05
0.00027143955
0.0012210608
0.00076270103
0.000108242035
0.00095140934
0.00017249584
0.0009186268
0.00062799454
8.571148e-05
0.00067555904
9.870529e-05
0.0014505386
0.00045776367
0.00050485134
0.0002425909
7.736683e-05
0.0007675886
0.0005186796
2.026558e-06
0.00087475777
2.7060509e-05
0.0004994869
0.0002169609
0.0008788109
0.0012136698
0.00047421455
0.00059366226
0.0013916492
0.0011284351
0.00017976761
0.0014457703
0.00059068203
0.00049722195
0.0007817745
0.00054717064
8.058548e-05
0.00046777725
0.0009893179
0.00040078163
0.0004582405
0.0009782314
0.00088882446
0.00015509129
0.0013921261
0.00068056583
0.0011931658
8.1419945e-05
0.00046026707
0.00013911724
0.00022494793
0.00068485737
0.001537323
0.00034475327
0.00016486645
0.00021243095
0.00070917606
0.00031626225
0.00015974045
0.00025260448
0.00041937828
0.00074875355
0.0
0.00061786175
0.0004067421
0.0010507107
0.00019943714
0.0010054111
0.00039565563
0.00071680546
0.00025236607
0.00065767765
0.0005347729
0.000116586685
0.0002272129
0.00049734116
0.00034677982
0.00048196316
0.00066769123
0.00085246563
0.00013446808
0.0004968643
0.0007863045
0.00064373016
0.00025844574
0.0014014244
0.00014221668
0.0011302233
0.00072038174
0.0004441738
8.666515e-05
0.0006465912
0.00042951107
0.0002272129
0.0014841557
0.00062024593
0.000792861
0.00040602684
0.00073063374
5.7935715e-05
0.00091922283
0.0007263422
0.00049722195
0.001313448
0.0007790327
0.0013604164
0.0015491247
0.0006814003
0.00039601326
0.0004515648
0.00017547607
0.00068712234
0.00052189827
0.00054192543
0.00029540062
0.0006338358
0.0008867979
0.00015282631
0.00032413006
0.0014220476
5.8054924e-05
0.00068855286
0.00046563148
0.0010749102
1.1205673e-05
0.0005083084
0.00043022633
0.00047171116
0.00012993813
0.0020804405
0.0005172491
0.00063216686
8.273125e-05
0.00016856194
8.4877014e-05
0.0003517866
0.00073313713
0.001365304
0.000600338
0.00049853325
0.00070393085
0.00063312054
0.0009822845
0.00064086914
0.0005418062
0.0017843246
0.0008983612
0.00028896332
0.00059330463
0.0012966394
0.00013315678
0.0005247593
0.0007929802
0.00055491924
0.0009903908
0.0
0.0009034872
0.001354456
0.00013256073
0.0009664297
0.0010143518
0.00087690353
0.0010443926
0.00082325935
0.00058710575
0.0010894537
0.00032901764
0.00011956692
0.00049459934
0.0009250641
0.0005506277
0.0001809597
0.0006030798
0.00075399876
0.0007253885
0.000320673
0.0003106594
0.00022387505
0.0007599592
0.00084245205
3.7550926e-05
0.0015573502
0.00033199787
0.0007646084
0.0013329983
0.00056636333
0.00025129318
0.00047159195
0.001786828
0.0006815195
0.00058221817
0.00029182434
0.0006188154
0.0001667738
0.00013363361
0.0002696514
0.0007351637
0.0011030436
0.001303196
0.00049102306
7.259846e-05
0.00025606155
0.00064373016
0.0005275011
5.4717064e-05
0.000115156174
0.00021719933
0.00087046623
3.2186508e-05
0.0006971359
0.00041508675
0.00057280064
0.00011134148
0.0006046295
0.00058341026
0.00087332726
0.0009009838
0.00010752678
0.00024986267
0.0003592968
0.00017881393
0.00030612946
0.00049090385
0.0010859966
0.00044631958
0.0017430782
0.0007494688
0.0005482435
0.00014221668
0.00021219254
0.0009328127
0.00087070465
0.00022768974
0.0009711981
0.0012611151
0.00010061264
0.000582695
0.0010253191
0.00021910667
0.0003851652
0.0005187988
0.0006984472
0.00072288513
0.0008432865
0.00063574314
0.0010874271
0.0009926558
0.00066804886
0.00021338463
0.00054621696
0.00074219704
2.1219254e-05
9.6559525e-05
0.00039601326
0.0010564327
0.00029551983
0.00036406517
0.00020873547
0.00046253204
0.00042557716
0.0012563467
0.00053346157
0.00013554096
0.00023055077
0.00061798096
0.0002605915
0.00047004223
0.00033712387
0.00025641918
0.00038671494
0.00063622
0.00056040287
0.0021125078
0.00013637543
0.0005580187
0.001090169
2.69413e-05
2.3841858e-07
0.0005518198
0.0005004406
0.00035119057
0.00034606457
6.067753e-05
0.00035834312
0.0005146265
0.00072562695
0.000518322
1.66893e-05
0.000695467
0.0008971691
0.0014680624
0.00045645237
0.00032162666
0.00059366226
0.00039887428
4.2915344e-06
0.002368927
1.8239021e-05
0.00039970875
0.0011287928
0.0009255409
0.0007994175
0.0009343624
0.00024998188
0.0005937815
0.0004491806
0.00043654442
0.0005722046
0.0005400181
0.0005272627
0.00065910816
0.00026535988
0.0005964041
0.000688076
0.00043082237
0.000177145
0.0003131628
0.0008676052
0.00020313263
0.00046813488
0.00028550625
0.00028383732
0.00020253658
0.00072324276
0.00054323673
0.0013272762
8.440018e-05
0.0007662773
0.000233531
0.0004724264
3.4451485e-05
0.0001988411
0.00013649464
0.00029957294
0.0015743971
0.00044357777
0.0010967255
0.00071692467
0.00033807755
0.0014314651

0.030342221
0.023737669
0.03816724
0.042443395
0.034906507
0.034674406
0.025247216
0.024081588
0.02607584
0.028090954

