0.01673925
0.00836277
0.006706953
0.0056060553
0.026026607
0.0037344694
0.0063796043
0.006477356
0.012316346
0.00816977
0.010947585
0.008733749
0.00767982
0.00912559
0.007988453
0.003545165
0.007805109
0.009818077
0.01779604
0.011357307
0.004037142
0.008542299
0.005316615
0.008805513
0.011800766
0.012801886
0.017188668
0.015342474
0.010764599
0.0056704283
0.009332657
0.012194276
0.0154441595
0.012273431
0.0058277845
0.0133446455
0.0069532394
0.041560292
0.0033841133
0.020429492
0.013992667
0.010738611
0.008437395
0.019156814
0.017718196
0.01563251
0.007883668
0.003061533
0.0070996284
0.016697764
0.011323333
-0.00058174133
0.0034291744
0.011045694
0.013194323
0.005278945
0.01062274
0.008758187
0.0077973604
0.0160321
0.0067203045
0.012317896
0.0029361248
0.012820482

0.010284662
0.0091784
0.0013430119
0.000823617
0.0050110817
0.017353415
0.017049074
0.01539886
0.04306078
0.02360487
0.013058543
0.0048896074
0.016992807
0.003644824
0.016174912
0.014874816
0.022395015
0.012300968
0.007899642
0.0035556555
0.008880496
0.011443734
0.012027025
0.011328697
0.006473422
0.025664091
0.021129131
0.004083872
0.007977843
0.0359174
0.005362749
0.0011188984
0.0048065186
-1.9073486e-06
0.01369524
0.015191317
0.017816067
0.013772845
0.0063346624
0.008660555
0.00042259693
0.007949829
0.008116126
0.008149147
0.014979839
0.015161514
0.019269705
0.017496943
0.009776235
0.01409781
0.012307644
0.005751729
0.025949717
0.01393199
0.0020631552
0.0033437014
0.010315418
0.0032122135
0.012337565
0.0042920113
0.016324043
0.009546161
0.00038421154
0.03216207

0.0063159466
0.0027310848
0.001439929
0.0024318695
0.0043337345
0.013922095
0.0080212355
2.3007393e-05
0.009160757
0.0049607754
0.006795168
0.0022342205
0.0021766424
1.4066696e-05
3.0398369e-05
0.020613313
0.005948782
0.011854529
0.007085681
0.0076680183
0.0016701221
0.006289363
0.0070809126
0.00451982
0.014386177
0.0026677847
0.0076431036
0.0122100115
-1.04904175e-05
0.00895679
0.0014533997
0.0014512539
0.006170392
0.009143233
-1.4305115e-06
0.011222839
0.006758213
0.0006901026
0.0129698515
0.005717516
0.0041695833
0.0012462139
0.009902716
6.222725e-05
5.2928925e-05
0.011118412
0.0074739456
0.0012286901
0.00970757
0.00993979
0.00412333
-5.7816505e-05
0.007232666
0.0063022375
0.0033134222
0.0045882463
0.011381984
0.0040023327
0.0054695606
0.0040984154
0.016746283
0.007855892
0.0054928064
3.4332275e-05
0.012383223
0.002256155
0.0009660721
0.0030902624
-6.3180923e-06
0.008509755
0.006159544
0.0046024323
0.0006817579
0.010268331
0.005418539
0.007093191
0.0049774647
0.0069731474
0.008131862
0.004086733
0.0042455196
0.010591149
0.002895236
0.010544777
0.0055348873
0.0032144785
0.0027775764
0.005881667
0.0015044212
-1.513958e-05
0.013168693
0.0073754787
0.007640362
0.018815637
0.006690383
0.004622221
0.0017383099
0.0042955875
0.011004567
0.00019848347
0.010613322
0.004665494
0.010192156
0.0068246126
0.0077028275
0.007454872
0.004858613
0.0110446215
-1.5854836e-05
0.005134344
0.0020567179
0.0043640137
0.0068240166
0.006081581
0.007772088
0.0036040545
0.003870964
0.0030103922
0.011874437
9.894371e-06
0.0087685585
0.008049965
0.013890624
0.0073672533
0.0033060312
0.005552888
0.008348465
0.009695768

0.009341717
0.005099416
0.0028675795
0.0064657927
0.00040483475
0.008210897
0.0053038597
0.00073230267
0.0021128654
0.0057697296
0.0028176308
0.012367487
0.006352186
0.004704833
0.0017734766
0.0034006834
0.0055361986
0.0056140423
0.0045238733
0.000819087
0.007239938
0.015467644
0.016837478
0.009940147
0.0047625303
0.0015563965
0.0046998262
0.0045827627
0.0033363104
0.013676763
0.008183718
0.0030212402
0.008247495
0.0067517757
0.0033679008
0.019022942
0.0024297237
0.0025570393
0.004314542
0.008288503
0.013209224
0.0050091743
0.0018861294
0.008738279
0.008974791
0.010774255
0.009011149
0.0038942099
0.004351616
0.0015928745
0.0043729544
0.009465814
0.0022752285
0.010504961
0.0056997538
0.004833102
0.009760499
0.006080866
0.0044101477
0.0044950247
0.0047956705
0.005815506
0.0036705732
0.009064913
0.0052274466
0.0037953854
0.0013172626
0.0054602623
0.00790596
0.00016570091
0.0059353113
0.0059279203
0.00968194
0.005239129
0.0025644302
0.00020194054
0.0062639713
0.0014259815
0.00564301
0.0030921698
0.008861899
0.009459615
0.0032781363
0.0016741753
0.0052576065
0.0047881603
0.008279085
0.00922358
0.00998199
0.0045018196
0.0023248196
0.012722373
0.005105257
0.005721092
0.003161192
0.008837104
0.0046736
0.0098644495
0.004207015
7.092953e-05
0.016669393
0.0025650263
0.0056005716
0.013019204
0.005447626
0.0115612745
0.012585044
0.010062337
0.0073149204
0.0030462742
0.0038503408
0.0056909323
0.0019087791
0.004935503
0.005228281
0.0062862635
0.0073518753
0.003854394
0.003323555
0.0036404133
0.0027552843
0.0014115572
0.0041484833
0.00019693375
0.0022650957
0.002531886
0.014368296
0.017624378

0.0030049086
0.0047613382
0.0035623312
0.0030382872
0.0033205748
0.0036671162
0.00083196163
0.0032875538
0.0046007633
0.0039434433
0.0055447817
0.004965067
0.0027924776
0.0022249222
0.0032135248
0.0017944574
0.0021915436
0.0027472973
1.335144e-05
0.0040768385
0.0018315315
0.0032647848
0.0034025908
0.0013132095
2.7775764e-05
0.0043150187
0.002886653
0.0011949539
0.0037665367
0.0033205748
0.0027776957
0.0009875298
0.0023363829
0.0034019947
1.4424324e-05
0.0033051968
0.0042407513
0.00054204464
0.00096976757
0.003931999
0.00021529198
0.0020487309
0.0058739185
0.0028835535
0.0014750957
0.006008625
0.00013935566
0.0028953552
0.000104665756
0.003938198
0.0009870529
0.008140445
1.9073486e-06
0.0053260326
0.0035551786
0.0009448528
0.0041947365
0.0060839653
0.00027680397
0.003410697
0.0013172626
0.0040453672
0.0032474995
0.0044947863
0.0040299892
0.0031766891
0.0033243895
1.5735626e-05
0.0012133121
0.004991889
0.0034677982
0.004228115
0.0023818016
0.0031278133
0.00094377995
0.0048593283
0.0040454865
0.0030338764
0.00021398067
0.0047678947
0.0014381409
0.0068137646
0.0050200224
0.004340887
0.002159834
0.0010969639
0.0031468868
0.005611539
0.004812956
0.00010895729
0.0029084682
0.00021374226
0.0029678345
0.0010640621
0.003600359
0.0027821064
6.937981e-05
0.0004566908
0.00091695786
0.0008456707
0.0019367933
0.001152277
0.0035835505
0.005482435
0.0030149221
0.0004426241
0.00038957596
0.0011336803
0.0046314
0.0027714968
0.006197214
0.0020114183
0.0021293163
0.0044116974
0.0028432608
0.004741192
0.0031155348
0.0010569096
0.0030640364
0.0018630028
0.002789259
0.005072713
0.0062776804
0.0024278164
0.002705574
0.0036127567
0.0047086477
0.0024416447
0.007589102
0.0034359694
0.00024819374
0.006899476
0.0046668053
0.00024616718
0.0035173893
0.0023149252
0.00075626373
0.00081562996
6.1273575e-05
0.0014721155
0.0039556026
0.003021717
9.23872e-05
0.0029087067
0.0023839474
0.00488925
0.0031604767
0.004077196
0.006131768
0.0011959076
0.0021785498
0.0035717487
0.0049256086
0.0032402277
0.003591776
0.0032246113
0.0034320354
0.0074629784
0.0035165548
0.005215645
0.00013768673
0.0030514002
0.0040864944
0.002380371
0.0029375553
0.0017997026
0.0012508631
0.002930522
0.0036227703
0.008236766
0.005676508
0.0012749434
0.0016782284
0.0027222633
-5.1259995e-06
0.0057520866
0.004557371
0.0029643774
0.004925728
0.0045593977
0.00046122074
0.0011811256
0.0038579702
0.0028545856
0.0048971176
0.0029336214
0.0031859875
0.002331376
0.005451679
0.00058436394
0.004723549
8.678436e-05
0.0031700134
0.0034581423
0.004161477
7.605553e-05
0.0013123751
9.179115e-06
0.00602901
0.002475381
0.007086754
-3.5762787e-07
0.004915118
0.0026466846
0.0006158352
0.0014986992
0.0017784834
0.004002571
0.002041459
0.0016098022
0.0029433966
0.00400877
0.0051822662
0.005942583
0.0018200874
-5.1259995e-06
0.004523039
0.0051472187
0.0048214197
0.00434947
0.0027829409
0.00090527534
0.0074187517
0.005895257
1.8000603e-05
0.0038056374
0.0025039911
0.0019211769
0.002972126
0.001268506
0.0052473545
0.0034023523
0.0020099878
0.0056254864
0.0005879402
0.00047886372
0.0046936274
0.0036901236
0.0014053583
0.0004823208
0.0032998323
0.0029011965
0.0019763708
0.0032805204
0.0013930798
0.006371498
0.005752325
0.0025297403
0.001193881
0.0033971071
0.00090277195
0.00090658665
0.004241228
0.0055166483
0.0024330616
0.006116271

0.0014243126
0.0044459105
0.0012956858
0.00077044964
0.0029141903
0.0027173758
0.0035020113
0.00084733963
4.9471855e-05
0.002535224
0.004458189
0.0026131868
0.0038238764
0.004533887
0.0035392046
0.0032935143
0.004268527
0.004843712
0.00038552284
0.0036724806
0.0011261702
0.0020757914
0.003489852
0.0032573938
0.0030155182
0.003766656
0.0027064085
0.0034776926
0.0024000406
0.00023329258
0.0029221773
0.003400445
0.00014936924
0.003636241
0.003599286
0.0036928654
0.0019552708
0.0015311241
0.0058927536
0.0019985437
0.0048514605
0.004282117
0.0022114515
0.0005546808
0.000346303
0.0015450716
0.0027388334
0.0021104813
0.004224539
0.003058672
0.00424242
0.0020654202
0.0058162212
5.6028366e-05
0.0005491972
0.0027023554
0.0048298836
0.0039082766
0.0026630163
0.0018318892
0.0046281815
0.0022383928
0.0032037497
0.0020514727
0.00055480003
0.0020940304
0.0036286116
0.00759089
0.0019077063
0.0043559074
0.0019381046
0.0021538734
0.0024949312
0.0024347305
0.0031721592
0.00067162514
3.7789345e-05
0.0009688139
0.00064229965
0.0057783127
0.0011037588
0.0021568537
0.002606392
0.003025055
0.0036135912
0.0051021576
0.005112171
2.7894974e-05
0.00030720234
0.0045981407
0.0032262802
0.0034701824
0.0006376505
0.0023373365
0.0035022497
0.002102971
0.0039464235
0.0023907423
0.005482316
0.00647974
0.0043325424
0.0021582842
0.0002169609
0.0007369518
0.0014032125
0.0009099245
0.0048550367
0.0027922392
0.0040853024
0.005117178
-2.0384789e-05
0.0032969713
0.0047773123
7.379055e-05
0.004390478
0.004686594
0.002839923
0.00054872036
0.004376173
0.007384777
0.0043935776
0.0018727779
0.0019102097
0.0025140047
0.0049101114
0.0059384108
0.0040379763
0.005478978
0.0031454563
0.0031036139
0.0013276339
0.0042788982
0.0009768009
0.0041177273
0.0037134886
0.0028036833
0.0018450022
0.0045723915
0.0020763874
0.00014925003
0.0047067404
0.0049015284
0.0005891323
0.004846692
2.8133392e-05
0.0034799576
0.002413392
0.0039292574
0.0057018995
0.0047398806
0.00440526
0.0037027597
0.0048321486
0.0022701025
0.0028108358
0.0039077997
0.00096309185
0.0053515434
0.0027457476
0.002167344
0.0046180487
-2.3126602e-05
0.002151966
0.0065773726
0.0038255453
3.1113625e-05
0.002854228
0.0025205612
0.0032714605
0.005764723
0.0031571388
0.0028612614
0.004060507
0.0036716461
0.0028073788
0.00086033344
0.0022161007
0.0042545795
0.006278038
0.0030542612
0.0019638538
0.0020387173
0.00081801414
0.004176259
0.0010128021
0.0020837784
0.0025476217
0.0064519644
0.0059444904
0.0024758577
0.0063192844
0.00089609623
0.0019717216
0.0032089949
0.0037038326
0.0035264492
0.0046104193
0.0012346506
0.0020401478
0.001747489
0.004436016
0.007451415
0.0028026104
0.0043025017
0.0017675161
0.0014494658
0.0010204315
0.0013359785
0.0034145117
0.00081813335
0.003185749
0.0016851425
0.0055139065
0.005449772
0.0026572943
0.0047403574
0.002234459
0.0018382072
0.0050929785
0.0033239126
0.004732251
0.00667572
3.695488e-06
0.00023341179
0.0037435293
0.004798889
0.003175497
2.503395e-06
0.0039651394
0.003619194
0.00093972683
0.0038460493
0.004345417
0.00034868717
0.004160404
0.0022872686
0.005355358
0.0027229786
0.0017141104
0.0015155077
0.004544139
0.0003412962
0.009496212
0.0029002428
0.0015426874
0.0047820807
0.001858592
0.0011366606
0.0040011406
0.0022574663
0.005829215
0.0019989014
0.0020222664
0.00304389
0.0050475597
1.7404556e-05

0.0014179945
0.0010732412
0.0014874935
0.00093758106
0.0014284849
0.003064394
0.0034316778
0.0020577908
0.0035431385
0.00072717667
0.004275918
0.0057173967
0.0030186176
0.00063478947
0.0038588047
0.0049313307
0.0043697357
0.0030971766
0.003140211
0.0049825907
0.0035459995
0.00027263165
0.0023680925
0.0009368658
0.0041595697
0.0025399923
0.0045176744
0.0027843714
0.0005669594
0.005111575
0.00625515
0.00048041344
0.0024315119
0.005427718
0.0043553114
0.0028823614
0.004263282
0.0016365051
0.00517869
0.0030926466
0.0033118725
0.0031334162
0.0005918741
0.005546689
0.00453794
0.00020468235
0.004723072
0.0011173487
0.0048400164
0.0033179522
0.0030663013
0.0029610395
0.004331231
0.007278323
0.0050987005
0.004306555
0.0014936924
0.0039036274
0.0043343306
0.0022747517
0.0020967722
0.00474
0.0021984577
0.0017633438
0.0018761158
0.0016475916
0.0031763315
0.0029166937
0.0026435852
0.004679084
0.0022531748
0.003908992
0.0039503574
0.00010287762
0.0024559498
0.0004390478
0.002497077
0.00257802
0.002376914
0.00217247
0.003620863
0.00043714046
0.0046139956
0.0013965368
0.0035346746
0.005079627
0.0020657778
0.00076162815
0.0019648075
0.0036400557
0.0047613382
0.0005558729
0.000857234
0.00040459633
0.0020500422
0.0026490688
0.0022987127
0.00025773048
0.005547762
0.004832387
0.0024089813
0.0033544302
0.00497818
0.00635612
0.0027656555
0.0061912537
0.0021064281
0.0018770695
0.0021398067
0.004613757
0.00198102
0.000101447105
0.0010794401
0.004400015
0.0052404404
0.0035407543
0.0014226437
0.003409028
0.0048732758
0.0010040998
0.0040392876
0.005313158
0.00026106834
0.002918005
0.0013343096
0.0043810606
0.0012600422
0.0015962124
0.0059121847
0.00045907497
0.0062043667
0.0019088984
0.00670135
0.0006710291
0.00093472004
0.004046321
0.0055657625
0.0027751923
0.0002874136
0.0006817579
0.004053235
0.0030561686
0.003136754
0.0064104795
0.00124681
0.0013737679
0.0018157959
0.0010085106
0.001986146
0.0019509792
0.00025069714
0.0035306215
0.005001664
0.0045039654
0.0038487911
0.0059758425
0.006106138
0.0049886703
0.0040938854
0.004744768
0.0036598444
0.003612876
0.0034073591
0.0029366016
0.0016008615
0.0036574602
0.0033899546
0.0009275675
0.0039150715
0.0037138462
0.0024898052
0.0032820702
0.0015211105
0.0026546717
0.002047658
0.005548477
0.0023037195
0.0019568205
0.0050914288
0.0013781786
0.0035665035
0.002828002
0.0036827326
0.0022056103
0.001938343
0.0062390566
0.0038448572
0.003819704
0.0060374737
0.0015617609
0.0045952797
0.003141284
0.0045990944
0.0026414394
0.002908945
0.0013593435
0.0034309626
0.0015689135
0.00058186054
0.0038437843
0.0055708885
0.0030641556
0.0016322136
0.0020189285
0.004009366
0.004131794
0.00056004524
0.00478065
0.00303483
0.0008456707
0.003602028
0.0033228397
0.0011483431
0.0055681467
0.0043969154
0.0018696785
0.0036666393
0.002055049
0.002701044
0.0048868656
0.0028814077
0.0045939684
0.005433798
0.003993869
0.0015127659
0.0022066832
0.0015677214
0.004221678
0.0008354187
0.0040290356
0.0026135445
0.0016344786
0.0020724535
0.0020797253
0.0006053448
0.00398612
0.0038284063
0.0024405718
0.002871275
0.0039634705
0.0009930134
0.0020736456
0.0033459663
0.002714038
0.0009139776
0.0029429197
0.00069379807
0.0011057854
0.0022245646
0.0005556345
0.003614068
0.003115654
0.0015027523
0.0017946959
0.0043535233
0.009882331

0.0005450249
0.0023430586
0.00032258034
0.0033562183
0.0012594461
0.00026524067
0.000654459
0.0020889044
0.0022466183
0.0006389618
0.00014770031
0.000852108
0.00019526482
0.0003913641
0.0017982721
0.0014423132
0.0015537739
0.0011249781
0.0016937256
0.0042330027
0.002921939
0.0013661385
0.002001524
0.0019079447
0.003273487
0.00076556206
0.0022764206
0.0026279688
0.0024216175
0.0017883778
0.0010293722
0.0007249117
0.00111866
0.0014201403
0.0005964041
0.0007798672
0.0010875463
0.002312541
0.0011649132
0.0013637543
0.002439022
0.0010610819
0.0018308163
0.0011222363
-8.034706e-05
0.00066256523
0.0003453493
0.0014462471
0.0009653568
0.0021430254
0.0023952723
0.0009710789
0.0017774105
0.0020054579
0.0013329983
0.0012562275
0.0009965897
0.0026706457
0.0016114712
0.0005686283
0.0006535053
0.0016028881
0.0012170076
0.0014431477
0.0024172068
0.0005021095
0.00011777878
0.0003361702
0.0016627312
0.0018123388
0.002321601
0.0018347502
0.0006984472
0.0005567074
9.4771385e-05
0.0018123388
0.0015799999
0.0013548136
0.0014777184
0.00014197826
0.002487421
4.4822693e-05
0.0025851727
0.0022803545
0.0005928278
0.0010290146
0.0005326271
0.0009365082
0.0014203787
0.0025092363
0.0008094311
0.0031409264
0.00056278706
0.0018519163
1.6450882e-05
0.00094389915
0.0007556677
0.0016655922
0.0025336742
0.0027302504
0.0032635927
0.00066268444
0.0022394657
0.000729084
0.0008263588
0.0018463135
0.0010664463
0.0027749538
0.0020275116
0.0021021366
0.0022376776
0.0020143986
0.0005772114
0.00045883656
0.0018912554
0.0018926859
0.0004503727
-5.00679e-06
0.0017650127
0.0016525984
0.0009409189
0.0013866425
0.00041365623
0.0005455017
0.0025224686
0.00062036514
0.0017391443
0.0011661053
0.00043928623
0.0014170408
0.001668334
0.002338767
0.0019898415
0.0028738976
0.0020394325
0.00070524216
0.0018129349
0.0011277199
0.0025660992
0.0016955137
0.001172781
0.0024571419
0.002336502
0.0013161898
0.0013155937
0.00078988075
0.0009120703
0.0009778738
0.0019892454
0.0012354851
0.0009262562
0.0022274256
0.0002529621
0.0010004044
0.00031280518
0.0013766289
0.0027643442
0.0007380247
0.00065231323
0.0017776489
0.00038027763
0.0019148588
0.001508832
0.002010107
0.0009602308
0.0008940697
0.001721859
0.0009109974
0.00084400177
0.00038409233
0.00268507
0.00083470345
0.0021122694
0.0019809008
0.0017678738
0.0027261972
0.0011094809
0.001219511
0.0017120838
0.0012898445
0.0013834238
0.00084507465
0.00075674057
0.0012921095
0.00032377243
0.0025105476
0.00066673756
0.00075626373
0.00013971329
0.0019208193
0.0004441738
0.0024502277
0.002158761
0.0011146069
0.0010757446
0.0022712946
0.0018670559
0.0034134388
0.0021079779
0.0026644468
1.5258789e-05
0.0010945797
0.0017697811
0.0014280081
0.0012105703
0.00041484833
0.0014588833
0.002334714
0.003475666
0.0014023781
0.0020202398
0.0032693148
0.0019179583
0.00015413761
0.0019465685
0.00055897236
0.0015977621
0.0015543699
0.0011059046
0.00082075596
0.001156807
0.0016679764
0.0035239458
0.0009595156
0.00010704994
0.001796484
0.0015354156
0.0013332367
0.0016913414
0.002350688
0.0014481544
0.00031363964
0.00020456314
0.00088107586
0.001188159
0.00087082386
0.0028814077
0.0029377937
0.0005996227
0.000104784966
0.003857851
0.002499938
0.0012919903
0.0026168823
0.0011683702
0.0025422573
0.0014675856
0.0014894009
0.001562357
0.0010566711
0.0020099878
0.0012258291
0.0025757551
0.0012308359
0.0018018484
0.0027104616
0.0025231838
0.0009974241
0.0021942854
0.0011495352
8.738041e-05
7.390976e-06
0.0025740862
0.00042641163
0.001413703
0.0021315813
0.00070142746
0.00131917
0.0021574497
0.00030076504
0.0014902353
0.00021731853
0.002102375
0.0010660887
0.0018076897
0.0012302399
0.0017194748
0.0013359785
0.001555562
0.0032738447
0.00041043758
0.0004415512
0.002097249
0.00027871132
0.0013064146
0.0027298927
0.0004335642
0.001249671
0.002751708
0.0022575855
0.0011922121
0.0009083748
0.0013257265
0.00076937675
0.0025355816
0.00055003166
0.0007479191
0.00042796135
0.0026365519
0.0011174679
0.00034034252
0.00016522408
0.0009973049
0.0015231371
-1.3589859e-05
0.0002746582
0.001707077
0.0016220808
0.0016300678
0.0018204451
0.0027257204
0.00023889542
0.0023950338
0.0016691685
0.0016249418
0.0017192364
0.00227499
0.0019575357
0.0014702082
0.0013387203
0.002149582
0.00014233589
0.0005059242
0.002588272
0.0020791292
0.0013973713
0.0020382404
0.0018687248
0.001916647
0.0017808676
0.0018596649
0.0017563105
0.002641201
0.0017412901
0.0013507605
0.00043547153
0.0012145042
0.0015138388
0.0014650822
0.0011219978
0.0006570816
0.0010886192
0.00093221664
0.0019292831
0.0014284849
0.0009087324
0.00013041496
0.00016772747
0.00031757355
0.0004068613
0.0013452768
0.0024309158
0.0012671947
0.0021119118
0.0025644302
0.002247572
0.0012331009
0.0015553236
0.0019097328
0.0003350973
0.0018457174
0.0014703274
0.00029361248
0.001541853
0.00085163116
0.003200531
0.00069367886
0.0012767315
0.0012449026
0.0017799139
0.0020895004
0.0021517277
0.00092732906
0.0021637678
0.0034042597
0.0013267994
0.0013027191
0.00047183037
0.0013072491
0.0008971691
0.0009868145
0.0018692017
0.0012818575
0.0011194944
0.0012648106
0.0018587112
6.890297e-05
0.002283454
0.0014503002
7.212162e-05
0.0025986433
0.0012681484
0.0017881393
0.00059473515
0.001894474
0.0010238886
0.00041866302
0.00079619884
0.001298666
0.0011956692
0.0018136501
0.00016772747
0.0007864237
0.0026896
0.0008889437
0.0024397373
0.0027076006
0.0019241571
0.002740264
0.0016661882
0.0022934675
0.0017001629
0.00085806847
0.0009647608
0.0016494989
-2.6345253e-05
0.0007276535
0.0021406412
0.0005104542
0.001475811
0.0021383762
0.0004864931
0.0002835989
0.0012977123
0.0025531054
0.0017046928
0.0017852783
0.0013120174
0.00244987
0.0030997992
0.00088727474
0.0026272535
0.0010972023
0.00029051304
0.0016710758
0.0010277033
0.00309062
0.0003259182
0.001957059
0.00027179718
0.0023111105
0.0014097691
0.0008209944
0.0020139217
0.0007611513
0.0019600391
0.00016796589
0.0018463135
0.0020201206
0.0013740063
0.0016812086
0.0004529953
0.002538085
0.0012698174
0.0021220446
0.0013269186
0.0013821125
0.0022108555
0.00022029877
0.0028944016
0.0026789904
0.0028409958
0.0025320053
0.0022524595
0.0022095442
0.00066149235
0.00072073936
0.0028463602
2.6226044e-05
0.0025254488
0.0016247034
0.0024098158
0.0012438297
0.0021978617
0.0016471148
0.0014705658
0.0016556978
0.0022666454
0.002084732
0.0025063753
0.00055491924
0.0020877123
0.0018668175
0.00027382374
0.0018569231
0.00030350685
0.0023026466
0.0020570755
0.0028533936
0.0009819269
0.0015375614
0.0018224716
4.041195e-05
0.0011403561
0.0019750595
0.00096416473
0.001435399
0.0023629665
0.0029978752
0.0010459423
0.00072693825
0.0020884275
0.0013803244
0.0016106367
0.0006992817
0.00023627281
0.002090931
0.00018978119
0.0026255846
0.0022536516
0.0009974241
0.0025588274

0.0024049282
0.0011683702
0.0017558336
0.0018992424
0.0020570755
0.0010057688
0.0025919676
0.0011548996
0.0035367012
0.00026798248
0.0015873909
0.0004990101
0.0011000633
0.0013825893
0.0016220808
0.0008957386
0.001568675
0.0012574196
0.002858758
0.0018194914
0.002716899
0.00015592575
0.0015166998
0.001199007
0.0022730827
7.259846e-05
0.0009886026
0.0013343096
0.0024596453
0.0012085438
0.0018106699
0.0008267164
0.0012302399
0.0027413368
0.0017749071
0.0021117926
0.0017141104
0.00013303757
0.0016969442
0.0016700029
0.001419425
0.0016263723
0.0012704134
0.0012495518
0.0015064478
0.0012023449
0.00017130375
0.00064468384
0.0005970001
0.0020712614
0.0008971691
0.0013940334
0.001578331
0.0016111135
0.001594305
0.002024293
0.0006066561
0.001917243
0.002400875
0.0022038221
0.0018721819
0.0011949539
0.0014734268
0.002448678
0.0022087097
0.0009354353
0.0022662878
0.0031528473
0.001547575
0.00089502335
0.0013840199
0.0012406111
0.0015972853
0.001614809
9.417534e-06
0.00076818466
0.0023517609
0.0014597178
0.0017240047
0.002059579
0.000816226
0.0009829998
0.0015492439
0.0014888048
0.0012629032
0.0013178587
0.001311183
0.0028703213
0.0015883446
0.0011570454
0.0012907982
0.0008918047
0.0018992424
0.001614213
0.00065362453
0.0026085377
0.000931859
0.0013386011
0.0009710789
0.0012062788
0.00023794174
0.001227498
0.00089395046
0.0013417006
0.0021996498
0.0029921532
0.00012397766
0.0015799999
0.0016012192
0.0012687445
0.00048577785
0.00092351437
0.0019927025
0.0028692484
0.001096487
0.0006990433
0.002167821
0.001896739
0.0019158125
0.0024417639
0.002676487
0.000741601
0.0015859604
0.0013638735
0.0021110773
0.0025559664
0.00083720684
0.00058567524
0.0010330677
0.0023686886
0.00022733212
0.0023447275
0.00047171116
0.0013748407
0.0023868084
0.0011137724
0.0012996197
0.0022845268
0.001806736
0.00087440014
0.0016363859
0.001912117
0.0015492439
0.0015560389
0.0019583702
0.0011506081
0.0018174648
0.0021682978
0.002028346
0.0023901463
0.0014280081
0.0019522905
0.00045990944
0.0021150112
0.0018572807
0.0028949976
0.0014086962
0.0014115572
0.0013525486
0.0020121336
0.00017726421
0.0022457838
0.0010690689
0.0010589361
0.0010932684
0.0014505386
2.348423e-05
0.0013785362
0.0021580458
0.0013513565
0.00019156933
0.00019001961
0.00018882751
0.00091814995
0.001324296
0.0018850565
0.0014613867
0.001146555
0.0017644167
0.0019967556
0.00079119205
0.001842022
0.0010551214
0.0012550354
0.00071549416
0.0006104708
0.002557516
0.0018247366
0.0011950731
0.00058078766
0.0010486841
0.0011435747
0.0029021502
0.0009112358
0.0006290674
0.0018829107
0.001506567
0.0006775856
0.0027557611
0.0014253855
0.00077831745
0.0010403395
0.0012435913
0.0006905794
0.002121091
0.00071287155
0.00039875507
0.0017588139
0.0008302927
0.0023021698
0.0015720129
0.0015921593
0.0007084608
0.0019235611
0.0010559559
0.0015178919
0.0010039806
0.0013110638
0.0013792515
0.0018343925
0.0020142794
0.0008612871
0.0005042553
0.0030126572
0.00093734264
0.0023040771
0.0012862682
0.0014973879
0.0022006035
0.0014935732
0.0010863543
0.00083470345
0.0007224083
0.0027741194
0.00040626526
0.0021557808
0.0018761158
0.0019893646
0.0018153191
0.0015376806
0.0019688606
0.00089383125
0.0019142628
0.0016051531
0.0024307966
0.0014709234
0.0017063618
0.00018906593
0.00134027
0.0005632639
0.0014433861
0.0016491413
0.0019054413
0.00066661835
0.0021100044
0.0020267963
0.0023623705
0.0016590357
0.0010281801
0.0018980503
0.0010371208
0.0014896393
0.0006426573
0.0016191006
0.0014966726
0.00063431263
0.0009162426
0.001333952
0.00077593327
0.0013045073
0.0019334555
0.0005224943
0.001172185
0.0012257099
0.0009806156
0.00047183037
0.0004771948
0.0014737844
0.0015585423
0.0005993843
0.001527667
0.0026811361
7.593632e-05
0.0005095005
0.0018011332
0.0017927885
0.0022511482
0.0011777878
0.0018725395
0.0006996393
0.0018544197
0.0019578934
0.0015888214
0.00020349026
0.0020610094
0.002194643
0.0014864206
0.0017825365
0.00097322464
0.0018759966
0.001982689
0.001060605
0.0019500256
0.00081801414
0.00060749054
0.00067305565
0.0029398203
0.0018770695
0.0025570393
0.0027508736
0.001314044
0.0012300014
0.0020436049
0.0008665323
0.00215137
0.0015406609
0.00012886524
0.0007548332
0.0013844967
0.0017527342
0.0011422634
0.0011379719
0.0009291172
0.0016237497
0.0022748709
0.0026893616
0.00221169
0.0022646189
0.0006364584
0.00089776516
0.002775669
0.002144456
0.0012089014
0.00020897388
0.0012054443
0.00038421154
0.0032045841
0.00081539154
0.00035095215
0.00043964386
0.0005713701
0.00067925453
0.0010193586
0.001943469
0.0015659332
0.0020501614
0.00031244755
0.0006104708
0.0005327463
0.0015890598
0.0011657476
0.00081443787
0.0010740757
0.0025939941
0.0034434795
0.0015218258
0.00275743
0.0020112991
0.0020794868
0.00011742115
0.0023548603
0.0023264885
0.0023475885
0.0026025772
4.6491623e-05
0.0007367134
0.00056540966
0.0022149086
0.0015888214
0.000954628
0.00024712086
0.0008481741
0.000436306
0.00077700615
0.0022058487
0.0011518002
0.0022785664
0.0012859106
0.0016901493
0.0011899471
0.002185583
0.000993967
0.001773715
0.0015909672
0.00055253506
0.0028409958
0.0017570257
0.001090765
0.0016647577
6.9499016e-05
2.9563904e-05
0.0019181967
0.000108122826
0.0014127493
0.0012352467
0.0017427206
0.00041997433
0.0012550354
0.0026512146
0.001598835
0.001105547
0.0010410547
0.0006415844
0.0009782314
0.0014401674
0.0008057356
0.0029560328
0.0023556948
0.0004734993
0.0005398989
0.0011383295
0.0016872883
0.0015366077
0.0014134645
0.0015438795
0.0010974407
0.0010428429
0.00021159649
0.0024377108
0.0014269352
0.00302279
0.002784133
0.00096189976
0.001227498
0.0015496016
0.00024342537
0.00092065334
0.0013494492
0.002199769
0.0020436049
0.00023043156
0.002612114
0.0010558367
0.0022394657
0.0011328459
0.0016459227
0.00020456314
0.0023009777
0.0011130571
0.002020955
0.00076818466
0.0020159483
0.0018841028
0.0017755032
0.0015895367
0.0015393496
0.0012180805
0.00072062016
0.00012874603
0.0022078753
0.0015389919
0.0017869473
0.0007266998
0.0028915405
0.002467513
0.0033288002
0.0013738871
0.002381444
0.002067566
0.0012972355
0.0028572083
0.0020862818
0.0010149479
0.0016275644
0.0006855726
0.0014052391
0.0024815798
0.0012142658
0.0027236938
0.0009778738
0.0015621185
0.0015040636
0.0021640062
0.0017443895
0.0017169714
0.0012559891
0.0005271435
0.0010589361
0.0002424717
0.0017213821
0.0011715889
0.0013735294
0.000992775
0.00075495243
0.0014173985
0.0025354624
0.0007305145
0.0015778542
0.0017914772
0.0014352798
0.0021640062
0.0011074543
0.0008608103
0.00041401386
0.00010895729
0.0025066137
0.0007464886
0.0013239384
0.0019221306
0.00049841404
0.0014590025
0.0015188456
0.002389431
0.002424717
0.0010963678
0.002235055
0.0011167526
0.0022556782
1.9192696e-05
0.0009788275
0.0011333227
0.0011576414

0.0057407618
0.00028562546
0.00043964386
0.00064337254
0.0022262335
0.0008317232
0.0025161505
0.0042726994
0.0031933784
0.00031208992
0.0015479326
0.0032452345
0.0006033182
0.00024056435
0.0029674768
0.00079238415
0.0013995171
0.0031745434
0.0009239912
0.0010142326
0.0015228987
0.00012743473
0.0048288107
0.00066530704
0.0019960403
0.0004748106
0.0015932322
0.00044488907
7.033348e-06
0.0026519299
0.0017344952
0.00043272972
0.0005068779
0.004094124
0.0005197525
0.0004117489
0.00018310547
0.00019681454
0.004234314
0.0022803545
0.001886487
0.0012774467
0.00034284592
8.940697e-05
0.00066256523
0.001018405
0.00053834915
0.0012722015
0.00043857098
0.00018286705
0.0005993843
0.00063431263
0.00050103664
0.00048792362
0.004558444
0.0021526814
0.0017963648
0.0011628866
0.0008587837
0.00097310543
0.0005147457
0.001364708
0.00013291836
0.0002554655
0.00031399727
0.0004105568
0.0003950596
0.0002411604
0.00038802624
0.0010528564
0.0008351803
0.0001654625
0.0010299683
0.0016043186
0.0007687807
8.6307526e-05
0.00013554096
0.0010713339
0.0024662018
0.001124382
0.0029500723
0.0018965006
0.00019419193
0.00101161
0.00032949448
0.00063192844
0.000677824
0.002003789
0.0017659664
0.0014895201
0.0006120205
0.0030578375
0.003348112
0.0010246038
0.00091028214
0.00082707405
0.0015192032
0.0008627176
0.0025429726
0.00020945072
8.845329e-05
0.00075268745
0.0008969307
0.0024235249
0.0001718998
0.00053310394
0.003413558
0.001954198
0.0012880564
0.00037181377
0.0032503605
0.00025117397
0.00031673908
0.00088202953
0.0052809715
0.0050137043
8.08239e-05
0.0005699396
0.0013633966
9.226799e-05
0.0013672113
0.00062441826
0.000100016594
0.002330184
0.00024974346
0.00064611435
0.0006636381
0.0013277531
0.0007623434
0.0004389286
6.866455e-05
0.0002219677
0.0016338825
0.0016133785
0.0006812811
0.0015363693
0.0011867285
0.000238657
0.0018658638
0.0006082058
0.00093746185
1.3709068e-05
0.0021195412
0.00078833103
0.0009112358
0.00011897087
0.00014197826
0.0005147457
0.003994584
0.0031787157
0.0017213821
0.0006722212
0.0016559362
0.0009965897
0.007420063
0.0015239716
0.00024449825
0.0017604828
0.0016694069
0.0011378527
0.0014221668
0.000616312
0.001168251
0.00060498714
0.0016505718
0.002369523
0.00060904026
0.0011322498
0.001986742
0.0017719269
0.002949357
0.0030150414
0.00051772594
0.00069499016
0.0004886389
0.00016927719
0.00020492077
0.0027105808
0.00062060356
0.00332129
0.00056791306
0.0011838675
0.0008649826
0.0010610819
0.00042140484
0.0012836456
0.00029432774
0.0034079552
0.0007234812
8.547306e-05
0.0025359392
0.0015348196
0.00027644634
0.005497217
8.535385e-05
0.0017225742
0.00046026707
0.0003656149
0.00020372868
0.0027323961
0.00024831295
0.001132369
0.001975298
0.0003015995
0.001584053
0.0004825592
0.00011730194
0.0009894371
0.0008403063
0.0007587671
0.00022482872
0.0013465881
0.0015987158
0.0028909445
0.00076663494
0.0003658533
0.00035393238
0.0002449751
0.0009938478
0.00019145012
0.0018792152
0.00069880486
0.0020481348
0.0026801825
0.00063216686
0.00067830086
0.00026071072
0.00039601326
0.0010683537
0.0045984983
0.00075411797
0.0034297705
0.0005996227
0.0037958622
0.00095129013
0.00052952766
0.00086915493
0.00023460388
0.00065886974
0.0014625788
0.00020551682
0.005463004
0.00040006638
0.00079512596
0.001249671
0.007856965
0.0028680563
5.4955482e-05
0.0025123358
0.003389597
0.0024911165
0.0067056417
0.0004464388
0.0012093782
0.00129807
0.0028862953
0.0022999048
0.0010675192
0.0005861521
0.00014734268
0.00044214725
4.6372414e-05
0.0028624535
0.0024937391
0.00018405914
0.000108122826
0.0015650988
0.0007392168
0.0016633272
0.0003849268
0.00016105175
0.0014454126
0.00402236
0.00038838387
0.008473039
0.00055933
0.00015044212
0.0007354021
0.0023976564
0.0005081892
0.0050342083
0.00038325787
0.0012940168
0.0017040968
0.005141139
0.0017943382
0.00071692467
0.00095939636
0.00023663044
0.0039821863
3.71933e-05
0.0005737543
0.0012098551
0.003164649
0.0032625198
0.0022361279
0.00071692467
0.0016566515
0.0032150745
0.00034034252
0.0013074875
0.002081275
0.0011556149
0.0001001358
0.00091028214
0.00074636936
3.85046e-05
0.0013358593
0.0006901026
4.053116e-06
0.0005996227
0.0060629845
0.00014746189
0.0005582571
0.0008765459
0.0011000633
2.6464462e-05
0.0008853674
0.00029194355
5.5789948e-05
0.0010950565
0.00033545494
0.001526475
0.0021215677
0.00043010712
0.0015949011
0.00062406063
0.0015773773
0.0025348663
0.0026971102
0.0015375614
0.00027275085
0.0003736019
0.0011396408
0.0026282072
0.001865387
0.0013973713
0.006550908
0.00070142746
0.00090169907
0.00043785572
0.000254035
0.00037753582
0.0012668371
0.00377357
0.0009903908
0.004068613
0.00061810017
0.0034310818
0.00019669533
0.000410676
0.0022397041
0.0007560253
0.0029262304
0.0060925484
0.0016121864
0.0029406548
0.0029588938
0.00076544285
0.00071275234
0.00011384487
0.0014597178
7.70092e-05
0.0025627613
0.00030326843
0.00013875961
0.0002515316
0.0022782087
0.0076253414
0.00035595894
0.0006388426
0.00038933754
0.0031945705
0.0016481876
0.0012997389
0.001455307
0.0036979914
0.00012278557
0.0013645887
0.0011988878
0.00068748
0.00022602081
0.0010728836
0.00032436848
0.00096333027
0.0029326677
0.00048577785
0.0013484955
0.00067830086
0.002092719
0.0024318695
0.001362443
0.0018148422
0.0013251305
0.0059291124
0.0007921457
0.004305482
0.00088119507
0.0007816553
0.0005104542
0.00097572803
0.0016069412
0.002191782
0.00036680698
0.0008414984
0.0010814667
0.0036033392
0.0001077652
0.0026772022
0.0008019209
0.00024688244
0.00043225288
0.002547741
0.0007246733
0.0023616552
0.00040447712
0.0034905672
0.002351284
6.0081482e-05
0.00081694126
0.0033266544
0.003292203
0.00071394444
0.00054216385
0.0007663965
0.0012717247
0.00080907345
0.0019530058
0.0016700029
0.0020164251
0.00031459332
0.00070381165
0.0013335943
0.0012038946
0.00048172474
0.0027874708
0.00026607513
0.0009045601
0.0006079674
8.702278e-06
0.0016806126
0.0015236139
0.0003671646
0.0040484667
0.0019052029
0.00018465519
0.0009262562
0.0033900738
0.00035583973
0.00068318844
0.0019545555
0.0028170347
0.0017918348
0.00029957294
0.0011664629
0.0014451742
0.0011700392
0.00048327446
0.00048971176
0.006231427
0.0017248392
0.0015835762
0.00037932396
0.0002632141
0.0002323389
0.0007072687
0.0006017685
0.0029634237
0.0012907982
0.0001424551
0.0015038252
7.247925e-05
0.00015938282
0.0013469458
0.004646182
0.0011928082
0.0040990114
0.0008722544
0.0019397736
0.004761696
0.001000762
0.000970006
0.00045228004
9.536743e-06
0.0024187565
0.0007094145
0.002858162
0.0014122725
0.000692606
2.0623207e-05
0.0008659363
0.0058466196
0.0002872944
0.0038884878
9.23872e-05
0.0007685423
0.0025724173
0.0014564991
0.00046730042
0.0063973665
0.002765894
0.0007944107
0.00038695335
0.0010828972
0.00053453445
0.0011239052
0.0006008148
0.00075161457
0.0028483868
0.0008020401
0.00033640862
0.0018005371

5.6624413e-05
0.004128456
0.0013504028
0.00078547
0.0052212477
0.00071299076
0.00058448315
0.00051379204
0.0001847744
0.00096797943
7.1167946e-05
0.00021231174
2.3841858e-07
0.0015844107
0.0023403168
0.0035194159
0.0013815165
0.00012254715
0.00021660328
4.708767e-05
0.0028967857
2.8729439e-05
0.0013438463
0.0013444424
6.580353e-05
0.0018748045
0.0017642975
0.0005581379
0.0023100376
2.0384789e-05
0.0007311106
0.0015947819
0.001996994
2.169609e-05
0.0043992996
0.0020855665
0.0009133816
0.00124228
0.00014185905
0.00018155575
0.0020211935
0.0010253191
0.0004941225
0.00082969666
0.0003182888
0.0019567013
0.00044500828
0.0054380894
0.0008417368
0.0013114214
0.00072705746
0.0034350157
0.001568675
0.001983285
0.002569437
0.00018882751
0.0013383627
0.002126813
0.00044739246
0.00019621849
0.00020766258
0.0070763826
3.6597252e-05
0.0005773306
0.0014767647
0.002332449
0.0022099018
1.0848045e-05
0.0040529966
0.0014606714
0.0011341572
0.0011729002
0.00014340878
0.0030430555
0.0008171797
0.001208663
3.9100647e-05
0.0050150156
0.00025486946
0.00012731552
0.00047135353
0.0032283068
0.0026215315
0.00434649
3.1232834e-05
0.0029133558
0.0002797842
0.0056495667
0.00044810772
0.0014252663
0.00020480156
0.00080287457
0.004041791
0.00030732155
0.000104784966
0.00030851364
0.001992941
0.00014805794
0.001916647
0.00045907497
0.00012516975
0.0015665293
0.00066125393
0.000736475
0.00011241436
0.0014500618
9.381771e-05
0.0012651682
0.00074744225
0.0008687973
0.0014964342
0.0013701916
0.00092959404
9.524822e-05
0.0004553795
0.00029993057
0.00020694733
2.3007393e-05
5.00679e-06
0.0004993677
0.00087308884
0.00044882298
0.003252864
0.0024992228
0.00037252903
0.0020763874
0.00021064281
0.00017213821
0.0013947487
0.0007250309
0.0011447668
0.0023306608
0.0016361475
0.0026209354
0.002261877
0.00021028519
0.0029156208
0.00012350082
0.00014412403
0.00044763088
1.4305115e-05
0.0022124052
0.0008713007
0.00090551376
2.348423e-05
0.0006426573
0.001354456
0.00033676624
0.0016964674
0.0023032427
0.0012789965
0.0020970106
0.00016140938
0.00052165985
0.0012161732
0.0022690296
0.0006146431
0.0013498068
0.00041365623
0.0012475252
0.003914833
0.0012546778
0.0015029907
0.0025982857
0.00055480003
8.380413e-05
0.0010265112
0.00053858757
0.0013034344
0.000572443
0.0011962652
0.0018923283
0.003668785
0.0010643005
0.0023027658
0.0025485754
0.0018728971
0.0019979477
0.0006611347
0.0041970015
0.0030354261
0.002153635
0.0012840033
0.00028586388
0.00032615662
0.0010999441
0.0008792877
0.00090408325
0.0012706518
0.0002490282
0.00039625168
0.001183629
0.0026636124
3.027916e-05
0.00015890598
0.0010317564
0.0010476112
0.001265645
0.0012089014
0.000554204
0.00089740753
0.002506137
0.001008153
0.00020611286
4.887581e-06
0.0048372746
0.0005657673
0.0014760494
0.0005991459
0.00014388561
0.00038063526
0.0006431341
0.00040829182
0.0013679266
0.0006159544
0.00033164024
0.0002719164
0.00015628338
0.0015662909
0.00096702576
2.1576881e-05
0.00024616718
0.0008890629
0.0022075176
0.0018827915
0.003196478
0.0019025803
0.001502037
0.0006978512
0.0002257824
0.0028657913
1.9192696e-05
0.0026117563
0.00053298473
0.0035766363
0.0006862879
0.004417777
0.0010607243
0.0010607243
0.0015966892
0.0003207922
0.0008251667
0.001999855
0.00015711784
0.001106143
0.00038397312
0.001046896
0.0003374815
0.0012265444
0.0065631866
9.846687e-05
0.0013906956
0.0003273487
0.0036805868
0.0022962093
0.0013934374
0.00088715553
0.0013720989
0.004652858
0.00025081635
0.0017472506
0.00091409683
1.6212463e-05
0.00054359436
0.00085377693
0.0013179779
0.0006351471
-7.033348e-06
0.0016191006
0.0033370256
0.0013879538
8.3088875e-05
0.0031841993
0.004211545
2.9802322e-05
0.002370119
0.00052535534
9.346008e-05
0.00035750866
0.0011049509
8.7976456e-05
0.003348589
6.198883e-06
0.0030952692
0.00090384483
0.0023946762
0.000113368034
0.0008673668
0.0009135008
0.0005944967
0.0012694597
0.00048935413
0.0006750822
0.0017763376
1.3113022e-05
0.001990676
0.0022850037
0.0013144016
0.0010477304
0.00038039684
0.0018390417
0.0019390583
1.41859055e-05
0.0009266138
0.0027624369
0.00195992
0.002187252
0.010673761
0.002133131
0.0030827522
0.0010724068
0.0031158924
0.0020020008
1.6570091e-05
0.0006380081
0.0015530586
0.0030041933
0.0016207695
0.002414465
0.00015580654
0.0022251606
0.0027492046
0.0017874241
0.00024974346
4.541874e-05
3.9696693e-05
4.9233437e-05
0.0025150776
0.00039958954
0.0011196136
0.002420187
0.00036358833
0.0028489828
0.002388835
0.00014317036
0.0018281937
0.0012052059
0.0033340454
0.0009791851
0.0015558004
9.119511e-05
0.002413392
0.0005992651
0.00087606907
0.0007671118
0.000505805
0.001134038
0.0003567934
0.0005328655
6.055832e-05
0.0052654743
0.00042414665
0.00041425228
0.00027608871
0.0026086569
0.00083243847
0.0031859875
0.001460433
0.00024008751
0.0010926723
0.00087714195
0.00016963482
0.0028584003
1.1920929e-06
0.00015354156
0.0023355484
0.0004605055
0.0012853146
0.00039434433
0.00021660328
0.00030827522
0.0027108192
0.00017952919
0.0028117895
0.0033226013
0.002392292
0.0019507408
0.0004862547
0.0014369488
0.00095641613
6.353855e-05
0.0015016794
0.0018439293
0.0006121397
0.0020059347
0.0020611286
0.00016152859
0.0024322271
0.00033533573
0.0005501509
8.2850456e-05
0.0012907982
0.0011919737
0.0023748875
0.0026708841
0.00010561943
0.00032615662
0.0028383732
0.0004761219
0.00020492077
0.00025260448
0.0020815134
0.0012813807
0.0045212507
0.00029993057
0.00022184849
0.00154531
0.00011444092
-8.106232e-06
0.0013034344
0.00041663647
0.00051498413
0.0042648315
0.00042128563
0.00021827221
0.0018742085
0.0018314123
9.3340874e-05
0.0005031824
0.0028752089
0.0008442402
3.671646e-05
0.0002040863
0.0032889843
0.00243783
0.003309846
0.0013004541
0.0040079355
0.0027788877
0.0007529259
0.00047063828
0.00016450882
1.335144e-05
0.00082826614
0.00061059
0.001573801
0.0018621683
0.00083613396
0.00018441677
0.00077962875
0.0020655394
0.0035537481
0.0015827417
0.0022029877
0.00010681152
0.00012814999
0.00210464
0.001683712
0.00050377846
0.0017995834
0.0011649132
0.0012600422
0.0005694628
0.0014603138
1.2755394e-05
0.00039589405
0.00015842915
0.0024021864
0.00017726421
0.00017690659
0.0008584261
0.00031542778
0.0026174784
0.0008049011
0.00031387806
0.0015939474
0.00088202953
0.0017771721
0.00030100346
0.002947569
0.0010787249
0.0025160313
0.0010784864
0.00023281574
0.0014208555
0.00031650066
0.0007404089
5.2928925e-05
0.0038450956
0.000947237
0.00030183792
0.0017156601
0.00014674664
0.0018104315
0.0020700693
0.0010766983
0.00072312355
7.355213e-05
0.00032508373
0.00027811527
0.00084495544
0.00028157234
0.0068587065
0.00045096874
0.00076925755
0.00029194355
0.0004631281
0.002153039
0.0020902157
0.00018882751
0.00027012825
0.0019823313
0.0012476444
0.0022232533
0.0014568567
0.0017420053
0.0017694235
0.00080895424
9.655952e-06
0.0006816387
0.00027430058
0.00015461445

0.0015460253
0.0008789301
0.0008672476
0.0026665926
0.001414299
0.0037388802
0.0015599728
0.000992775
0.0017697811
0.00012373924
0.0012983084
0.002947688
0.0024347305
0.0018277168
0.00046885014
0.00035011768
0.0009665489
0.00054836273
0.001693368
0.0012567043
0.0013736486
0.001283288
0.0017575026
0.0009952784
0.00085246563
0.0028845072
0.0006569624
0.0014458895
0.0023766756
0.0008430481
0.0004878044
0.0003540516
0.0006211996
-1.66893e-06
0.00036787987
0.0013818741
0.0018389225
0.00023162365
0.0011147261
0.0018025637
0.002071023
0.00028896332
0.00090646744
0.00020635128
0.0017157793
0.0018664598
0.00106287
0.0019655228
0.0020452738
0.00040221214
0.0016874075
0.00080907345
0.0002516508
0.0008224249
0.002274394
0.0010544062
0.0014356375
0.003016591
0.00041425228
0.00048685074
0.0007019043
0.00031757355
0.0012569427
0.00043344498
0.0003978014
0.0024199486
0.00076019764
0.0004056692
0.00075900555
0.001334548
0.0005249977
0.0008224249
0.00040447712
0.0029695034
0.00092077255
0.0009006262
0.0015029907
0.0005623102
0.0011056662
0.0015072823
0.001933217
0.0013577938
0.00078463554
0.0005890131
0.00090014935
0.0015556812
0.0011230707
0.0010240078
0.0020452738
0.0011301041
0.00035107136
0.0022753477
0.0012286901
0.0009810925
0.00014686584
0.0006929636
0.0011360645
0.001403451
0.0031939745
0.0002475977
0.0034617186
0.0040261745
0.0020772219
0.0028470755
0.0004310608
0.0005145073
0.0013115406
0.002581358
0.0006508827
0.0015218258
0.0016355515
-1.1920929e-07
0.0013196468
1.1920929e-07
0.0022794008
0.00021958351
0.0016266108
0.0007687807
0.0001937151
0.0011957884
0.0011388063
0.0029636621
0.0030481815
0.0010163784
4.696846e-05
0.0013730526
0.0013320446
0.0022957325
0.0025920868
0.0013121367
0.0010244846
0.0003784895
0.0005546808
0.00035870075
0.0016927719
0.0007160902
0.0003285408
0.00048804283
0.00050747395
0.0018235445
0.0008327961
0.00047910213
0.0020536184
0.0003849268
0.0021579266
0.0022480488
0.0012161732
0.0004709959
0.0025478601
0.0007829666
0.0010398626
0.0012072325
0.0021426678
0.0016713142
0.0026004314
0.0032567978
0.0012561083
0.0018997192
0.00471282
7.081032e-05
0.0008145571
0.0014506578
6.699562e-05
0.0004736185
0.0022753477
0.0005122423
0.0027077198
0.0013942719
0.0017225742
0.002553463
0.0009022951
0.001177907
0.0009416342
0.0005288124
0.0001924038
0.00053572655
0.0007276535
0.0011507273
0.0013849735
0.001354456
0.0005002022
0.00018405914
0.001961112
0.00037062168
0.00036931038
0.00042307377
0.0018677711
0.0012100935
0.0003863573
0.00031375885
0.0013167858
0.000803113
0.0013586283
0.0011878014
0.00070750713
3.7908554e-05
0.002615571
0.00023841858
0.0018587112
0.0013557673
0.002167225
0.00022625923
0.001726985
0.002248168
0.00079119205
0.0021266937
0.0016151667
0.0019561052
6.1273575e-05
0.001019597
0.0020986795
2.861023e-06
0.0026743412
0.0009394884
0.0024240017
0.001587987
0.0018650293
0.0011256933
0.0012965202
0.002628088
0.0010638237
0.0019663572
0.0011265278
0.001718998
0.0020016432
0.0008865595
0.00032496452
0.0008018017
0.0029212236
0.0020809174
0.0010880232
5.4597855e-05
0.0010840893
0.0017955303
0.00067281723
0.0023822784
0.0015647411
0.001296401
0.0014326572
6.9499016e-05
0.00013566017
0.00037240982
0.001321435
0.00126791
0.00024092197
0.00250113
0.00084125996
0.00037407875
0.0015751123
0.0022310019
0.0002155304
0.001404047
0.00036013126
0.0004297495
0.0021141768
0.0009160042
0.00056385994
0.0013680458
0.0009508133
0.001953721
0.0028904676
0.0014950037
0.0009254217
0.0020798445
0.0014286041
0.00049233437
0.00040102005
0.0015743971
0.002874732
0.0014650822
0.0005159378
0.0007927418
0.0019943714
0.0016938448
5.6624413e-05
0.0010300875
0.0018552542
0.00030064583
0.0052855015
0.0005429983
0.0024607182
0.0010181665
2.503395e-05
0.00047433376
0.0012354851
0.00038313866
0.0014092922
0.0031579733
0.00015842915
1.013279e-05
-1.3113022e-06
0.0015178919
0.0017720461
0.0006855726
0.0011240244
0.0015773773
0.00029730797
0.0014315844
0.00056529045
0.00052177906
0.0012853146
0.0018857718
0.0006682873
0.001226306
0.0012733936
0.0014948845
0.0010597706
0.0014686584
0.0007685423
0.0005232096
0.0023903847
0.0004247427
0.0013811588
0.0012366772
0.000516057
0.001385212
0.0006290674
0.0010350943
0.0026677847
0.001398325
0.00041890144
0.0034345388
0.0024436712
0.0005990267
0.0011552572
0.0007454157
0.0012574196
4.053116e-06
0.00031602383
0.0012594461
0.00055372715
0.0015354156
0.0008739233
0.0018998384
0.0012660027
0.0014685392
0.0014477968
0.00057017803
0.001357317
0.00065898895
4.196167e-05
0.00044190884
0.0010467768
5.4240227e-05
0.0013359785
0.00093638897
0.00030505657
0.0004891157
0.0026168823
0.002360344
0.0010123253
0.0010005236
0.0007201433
0.002082467
0.0011577606
0.001419425
0.0023328066
0.00015938282
0.0010259151
3.4451485e-05
0.0008751154
0.00067424774
0.0027104616
0.0022939444
1.7642975e-05
0.0005745888
0.00060522556
0.0034466982
0.00013422966
0.0039355755
0.0006709099
0.0010492802
0.0016474724
0.0006197691
0.00024271011
0.0022593737
0.0023293495
0.0006697178
0.0024311543
6.3061714e-05
4.172325e-06
8.702278e-06
0.00055348873
0.0008581877
0.0007534027
0.002293229
0.0015152693
0.0009161234
0.0017145872
0.0035568476
0.0014654398
0.0013219118
0.0015683174
0.0005084276
0.0019944906
0.00018978119
2.3007393e-05
0.00019919872
0.00069856644
0.002265811
0.0003694296
0.00430882
0.0003825426
-1.1920929e-07
0.0014075041
0.0015978813
4.9710274e-05
0.00094914436
0.002575159
0.00255692
0.0008957386
0.0004428625
0.0003722906
0.00040066242
0.0005106926
0.0022782087
0.00039196014
0.0012527704
0.0004633665
0.0012471676
0.00096416473
0.0026644468
1.835823e-05
0.00018846989
0.0019741058
0.0010792017
0.0006842613
0.0008995533
0.0030260086
0.001965046
0.00078070164
0.0014282465
0.0009050369
0.0013839006
0.0010439157
0.0026795864
0.003991127
0.00096070766
0.0004943609
0.001334548
0.0010967255
0.0013632774
0.0015823841
0.0004787445
0.0010564327
0.00059890747
0.0023428202
0.0011590719
0.0029387474
0.0028425455
0.0026310682
0.0009396076
0.0012407303
0.00019407272
0.0016760826
0.0006748438
0.00030124187
0.0021184683
0.0037813187
0.00050091743
0.0013754368
0.00059354305
0.0011974573
0.00060617924
0.001292944
0.0012834072
0.0010021925
0.0012681484
0.0018132925
0.0015296936
0.0035881996
0.001488328
0.0008611679
0.003849268
0.0010197163
0.0004969835
0.000615716
0.00083243847
0.0034663677
0.00023257732
0.0002859831
0.00081145763
0.001652956
0.00032293797
0.0010756254
0.0011432171
0.00046515465
0.0012962818
0.0010169744
0.0027617216
0.0018365383
0.00059247017
0.0026727915
0.0008802414
0.0023572445
0.0026493073
0.002036333
2.2768974e-05
0.00081145763
0.00010728836
0.0007663965
0.00017225742
0.0012264252
0.0026130676
0.0019563437
0.0010957718
0.00201118
0.0025851727
0.00017797947
0.0007523298
0.00041675568
8.821487e-06

0.00071179867
0.00064718723
0.00049197674
0.0014921427
0.0016191006
0.0009584427
0.0058996677
0.001956582
0.00028824806
0.00090253353
0.0017030239
0.0026031733
0.0016320944
0.0011577606
0.002859354
0.0010306835
0.0026659966
0.0020592213
0.0005351305
0.001419425
0.00046658516
1.8835068e-05
0.003430128
0.0015313625
0.0005950928
0.0026746988
0.002295971
0.0002644062
0.0006020069
0.0019131899
0.0003039837
0.0017002821
0.0011458397
0.002784133
0.00033259392
0.0008095503
0.0009995699
0.004564643
0.0015597343
0.0021033287
0.0019631386
0.0030282736
0.0009865761
0.0017683506
0.0016044378
0.0015381575
0.0005110502
0.0010229349
0.002179861
0.00079894066
0.0012761354
0.0016036034
0.00036036968
0.0026507378
0.00066018105
0.0018883944
0.00092196465
0.001920104
0.0013287067
0.0011197329
1.7881393e-06
0.0026147366
0.002290368
0.0028461218
0.00067412853
0.00069737434
7.009506e-05
0.0013554096
0.0030169487
0.00035309792
0.0005015135
0.0014410019
0.0024540424
0.0020530224
0.0007246733
0.0024220943
0.0005789995
0.0001655817
0.002115965
0.00041782856
0.001390934
0.0014131069
0.0014955997
1.41859055e-05
0.002276063
0.0021420717
0.001210928
0.0010863543
0.0009378195
0.001623869
0.0011484623
0.001979351
0.0002590418
0.0005072355
0.001213789
0.0018885136
0.0031899214
0.00096821785
0.0010325909
0.0027905703
0.0015312433
0.0005880594
0.0021806955
0.0026532412
0.0005093813
0.0022677183
0.0007432699
0.003152132
0.0015720129
0.0031411648
0.00053846836
0.0007029772
0.0026597977
0.0008327961
0.0013260841
4.172325e-05
0.0011470318
0.001778245
0.0010648966
0.0009998083
0.00085651875
0.00063693523
0.0015161037
0.0017853975
0.00064885616
0.00045776367
0.0012789965
0.001718998
0.0017180443
0.0036752224
0.0007060766
0.0025479794
0.00037240982
0.0015915632
0.0009891987
0.0002579689
0.0016943216
0.001096487
0.001974225
0.0016241074
0.00085806847
0.0011941195
0.00065004826
0.0014885664
0.0026234388
0.0013642311
0.0021253824
0.001075387
0.0013664961
0.0010771751
0.0009377003
0.0003862381
0.0023909807
0.0041903257
0.00016582012
0.003346324
5.9962273e-05
0.0006017685
0.00057828426
0.0020309687
0.0014871359
0.0004156828
0.0008883476
0.0008198023
0.001182437
0.0014936924
1.5497208e-05
0.0032464266
0.00047922134
0.0005172491
0.0022343397
0.000487566
0.00032281876
0.0006841421
0.0026322603
0.0017729998
0.00040972233
0.0021373034
0.00039231777
0.0021326542
0.0014443398
0.00036370754
0.0015234947
0.00038826466
0.0030817986
0.0011818409
0.0012688637
0.00069880486
0.00028300285
0.0016461611
0.0012186766
5.710125e-05
0.0020349026
0.00017690659
0.0012108088
0.0006315708
0.0019283295
0.0026857853
0.0012062788
0.0013474226
0.0030537844
0.0024414062
0.0005990267
0.0030072927
0.0012131929
0.0011258125
0.0016293526
0.0011069775
0.00029480457
0.0011944771
0.002274394
0.0010199547
0.001204133
0.0021226406
0.0020303726
0.0005347729
0.0029605627
0.0016696453
0.0025478601
0.00035607815
0.0010756254
0.0005198717
0.00061917305
0.0014207363
0.0034537315
0.00090777874
0.0005130768
0.00071811676
0.0017127991
0.00085771084
0.0005379915
0.00066399574
0.000910759
0.001732707
3.5762787e-07
0.0014002323
0.0010147095
0.0022068024
0.00054597855
0.0021457672
0.000998497
0.0016194582
0.0006520748
0.0015237331
0.0012007952
0.0004310608
0.0006994009
0.0011222363
0.0008186102
0.0011992455
0.001582861
0.0019031763
0.00036859512
0.0011857748
0.0017278194
0.0013977289
0.0007430315
0.0030950308
0.00044620037
0.00231421
0.0017900467
0.0011267662
0.00028765202
0.0014616251
0.0008627176
0.00070643425
0.0033185482
0.0014101267
0.0018024445
0.0010445118
0.0015387535
0.00024616718
0.0020984411
0.0016891956
0.0012900829
0.0027817488
0.0015100241
0.0029075146
0.0033928156
0.0015300512
0.0010242462
0.0013058186
0.0006247759
0.0015156269
0.0012499094
0.0012966394
0.00078368187
0.0014848709
0.0020054579
0.00036370754
0.0008401871
0.0031547546
0.00030255318
0.0015561581
0.0011249781
0.0023105145
0.0001128912
0.0011906624
0.0010290146
0.0011800528
0.00044059753
0.0046356916
0.0011577606
0.0014554262
0.0003476143
0.0005670786
0.00035750866
0.000872612
0.0016720295
0.0029808283
0.0013486147
0.0012663603
0.0016050339
0.001585722
0.0021988153
0.0015895367
0.0012942553
0.0036405325
0.0019564629
0.0007750988
0.0014567375
0.002808094
0.00048828125
0.0012578964
0.0018229485
0.001355052
0.0021686554
3.4570694e-06
0.0020160675
0.0029126406
0.0005071163
0.002272725
0.0023617744
0.0018439293
0.0021445751
0.0019791126
0.0013424158
0.0025004148
0.00086426735
0.00049877167
0.001172185
0.0021147728
0.0013388395
0.0005350113
0.001363039
0.0016272068
0.0015990734
0.0008598566
0.00086176395
0.00060892105
0.0018670559
0.0018357038
0.00018954277
0.0034655333
0.0008326769
0.0017226934
0.0028942823
0.0014052391
0.0007176399
0.0010609627
0.003769517
0.0015721321
0.0014988184
0.0007482767
0.0015624762
0.0005209446
0.00040781498
0.0007138252
0.0016453266
0.002516508
0.0029228926
0.0011049509
0.00024080276
0.00069510937
0.001360178
0.0012300014
0.0002859831
0.00040090084
0.000616312
0.0019638538
0.00018823147
0.001637578
0.0010854006
0.0013021231
0.00038838387
0.0013773441
0.0014535189
0.0019356012
0.0020616055
0.0004171133
0.0007840395
0.00087189674
0.00055003166
0.0007779598
0.0012843609
0.0024235249
0.001206398
0.0039200783
0.001666069
0.0012027025
0.00053429604
0.0006380081
0.0020946264
0.0019379854
0.00065493584
0.0022348166
0.0024876595
0.0003453493
0.0013667345
0.002254486
0.0005764961
0.0010946989
0.0012015104
0.0014102459
0.0016620159
0.001816988
0.0013961792
0.0024294853
0.0021677017
0.0016874075
0.00066256523
0.0013272762
0.0017570257
0.00019133091
0.00031793118
0.0010523796
0.0023194551
0.0007151365
0.00097095966
0.00056803226
0.0012961626
0.0010888577
0.0027538538
0.0013637543
0.000364542
0.00071918964
0.0013644695
0.00074756145
0.0012260675
0.00090682507
0.00072431564
0.0010281801
0.0014623404
0.0013406277
0.0047763586
0.00043559074
0.0014160872
0.0024673939
0.00019311905
9.655952e-06
0.0013200045
0.0011603832
0.00095546246
0.0008251667
0.0002757311
0.00090014935
0.0011906624
0.0016716719
0.0013138056
0.000116705894
0.001603961
0.0020155907
0.003166318
0.0010430813
0.00085520744
0.0013875961
0.00095641613
2.9921532e-05
0.0052012205
0.000103235245
0.0010217428
0.0025057793
0.0020198822
0.0017888546
0.0021169186
0.00072562695
0.0014817715
0.0010895729
0.0011057854
0.0014554262
0.0012556314
0.0012289286
0.0015661716
0.0007060766
0.0014767647
0.0016795397
0.0009942055
0.0005078316
0.00091934204
0.0019110441
0.0005476475
0.0010441542
0.00077974796
0.00075626373
0.00055134296
0.0015178919
0.0012835264
0.0029939413
0.00032782555
0.0016673803
0.0006289482
0.0011254549
0.00018811226
0.0005323887
0.00043845177
0.00075757504
0.0033707619
0.0009801388
0.0023821592
0.0017578602
0.00083625317
0.0032058954

0.0658716
0.05066836
0.07973707
0.09151578
0.0719918
0.077808976
0.05366826
0.049733877
0.056226373
0.05920124

