0.06288481
0.06970358
0.0073877573
0.0063540936
0.044896364
0.04493189
0.031088471
0.021871328
0.069154024
0.018996954
0.109497905
0.06263268
0.05543971
0.024032235
-0.012752175
0.0070096254
0.040181756
-0.023152351
0.11972475
-0.040027976
0.009038925
0.04928291
0.03830433
-0.014500856
0.021240115
0.050238848
0.07007754
0.015713096
0.09310877
0.01116693
0.06932354
0.055234313
0.06063533
0.07787585
0.022111416
0.017281055
0.010867476
0.053247333
-0.014413834
0.04403615
0.046694994
0.03019309
0.0083886385
0.11531913
-0.007323861
0.07616794
-0.0011252165
0.04647386
0.054917216
0.03466904
0.110191345
0.010537624
0.037544608
-0.0008240938
0.022637367
0.010882497
0.0707289
0.03775537
0.03615439
0.022788525
-0.008953452
0.03535688
0.009616613
-0.03599572

0.020077586
0.015929699
0.010689378
0.0009560585
0.038776755
0.05445993
-0.020405173
-0.011986136
0.13437092
0.073539495
0.025994062
0.012683988
0.030071974
0.008908033
0.09917891
0.041244984
0.06091988
0.012436986
0.0073717833
0.024788857
0.042925954
-0.007989168
0.05075097
0.055417657
0.019585967
0.08163035
0.067389846
0.026402354
0.035812974
0.2009213
0.028933406
0.01617074
0.02131629
-0.0007619858
0.016100168
0.020498872
0.09657216
0.039690018
0.039235592
0.014624476
0.0046117306
0.00914681
-0.0048681498
0.020159364
0.066277266
0.05829668
0.09222078
0.04274881
0.03952551
0.049904227
0.067944646
0.041671515
0.12428856
0.06542659
0.0030372143
0.014213204
0.070334315
-0.0031882524
0.011062622
0.04299009
0.06241715
0.019703746
0.0068223476
0.0010232925

0.025707245
0.017605186
0.019438505
0.021558046
0.0142169
0.041576385
0.014120817
0.0008625984
-0.008628488
0.029377103
0.034884572
0.020194054
0.006796479
-0.0006008148
0.00064599514
-0.01805842
0.020871162
0.018992662
0.040685058
0.02915299
0.0090299845
0.013101816
0.034578323
0.019260764
0.036410093
0.0002578497
0.03819883
-0.0072467327
-0.0011347532
0.035069466
0.010252833
-0.0036107302
0.016562581
0.034017444
0.00011098385
-0.010915637
0.025336266
0.0028469563
0.0058908463
0.01224184
0.026208878
0.009121776
0.032942057
0.0011980534
-8.392334e-05
0.029397368
0.025422573
0.017065525
0.044703126
0.05390203
0.012358069
0.0011556149
0.03907633
0.018219352
0.023924112
0.02504468
0.012156963
0.014598966
0.023558617
0.0168463
0.048032522
0.03915608
0.019232392
-0.0012509823
0.018549442
0.008802772
0.0050885677
0.0076960325
-0.0004993677
0.0411129
0.026242375
0.017552137
0.0034570694
0.014989138
0.012628794
0.06325519
0.04455459
0.034353137
0.008634329
0.015350103
0.025645137
0.023602247
0.010613322
0.018996
0.009034395
0.016207933
0.0030150414
0.01845491
0.015724301
0.00053942204
0.02952838
0.025422454
0.0149742365
0.038633227
0.01927352
0.0019403696
0.0080503225
0.008967757
0.023754358
0.0027245283
0.027876258
0.029204011
0.021787286
0.051253676
0.052318692
0.032112718
0.034660578
0.03114903
-0.00095272064
0.02542448
0.0073554516
0.01514411
0.042396545
0.027855635
0.03425944
0.0042164326
0.021940708
0.00494051
-0.0042232275
0.0012021065
0.017154574
0.058712482
0.013253331
0.02785039
0.014637828
0.035273552
-0.021880388
0.041325092

0.015041113
0.009852171
0.015194058
0.024981856
0.005137801
0.008417726
0.01357007
0.0029702187
0.0010254383
0.01273489
0.046405315
0.031535983
0.028210878
0.023925781
0.022700429
0.00848639
0.021871924
0.021256566
0.02425921
0.010115862
0.016714692
0.02498889
0.019767046
0.0046019554
0.015259266
0.00077331066
0.016967773
0.022264719
0.020014167
0.04785967
0.028264523
0.0020006895
0.032090783
0.026116729
0.011986494
0.02012086
0.021110177
0.010780454
0.020931005
0.0041202307
0.024469137
0.013681889
0.011165023
0.01666069
0.0229851
0.005196452
0.03613627
0.013245106
0.016706824
0.0016659498
0.017318606
0.016476512
0.011306882
0.023630619
0.01751995
0.013264537
0.039420485
0.014678717
0.013123155
0.016877413
0.012264848
0.010415673
0.01779151
0.043450117
0.039478183
0.013178229
0.0050338507
0.040127397
0.007941008
0.0015634298
0.032069445
0.027899027
0.03424573
0.030023456
0.01819694
0.0006984472
0.020433664
0.00422132
0.022194862
0.015828729
0.0336504
0.027745366
0.012344599
0.005883217
0.034308553
0.011870742
0.022155643
0.026251912
0.0482502
0.01676941
0.0110195875
0.035403848
0.026627302
0.016507268
0.01378262
0.022684693
0.013612747
0.024864197
0.018388033
0.0014436245
0.045152545
0.01147294
0.016796231
0.0161829
0.0214715
0.04042983
0.034258604
0.03496039
0.028579831
0.017750144
0.0150517225
0.011414647
0.011788845
0.019770026
0.0067483187
0.028869271
0.0336529
0.014250517
0.027311087
0.023332477
0.016516209
-0.00043165684
0.0071105957
0.001853466
0.0023738146
0.01579833
0.0051335096
0.038007975

0.015992045
0.019389033
0.007984877
0.004693866
0.0054163933
0.031255126
0.0026404858
0.015981913
0.018352628
0.014406562
0.010431409
-0.01381731
0.011313677
0.010775328
0.012091041
0.015189528
0.014793634
0.006499052
0.00049710274
0.014944077
0.015964627
0.020678163
-0.0065894127
0.004900813
-0.0010579824
0.020096302
0.0011154413
0.0005749464
0.01469183
0.015541911
-0.0023384094
-0.0038989782
0.0005694628
0.016711116
-0.00022363663
0.015169382
0.0036144257
-0.0002193451
0.0042185783
-0.0014210939
0.00036776066
0.010962129
0.001811862
-0.0044351816
0.012920141
0.017881274
0.0029264688
-0.012118816
0.00014567375
0.018976688
0.007945061
0.02351451
-0.00024700165
0.003147006
-0.0010039806
0.0074130297
0.034870505
0.023542285
-7.069111e-05
0.026132345
0.0069680214
0.00063586235
0.00363338
0.008976102
0.01213634
0.009267449
0.022375822
-0.00045871735
0.00495553
-0.00503397
0.0058084726
0.014205098
0.010878086
0.018121123
0.0073429346
0.021073937
0.025201678
0.008910179
0.0020964146
0.016467333
0.005974412
0.008053303
0.019966483
0.0046520233
0.0007431507
0.010564566
0.003579855
0.012254
0.029370427
0.003311634
0.008732319
-0.0022662878
0.00960052
0.010864019
0.012887597
0.0058356524
0.0010285378
0.0013953447
0.0069178343
0.003775239
0.013049364
0.004573941
0.01638019
0.0069384575
0.01703751
0.0036592484
0.0052309036
0.0022966862
0.01918745
0.012428999
-0.00045502186
0.007740259
3.9577484e-05
0.02286303
0.011949539
-0.00034296513
0.024802446
0.007249832
0.010046959
0.010263324
0.017147303
-0.00065636635
0.032013655
0.016041636
-0.011480451
0.017147183
0.014474869
0.0130034685
0.031598926
0.00477767
0.0023759604
0.01912105
0.015310645
0.0044777393
0.014675617
0.01155889
0.0035904646
0.0056453943
-0.0022046566
0.007180333
0.011250019
0.010987282
0.002191782
0.012029648
-0.0033266544
0.0049790144
0.011546016
0.009878993
-0.0050811768
0.017050385
0.01013279
0.011507988
0.022790432
0.0062179565
0.023926854
-0.0070747137
0.01551342
0.00061273575
0.01365447
0.01656866
0.0016350746
0.017087579
0.016087651
0.011897683
0.01813221
0.016745806
0.005159259
0.008829594
0.023953795
0.008192062
0.025089502
0.0006802082
0.0099031925
0.008126378
-0.00026917458
0.018271089
0.022988439
0.016003609
-0.0061935186
0.018274069
0.004374981
0.011842489
0.023818731
0.025437593
0.014791489
0.02020216
0.011544943
0.011522651
0.015179992
0.0032805204
0.017714977
9.6678734e-05
0.01535964
0.00987792
0.012700319
-0.00024402142
0.0026597977
-3.9339066e-05
-0.00018274784
-0.00043058395
0.00740242
0.0017460585
0.013709068
0.0048784018
0.004799366
0.004130721
0.013785958
0.009772778
0.02303207
0.0049824715
0.006877303
0.020542622
-0.00044298172
0.019141793
0.004683256
0.0002220869
0.0131338835
0.020433903
0.016013503
0.0045232773
0.0022693872
0.0030997992
0.016784668
0.017817378
0.0014681816
0.00910759
-0.012193561
0.012362719
0.015766382
0.009035349
-0.00092709064
0.01670444
0.013481617
0.01701951
-0.00039756298
0.0076491833
0.0022622347
0.008382916
0.0082240105
0.0034202337
0.016776323
0.009167671
0.01389873
0.015997887
0.0034605265
0.023447037
0.019972086
0.009949923
0.005692005
0.023957133
0.005961776
0.0039132833
-0.0005557537
0.019481301
0.013936758
-0.0052189827

0.0027253628
0.017752409
0.0032025576
0.0028465986
0.012057543
0.0041133165
0.013909459
0.0036728382
-0.00045144558
0.010773182
0.010897517
0.0055559874
0.016327262
0.008151412
0.008296251
0.007754326
0.010323286
0.01423645
-0.0020792484
0.019544959
0.0010745525
0.002105832
0.013192654
0.010430217
0.026944041
0.009509563
0.00767982
0.009247422
0.0059702396
0.0028728247
0.014255881
0.021451592
-0.00022804737
0.012551427
0.0018383265
0.016201735
0.014794707
0.008735657
0.022276044
0.0021461248
0.012450337
0.0082912445
0.010336876
0.004976511
-0.0004287958
0.008831024
0.013142467
0.008929491
0.022540689
0.020481944
0.0128599405
0.01123929
0.014411211
-0.0018082857
0.0011484623
0.019304752
0.017466784
0.013346553
0.023342967
0.009365439
0.018676996
0.015259266
-0.00043690205
0.01667869
0.0014872551
0.008339167
0.012474418
0.027620196
0.0069351196
0.02592957
0.0068639517
0.008796811
0.014732242
0.014733672
0.0125511885
0.002327323
-0.0034161806
8.666515e-05
0.011218429
-0.0020998716
0.0018889904
0.015199065
0.008725643
0.009370208
0.021787882
0.006690979
0.022192597
0.0003221035
0.00079476833
0.013499379
0.018880129
0.011180997
-0.0005670786
0.008370519
0.0078009367
0.011324644
0.017429233
0.010795832
0.020809412
0.022084832
0.01682973
0.005396962
0.0012073517
0.004324436
0.01644504
0.001210928
0.014310122
0.011297464
0.013335824
0.021451354
-0.00032889843
0.009951234
0.015908599
0.0011358261
0.0187639
0.032222986
0.0074329376
1.4901161e-05
0.025571823
0.03340161
-0.008078933
0.011988759
0.010170102
0.014207363
0.011154175
0.009480715
0.018437743
0.004076004
0.019164324
-0.0005630255
0.0005580187
0.013233304
0.002747178
0.003522873
0.016529202
0.026810884
0.010572791
0.01076889
0.013768673
0.0022603273
0.021156788
0.0015126467
0.0015854836
0.019797206
0.00031900406
0.012854934
0.010579824
-0.007761836
0.020139217
-0.002068162
0.009827614
0.01513195
0.0008749962
0.0041395426
0.013334036
0.00044715405
0.0079238415
0.022770882
0.008354425
-0.0017836094
0.015783906
-0.0007929802
0.011893034
0.014638066
0.0045591593
-0.000833869
0.014123321
0.010775447
-0.00038349628
0.01640439
0.014510393
0.0069334507
0.009765029
0.014664412
0.010331988
0.0028579235
0.005714774
0.012932658
0.008906722
-0.005153179
0.020396829
0.0027099848
0.0056562424
0.013713837
0.0072898865
0.006087899
0.015106559
0.0022370815
0.009046078
0.0062963963
0.007963419
0.0028772354
0.009949446
0.011078358
-0.0006965399
0.01945281
0.010487556
0.0018035173
-0.00055003166
0.0031422377
0.012904167
0.019353151
0.0082883835
-0.0066529512
0.00083971024
0.009199262
-0.0035854578
0.00863409
0.0069316626
-0.0030305386
0.024037957
0.01389277
0.030187964
0.010796785
0.00814569
0.0085116625
0.009054899
0.0056117773
0.018865466
-0.0039275885
0.00022435188
0.0031018257
-0.0011841059
-0.00262928
0.01166749
0.008975983
0.01668644
0.00017476082
0.0126594305
0.018706203
0.004278302
0.009024978
0.014026523
-0.0020695925
0.027797699
0.0022010803
0.0071724653
0.013078332
0.0018746853
0.010311365
0.00467515
0.0019803047
0.021587849
0.0022785664
0.011064172
0.009477258
0.0056530237
0.0015778542
0.013342857
0.013545513
0.012399673
0.012053251
0.011415362
0.0063818693
0.008683562
-0.00016021729

0.0031627417
-0.0041787624
0.0013821125
-0.003096819
0.013595939
0.014930248
0.006926656
0.007816672
0.037616372
0.0031950474
0.00399518
0.02718544
0.0014708042
0.005322933
0.010881424
0.01749301
0.0052708387
0.013044834
0.0022919178
0.01375699
0.0075838566
-0.0017762184
0.0057024956
0.010393739
0.0073930025
0.018467069
0.0003248453
0.008877516
0.004440546
0.03590834
0.023641348
-0.003051877
0.0023816824
0.021190405
0.013290405
0.008759141
0.010020256
0.0057353973
0.030128598
0.0010362864
0.002729416
0.021510124
-0.004476905
0.0366143
0.008452058
-0.0014261007
0.01803112
0.0020874739
0.02459228
0.01711607
0.019879222
0.011678338
0.0067144632
-0.008718252
0.02429223
-0.00047183037
0.0011965036
0.013805032
-0.00064468384
-0.0006330013
0.017115831
0.014410138
0.012590647
0.0012485981
0.0037790537
0.004557848
0.0068491697
0.020078659
0.0077717304
0.016783237
0.014507294
0.01460278
0.023660183
-0.0031861067
0.004349947
-0.0021582842
0.008802533
0.008407474
0.014956951
0.0059472322
0.0043338537
0.0035321712
0.0008710623
0.0030316114
0.009127617
0.0022637844
0.0094794035
0.003979802
0.012329936
0.006405115
0.019708872
0.004178405
0.0016008615
-0.0011452436
0.01578784
0.020487666
0.010388732
-0.00065636635
0.015463829
0.0112479925
0.0087093115
0.011911273
0.014957905
-0.0070381165
0.031556487
0.029796124
0.014943719
-0.0011086464
0.024491549
0.008769035
0.0070739985
0.00016200542
0.0054029226
0.008184075
0.008893251
0.015942931
0.0057440996
0.012106538
0.0016578436
-0.0021578074
0.015562177
0.008674383
-0.0007278919
0.013884068
0.0027263165
0.015203834
0.0043849945
0.00881052
0.015556574
-0.002341032
0.03211975
0.011808634
0.011048317
-0.0029326677
0.0064247847
0.01233685
0.020595431
0.0076417923
-0.0028238297
0.0044027567
0.020511508
0.0015871525
0.012097359
0.016946316
0.0035099983
0.001350522
0.011902332
0.0064399242
0.004943371
0.0046162605
0.0023372173
0.005719185
-0.004876256
0.024564385
0.010105491
0.0058039427
0.021436453
0.010560751
0.018131733
0.025188088
0.0105394125
0.012869477
0.016719103
0.016120791
0.008742094
0.0076887608
0.017276406
0.0073860884
0.008538246
-0.0019916296
0.010163665
0.010727286
0.0019164085
-0.0009788275
0.008040786
0.006413102
0.00530231
0.013851643
0.015972495
-3.1232834e-05
0.0038757324
0.0137479305
0.018171072
0.010638833
-0.0020370483
0.026261091
0.028155446
-0.0022052526
0.03195238
0.012372851
0.010096669
0.008992791
0.022432208
0.01070261
0.014291763
0.0038450956
0.009739041
0.009271026
0.00036597252
0.008899927
0.007716298
0.009408832
0.006354928
0.002849102
0.00025832653
0.018677115
-0.0008610487
0.014799714
0.015024662
0.0003322363
0.013288617
0.008103967
0.004947901
0.014980674
0.017236471
0.00053822994
0.007994533
0.01625657
0.0125312805
0.0020353794
0.015297174
0.008480668
0.019883156
0.007946372
-0.0022000074
-0.0005828142
0.011532903
0.016210914
0.00524652
-0.008598447
0.019509554
-0.002551198
0.0026842356
0.011244059
-0.00057160854
0.0045745373
0.008562207
0.010392427
0.009305835
0.02590704
0.006925583
0.013410091
-0.0030043125
0.015858293
0.0095437765
-0.0021511316
-0.00055873394
0.00020980835
0.011793971
0.0008188486
0.013495684
0.016055703
0.013587475
0.010331988
0.0097260475
0.039363146

0.0017976761
-0.005379796
-0.00014913082
0.014045715
0.009979486
0.0023415089
0.004758954
0.012427568
0.012833834
0.0005595684
-0.00074982643
0.0033154488
-0.0008569956
0.004000306
-0.0055018663
0.007807493
0.010180712
0.004992485
0.0027159452
-0.004162073
0.00504148
0.0072784424
0.0035998821
0.0049761534
0.012862682
-0.0007046461
0.015409231
-0.0024075508
0.014903069
0.010413408
0.007146001
0.0019885302
0.008704543
0.00972724
0.004039526
0.004845023
0.009012103
0.0054519176
0.011752009
0.0027130842
0.010005593
-0.003898263
0.0123000145
0.0046983957
-9.906292e-05
0.0029631853
-0.00074374676
-0.0056079626
0.007896423
0.009276032
0.0054579973
0.0019259453
0.004425764
-0.0053572655
0.010845304
0.0074061155
0.002554655
0.012414813
0.0063610077
0.009874821
0.0005196333
0.010245204
0.003543973
0.008977175
0.0097209215
-0.0030515194
0.0023559332
6.556511e-06
0.008131981
0.018075943
0.014398336
0.009777784
0.006705284
0.004252553
-0.00048434734
0.006935239
0.017462134
0.00014698505
0.0058122873
0.0014269352
0.01247859
-0.0005393028
0.006186962
0.00056529045
0.0016000271
-0.0011519194
0.005243182
0.0052957535
0.002280116
0.017101645
0.0018494129
0.012399197
0.0030440092
-0.004173994
-0.0014439821
0.007504344
0.00506413
0.007977605
0.006444216
-0.0016098022
0.0050052404
0.0055217743
0.0015330315
0.0032980442
0.0049967766
0.017055035
-0.0033499002
0.0071891546
0.0023970604
0.016591787
0.015259862
0.0026966333
0.009605765
0.0039064884
0.002712369
0.010485053
0.00085246563
-0.0006248951
-0.004130602
0.004813671
0.007962823
0.0038737059
0.0019652843
0.004219651
0.0010550022
2.4557114e-05
0.0022494793
0.00786829
7.70092e-05
-0.00022089481
0.011452913
0.016562104
0.0039488077
0.007062793
0.011674285
0.0020794868
0.0028288364
0.0097488165
0.010850549
0.012029052
0.0047119856
-0.0002374649
0.004627943
-0.00065279007
0.009504557
0.0018049479
0.0034265518
0.0069681406
0.013663173
0.0058676004
0.0066292286
0.012248635
0.0009613037
0.0039144754
0.0009214878
0.009088397
0.0071606636
0.0059663057
0.00076937675
0.0030847788
0.003809452
-0.0026019812
0.0047887564
0.009211659
0.0077337027
0.003823638
0.009809017
0.0036343336
0.006603718
-0.0012279749
0.013222456
0.0076016188
0.0021561384
0.016222358
0.0022016764
0.013906598
0.008011222
-0.00483644
0.003582716
0.00530529
0.007909417
0.0029233694
0.007929683
0.005837202
9.6440315e-05
0.008947849
0.0048681498
-0.0016491413
-0.00048851967
0.007250309
-0.0054688454
-0.000764966
0.007891893
0.006529093
0.0061495304
0.0060709715
0.011428118
0.0090100765
0.0049324036
0.004116297
-0.0006053448
0.008780241
0.008842826
0.005949855
0.005000472
0.0028436184
0.005607724
0.0034046173
0.004434824
0.0075109005
-0.0025441647
0.020721793
0.00811851
5.686283e-05
0.008127809
0.0070329905
0.0009989738
0.0027890205
0.006550789
-0.0017997026
0.0017131567
0.014328122
0.004830003
0.006420493
-0.0009133816
0.003655672
0.009468913
0.0077773333
0.009075642
0.011554241
0.0024299622
-0.00034475327
0.0011115074
0.004843354
0.0014276505
0.0059939623
0.011823654
0.022125721
0.00090432167
-0.00030183792
0.015277028
0.004008174
0.004088998
0.0071470737
-0.0012665987
0.0064980984
0.0030596256
0.005856514
0.0044424534
0.0026142597
0.010908484
0.0049397945
0.0017541647
0.007063031
0.009828687
0.0061166286
0.004485965
0.010585189
0.009428501
0.0040944815
1.2397766e-05
-0.00045382977
0.01894474
0.0027680397
0.0069007874
0.014118552
0.0040917397
-0.001013875
0.0067127943
0.00081551075
0.0102927685
0.0014811754
0.0031894445
0.0055840015
0.0041247606
-0.0048497915
0.008748412
0.0022051334
0.00062036514
0.014150381
0.0017703772
0.0026313066
0.0022147894
0.0011742115
0.0059456825
0.0019097328
0.0030417442
0.007507324
0.009693384
0.011285067
-0.0008291006
0.003513813
0.009480357
0.0021220446
0.0022070408
0.00021767616
0.002090454
0.00137043
0.0100848675
0.003430128
0.00060880184
-0.00043416023
0.0027840137
0.0042971373
0.00035464764
-0.00082600117
-0.0070420504
0.004245639
0.009616852
0.007954955
0.006484747
-0.0014258623
0.0043480396
0.008725047
0.011535883
0.0023440123
0.0060425997
0.013517499
0.00062429905
0.008184195
0.008145928
0.0009847879
0.0037509203
0.0034806728
-0.0010079145
0.008603692
0.011432648
0.0054217577
0.006255865
-0.0018284321
-0.00077724457
-0.008248448
0.002902031
0.010411739
0.01399672
0.0035591125
0.00049710274
-0.00087726116
0.0027202368
0.0020085573
0.0051904917
0.006963372
0.003486991
-0.0022888184
-0.0017670393
-0.0026950836
0.0015993118
0.0015627146
0.0008337498
0.00019001961
0.0061585903
0.011125326
0.0050685406
0.001429081
-0.0039976835
0.0043278933
0.005148053
0.007216811
-0.0021933317
0.0064491034
0.0025342703
0.0022972822
0.00080144405
0.0008612871
0.0025775433
0.006349921
0.0040477514
0.006770253
0.011544347
0.010938406
0.004421234
0.0043610334
0.0071012974
0.009390116
0.012435079
0.002479434
0.0070717335
0.0034457445
0.0031181574
-0.0011174679
0.0048052073
-0.0014121532
0.0041161776
0.005280018
-0.0022046566
0.004203558
-0.001655221
0.0013940334
0.002092719
-0.0009723902
0.0022524595
0.007221818
0.0059127808
0.003163457
0.008844137
0.005503297
-0.0010156631
0.00519979
0.00019073486
0.004488468
0.0014196634
-0.0016205311
0.0053669214
-0.0070176125
0.002727151
0.011203647
0.0062419176
0.004841566
0.0026891232
0.0074216127
0.002982974
0.0063123703
0.000859499
0.0012159348
0.014019847
0.00050890446
0.0038788319
0.009810805
-7.1525574e-06
0.0029290915
-0.0017373562
-0.00013720989
-0.00020265579
0.009715438
0.0029964447
0.006602049
-0.0004426241
0.015221119
-0.002116084
0.016594052
-0.0017905235
0.008712411
-0.006664157
0.0006623268
0.0014650822
0.004019499
0.00216496
0.0016653538
-0.0005762577
-0.0011202097
0.0089662075
0.0029966831
0.0051050186
0.016247392
-0.0018285513
0.0027115345
-0.0011935234
0.0066837072
0.006931424
-0.0009994507
0.0079193115
0.0013585091
0.010685325
0.007351041
0.011857748
0.006182313
0.00512743
0.012539983
0.0009781122
0.011769772
0.0030099154
0.014325261
0.006926656
0.0097824335
-0.0011454821
0.0004349947
-0.0015226603
0.00799346
0.00023531914
0.00868237
0.011210799
0.0020463467
0.015266657
0.009160757
0.01210618
0.008273721
0.005717039
0.008007765
0.001049161
0.010527253
0.0011514425
0.01491487
0.01223886
0.0007865429
-0.0026762486
0.0013481379
0.007938504
-0.0058938265
0.0074106455
-0.001201272
-0.00792253
-0.0013513565
0.0009713173
0.0062884092
0.012385964
0.005735159
0.008158684
-0.0004014969
0.0059336424
0.0026570559
0.0022803545
0.0074973106
0.0035333633
-0.004637718
0.00022375584
0.0030004978
0.00042307377
-0.002228856
0.008430958
-0.0006169081
-0.009081006
0.01503408

0.0077426434
0.0092846155
0.008120418
0.0015752316
0.005156398
-0.0010191202
0.015469909
0.0049812794
0.009080291
0.00047934055
0.012332916
0.0015773773
0.002415061
0.009254694
0.009907842
0.0031876564
0.003352046
0.0072368383
0.006401062
0.0015205145
0.011286378
0.00037527084
0.0062063932
0.0028921366
0.0051648617
-0.00033915043
0.012325764
0.0020860434
0.009077668
0.0045677423
0.0036536455
0.0065625906
0.00020086765
0.017914891
0.005779505
-0.0005887747
0.004853606
0.0005404949
0.010487318
0.008131623
0.004146576
0.008720517
0.0010968447
0.0053083897
0.0074094534
0.012776613
0.001770258
-0.00040590763
1.5854836e-05
0.0026837587
0.0034583807
0.0011439323
0.0018546581
0.0076247454
0.005334854
0.0077518225
0.0023411512
0.004255414
0.0026699305
0.007172942
0.010422111
0.0015996695
-0.0021054745
0.007231474
0.010910153
7.772446e-05
0.014629841
0.016817808
0.00124681
0.0072551966
0.0071458817
0.0056734085
0.011743784
0.01214838
-0.0005902052
0.003283739
0.0015102625
0.0011258125
0.005231619
-0.0014840364
0.0062031746
0.0018837452
0.0027014017
0.0017261505
0.007505417
0.0071792603
0.013361573
0.011633158
0.0075695515
0.00026869774
-0.0017129183
-0.00016129017
0.007964134
0.0059211254
0.0061517954
0.009411693
0.0018085241
0.00065267086
0.002494812
0.0019831657
0.0006285906
0.0014263391
0.004992485
0.0033136606
0.0062072277
0.0008069277
0.0021072626
0.0037565231
0.008200645
0.009115696
-0.00022661686
0.0068588257
0.006140113
0.004886508
0.0041401386
0.0014939308
0.004566312
0.0065666437
0.007676244
0.006581664
0.00021541119
0.00023674965
0.0066713095
0.0012609959
0.005735874
6.41346e-05
0.00074470043
-0.0014864206
-0.001096487
0.0033576488
-0.0009356737
0.010046959
0.0017365217
0.0067919493
0.008709669
0.0068376064
0.009818435
0.010243416
0.0018639565
0.0008661747
0.009393573
0.0057246685
-0.0019137859
0.011252046
0.0020639896
0.0034422874
0.00449419
0.0049533844
0.008236766
0.009991646
0.009349704
0.00039553642
0.005124688
0.007138729
0.004490733
0.012567759
0.002688527
0.012209058
-0.005256653
0.012098789
0.0008111
0.0048077106
-0.0041770935
0.001970172
0.0077154636
0.0028557777
-0.0013768673
0.0068546534
0.0003476143
0.002730608
0.0016442537
-0.000677228
-0.0027618408
0.00224185
0.0048605204
0.0047608614
0.0029084682
0.010678172
0.008221269
0.0026729107
0.0063005686
-0.0018303394
0.005834341
0.01093173
0.0022653341
0.005260706
0.009842038
0.009052992
0.004814863
0.0050441027
0.0022119284
0.0041992664
0.013612747
0.0023075342
-0.00089263916
0.0090972185
0.0067054033
0.0039430857
0.012320638
0.010633469
0.00025987625
0.0059227943
0.0021361113
0.0029278994
0.0065675974
0.0032533407
-0.0009319782
0.0026230812
0.007588744
0.012507677
0.0064538717
0.0073376894
0.00018370152
-0.0003941059
0.0032515526
0.0055123568
0.003825426
0.0017402172
-0.0004748106
0.009947538
0.016957402
0.0006994009
5.4478645e-05
0.019544005
0.004218936
0.012877107
0.0076903105
0.006264806
0.0031478405
0.009160638
0.0071730614
0.004679084
0.0009999275
0.00679338
-0.00011754036
0.0067788363
0.0026425123
0.0032173395
0.009920478
0.010945439
-0.004788041
0.007956266
0.012103915
-0.0017976761
0.0051596165
0.0062206984
0.010844588
0.0020222664
0.0013247728
0.003353238
0.009890318
0.003721714
0.0005207062
-0.0012168884
0.010809898
0.003374815
-0.000441432
0.005900502
0.002296567
0.0032018423
-0.0045096874
0.0065538883
-0.00018465519
0.009822965
0.0036742687
0.0056427717
0.00544703
0.011027575
-0.0010383129
0.00028264523
0.002822876
-0.00067412853
0.0017769337
0.0038448572
0.0044652224
-0.0010844469
-0.0023053885
0.005181432
0.002199769
0.0028370619
0.00068616867
0.010210633
-2.6464462e-05
0.0048702955
0.008569002
0.0010243654
0.0072181225
0.0019853115
0.0050309896
0.0005418062
0.01149106
0.0063039064
0.003053546
0.0004838705
0.005772352
0.0023759604
0.0063375235
0.014623642
0.0022474527
0.0070996284
0.009697437
0.006650567
0.00866437
-0.0025039911
0.0033311844
-0.0005532503
0.008640289
0.0083812475
0.008167744
0.0070866346
0.0050982237
0.0061775446
0.0075232983
0.002477765
0.00531888
0.010501385
-0.000672102
0.0060037374
0.0068665743
0.0024683475
0.007918954
0.0037070513
0.005551338
0.005464077
0.0046691895
0.019523501
0.008811355
0.008214951
-0.0051215887
0.0024975538
0.008907676
0.006325841
0.00028896332
-0.0009914637
0.017809272
0.00035977364
0.011770129
-7.605553e-05
-0.0014322996
0.00026082993
-0.000218153
0.0044010878
-0.0020275116
0.0056996346
0.001480937
0.002942562
-0.0010094643
0.0025361776
0.0012902021
0.0010085106
0.0011100769
0.0036121607
0.004278064
0.0062265396
0.010736108
0.0028754473
0.011074066
0.0010861158
0.00062024593
0.0013121367
0.023398876
0.010321498
0.011466026
-0.00084269047
0.00017797947
0.0013581514
0.0005631447
0.007995844
0.01317656
0.0005249977
-0.00035440922
0.004565358
-0.0005004406
0.00592649
0.009457827
0.00073873997
0.0046373606
0.0070022345
0.002923131
0.008161902
0.0026654005
0.008934498
0.0051727295
0.0038343668
-0.0008881092
0.016696453
0.009748697
0.003807187
0.011862993
-0.0007535219
0.000238657
0.001855135
0.0014667511
0.0022319555
0.0074515343
0.0075172186
0.0011520386
0.0049539804
0.007988095
0.0064851046
-0.0013581514
0.008328915
0.0009293556
0.0014817715
0.0069488287
-0.0015152693
0.013344884
0.009354591
0.0016028881
0.0019203424
0.0023819208
-0.0023938417
0.0009584427
0.0023567677
-0.0017288923
0.0070085526
0.006679058
-0.0011934042
0.0086658
0.0036934614
0.005221486
-0.005074978
0.00041508675
-0.0039681196
0.006682873
-0.001634717
0.0078469515
0.00020372868
0.0135496855
0.007203579
-0.0004386902
0.0072717667
0.00178051
0.008373737
0.0020201206
0.005833149
0.00044357777
0.0047978163
0.007103801
0.0042153597
0.0015683174
0.0036357641
0.010773897
0.0065128803
-0.0006276369
0.0035173893
0.010945678
-5.6743622e-05
-5.9485435e-05
0.0050320625
0.003142476
0.008936763
0.0026496649
0.00018668175
-0.0020319223
0.005110979
-0.00055992603
0.005802512
0.007584214
0.0024172068
0.0033978224
0.008772492
0.0043953657
0.0032881498
0.0019683838
0.0084728
0.009667516
0.00060355663
0.0099720955
0.013252735
0.0075466633
0.0007829666
0.0058801174
0.010623097
0.007790327
0.0009893179
-0.0008044243
0.004512787
0.00052046776
0.0040723085
0.0021317005
0.008722901
0.00398612
0.006332159
0.006724
0.0017795563
0.0016094446
0.005413294
0.007604003
0.008565307
0.014704585
0.00785768
0.0042803288
0.0019010305
-0.00012052059
0.008216262
-0.0007510185
0.002651453
0.009621501
-0.002427578
0.00057792664
-0.0019619465
0.010884166
0.013319612
0.009418726
0.011343718
0.0076527596
-7.7962875e-05
0.00015938282
0.0012122393
-0.0017132759
0.0059574842

0.01573193
0.0016403198
0.005123496
0.001149416
0.0021508932
0.0047638416
0.01664877
0.0030884743
0.006025195
0.0017827749
0.007245302
0.003934622
0.0012083054
0.0018860102
0.006566286
0.0019664764
0.0030082464
0.009598613
0.00891304
0.00013422966
0.013441324
-0.00087857246
0.011700749
0.0028119087
0.0012609959
0.0048787594
0.008153319
0.003019333
0.00020349026
0.0048806667
0.004982114
0.0036677122
0.0031274557
0.009371281
0.0046669245
0.0020728111
9.298325e-06
0.0034900904
0.016557455
0.0086990595
0.005093217
0.0055998564
0.0027291775
0.001516819
0.0018364191
0.0053520203
0.0019700527
0.0059781075
0.003132224
0.00029027462
0.002240181
0.0027813911
0.0049831867
0.002638936
0.012870431
0.0049738884
0.008045316
0.007935047
0.00907445
0.001560092
0.0018881559
0.013437033
0.0015696287
0.0022101402
0.0015095472
0.0024101734
0.0023196936
-0.00010120869
0.00071942806
0.0019440651
0.0027368069
0.0012515783
0.006258011
0.0051282644
0.0045781136
0.00019788742
3.7550926e-05
0.0050475597
0.008903861
0.00337255
0.016486764
0.010510802
0.00053060055
0.004251361
0.0032259226
0.0020555258
0.0029848814
0.00933218
0.0064480305
0.0024969578
0.00017261505
0.012135863
0.012050033
0.00716424
0.0016400814
0.0036439896
0.001883626
0.00097072124
0.01167798
0.004178405
0.0032178164
0.00017416477
0.0063585043
0.008394599
0.0024607182
-0.0011950731
0.0111711025
0.006031871
0.0052495003
-0.0013585091
0.0051198006
0.0016601086
0.0010002851
0.0024590492
0.014730811
0.004581332
-0.00010955334
0.0014795065
0.003066659
-0.0019030571
0.010471821
0.0024330616
0.0004711151
0.0047148466
0.0019922256
0.002769351
0.0017499924
0.0042099953
0.0028169155
0.0036820173
0.001632452
0.0021790266
0.007528782
0.0036461353
0.0020540953
0.0077090263
0.0037339926
-0.00027942657
0.008636594
-0.0003912449
0.0019595623
0.00047695637
0.0073029995
0.012289643
0.0014922619
0.000652194
0.0020327568
0.0046862364
0.0126161575
0.012711048
0.011922717
0.0031991005
0.0023719072
0.0072817802
0.027190685
0.0052005053
0.0025627613
0.011289477
0.0043275356
3.361702e-05
0.006361723
-0.00017738342
0.002558589
0.00060236454
0.0069663525
0.01506865
0.0009382963
0.002207756
0.00615263
0.004128933
0.009647489
0.003566742
0.0036667585
0.0050605536
0.0016652346
-0.00021123886
0.002559185
0.01027298
0.0019732714
0.0039812326
0.003974676
0.0056664944
0.0043114424
0.01036334
0.006982565
0.007064104
0.0011100769
0.014715672
0.0026699305
-0.00044429302
0.011717677
0.012280464
0.001390934
0.013115168
-0.00049448013
0.0012260675
0.0056375265
0.0020247698
0.00077807903
0.01086235
0.0017510653
0.002228856
0.012111783
0.0031106472
0.005578041
0.00089645386
-0.00013947487
0.0027210712
0.0010111332
0.0028868914
0.0008981228
0.004472494
0.0070177317
0.003986597
0.006355047
-0.0002156496
0.005296707
0.001770258
0.009556651
-0.00059878826
0.008899212
0.0022603273
0.00774014
0.011014104
-0.0022758245
0.0015358925
0.001431942
0.0038301945
0.0013779402
0.0014487505
0.0038887262
0.016494036
0.00142169
0.0072283745
0.002309084
0.0043746233
0.0034310818
-0.001537919
0.0015206337
0.005799651
0.004513502
0.018761516
0.0035079718
0.0021680593
0.0017170906
0.009184003
0.009312749
-0.00075912476
0.009425163
0.0019925833
0.012699962
0.012843013
0.0010887384
0.0016456842
0.0035383701
0.010730028
0.015943885
0.004782319
0.0010399818
0.0011144876
0.002122879
0.00085270405
0.0022091866
0.0016334057
0.0008698702
0.00068092346
0.0028904676
0.00046527386
0.00678432
0.0004529953
0.00029587746
0.0025445223
-0.0013008118
0.00092434883
0.031915784
0.006494522
0.0003412962
-1.8715858e-05
0.008472919
0.005727172
0.011582971
0.0032743216
0.013775945
0.00731647
0.0072755814
0.0051362514
0.0008634329
0.0038444996
0.0013587475
0.009856939
0.0011277199
0.0036410093
0.0047478676
0.0065624714
0.00997138
0.0043940544
0.0035077333
0.01017344
0.0058162212
0.001887083
0.0054656267
0.0062508583
0.006385088
0.000410676
0.0031386614
0.0014096498
-0.00011563301
0.0013488531
0.00020623207
-0.0006221533
0.0038477182
0.014763117
0.00013184547
-0.0011445284
0.0064245462
0.0040392876
0.0008826256
0.0028972626
0.0026615858
0.00021672249
0.0018430948
0.0036314726
0.0039976835
0.005988121
0.002970457
0.002883792
0.006393671
0.0019996166
0.014667153
0.006625533
0.005061269
0.0006891489
-0.00021576881
0.009028316
-0.0033402443
0.0061922073
0.005644083
0.010497332
0.0029569864
0.0047540665
-0.0009647608
0.0016357899
3.5762787e-05
0.0058523417
0.013358116
-0.001167655
0.010636926
0.00013411045
0.008559704
0.00090682507
0.0038478374
0.0049521923
0.0030750036
0.006979108
0.008205533
0.003714919
0.011991978
0.008505106
0.00035655499
0.003045559
0.0011417866
0.0057572126
-0.0008947849
0.011693597
6.937981e-05
0.00062286854
0.0020409822
-0.0008530617
0.0103333
-0.0008369684
-0.0007035732
0.0037277937
0.00842905
0.003448248
0.0011775494
0.0073485374
0.009849668
0.0021022558
0.0015180111
0.0074704885
0.002716422
0.0019353628
0.0071923733
0.001660943
0.00607419
0.0083783865
0.0013176203
0.0024380684
0.0009602308
-2.69413e-05
0.017005563
0.0036318302
0.010820985
0.01015842
0.014878988
0.0010629892
0.01415658
0.007837892
0.0011410713
0.0032111406
0.008986235
0.0025740862
0.008353591
0.0019078255
0.005921364
0.0040308237
0.0092743635
-0.0013087988
0.005682349
-0.0004708767
0.00010061264
0.0020161867
0.0061603785
0.0014665127
0.0039749146
0.0012511015
0.0013896227
0.005189538
-0.0007983446
0.01027298
0.010717034
0.009545684
0.005580187
0.0024057627
0.005494952
0.0064520836
0.0009022951
0.009693146
0.0050001144
0.002270937
0.004120946
0.0007199049
0.006264925
0.009399176
0.0015385151
0.007895589
0.0014050007
0.0026102066
0.004721403
0.0018844604
0.0049734116
0.00791049
0.0008716583
0.004695654
0.005128622
0.0008870363
-0.0005699396
0.00707829
0.0012392998
0.005586505
0.0038362741
0.009151459
0.006555915
0.001982689
0.003293991
0.0026568174
0.00016975403
0.0034278631
0.003001213
0.009885192
0.0060305595
0.011585712
0.0018810034
0.0015009642
0.00067448616
0.0015507936
0.0026413202
0.0073754787
0.003060937
-0.00014209747
0.0036762953
0.001650095
-0.00014579296
0.010594487
0.013963819
0.0029480457
-0.0029246807
0.0036814213
0.004899621
0.016044378
0.0013475418
0.0039641857
0.001318574
0.00076675415
0.00756371
0.002604723
0.00673759
0.0038721561
0.006293416
5.6624413e-05
0.0012111664
0.014631629
0.0039685965
0.015426993
-0.00022029877
0.0036525726
0.014130473
0.008412719
0.0060964823
0.019981384
0.013692975
0.003727436
0.002215147
0.0037962198
0.003296733
0.0014865398
0.004113555
0.004191518
0.006498575
0.00092971325
0.0018632412
0.0054199696

0.0004967451
0.011036634
0.0062930584
0.003976822
0.015380263
0.003636241
0.004818082
0.004673004
0.0006057024
0.0058858395
0.00023198128
0.0016674995
-0.00044822693
0.0046509504
0.006246686
0.011744618
0.0044800043
0.0004682541
0.0014665127
0.00032699108
0.008243561
-8.1181526e-05
0.0038114786
0.0036520958
-0.00037288666
0.005474448
0.0032999516
0.0043329
0.0073800087
-0.00077962875
0.0034549236
0.0043554306
0.0038621426
-3.7789345e-05
0.016983747
0.010780215
0.0036625862
0.003604412
0.0007494688
-0.00041425228
0.005382061
0.0018002987
0.0014702082
0.005708933
0.0015802383
0.0054249763
0.0024923086
0.017109752
0.0029090643
0.0070723295
0.0022864342
0.008644819
0.0034270287
0.00796628
0.0036460161
0.0009419918
0.004066229
0.0033874512
0.0021555424
0.0012478828
0.0012358427
0.022177815
0.0005517006
0.0023988485
0.0040706396
0.009168506
0.005721569
-6.759167e-05
0.012986422
0.0040100813
0.0058715343
0.0049113035
-0.00084745884
0.00928092
0.0028309822
0.0042922497
0.00038552284
0.01803112
0.002019763
0.0018730164
0.0024009943
0.012070537
0.007652521
0.014006138
0.00033724308
0.008397102
0.00070369244
0.01505971
0.0021260977
0.0031388998
0.0015281439
0.0027441978
0.017449021
0.001131177
0.0012272596
0.0016634464
0.008619189
0.0004131794
0.007461667
0.0019528866
0.00072717667
0.0053253174
0.001167655
0.004237294
0.00097084045
0.005145073
-0.0005835295
0.0066878796
0.003139019
0.0010643005
0.0060652494
0.0045536757
0.001838088
0.0012060404
0.0023183823
0.0020540953
0.001273632
0.0002014637
-0.00045967102
0.0014301538
0.0031090975
0.00062429905
0.00982511
0.007877827
0.0030483007
0.008692145
0.00081443787
0.00047910213
0.0038181543
0.004709363
0.0029114485
0.0049408674
0.0077284575
0.015286684
0.0059393644
0.00070786476
0.009586453
0.00092077255
0.00043332577
0.0010919571
-0.0003851652
0.0069710016
0.0040564537
0.002105236
-0.00037181377
0.0035214424
0.004132867
0.003247857
0.0070528984
0.01218152
0.005160928
0.0033904314
0.0009255409
0.0035167933
0.0046334267
0.006160021
0.001590848
0.004773736
0.001963377
0.0037565231
0.013736129
0.0035957098
0.0053145885
0.0066006184
0.002178669
5.38826e-05
0.005224824
0.0023312569
0.004640579
0.0034554005
0.004408002
0.0049642324
0.011452198
0.0036325455
0.008811235
0.0034919977
0.006808758
0.0041918755
0.0020105839
0.011151552
0.008008599
0.0076949596
0.00667572
0.0012313128
0.0010899305
0.0029997826
0.0047243834
0.0051596165
0.004758239
0.0018786192
0.001306057
0.0047882795
0.0095437765
0.00031292439
0.0014308691
0.004340768
0.0047283173
0.0033020973
0.005098939
0.0025241375
0.004172802
0.011665702
0.0045181513
0.0011862516
-0.00041341782
0.018256187
0.0026066303
0.006987214
0.0032849312
0.0005489588
0.00097084045
0.0013011694
0.0020347834
0.007930279
0.0029320717
0.0006581545
-0.00035464764
0.0010305643
0.0081243515
0.0035316944
0.00032937527
0.000111699104
0.0014029741
0.009211183
0.004184127
0.016826153
0.0044517517
0.007855296
0.0059490204
0.0008739233
0.008203268
-2.7060509e-05
0.010802627
0.0010317564
0.0131652355
0.0026878119
0.020037174
0.0036401749
0.0048009157
0.00608027
0.0009797812
0.0032964945
0.0060327053
-2.5987625e-05
0.0046004057
0.0008786917
0.0031727552
0.0010148287
0.003905177
0.019947767
0.00033950806
0.0017158985
0.002069354
0.012069583
0.010046124
0.007983685
0.0017822981
0.0062354803
0.012419462
0.0010923147
0.0067179203
0.0036656857
-7.1525574e-05
0.0026334524
0.0027939081
0.0030709505
0.0035754442
-0.00011193752
0.0052466393
0.011749148
0.005798936
0.0010812283
0.010322332
0.013322473
-9.214878e-05
0.008762836
0.0029187202
0.00039458275
0.0012784004
0.005688429
0.00023436546
0.00858438
-5.9843063e-05
0.01008451
0.0038021803
0.007982969
1.180172e-05
0.005219102
0.004967451
0.0038820505
0.005796075
0.00071656704
0.0027925968
0.00919807
-0.00047791004
0.0054701567
0.0101002455
0.0038375854
0.0038682222
0.0019592047
0.009374857
0.004869461
-0.00032877922
0.0036190748
0.006622672
0.004032254
0.0054666996
0.028995037
0.00401628
0.01178658
0.0051652193
0.011234999
0.0056700706
0.00013232231
0.0036053658
0.00496161
0.0057783127
0.0072318316
0.009601235
0.0015195608
0.010216355
0.01055932
0.006529808
0.00047409534
-6.67572e-06
0.000313282
0.0005389452
0.006129265
0.0017697811
0.0028892756
0.008938551
0.0021246672
0.0101053715
0.007063985
0.0010288954
0.0037363768
0.0040962696
0.010169268
0.0033864975
0.0069773197
0.00090277195
0.0064537525
0.0010678768
0.0027865171
0.0010530949
0.0026667118
0.006055355
0.0014317036
0.0028380156
0.00081050396
0.014576793
0.0017740726
0.0023856163
0.002836585
0.007855535
0.003004074
0.008428693
0.0056741238
0.001999259
0.0030926466
0.003127575
0.0015027523
0.008004904
-0.00036036968
-8.916855e-05
0.0053807497
0.0015434027
0.005009055
0.0023037195
0.0029109716
0.0023756027
0.009020686
0.0018360615
0.009810448
0.010764718
0.0050884485
0.008473873
0.003461361
0.005605221
0.00375247
-0.000104665756
0.004514575
0.0061547756
0.0022181273
0.0058341026
0.0076749325
8.273125e-05
0.00878942
0.0027343035
0.0054849386
0.00042283535
0.0058484077
0.0037781
0.008870959
0.007712364
-0.00017035007
0.004202485
0.008299589
0.0013139248
0.002082467
0.0023139715
0.004682541
0.0044230223
0.009477973
0.0016098022
-0.00046789646
0.004336834
0.0018236637
-0.00019359589
0.005841732
0.0035972595
0.0044693947
0.015257835
0.0015312433
0.001660943
0.0068597794
0.0054730177
0.0004452467
-0.0006558895
0.007078767
0.004039049
-0.00030374527
0.0028449297
0.0125232935
0.0095460415
0.0061346292
0.005360961
0.0096616745
0.008462906
0.0025148392
0.0027570724
-0.000108003616
-0.00015497208
0.004051447
0.002408743
0.003412366
0.008168459
0.0039082766
0.0006184578
0.0021810532
0.008730769
0.014713645
0.0077078342
0.006239772
0.0007121563
0.002434492
0.0063596964
0.005292535
0.0012112856
0.0049962997
0.0049875975
0.002560258
0.0010187626
0.0046298504
0.00014650822
0.0009945631
-5.710125e-05
0.007046342
0.00025212765
0.0014392138
0.0019395351
0.0016658306
0.007625103
0.004467368
0.00097215176
0.00562799
0.0028908253
0.0058737993
0.0014770031
0.009920478
0.003852725
0.0064040422
0.005572915
0.0009279251
0.008356571
0.0013053417
0.0025767088
0.00045228004
0.01762855
0.0035750866
0.001100421
0.0051062107
0.00028967857
0.008741617
0.0039918423
0.00405097
0.0020189285
0.00016605854
0.00080287457
0.0013554096
0.0024340153
0.00032627583
0.023307085
0.0023019314
0.003053546
0.0030971766
0.0012542009
0.008271456
0.0043047667
0.00024735928
0.0034896135
0.0067948103
0.004208684
0.0051705837
0.006702423
0.0046230555
0.0058283806
0.002354622
-0.0010178089
0.0044714212
0.0008456707
0.0010820627

0.009537339
0.0032655
0.0031045675
0.012339234
0.004429579
0.012464762
0.006664276
0.004408717
0.0053845644
-0.00032043457
0.0030220747
0.009269357
0.0099720955
0.005943656
0.0020093918
0.001516819
0.0036290884
0.0017571449
0.0052747726
0.0042589903
0.0053412914
0.0034567118
0.0077667236
0.0025017262
0.0027366877
0.009988785
0.0026164055
0.0034223795
0.0076675415
0.0040870905
0.0032515526
0.0011758804
0.0026826859
-0.00023841858
0.0011873245
0.0032343864
0.0065317154
0.0012660027
0.0044546127
0.0074522495
0.00624609
0.0029859543
0.0039885044
0.00051784515
0.005117178
0.0068314075
0.0043848753
0.0056329966
0.006471753
0.0010846853
0.003501296
0.0021708012
0.0018800497
0.0035030842
0.0069892406
0.0016551018
0.004315257
0.010069609
0.0010493994
0.001314044
0.0018132925
0.001560092
0.0044318438
0.0018359423
0.0022490025
0.010174155
0.004892826
0.0013663769
0.0017794371
0.0059685707
0.001406908
0.0034434795
0.0018976927
0.010209203
0.0038034916
0.0042339563
0.007084489
0.0026273727
0.0041401386
0.0054831505
0.0054097176
0.004739642
0.003736496
0.003566742
0.002019167
0.006187558
0.004928589
0.0027649403
0.0048515797
0.0052757263
0.0021556616
0.0070245266
0.005824685
0.002780199
0.0003644228
0.0033066273
0.0038146973
0.004654765
0.010155559
0.00086939335
0.012981653
0.014181852
0.006847501
0.009310484
0.002612114
0.0030083656
0.0054136515
0.009225607
0.0022512674
0.003691554
0.0034474134
-0.00012612343
0.008040786
-0.00018906593
0.006462097
0.0009943247
0.0066640377
0.0024154186
0.0015647411
0.0039702654
0.0029832125
0.010148168
0.008208275
0.004257202
0.00044250488
0.0054855347
0.004398942
0.006767988
0.0067532063
0.0042079687
0.004320979
0.0011843443
0.0026131868
0.0015721321
0.007873058
0.0020221472
0.0010409355
0.0012919903
0.001640439
0.006119728
0.002858162
0.001344204
0.0064389706
0.001967311
0.006632924
0.008261561
0.0042233467
0.001116991
0.010390401
0.003256917
0.0034419298
0.0055758953
0.007543564
0.0048285723
0.009073615
0.008996487
0.004077196
0.005369544
0.013837099
-0.00019717216
0.0029459
0.003936529
0.00094532967
0.0030516386
0.0073845387
0.0020529032
0.009074926
0.0055326223
0.0052524805
0.00869143
0.004154563
0.0058619976
0.0018351078
0.00029087067
0.00081050396
0.0020114183
0.003266096
0.005692005
0.005731225
0.0049813986
0.002842307
0.0011856556
0.0078015327
0.002910018
0.00045466423
0.0020668507
0.006012082
0.005851984
0.0009752512
0.0019001961
0.0044312477
0.003383875
0.005166292
0.0037295818
0.0024815798
0.0009382963
0.011401176
0.0010815859
0.0057343245
0.0037189722
0.0065380335
0.001332283
0.0053436756
0.007617235
0.0035734177
0.008342028
0.0067397356
0.0058511496
0.00020253658
0.0040020943
0.0062628984
0.00027358532
0.0072226524
0.0033757687
0.010121942
0.005154252
0.0045645237
0.004783988
0.0032645464
0.009109616
0.0033527613
0.0062555075
0.0028054714
0.005711794
0.006871581
0.003219843
0.0010296106
0.002203226
0.011459827
0.0065333843
0.0036762953
0.0004582405
0.0028766394
0.0067663193
0.0027983189
0.006273389
0.004324317
0.005542636
0.005056858
0.0003427267
0.0021629333
0.0023008585
0.0069482327
0.0038939714
0.0010741949
0.008391023
0.0030732155
0.0011444092
0.006398797
0.0076453686
0.0017142296
0.004695177
0.0018627644
0.0022839308
0.0075610876
0.00323236
0.0032572746
0.0073412657
0.0018620491
0.009632707
0.012358546
0.0046373606
0.0023413897
0.008218288
0.0071253777
0.00197649
0.0005592108
0.0033050776
0.010406852
0.003722906
0.0022301674
0.0018186569
0.0057543516
0.005800605
0.00038945675
0.004306674
0.0058277845
0.0016690493
0.018800616
0.001650095
0.008097291
0.004102111
-0.00044488907
0.0023406744
0.005319476
0.001663208
0.003800273
0.013391256
0.0013709068
0.0002965927
-7.70092e-05
0.004126787
0.00587821
0.0027230978
0.0034339428
0.006331563
0.0022034645
0.006404519
0.0023235083
0.0025134087
0.0041189194
0.006116271
0.0021297932
0.004457712
0.0032684803
0.0046384335
0.0042715073
0.006103158
0.0025917292
0.0025839806
0.007958531
0.0011752844
0.005588293
0.0037927628
0.002826929
0.005782008
0.0022660494
0.0028195381
0.008416295
0.0063220263
0.0013391972
0.0134449005
0.008500099
0.002196312
0.0063084364
0.0030668974
0.0043133497
-0.00015175343
0.00027012825
0.004121423
0.0030171871
0.0034087896
0.0027734041
0.0049339533
0.0026202202
0.0031604767
0.004095316
0.002349496
0.004731536
0.002323985
-0.00035846233
0.0011305809
0.0053681135
0.00074768066
0.005027175
0.004195094
0.0009672642
0.0015511513
0.0076630116
0.01075685
0.0036495924
0.0043343306
0.0018056631
0.008095026
0.004247308
0.0055650473
0.007643461
0.0013762712
0.0051492453
-6.1273575e-05
0.0028350353
0.0024678707
0.009953618
0.0077085495
0.0004618168
0.0036785603
0.0024120808
0.011128306
0.0007851124
0.01307559
0.002253294
0.004767537
0.004758358
0.0017844439
0.0007303953
0.0076054335
0.0079090595
0.0014491081
0.00659132
0.00014412403
-0.00017225742
0.00039052963
0.0016640425
0.003938198
0.0037333965
0.005928755
0.0064736605
0.0030561686
0.005143523
0.014293909
0.0058083534
0.0047240257
0.006050706
0.0018552542
0.0043537617
0.0008069277
3.886223e-05
0.0013849735
0.0026388168
0.0074027777
0.0017471313
0.014504671
0.0019322634
0.00016880035
0.0062100887
0.0060687065
0.00043296814
0.0036039352
0.00907433
0.010304332
0.003369093
0.0031067133
0.002105832
0.0014599562
0.0013897419
0.0091667175
0.0020489693
0.003751278
0.0011433363
0.0050706863
0.0038465261
0.00916791
0.00020051003
0.0012285709
0.0052763224
0.0039691925
0.0023001432
0.004152298
0.011903882
0.006385088
0.004690528
0.0043541193
0.002863288
0.004733324
0.0041121244
0.010896087
0.013168693
0.0042663813
0.0016692877
0.0044412613
0.0051401854
0.0048565865
0.007956147
0.0022166967
0.0027009249
0.0022429228
0.008299947
0.006754279
0.009925842
0.00995934
0.007583022
0.0030083656
0.004840374
0.0005002022
0.0062309504
0.0032285452
0.0016213655
0.007179141
0.0125671625
0.0022040606
0.005896926
0.0024122
0.0037078857
0.0028557777
0.005420327
0.003562808
0.0045945644
0.0049911737
0.006819129
0.006252885
0.012802005
0.004673481
0.0028022528
0.01227057
0.004055381
0.0028473139
0.0029919147
0.0021185875
0.007834077
0.0023905039
0.0013307333
0.0038193464
0.003582716
0.0016973019
0.0046002865
0.0044146776
0.001380682
0.0035731792
0.006038189
0.009592533
0.0064344406
0.001977563
0.009272695
0.0033289194
0.008436441
0.007580638
0.0029844046
0.00053036213
0.0023585558
0.0010014772
0.0029278994
0.00063478947
0.0050873756
0.008066416
0.0063062906
0.004879117
0.008743167
0.0061655045
0.000695467
0.004085779
0.0018932819
0.00032401085

0.0040301085
0.0024274588
-0.0006378889
0.0044355392
0.0043872595
0.0050804615
0.01606834
0.008300185
0.0016180277
0.002785325
0.0045717955
0.0067989826
0.010703683
0.0024741888
0.010017872
0.0015648603
0.0134881735
0.0065113306
0.0024300814
0.0043474436
0.00062036514
-0.00013279915
0.009047031
0.0033328533
0.002008915
0.010083199
0.0049157143
0.0011540651
0.0019825697
0.0039162636
0.0014047623
0.0073553324
0.0045033693
0.008954048
-0.00020074844
0.006005645
0.007245302
0.012138724
0.003287673
0.004018545
0.007136941
0.0067107677
0.0045324564
0.005480647
0.0029690266
0.004577756
0.0006389618
0.0022720098
0.0030852556
0.0018702745
-0.00021004677
0.005885601
0.0014055967
0.01036799
0.002131462
0.007616043
0.00371778
0.004379511
0.005151987
0.0050953627
-0.00024318695
0.0040632486
0.0020947456
0.008097649
0.0004312992
0.0013347864
0.0006827116
0.005769372
0.006111026
0.00060486794
0.0028004646
0.0053732395
0.0076397657
0.003681302
0.0014865398
0.0065169334
0.0014175177
0.0012812614
0.008510947
0.0016336441
0.0068536997
0.0045900345
0.0057151318
0.00012516975
0.0053243637
0.005312085
0.0040519238
0.007358432
0.0030289888
0.004668474
0.0040683746
0.0066832304
0.0007646084
0.0025174618
0.004872918
0.0035631657
0.009321213
0.0043326616
0.0013618469
0.007701397
0.004554987
0.0022357702
0.0037829876
0.008531928
0.0039851665
0.0065521
0.005301714
0.008881211
0.0032824278
0.012419462
0.004799843
0.0015895367
0.009577036
0.0034354925
0.0028772354
-0.0010246038
0.005025029
0.0033546686
0.0021045208
0.0030697584
0.0034068823
0.002200842
0.004593253
0.0038838387
0.0015956163
0.0010675192
0.0028440952
0.004924655
0.007175207
0.0075058937
0.0040791035
0.006721139
0.0020856857
0.0051077604
0.0032032728
0.00081825256
0.007139802
0.0024789572
0.01104033
0.005042553
0.0021073818
0.0032471418
0.0012953281
0.005472064
0.0076065063
0.0042999983
0.0023747683
0.0044794083
0.006316781
0.0044457912
0.0020273924
0.001856327
0.00847733
0.015748978
2.7418137e-06
0.007961035
-0.00034093857
0.0009715557
0.00096046925
0.0056587458
0.0047678947
0.0031437874
0.0021520853
0.004902959
0.005256295
0.005253792
-0.00018060207
0.008623362
0.0014817715
0.0007570982
0.0065994263
0.0023872852
0.0015823841
0.002030015
0.010049105
0.00330472
0.0012644529
0.008147955
0.0009418726
0.009967923
0.0041646957
0.0017505884
0.0055810213
0.00092613697
0.009471178
0.0035459995
0.003954649
0.0025123358
0.00061297417
0.00940311
0.006981492
4.529953e-05
0.0069396496
0.00041472912
0.0031003952
0.0033875704
0.009191513
0.0071474314
0.0033673048
0.0060870647
0.012949109
0.009905219
0.0008071661
0.009470105
0.0064435005
0.005627036
0.004466653
0.007200122
0.0009926558
0.0056408644
0.0051226616
0.0035218
0.0032871962
0.0053756237
0.003260374
0.0018788576
0.015540481
0.002886057
0.010578752
0.0015209913
0.0034558773
0.0017069578
0.0030533075
0.010308504
0.007968783
0.004023075
0.0018092394
0.0027816296
0.0059473515
0.0021740198
0.00216043
0.0014424324
0.0050070286
0.0062122345
-0.00010585785
0.007607341
0.0054494143
0.009436727
0.001029253
0.008512855
0.0027327538
0.0038864613
0.0017096996
0.0041017532
0.004291296
0.0010313988
0.0014113188
0.004982114
0.0018030405
0.0042665005
0.003804326
0.008108497
0.002220869
0.003682971
0.005757928
0.005766511
0.0029330254
0.010928392
0.0020366907
0.011521697
0.004491329
0.0017095804
0.0020332336
0.0048906803
0.006223798
0.0026665926
0.013018012
0.004658222
0.0035146475
0.0008286238
0.005448818
0.0014519691
0.0054922104
0.003667593
0.003985524
0.012916446
0.011158586
0.009576678
0.01307857
0.00513041
0.0029040575
0.0006991625
0.00050473213
0.0088346
0.0034054518
0.004457712
0.0034047365
0.0040049553
0.005413413
0.0003299713
0.0030782223
0.016584158
0.0011559725
0.006916046
0.0052689314
0.008692503
-0.0005811453
0.0044584274
0.0032746792
0.0041799545
0.002395153
0.01487267
0.0036245584
0.005807638
0.0024485588
-0.00015902519
0.0014506578
0.0032337904
0.0063295364
0.010833144
0.0056539774
0.0032382011
0.006808758
0.0048948526
0.005917549
0.0035626888
0.005642295
0.01718247
0.007789016
0.0013247728
0.005524397
0.01168251
0.0025351048
0.0030702353
0.0051139593
0.0069793463
0.007365942
-0.0004684925
0.008577704
0.007746458
0.003103733
0.005556226
0.005361557
0.0068541765
0.00903821
0.007831931
0.004523635
0.008482456
0.0041292906
0.0019910336
0.0043096542
0.003172636
0.0064327717
0.0022158623
0.003796339
0.007480979
0.0033851862
0.0019050837
0.0018862486
0.0018435717
0.005094409
0.0073548555
5.555153e-05
0.013609529
0.003717661
0.0069721937
0.010783792
0.003869772
0.0043827295
0.0060503483
0.009351969
0.0057023764
0.002180338
0.0033407211
0.0027247667
0.0019407272
0.0010838509
0.0036660433
0.006412387
0.008396864
0.012128472
0.0033352375
0.0010230541
0.00079762936
0.0070934296
0.0049431324
0.00044763088
0.0008392334
0.0030150414
0.007311702
0.00038063526
0.0051772594
0.0026973486
0.004762411
0.0027276278
0.0027683973
0.00501287
0.008707762
0.0068638325
0.0011270046
0.0013790131
0.0056414604
0.0031698942
0.003552556
0.004197359
0.007233739
0.0025157928
0.00970757
0.0056877136
0.0055099726
0.0008183718
0.0024272203
0.0064257383
0.00504148
0.0036962032
0.005869031
0.009582758
0.0024089813
0.0028129816
0.006353259
0.003517747
0.0014102459
0.005716443
0.0072232485
0.00758636
0.013797641
0.006722927
0.0066281557
0.013336182
0.005472183
0.0007376671
0.005155325
0.0063170195
0.000999093
0.0017443895
0.0007522106
0.010032654
0.0032519102
0.0019615889
0.0008176565
0.0029785633
0.0039218664
0.0062402487
0.003550291
0.0005078316
0.0015875101
0.00369668
0.0017734766
0.0043447018
0.0007482767
0.0016304255
0.0024180412
0.006085396
0.004846573
0.018267632
0.00039458275
0.0022557974
0.0052024126
-1.4781952e-05
-0.0004003048
0.0031362772
0.0032579899
0.002855897
0.0026556253
0.00090813637
0.0026462078
0.005690217
0.004297495
0.0038440228
-0.00047957897
0.0034370422
0.006875038
0.0114296675
0.0034193993
0.0025724173
0.0051181316
0.0036388636
-0.00022006035
0.017428756
0.00048577785
0.003403306
0.006258607
0.0048577785
0.005936742
0.0067470074
0.0019546747
0.005337596
0.006197214
0.0036392212
0.0031071901
0.00398612
0.004123926
0.003607154
0.0037620068
0.0049540997
0.0030195713
0.0015221834
0.0019503832
0.00336349
0.0057981014
-0.00013923645
0.0052138567
0.0023189783
0.0018658638
0.0032004118
0.006448865
0.0050694942
0.0077500343
0.0017369986
0.0059375763
0.002901554
0.002022624
0.0008097887
0.002399683
0.0023537874
0.0025142431
0.008138657
0.0047644377
0.009590268
0.005086422
0.0036247969
0.008044004

0.35993123
0.34305847
0.28070056
0.28862906
0.34448028
0.2886498
0.33786464
0.33501005
0.32813883
0.32323706

