1.0302
1.6005676
1.3866855
1.7682637
1.6058309
1.1148883
1.3989937
1.5651071
1.568882
1.455878
1.7288512
1.657247
1.463008
1.8057287
1.3600677
1.3902744
1.3386697
1.2855093
1.5917531
1.4819756
1.1864487
1.4625602
1.5931683
1.0388104
1.4562612
1.3810315
1.6552706
1.3225341
1.3376255
1.6372478
1.475701
1.3014245
1.354125
1.8040942
1.0481328
1.8847629
1.3523132
1.3413327
1.6034905
1.531394
1.2232319
1.3595606
1.2845856
1.7331767
1.1640474
1.5428398
1.3105991
1.5309777
1.4357333
1.5924685
1.2518141
1.2012031
1.262644
1.2761358
1.5420638
1.6475013
1.1759124
1.3752074
1.3951007
1.6770078
1.0421733
1.4661133
1.3649292
0.9939555

1.3917508
1.5735896
1.3721793
1.417757
1.418708
1.474707
1.3813643
1.4058082
1.5424821
1.4957454
1.4894443
1.4999101
1.3971947
1.3745161
1.5289273
1.4431022
1.4640571
1.4174734
1.4228431
1.4706572
1.5070804
1.4277724
1.3858898
1.5375087
1.449006
1.5147594
1.3874353
1.3993193
1.4982113
1.6484146
1.4578775
1.3635
1.4400169
1.4122216
1.4282898
1.4244107
1.4929338
1.4529314
1.4737405
1.4365923
1.4008139
1.4073915
1.4244442
1.4603817
1.431931
1.4405533
1.4690136
1.4709811
1.4612304
1.4507829
1.4324749
1.4835114
1.4644167
1.4957547
1.4586111
1.4140726
1.4579359
1.3389084
1.3402576
1.4565604
1.4589309
1.5005442
1.4440577
1.4750376

1.4399166
1.3916771
1.4261153
1.3604146
1.4211298
1.4821355
1.4121724
1.3905634
1.4320987
1.36966
1.5574884
1.3800696
1.4239031
1.3642815
1.3599862
1.4066906
1.4159948
1.4455265
1.3900238
1.4900361
1.3473759
1.4795196
1.4865794
1.479679
1.4004135
1.4310225
1.5156387
1.4494746
1.4240737
1.4576719
1.3967493
1.3789597
1.4444813
1.4855529
1.3801249
1.414118
1.4774458
1.410698
1.4486308
1.4602778
1.4425112
1.417452
1.4468187
1.4385836
1.423883
1.394634
1.4605968
1.5251751
1.4706829
1.4906945
1.4924002
1.4372835
1.4260975
1.4340261
1.5091541
1.4276632
1.4131527
1.4337715
1.4539807
1.4697286
1.4648
1.417395
1.3882381
1.4392626
1.3542703
1.415254
1.4753652
1.4327447
1.4137639
1.4360949
1.4367356
1.4177766
1.3952413
1.4240278
1.4688588
1.4882092
1.3824931
1.3731318
1.3790206
1.4634175
1.4128381
1.4797747
1.4450974
1.4623713
1.4734054
1.3161076
1.395838
1.4426318
1.4887869
1.4230337
1.3900735
1.4547491
1.4311239
1.4743588
1.4131943
1.4120237
1.4135582
1.4558177
1.4934808
1.4740007
1.478563
1.4404984
1.3928957
1.5420485
1.445388
1.398477
1.4255477
1.4945793
1.435521
1.4770876
1.4011579
1.4341584
1.4539685
1.3847607
1.3961098
1.4196979
1.4146516
1.3802961
1.4020077
1.3966502
1.4535142
1.4587014
1.3368257
1.4698416
1.481725
1.4908744
1.4361136
1.5067477

1.4092275
1.4492799
1.3941381
1.459278
1.3956083
1.438303
1.3700805
1.4234067
1.4206676
1.3989732
1.4027046
1.3929683
1.386262
1.4653394
1.392931
1.4415405
1.4158658
1.4353282
1.4348477
1.4177244
1.4721887
1.4365768
1.5036658
1.4032009
1.4572363
1.4298443
1.4584091
1.4571327
1.4140661
1.4590386
1.4681551
1.3794355
1.5184362
1.4325788
1.4554018
1.4691702
1.4442629
1.4134086
1.4447432
1.4016685
1.4272771
1.3808147
1.446606
1.4845809
1.3965236
1.4083421
1.3789331
1.4238199
1.4083834
1.4035943
1.4621145
1.4426583
1.3532486
1.4146786
1.4474678
1.4560406
1.4997241
1.3888067
1.434893
1.4459974
1.4249102
1.4001919
1.3931208
1.4567914
1.4089255
1.4334748
1.4314274
1.4935429
1.4413885
1.4598858
1.4839532
1.4835961
1.4749111
1.3962955
1.4240891
1.4129586
1.4807682
1.4065462
1.4267638
1.4909621
1.4863263
1.4358791
1.4191245
1.4017099
1.3778771
1.4261408
1.463275
1.4684141
1.4675221
1.452489
1.3714334
1.4692432
1.4374247
1.4541314
1.4438765
1.4460793
1.4078755
1.429296
1.4026262
1.4577073
1.4566666
1.429374
1.3838499
1.4610237
1.4709634
1.4044025
1.4107463
1.4668746
1.4129863
1.4281263
1.4640199
1.4523771
1.3763748
1.4167144
1.4845636
1.4438642
1.4578896
1.3980587
1.4376229
1.4429584
1.3949263
1.4220018
1.4334236
1.3625916
1.4106257
1.4043885
1.4201384
1.4541537

1.4164497
1.4086051
1.4056358
1.3959575
1.464874
1.3917716
1.4261092
1.4209898
1.4765954
1.3825538
1.4795568
1.4557585
1.4012908
1.4223858
1.4354681
1.4529971
1.4333447
1.4384176
1.4311376
1.4466015
1.4235106
1.4696686
1.3751469
1.4144466
1.3965244
1.4945117
1.4156045
1.3913959
1.4179758
1.4460497
1.3949805
1.382065
1.377317
1.3825251
1.4377792
1.446072
1.4117284
1.3535291
1.4532073
1.4211161
1.4233501
1.4461468
1.4021015
1.4020151
1.4417471
1.4229574
1.4088109
1.3802897
1.4266312
1.4547038
1.4007077
1.4425783
1.4333686
1.4071865
1.3693292
1.4391466
1.4620006
1.4362531
1.3877324
1.4010651
1.4469984
1.3995152
1.4023088
1.4526913
1.4049276
1.4694011
1.4416187
1.3970802
1.4190665
1.4653986
1.4130487
1.4645299
1.4182379
1.421678
1.4256269
1.4037503
1.4152967
1.4196211
1.403207
1.4750686
1.4241753
1.3808559
1.3484278
1.4070643
1.416317
1.4257376
1.3888716
1.413137
1.3995713
1.3652021
1.4180423
1.4425251
1.3864013
1.4220525
1.4044791
1.441384
1.4222404
1.4105954
1.3886623
1.3789402
1.4471834
1.383089
1.3856254
1.4322517
1.3948319
1.3755871
1.4258745
1.3979073
1.4245368
1.4359812
1.4538755
1.4056076
1.4481231
1.4416533
1.4304534
1.398479
1.4464856
1.4275128
1.4050425
1.3903849
1.4692919
1.4180493
1.445867
1.379171
1.4274118
1.4420359
1.4328392
1.4333336
1.4214647
1.4493551
1.4365261
1.4112276
1.4303154
1.4327488
1.4203441
1.499915
1.3804289
1.4238933
1.3641706
1.4619308
1.4662228
1.4052498
1.445008
1.3939348
1.4258599
1.4933947
1.4477376
1.4484471
1.4330863
1.431125
1.44267
1.4173257
1.4088416
1.42529
1.3777874
1.3864294
1.429017
1.4669132
1.394539
1.4278257
1.3948938
1.4312263
1.4205785
1.3624703
1.4393939
1.4427857
1.4559553
1.4639971
1.4032924
1.3822272
1.4119315
1.4207544
1.3854148
1.4109951
1.4030014
1.4421755
1.4965073
1.4038395
1.4758935
1.39893
1.4640994
1.4045943
1.3656052
1.3931234
1.3957187
1.4226496
1.4084407
1.4084855
1.4316607
1.338726
1.4142277
1.3691158
1.4189719
1.429046
1.4108936
1.3849794
1.4592851
1.3781565
1.3955193
1.3863767
1.4411641
1.3796571
1.4365646
1.4605056
1.3799571
1.3962278
1.4031053
1.449215
1.4621197
1.4243729
1.4132004
1.4774779
1.3857065
1.4478629
1.4676286
1.4133865
1.4755847
1.4226539
1.3645965
1.4317641
1.4024965
1.4567994
1.3714586
1.4425974
1.4342169
1.4359992
1.4139099
1.373327
1.4474529
1.4317693
1.3594011
1.4493313
1.4477404
1.3791894
1.3779602
1.4445899
1.380036
1.4369807
1.4172747
1.4310592
1.3983537
1.4136757
1.4374931
1.4302605
1.4354392
1.4296255
1.4630473
1.4315959
1.4188917
1.4962028
1.3963464
1.3990768
1.4050933
1.4331919
1.4190828
1.4382313

1.3887447
1.411602
1.4212343
1.4036734
1.4203682
1.4386077
1.4575506
1.3869563
1.4043174
1.3998388
1.4194183
1.4128904
1.4135324
1.4123976
1.4491763
1.4127411
1.4062234
1.4329424
1.42926
1.408883
1.4508039
1.4249033
1.387808
1.4597409
1.4417661
1.4233861
1.3934568
1.4273682
1.4240047
1.4139892
1.4422948
1.4427413
1.390269
1.4170246
1.4116614
1.417658
1.433136
1.4336231
1.4407867
1.389787
1.4305137
1.4112731
1.4040228
1.4451863
1.4703418
1.4334617
1.4468616
1.4331981
1.4908353
1.437062
1.4037452
1.3988687
1.434313
1.4281042
1.4019926
1.4251986
1.4819927
1.4252672
1.4269046
1.4470955
1.4294903
1.429943
1.3855231
1.4824018
1.4102383
1.4408503
1.438392
1.415586
1.418727
1.4543974
1.4319057
1.4232199
1.4482324
1.4073875
1.4164395
1.39332
1.4177345
1.3904172
1.4346383
1.4049401
1.4208078
1.4171219
1.4167145
1.4398689
1.4231293
1.4351172
1.41092
1.4183892
1.4313095
1.4312285
1.396381
1.4087
1.4139152
1.4216497
1.4346616
1.4452873
1.4049373
1.4123309
1.4049554
1.4580423
1.4363421
1.4128902
1.4470552
1.4177877
1.4316814
1.4228185
1.4227482
1.4235426
1.3935193
1.4370929
1.4486346
1.4463848
1.4072332
1.4568741
1.4053026
1.4309137
1.3778312
1.4343117
1.4601349
1.4420077
1.3718543
1.4315392
1.397141
1.4220268
1.4011304
1.4235408
1.384449
1.387351
1.4525357
1.3914194
1.4143339
1.454401
1.3984461
1.3995911
1.4538018
1.423755
1.4255784
1.4474623
1.4205662
1.4090773
1.4505488
1.4205579
1.4300181
1.4481955
1.4433217
1.3761165
1.4577259
1.4226288
1.4425002
1.4193289
1.4147336
1.4146078
1.3953052
1.4252219
1.4137521
1.4343643
1.4323949
1.4406339
1.4290866
1.4084057
1.4484965
1.3955783
1.4418339
1.4667306
1.4136804
1.4128245
1.422009
1.4470556
1.4032047
1.4230078
1.394428
1.4178054
1.4292837
1.4174765
1.440796
1.390212
1.456409
1.4002903
1.4201888
1.4098779
1.4501742
1.4130279
1.4130155
1.3817298
1.4129661
1.3924998
1.4691902
1.3933927
1.444392
1.442197
1.4462436
1.4068426
1.4329711
1.4110912
1.4121137
1.4289253
1.4215165
1.4608624
1.4406056
1.416082
1.4264793
1.4272114
1.412344
1.3822292
1.4124161
1.4407378
1.411883
1.4210283
1.4225003
1.393814
1.4000041
1.4405389
1.4132684
1.4171267
1.4116954
1.4256192
1.395148
1.4403496
1.43439
1.4082708
1.4152182
1.4503872
1.4145914
1.4142598
1.4243398
1.4359925
1.4073656
1.3661561
1.3859812
1.4394194
1.4482843
1.3931818
1.4544941
1.3760875
1.4626446
1.3901627
1.4235041
1.413736
1.4114876
1.4172708
1.43276
1.4463066
1.4551778
1.3563873
1.4062277
1.4094845
1.4078417
1.420338
1.4372436
1.4341946
1.4247597
1.4401482
1.3902044
1.4534577
1.4389998
1.4225603

1.4191383
1.4220215
1.4444101
1.4177482
1.4289653
1.424131
1.4082048
1.4098332
1.4468248
1.4413394
1.4031606
1.4305589
1.4449444
1.3898637
1.3979688
1.4192303
1.4252423
1.4503723
1.412627
1.4497992
1.4256523
1.4170849
1.4539301
1.4437495
1.4264889
1.4335282
1.4234962
1.4213963
1.4014019
1.475295
1.4605291
1.4066393
1.4319334
1.4198155
1.4400247
1.3738058
1.3910851
1.404353
1.4148588
1.4207898
1.3757465
1.4469686
1.4182426
1.4680128
1.4306194
1.4011749
1.4195343
1.3791078
1.4298668
1.415284
1.4127727
1.4222151
1.4323168
1.3785157
1.4245538
1.4230167
1.4275792
1.4476591
1.4038194
1.4013058
1.4572618
1.4495022
1.4052967
1.4145596
1.4208994
1.4373108
1.4194252
1.477568
1.3872081
1.4210391
1.4443012
1.433121
1.4577447
1.3881674
1.4023409
1.427987
1.4201605
1.4065428
1.4228945
1.3960087
1.4392802
1.4114288
1.3802247
1.4048024
1.4399036
1.4022895
1.4188367
1.4081482
1.4025522
1.3589761
1.4192252
1.4174727
1.4594136
1.3665502
1.4085786
1.4240223
1.4083999
1.3910995
1.4651941
1.3801751
1.4135989
1.4475747
1.4392256
1.4147514
1.4525708
1.4328994
1.4592977
1.4040545
1.4275925
1.4150808
1.4238775
1.402353
1.4251572
1.4332985
1.4337987
1.4382348
1.4017271
1.4269419
1.4032468
1.4215943
1.4339365
1.467613
1.4009023
1.4781108
1.4655628
1.4131833
1.424698
1.4272094
1.4608594
1.4427866
1.4421654
1.4762814
1.4491286
1.4102646
1.4194719
1.4094061
1.4508508
1.4349973
1.4614316
1.3910327
1.429136
1.3998001
1.4290131
1.3882396
1.377489
1.3932228
1.4099493
1.4281118
1.4098349
1.3921218
1.3859866
1.438481
1.4090232
1.4623024
1.3924879
1.4118232
1.4730245
1.4406841
1.4495245
1.423662
1.4238566
1.4623386
1.4364454
1.4214022
1.4351815
1.4447536
1.4406267
1.4235246
1.4378281
1.4248695
1.4308974
1.3961062
1.4078774
1.4081533
1.4152867
1.4713969
1.4343737
1.4405545
1.4406055
1.4247711
1.3847284
1.4357301
1.4472651
1.4278712
1.40457
1.4408054
1.4580702
1.4395994
1.4496503
1.4232508
1.4370445
1.4359976
1.4333766
1.4038895
1.4183916
1.3959243
1.4121089
1.4516486
1.438632
1.426012
1.4286095
1.4202416
1.4384785
1.418797
1.4438756
1.40878
1.4024259
1.4286517
1.4215432
1.4057449
1.4054422
1.4589957
1.4085946
1.4150834
1.4134297
1.3656031
1.4178942
1.4093639
1.4216226
1.4401387
1.4328679
1.4389277
1.443991
1.4182318
1.4036893
1.3826051
1.4464335
1.3929534
1.4360043
1.4175831
1.4732621
1.4489607
1.3840058
1.4407022
1.4075259
1.440741
1.4011135
1.4029884
1.3922391
1.4187603
1.4248745
1.4314735
1.4137564
1.4221706
1.4135215
1.4357504
1.4121374
1.4050238
1.3939239
1.4312717
1.4327643
1.4219329
1.4119091
1.4324553
1.4209958
1.4497195

1.3646548
1.4448555
1.4490535
1.44982
1.4048129
1.4234872
1.4175591
1.4537632
1.4045378
1.422028
1.3870426
1.3935595
1.401152
1.4363712
1.3908871
1.4425449
1.4273459
1.4276514
1.404694
1.3904079
1.3989985
1.439564
1.4032385
1.403742
1.3798782
1.4041959
1.4382986
1.366363
1.4386164
1.4105546
1.4304358
1.389844
1.4146867
1.4350635
1.4279752
1.4074026
1.438103
1.4072953
1.4137201
1.3964027
1.4096138
1.419381
1.4178623
1.4089873
1.3918175
1.4152526
1.38185
1.3790308
1.4206363
1.4119633
1.391886
1.4166241
1.4481493
1.4728968
1.439325
1.411196
1.4290774
1.4395618
1.4160354
1.4484003
1.431061
1.4621305
1.4149518
1.3960135
1.4328371
1.3988916
1.4291377
1.3707788
1.4254042
1.4285066
1.436592
1.4493982
1.4140993
1.409903
1.4149872
1.4114407
1.4236854
1.3730029
1.3990223
1.4270283
1.4416233
1.4540443
1.397504
1.4144161
1.3899558
1.3987565
1.398546
1.3839748
1.4381471
1.4421344
1.4188979
1.416835
1.4166524
1.4445305
1.4045925
1.4291731
1.3707676
1.405349
1.3970509
1.4403851
1.4325752
1.4132677
1.4178963
1.4627293
1.4163145
1.4415251
1.3800704
1.4225802
1.413499
1.4093173
1.4536511
1.403867
1.4319642
1.4133829
1.3871433
1.4281336
1.4287379
1.3685595
1.4409859
1.4317188
1.4170319
1.3628547
1.3668561
1.4284936
1.3991358
1.376326
1.4559528
1.4365854
1.3876237
1.4194319
1.4486275
1.4109206
1.3980776
1.4629711
1.4573636
1.4046818
1.4192054
1.4365069
1.4149945
1.4517233
1.404737
1.4332459
1.4292237
1.4124113
1.4462738
1.4365505
1.4243528
1.4006466
1.4225676
1.3973191
1.3972251
1.4289395
1.4249268
1.4289248
1.4465317
1.4102153
1.4154819
1.4154284
1.4266536
1.4225667
1.4306183
1.3973994
1.4182155
1.4132454
1.3956414
1.4036851
1.3934375
1.4273189
1.4143192
1.4100848
1.445057
1.4309728
1.4568079
1.3872075
1.4449378
1.4127415
1.4064336
1.4022107
1.3718755
1.4183178
1.4127274
1.4021475
1.442827
1.4197272
1.3702844
1.4375743
1.434188
1.3712106
1.4032693
1.4226159
1.3995956
1.4460961
1.4353417
1.435689
1.4245286
1.4314578
1.423676
1.4134032
1.4237292
1.4391938
1.4298252
1.4283501
1.4193212
1.4217938
1.4291855
1.4245567
1.4112746
1.4080828
1.4277569
1.3691995
1.4389957
1.4294504
1.4107238
1.4492264
1.424972
1.4324614
1.4286169
1.4322481
1.4229126
1.3601665
1.4068896
1.4687973
1.4159702
1.4506145
1.4158714
1.4280533
1.451552
1.4311776
1.4005216
1.3768489
1.4175934
1.4411178
1.4220108
1.4270331
1.41265
1.4070345
1.4240217
1.4495388
1.4026895
1.4324825
1.435066
1.4238881
1.4188074
1.4183943
1.4121267
1.412255
1.4335496
1.4399753
1.3932796
1.4088229
1.4489539
1.4448345
1.44589
1.4246781
1.4270996
1.412403
1.4447801
1.4276981
1.4308361
1.463698
1.3799273
1.4076601
1.3996801
1.4081123
1.4387804
1.4235672
1.3693843
1.4099889
1.4030126
1.3962939
1.405173
1.3572832
1.3841686
1.435164
1.4120092
1.3931786
1.4160445
1.4207889
1.4007376
1.4538785
1.4080441
1.46234
1.421409
1.4056687
1.4196695
1.3842344
1.45797
1.4245105
1.4864614
1.4239484
1.4159937
1.4199111
1.4192594
1.3853389
1.427396
1.4472468
1.4089241
1.4390165
1.4111462
1.427847
1.4604254
1.4029281
1.4076009
1.4079627
1.41595
1.4152732
1.3711685
1.4510133
1.3609034
1.4485091
1.4064326
1.4163074
1.4038862
1.4128163
1.4266952
1.406056
1.395623
1.4095074
1.3990371
1.4241469
1.4066176
1.3567007
1.4218906
1.412173
1.3999997
1.4183896
1.405865
1.4174564
1.3899667
1.413359
1.4105535
1.4028842
1.4201341
1.4322574
1.4086877
1.4312289
1.4093453
1.4309418
1.4003239
1.406083
1.4207114
1.4422935
1.4112606
1.4268278
1.4086763
1.4305847
1.3735055
1.4263203
1.4163678
1.439542
1.4136844
1.395556
1.4117668
1.433628
1.4335616
1.4009408
1.4408402
1.3964713
1.3911653
1.4305254
1.4394948
1.4172896
1.3786392
1.37834
1.4394579
1.4233475
1.4497511
1.4328821
1.3656542
1.409927
1.41002
1.4423624
1.3713073
1.3740541
1.4210387
1.4293692
1.3868271
1.4295697
1.4310455
1.4300723
1.4233453
1.4502163
1.375641
1.4598582
1.4219328
1.4270445
1.3848569
1.4261425
1.4538648
1.4286264
1.4274808
1.4456078
1.385871
1.4143163
1.4485799
1.4227864
1.4258909
1.3930633
1.4141493
1.4004052
1.4181736
1.4191535
1.4109015
1.3824651
1.4196906
1.4428424
1.4001633
1.4323955
1.404232
1.4114715
1.3883202
1.4297903
1.3981422
1.433502
1.4350395
1.4089166
1.4328811
1.433986
1.4185295
1.3897586
1.3919692
1.4329395
1.3869622
1.420503
1.4013647
1.4248581
1.4061174
1.4308734
1.3938961
1.3815019
1.3925805
1.427082
1.4333928
1.3653858
1.3931996
1.4501197
1.4169099
1.4401792
1.397355
1.4114228
1.4037604
1.3978783
1.4385693
1.3741901
1.3950843
1.4418751
1.3822376
1.4195318
1.3948836
1.4216421
1.4077561
1.4273566
1.4428623
1.4732141
1.391466
1.4337859
1.4140311
1.4438776
1.4195776
1.4194264
1.4034692
1.4179999
1.4154563
1.379319
1.3962034
1.3989111
1.4297707
1.4315839
1.419822
1.4239794
1.4233673
1.406329
1.4269463
1.4372367
1.4050688
1.4512601
1.4578693
1.3969446
1.3881446
1.4526246
1.4006293
1.4283886
1.3755246
1.4136736
1.4554183
1.4140054
1.3885169
1.4243768
1.4003332
1.411517
1.4312979
1.3597578
1.4228178
1.4083103
1.4223489
1.3790842
1.4356868
1.4179696
1.4436074
1.4587715
1.3879414
1.3939167
1.417052
1.4205043
1.3795738
1.4121758
1.418216
1.4387869
1.3981159
1.4219704
1.3913099
1.4261259

1.4367706
1.4450296
1.4344825
1.4255996
1.4105432
1.4037809
1.4558504
1.4131358
1.4260137
1.4062277
1.4352084
1.4247007
1.4064317
1.4066437
1.437488
1.4108077
1.4222695
1.4359187
1.4193281
1.4019825
1.4260193
1.4130803
1.398253
1.4267902
1.4116166
1.3912503
1.4376382
1.4164424
1.4348463
1.4318446
1.4153758
1.4325074
1.4136411
1.4432487
1.4290206
1.4202969
1.4290059
1.4019736
1.4221408
1.4245133
1.4156957
1.4235817
1.4178926
1.4217228
1.4079587
1.4199011
1.3635633
1.4123334
1.3913517
1.4497852
1.4093179
1.4220971
1.4401383
1.4386007
1.4391911
1.4241117
1.3936145
1.4086949
1.4323404
1.4332645
1.3863261
1.4284502
1.4257431
1.4260335
1.4254781
1.4167408
1.411364
1.4300569
1.4136096
1.4118935
1.442813
1.409178
1.4323959
1.4299244
1.437856
1.4340105
1.4323667
1.4191811
1.4220791
1.396364
1.4229139
1.416053
1.4319847
1.4119413
1.4234927
1.3892858
1.4017544
1.4338244
1.4058666
1.4115125
1.4353979
1.4097927
1.4361929
1.4186201
1.4105235
1.4257002
1.413221
1.4381781
1.4050157
1.4161422
1.404135
1.4090369
1.4090369
1.4236473
1.4277421
1.4124668
1.4064656
1.4070106
1.4146509
1.4317759
1.3895099
1.4196227
1.398267
1.4024867
1.4386911
1.38004
1.425494
1.415555
1.4116318
1.4205872
1.4063625
1.4261515
1.4047297
1.4106027
1.4097775
1.4288206
1.4149606
1.4188488
1.4139789
1.4215819
1.437018
1.4388102
1.430495
1.4204446
1.4351062
1.3853643
1.4313174
1.4193745
1.4407811
1.4217557
1.4171923
1.4258103
1.41993
1.402958
1.4224596
1.4261808
1.4128207
1.4274278
1.4231757
1.4264883
1.4215982
1.4307584
1.4339226
1.4291582
1.4060701
1.4381381
1.4084946
1.4214042
1.4184835
1.4142102
1.4213887
1.4335212
1.4074184
1.4173764
1.4461464
1.4038177
1.3960909
1.4003444
1.434888
1.4255803
1.3893828
1.4004978
1.4323652
1.4462112
1.3960325
1.4476212
1.4251331
1.4126467
1.406885
1.3999717
1.429191
1.4202536
1.4310509
1.4457363
1.4266188
1.4146376
1.43773
1.4360492
1.408467
1.4141921
1.4150288
1.4138005
1.4277108
1.4362015
1.4192301
1.3885475
1.416469
1.4327772
1.4046259
1.4145615
1.4252189
1.4365711
1.405042
1.3967233
1.4214457
1.4187642
1.3856002
1.4392861
1.4302518
1.4228381
1.4180177
1.4273837
1.4117652
1.3826668
1.4172035
1.4215077
1.4019656
1.3882178
1.4303598
1.4215609
1.4616188
1.4227043
1.4076434
1.4287031
1.4106412
1.3894272
1.4228467
1.4093931
1.4360901
1.424721
1.3937991
1.4172827
1.4325376
1.4193196
1.415619
1.4212663
1.4207644
1.4236461
1.4005048
1.4323367
1.395033
1.4182726
1.4432664
1.4168838
1.4213746
1.4138062
1.4268309
1.394149
1.4183573
1.4137298
1.4181217
1.4206513
1.4378331
1.4043125
1.4192718
1.4195942
1.399695
1.4183099
1.3939712
1.3957745
1.3925085
1.4072874
1.4106605
1.435516
1.4375908
1.4198071
1.4214689
1.4145186
1.4018053
1.4250054
1.3997697
1.4090962
1.4248004
1.4118671
1.4217496
1.4168501
1.4182601
1.4115877
1.4161352
1.4236805
1.3966485
1.4221096
1.4151806
1.4283205
1.3956321
1.4199988
1.4438732
1.409188
1.424875
1.3887151
1.400062
1.4301262
1.4448025
1.4296457
1.4200163
1.4131706
1.4208981
1.4369512
1.4274626
1.3804346
1.4273944
1.4273288
1.4279617
1.4311028
1.4350567
1.4157233
1.4148507
1.4081612
1.4408033
1.4134098
1.3736678
1.4031945
1.4131936
1.4100777
1.4222832
1.4073704
1.3953869
1.4466931
1.3996154
1.410855
1.4138896
1.4290556
1.4274408
1.426059
1.4439327
1.4396471
1.4442168
1.4238048
1.4190025
1.3975579
1.4357758
1.4133661
1.4254597
1.3972757
1.4130604
1.4217949
1.4328525
1.4242493
1.4047538
1.430311
1.3998929
1.420351
1.4453866
1.4136444
1.4109179
1.4014333
1.435161
1.4036872
1.4338632
1.440004
1.4189986
1.435643
1.4454495
1.4225415
1.4485798
1.4357623
1.3986956
1.4054428
1.4231125
1.4261665
1.4642429
1.4204079
1.4310559
1.4196532
1.4206852
1.4033365
1.4163461
1.4102211
1.4354783
1.410125
1.41552
1.4104525
1.4273283
1.4088031
1.4240795
1.4278747
1.4175099
1.4345387
1.4008566
1.4232992
1.4005253
1.4379807
1.4158089
1.4191374
1.406356
1.4327531
1.4130253
1.4449117
1.424188
1.4389999
1.4009103
1.4037718
1.4164507
1.4241736
1.3992032
1.4084526
1.4116427
1.4325551
1.4241576
1.418605
1.3997449
1.420805
1.4397961
1.4110093
1.419156
1.4090328
1.3994559
1.4243531
1.4210746
1.4140848
1.4173478
1.4033586
1.3997393
1.4426837
1.4258797
1.4225819
1.4020067
1.4388822
1.4297591
1.4373171
1.3995597
1.4312984
1.4225004
1.4007019
1.4387746
1.4280604
1.4203637
1.4235005
1.4265296
1.4438102
1.4224638
1.4389277
1.4049861
1.4251013
1.4104713
1.4328761
1.437924
1.3892918
1.4397932
1.406812
1.4177718
1.4169717
1.4255724
1.4170755
1.4212964
1.4480847
1.4194038
1.3869914
1.4004078
1.4422808
1.4246235
1.4430662
1.3946031
1.4297935
1.4242101
1.4446816
1.4427001
1.4243888
1.4458638
1.4089762
1.4467063
1.4416871
1.4464153
1.4472294
1.4207956
1.4534557
1.4261065
1.4372417
1.4070783
1.397198
1.4306258
1.4006364
1.4252764
1.4132785
1.4068528
1.4218824
1.4089324
1.409057
1.4152354
1.3750098
1.3961061
1.4283764
1.4515886
1.4080427
1.4367418
1.3947134
1.4061258
1.3984433
1.413822
1.4425145
1.4291978
1.411762
1.4214032
1.4311401
1.3998977
1.4186919
1.4442701
1.4245139
1.4336131
1.408142
1.428353
1.4141817
1.4265182
1.4148076
1.4283276
1.4104433
1.4058628
1.4165592
1.4051445
1.4289615
1.4084691
1.4371201

1.4346101
1.413276
1.406633
1.4118286
1.4089247
1.4170662
1.4274482
1.4245687
1.414949
1.3931816
1.4171355
1.4037999
1.4403161
1.3924953
1.448441
1.3943383
1.4229256
1.4199681
1.4261973
1.4213231
1.4202417
1.4016675
1.4135554
1.4032465
1.40617
1.44124
1.4162326
1.4395113
1.4261066
1.4157923
1.4053688
1.4329236
1.4290576
1.4259828
1.3942893
1.423656
1.4117813
1.415798
1.4341561
1.446695
1.4289964
1.4220006
1.3943452
1.3993264
1.4278073
1.4119643
1.4252326
1.3992941
1.38453
1.387796
1.416748
1.433534
1.3982675
1.4139749
1.4230325
1.4193931
1.4078903
1.4506372
1.4378783
1.4086711
1.3879303
1.43597
1.4315554
1.4212147
1.4092076
1.4067347
1.4377035
1.4287256
1.4217044
1.4182278
1.438328
1.4009353
1.4138249
1.40865
1.4324236
1.4202973
1.403158
1.4127496
1.414458
1.4373473
1.4413335
1.4226139
1.4260149
1.4410123
1.4284043
1.4165413
1.4053568
1.4308931
1.4227858
1.4149519
1.4002062
1.4372456
1.416534
1.4228805
1.4214169
1.3750056
1.4193182
1.4253373
1.4187083
1.4347951
1.4288924
1.4256264
1.4372762
1.4215188
1.4144522
1.4017487
1.4432691
1.4343754
1.4282796
1.4056351
1.4184473
1.4085127
1.4154614
1.4134793
1.4340422
1.4109012
1.4390157
1.4311235
1.4218796
1.3857594
1.422893
1.3974385
1.4062556
1.3814287
1.440482
1.4060569
1.4212935
1.4249043
1.4388623
1.4435399
1.4085814
1.4286315
1.4279096
1.4258628
1.4114432
1.4236867
1.4177167
1.4201921
1.4139479
1.3981812
1.4323735
1.4024032
1.4254602
1.4258327
1.4258687
1.4246002
1.4248165
1.4082762
1.43239
1.3865281
1.4071125
1.4544853
1.4314915
1.3955727
1.4494437
1.431756
1.4105997
1.4242464
1.4264487
1.4143951
1.4307747
1.4153758
1.4279208
1.390229
1.3922087
1.4064474
1.4008746
1.4380951
1.4229904
1.4101635
1.424614
1.4010048
1.4053274
1.4171721
1.4600937
1.4075135
1.435582
1.4254501
1.4203687
1.3938298
1.421012
1.4546875
1.431781
1.4205503
1.41352
1.4248971
1.408318
1.4081482
1.4262276
1.407197
1.4320736
1.4111174
1.4188982
1.3956077
1.4288672
1.4462328
1.4259318
1.4125513
1.4097849
1.4426069
1.4266453
1.4311267
1.4308213
1.4004178
1.4153109
1.3981131
1.3969682
1.4061853
1.4122335
1.4330665
1.4082054
1.3939403
1.4380375
1.4136147
1.4249676
1.396673
1.4129368
1.3975216
1.4301771
1.4328467
1.4263306
1.4140426
1.4310514
1.4118605
1.4219329
1.4438306
1.4411845
1.444907
1.4190867
1.4512358
1.4134458
1.4355543
1.4230809
1.423098
1.4380732
1.4216077
1.439865
1.4229856
1.4189824
1.4212204
1.4094416
1.4007727
1.4313207
1.4285538
1.4172003
1.4345136
1.417907
1.422946
1.4133857
1.4014398
1.4212646
1.4219595
1.438722
1.443509
1.4293184
1.4380612
1.4410536
1.4381111
1.4045719
1.417894
1.4274299
1.4618798
1.4148746
1.4577354
1.4234868
1.4250468
1.438032
1.415127
1.4198107
1.4097446
1.4049597
1.4430126
1.427549
1.3941861
1.4528168
1.4012783
1.4119136
1.4111571
1.426529
1.4383153
1.4393997
1.3930783
1.4335039
1.4391674
1.4142693
1.4469426
1.417064
1.4150223
1.4034275
1.4160876
1.4290336
1.430534
1.4356719
1.4116255
1.4219196
1.4430454
1.4096264
1.415487
1.4199462
1.4128584
1.4130694
1.4018552
1.4060192
1.3878121
1.4045924
1.4470263
1.4023787
1.3956422
1.4115685
1.4367352
1.4071441
1.3926961
1.4084637
1.4288536
1.4454288
1.4061068
1.4274641
1.4265252
1.4003363
1.3957636
1.4113785
1.4274732
1.4358999
1.4021547
1.4200488
1.4064667
1.4205067
1.4355916
1.4115099
1.4005011
1.4083179
1.4274315
1.4082034
1.4477897
1.431793
1.4182564
1.4443083
1.438047
1.4056214
1.4315265
1.4314804
1.4073871
1.4214059
1.4413562
1.4264144
1.4159983
1.424471
1.4109945
1.4295382
1.437164
1.4272316
1.4332583
1.3930229
1.4165436
1.4204159
1.4114987
1.4129279
1.4203188
1.4275947
1.4300586
1.4580151
1.4420989
1.4119709
1.4412379
1.3952999
1.4049728
1.4338604
1.4251547
1.431134
1.3972509
1.4074858
1.4352952
1.425505
1.4084729
1.4027356
1.4033824
1.4426013
1.4204481
1.4066122
1.4448342
1.4033879
1.3958535
1.4351021
1.4085268
1.4092938
1.4287698
1.4154211
1.4070754
1.422761
1.4097393
1.4574169
1.437272
1.4126389
1.4240171
1.4401051
1.3960062
1.4274098
1.4536192
1.412808
1.4231167
1.4375046
1.448978
1.4303758
1.4257165
1.4013491
1.399026
1.4102926
1.3965632
1.4345467
1.4528209
1.4124566
1.431127
1.4458246
1.3999571
1.4505798
1.4273927
1.4317338
1.4380207
1.4216917
1.4188802
1.4336964
1.4386045
1.4097223
1.4146088
1.4260035
1.4452887
1.4166795
1.4302226
1.414505
1.4115705
1.4064199
1.4170399
1.414316
1.4394287
1.4265994
1.4143952
1.4046116
1.4471576
1.417144
1.4290243
1.3940889
1.386896
1.4371989
1.4185162
1.4313816
1.4153057
1.4104886
1.436723
1.4005057
1.4173673
1.3996227
1.4250859
1.4507732
1.4320028
1.4196758
1.4471517
1.3978647
1.3957065
1.4254918
1.4089055
1.4497483
1.4224502
1.401969
1.4200828
1.3987206
1.4210312
1.4069198
1.4325533
1.4158739
1.4087574
1.4369968
1.417565
1.4039357
1.418317
1.4291643
1.4187266
1.4177691
1.3945574
1.4269263
1.4504428
1.4310787
1.4042209
1.4190955
1.3920047
1.378499
1.4130381
1.4528394
1.4418458
1.4301753
1.4073018
1.406986
1.413063
1.3853289
1.426946
1.3899919
1.3763987
1.420252
1.430595
1.3901821
1.4389019
1.4312024
1.394791
1.4341705
1.4323058
1.4256182
1.4196401
1.4209388
1.4026153
1.4590701
1.4149531
1.4202033
1.4298505

1.4280138
1.4345272
1.4147124
1.4362334
1.43205
1.4034911
1.4125953
1.4208986
1.4279388
1.4082152
1.3983487
1.4078611
1.4091376
1.3901377
1.4108462
1.4300781
1.4090432
1.4564449
1.4283477
1.4248077
1.4117337
1.4085027
1.409567
1.3773853
1.4408327
1.4005265
1.4070424
1.3965746
1.4370927
1.38511
1.4125973
1.4273757
1.4218007
1.4254191
1.4537085
1.3976043
1.4159244
1.4322587
1.3932854
1.4112036
1.4262651
1.4101304
1.4227679
1.4210215
1.4281989
1.4075718
1.4271704
1.4266757
1.4393753
1.4143229
1.4324554
1.421579
1.408415
1.3981687
1.4058233
1.4319738
1.4016322
1.4017534
1.4210336
1.423305
1.4405738
1.4365001
1.40147
1.4353838
1.4050735
1.3958949
1.4142377
1.4257662
1.44295
1.4400445
1.4348658
1.4274303
1.4273938
1.4379373
1.4211206
1.4327536
1.4067489
1.4397972
1.4273927
1.4208236
1.3995007
1.4039079
1.4013107
1.4530442
1.4309347
1.420963
1.3852715
1.4323677
1.4273769
1.4223671
1.4128649
1.4200462
1.4407016
1.3952203
1.4103806
1.3801918
1.4126927
1.438323
1.4097403
1.4022112
1.4189504
1.4245658
1.4309217
1.3999932
1.4066021
1.4309264
1.4210395
1.4338826
1.427489
1.4049749
1.4161991
1.4249418
1.4049054
1.4241633
1.3915311
1.4133146
1.427779
1.4185264
1.4365163
1.4221845
1.4128298
1.4351308
1.424943
1.4108855
1.4174279
1.4370176
1.4477457
1.4160817
1.3970978
1.4159776
1.4432364
1.4485389
1.4416224
1.4402096
1.4277943
1.419985
1.4147744
1.4236594
1.4092616
1.408026
1.413605
1.4353787
1.4028858
1.4238861
1.4266392
1.41117
1.3921036
1.3987913
1.4482807
1.4407411
1.4067314
1.3961142
1.406452
1.4141396
1.4282385
1.4209166
1.4255503
1.4191457
1.3888785
1.4188784
1.4553585
1.402845
1.417424
1.4129885
1.4219551
1.4072223
1.4232802
1.4203161
1.4027443
1.4259223
1.4003053
1.3938738
1.3933154
1.401621
1.4232337
1.4158303
1.446952
1.4003783
1.4143735
1.413489
1.4031438
1.4450046
1.4072636
1.3992339
1.3860639
1.4114373
1.4176273
1.4356496
1.4199755
1.4323823
1.3896782
1.4046388
1.4151747
1.3846825
1.4054412
1.427556
1.4394906
1.422483
1.4175975
1.3947318
1.3923696
1.4246742
1.4109715
1.4326419
1.4138355
1.3981568
1.4165379
1.4354045
1.3961456
1.423061
1.4216138
1.4252787
1.4093043
1.4058249
1.4093554
1.4150726
1.3827133
1.4141976
1.3977245
1.4223585
1.4323692
1.4253069
1.4303037
1.4265858
1.4233725
1.4588064
1.4169081
1.4285052
1.4105157
1.4289088
1.4207252
1.395128
1.4174153
1.4220992
1.4228851
1.4081205
1.4445488
1.4017134
1.4006896
1.4216282
1.4174025
1.4288014
1.4309015
1.4231235
1.4051679
1.402796
1.4112844
1.4079456
1.415743
1.4314218
1.4106021
1.4142119
1.4010065
1.4123998
1.4261957
1.4043702
1.4060535
1.4113163
1.4436226
1.4171966
1.4288297
1.4288491
1.4122727
1.4167346
1.4112937
1.4472544
1.4105523
1.4050677
1.4239906
1.4243468
1.4120384
1.4023341
1.4263915
1.422061
1.4097246
1.4165975
1.4468964
1.403186
1.4314488
1.4289193
1.4151194
1.428062
1.4132028
1.4269603
1.4108704
1.3923526
1.395742
1.426677
1.4009608
1.4300638
1.4301462
1.4408764
1.4566336
1.411074
1.4189825
1.4162973
1.4228033
1.4082431
1.3957927
1.413857
1.4389977
1.3990487
1.4120677
1.4474808
1.4048404
1.4263573
1.427027
1.4564992
1.4251435
1.4143552
1.4159023
1.4130503
1.4056805
1.367619
1.4317155
1.4277049
1.4300097
1.417708
1.4297853
1.4312218
1.3981612
1.4609151
1.4265496
1.4242563
1.417775
1.4261904
1.407628
1.4053298
1.4099084
1.4256437
1.4280497
1.4208994
1.4266831
1.435585
1.4395391
1.4114522
1.4280021
1.4352248
1.430713
1.4214027
1.4179965
1.4597532
1.4222093
1.445331
1.3927951
1.4243613
1.4130777
1.3916482
1.4133224
1.3990785
1.4249433
1.4197459
1.4203476
1.3736039
1.4047769
1.4082751
1.3925145
1.4362932
1.4218173
1.4182326
1.4097517
1.422021
1.4308444
1.4046326
1.4193069
1.3985009
1.4251518
1.4066334
1.4351122
1.4197856
1.3977151
1.4378289
1.4202703
1.4131963
1.4229224
1.4166033
1.4186031
1.4423239
1.4368056
1.4218769
1.399702
1.4147781
1.3917694
1.4023336
1.4204669
1.425925
1.4235883
1.4123026
1.4183996
1.4440981
1.4086031
1.4028492
1.4159454
1.4025102
1.4271703
1.412251
1.4402483
1.4047265
1.4140171
1.4067274
1.4258547
1.4418194
1.4000108
1.4444844
1.4089968
1.4010124
1.4110668
1.421773
1.4141179
1.4413707
1.4187037
1.4304546
1.4168772
1.4065137
1.413656
1.4264199
1.4237446
1.4352542
1.4076718
1.4374154
1.3959969
1.4350207
1.4213399
1.4322028
1.420276
1.4127347
1.4118701
1.3923595
1.4242461
1.4175135
1.4130198
1.4018965
1.4116895
1.4127134
1.4289024
1.3921531
1.4111495
1.4203403
1.4060655
1.4131119
1.453014
1.4363791
1.4437498
1.4261335
1.4226418
1.412803
1.3900365
1.4360375
1.399927
1.4568044
1.4183393
1.4124612
1.3930979
1.407648
1.4049354
1.4393476
1.4258076
1.4038446
1.4064194
1.4326781
1.4058807
1.4016302
1.4416502
1.4400868
1.4252783
1.413047
1.4251432
1.4281565
1.4093484
1.4021269
1.4458785
1.3920026
1.413949
1.4181913
1.4188526
1.4157671
1.423601
1.4253476
1.4450594
1.4099957
1.4064487
1.4056108
1.4319222
1.4464086
1.4289579
1.4282215
1.4035809
1.430015
1.4059649
1.3993237
1.4342895
1.4068598
1.4484941
1.3969774
1.4251401
1.439759
1.4048411
1.4343604
1.3825334
1.4277589
1.4144492
1.3926247
1.4055012
1.4291958
1.4534442
1.4084986
1.4293537
1.4176424
1.3797802
1.4154395
1.4222891
1.4205011

1.4120957
1.4098864
1.4274058
1.4406438
1.3830462
1.459701
1.4126642
1.4155493
1.4312029
1.3958555
1.4243501
1.4213797
1.4099643
1.3956163
1.4405198
1.4026356
1.3956968
1.4061733
1.4148145
1.4187374
1.4166359
1.4401572
1.4180559
1.4194319
1.4161835
1.4396045
1.4275655
1.4225866
1.4485012
1.4409416
1.3902651
1.4153286
1.4160672
1.394469
1.4295514
1.4131095
1.4541909
1.4394801
1.4323201
1.4093391
1.4201299
1.3952441
1.4237344
1.4112692
1.4104
1.422479
1.438503
1.4154984
1.4072989
1.4215393
1.4282495
1.4232142
1.4211338
1.410694
1.438155
1.4069079
1.4499413
1.4308256
1.4176786
1.4233426
1.4516708
1.4271657
1.4098594
1.4138757
1.3983759
1.4263862
1.4373472
1.4060905
1.4216789
1.4032861
1.4073182
1.4215419
1.4096099
1.4305475
1.391275
1.432637
1.4276382
1.4411743
1.4050245
1.4106337
1.4144102
1.4218388
1.4087125
1.4089384
1.4059175
1.4114963
1.3805358
1.4102745
1.4185343
1.4081341
1.433742
1.4092537
1.43857
1.3942432
1.4443278
1.426731
1.4161193
1.4150531
1.4244812
1.4247226
1.4487067
1.4227142
1.4447397
1.4257436
1.4026132
1.4160738
1.4554589
1.4162005
1.4130684
1.3936976
1.4082961
1.4356405
1.4211884
1.4091077
1.4210266
1.4045916
1.4252365
1.4123123
1.4331454
1.4120344
1.4031934
1.4282128
1.4416319
1.3997533
1.3741562
1.398142
1.4078332
1.4356499
1.435258
1.4300905
1.4192625
1.4104462
1.396764
1.4155045
1.4291232
1.4203614
1.4286269
1.4319944
1.4195193
1.4127188
1.3953923
1.4446467
1.4447097
1.3947994
1.410093
1.4178776
1.4238096
1.4219716
1.4214122
1.425467
1.422922
1.4107692
1.4222555
1.4019406
1.4354054
1.4211979
1.4193213
1.4100336
1.4239517
1.4202015
1.404459
1.4097717
1.4108819
1.3822602
1.4133369
1.4280165
1.4429792
1.4252326
1.4268591
1.4301475
1.4034486
1.415701
1.4256388
1.389691
1.3961118
1.4328634
1.4262521
1.3860066
1.3998225
1.3940889
1.4128506
1.3993332
1.4371481
1.4205812
1.4216496
1.3931456
1.415308
1.4129095
1.4259702
1.3980112
1.4122376
1.4388018
1.4306759
1.4472884
1.4378247
1.4220687
1.4037774
1.4408984
1.4342428
1.4172008
1.4351361
1.4003483
1.4399503
1.4091935
1.4237406
1.3993952
1.4133157
1.442557
1.4052343
1.4214797
1.4304847
1.4240571
1.4005108
1.4257092
1.4043292
1.443668
1.4050876
1.4123523
1.4386957
1.4267496
1.404032
1.4135901
1.417462
1.4166548
1.4244227
1.4281573
1.4386159
1.4065382
1.4165175
1.4288348
1.4244728
1.4062295
1.4252601
1.4193176
1.4178954
1.4013188
1.4359231
1.4314413
1.4188623
1.4340093
1.4147611
1.3888689
1.4300842
1.4293095
1.4142591
1.4169313
1.4518006
1.4204849
1.4004713
1.4218792
1.3994634
1.4287671
1.3881699
1.398225
1.4197465
1.4106805
1.4008665
1.4261816
1.4131508
1.4372437
1.4387991
1.4155631
1.4148388
1.4214225
1.4023209
1.4151952
1.4127887
1.4348872
1.4296502
1.4100208
1.4080776
1.4373314
1.4064348
1.4366022
1.4079225
1.4234692
1.396603
1.4341656
1.4403871
1.4011508
1.4045998
1.4150623
1.4025267
1.4165789
1.4199228
1.3853678
1.4043323
1.4212455
1.4344163
1.4134244
1.4255775
1.4143816
1.4288874
1.4097395
1.4204841
1.4005083
1.4277695
1.4250566
1.3919911
1.4179323
1.4157872
1.414904
1.4343938
1.4192743
1.4100646
1.4122727
1.4214674
1.415686
1.4076431
1.4316992
1.4161183
1.39601
1.4152657
1.4356036
1.4028312
1.4194002
1.4009154
1.4070327
1.4242165
1.4492818
1.4252156
1.4216597
1.4164202
1.4189622
1.4593253
1.424982
1.398442
1.4144353
1.3976882
1.4058094
1.4008911
1.4292278
1.4442021
1.4205974
1.4112115
1.4290969
1.385919
1.4199616
1.4157387
1.387926
1.4202986
1.4094161
1.405915
1.420077
1.4271871
1.3853589
1.4206188
1.4047168
1.438735
1.4351733
1.3996739
1.4247667
1.4162141
1.41834
1.4175534
1.4373572
1.4375077
1.4364153
1.421721
1.42172
1.4391881
1.4359676
1.438332
1.399329
1.4271377
1.4012728
1.4212103
1.4431666
1.3993003
1.426921
1.421506
1.4071454
1.4283123
1.4225023
1.4453417
1.4221206
1.4380449
1.4159855
1.4148184
1.4243506
1.4392576
1.4258819
1.4114202
1.4302174
1.4045924
1.4027404
1.4323297
1.3985311
1.3998327
1.4377853
1.4296007
1.4114058
1.4250864
1.43344
1.4145588
1.4119815
1.398033
1.4216301
1.4169688
1.4012325
1.3988116
1.4383547
1.3899665
1.4207991
1.4120585
1.4322019
1.4234575
1.3964424
1.4196173
1.4209665
1.4073795
1.4210362
1.408446
1.4252499
1.4111476
1.4493489
1.4092915
1.4270715
1.4032081
1.4159986
1.4466758
1.4334822
1.4257624
1.4140924
1.4268662
1.4347489
1.4113346
1.4449763
1.4162563
1.4195297
1.3876554
1.4407669
1.4081925
1.3892775
1.4213891
1.4585063
1.4356428
1.3972937
1.4219183
1.3872763
1.410519
1.4222534
1.4067433
1.394396
1.4114456
1.4351287
1.4193535
1.4010105
1.4404149
1.4129957
1.4341261
1.4093318
1.39639
1.3830441
1.3846028
1.4196833
1.432163
1.4318358
1.4349786
1.4224242
1.4017174
1.4187305
1.4333926
1.4297991
1.3852104
1.4129364
1.419588
1.4419993
1.4078902
1.4460882
1.4297425
1.4035693
1.4119813
1.4291283
1.4348556
1.4102825
1.418435
1.4052036
1.4351286
1.4244902
1.4204634
1.3985214
1.4460636
1.4257368
1.4579016
1.4389806
1.3898599
1.4064987
1.4233462
1.4363414
1.4187635
1.4135276
1.4260336
1.3932922
1.4237667
1.3981274
1.4303476
1.4307153
1.4431298
1.4220725
1.4239981
1.4207659
1.4110184
1.4172883
1.4005096
1.406967
1.4426512
1.4133158
1.3972758
1.4183232
1.4165493
1.4389355

1.4106506
1.4346311
1.4163177
1.4021883
1.408437
1.4356312
1.4322829
1.433662
1.4200981
1.4166985
1.404375
1.4030708
1.4117234
1.3824828
1.400302
1.422273
1.4100147
1.406783
1.4077767
1.4589369
1.4300005
1.4010261
1.4521747
1.4020911
1.4242038
1.4202033
1.4177233
1.4116712
1.4325975
1.4389279
1.4012694
1.4395657
1.4452844
1.4477401
1.4373397
1.399327
1.416622
1.4311974
1.4020517
1.4420394
1.4055783
1.4295944
1.4280628
1.4248388
1.4230396
1.4261237
1.4353428
1.4086565
1.4053866
1.434121
1.3964212
1.4181749
1.4056697
1.4225367
1.4050546
1.4088922
1.4312204
1.4169024
1.4148656
1.4013915
1.4116552
1.4043796
1.4195143
1.4227374
1.4366572
1.4238029
1.3918375
1.4011632
1.4119921
1.3997526
1.4000149
1.4267237
1.4009507
1.4205359
1.4038779
1.4485649
1.4041513
1.4306337
1.4402975
1.4212961
1.4069309
1.3990452
1.4183015
1.4368141
1.4189107
1.4406565
1.411678
1.4211758
1.3977194
1.3996233
1.411415
1.4053689
1.4106026
1.4049604
1.4094989
1.4025408
1.4503088
1.4297483
1.4187365
1.4200644
1.4302897
1.4131206
1.4220569
1.432501
1.3938776
1.4269011
1.4436599
1.4343518
1.4328839
1.4237163
1.4128689
1.4274586
1.4348389
1.4098535
1.424473
1.3995056
1.4140973
1.3972613
1.4209387
1.4127645
1.4305905
1.4130805
1.4008524
1.4205945
1.3845977
1.3972422
1.4240617
1.4472618
1.427255
1.4237195
1.4120516
1.4386134
1.4308463
1.3996551
1.4085212
1.4240608
1.4244808
1.4435731
1.4300605
1.4221816
1.4246323
1.4079325
1.4241924
1.4262334
1.4096471
1.4150606
1.4441692
1.4137472
1.4077609
1.4292982
1.4116105
1.4239589
1.4152116
1.4220642
1.4113271
1.426567
1.3979158
1.387633
1.3804644
1.3916811
1.4359871
1.432463
1.4073359
1.3934302
1.4137393
1.423061
1.3987157
1.432419
1.3934855
1.4154174
1.4114153
1.4250495
1.4044561
1.4099059
1.4272953
1.3991067
1.4249635
1.441505
1.400097
1.4051969
1.407093
1.4003795
1.4226366
1.4072466
1.4162403
1.4200767
1.4040627
1.4296086
1.3973141
1.4352367
1.3949323
1.411151
1.4482852
1.4265556
1.425938
1.4130275
1.4600226
1.4592199
1.4026954
1.4235892
1.4095868
1.4348977
1.3973114
1.4248811
1.4045764
1.4316932
1.4179072
1.421784
1.4209027
1.4212016
1.403587
1.3952526
1.4240329
1.4099483
1.4262321
1.4047577
1.447815
1.4329165
1.4148933
1.4224992
1.3969198
1.4010831
1.4074318
1.4187963
1.4200588
1.4088502
1.4138434
1.4332529
1.4414674
1.4250821
1.4223589
1.4158365
1.4274541
1.401973
1.3932115
1.3961734
1.4282328
1.4442083
1.4310203
1.4217119
1.4208857
1.4230124
1.4212573
1.4164851
1.4235032
1.4159243
1.4042622
1.421689
1.4089223
1.4291581
1.413527
1.3962648
1.4011323
1.4064906
1.4706078
1.4296312
1.4206996
1.4235189
1.442036
1.3899332
1.4305782
1.4140588
1.381957
1.4021959
1.4061266
1.433269
1.4280766
1.4045329
1.4009598
1.4184023
1.4404955
1.4401559
1.4398947
1.4479829
1.4125819
1.4372439
1.4390004
1.4166589
1.4228914
1.4433922
1.4101702
1.3897666
1.4003856
1.4360496
1.4175844
1.4247961
1.4233505
1.4256328
1.4529608
1.3677458
1.4136945
1.4369025
1.4149051
1.4230069
1.4153097
1.4327272
1.4211121
1.4352043
1.4173352
1.4200367
1.4099689
1.4235932
1.4106662
1.4130226
1.4086176
1.4217993
1.413976
1.4201381
1.4265852
1.4306322
1.4492967
1.401554
1.417379
1.4256037
1.437085
1.4047256
1.4105215
1.4259461
1.4230756
1.4117006
1.384828
1.4292381
1.3972673
1.396276
1.3849428
1.4390224
1.4281667
1.4188546
1.4026104
1.414458
1.422697
1.4335591
1.4050602
1.4299198
1.4058105
1.4233629
1.4298297
1.4269851
1.412373
1.3973925
1.4098527
1.421222
1.4484086
1.4309026
1.4270215
1.4061092
1.4151881
1.4394401
1.422798
1.3857762
1.4422894
1.4250119
1.4133584
1.4052596
1.4151075
1.419408
1.4164499
1.4302075
1.3971194
1.428813
1.395672
1.4052125
1.3938318
1.4279636
1.4303077
1.4271019
1.4050072
1.4026273
1.4226637
1.4161121
1.4091673
1.424243
1.3887277
1.3811448
1.4410185
1.4260566
1.4014674
1.3929244
1.4214332
1.4164562
1.4256059
1.4130944
1.4240645
1.4156293
1.4421351
1.4006838
1.4191082
1.4234804
1.4054723
1.4188073
1.4286405
1.3960108
1.4288626
1.4335363
1.412525
1.4179928
1.425467
1.3902887
1.412433
1.4183984
1.4325919
1.4171778
1.4432343
1.4341443
1.4300654
1.4052504
1.4208372
1.4269729
1.413284
1.4203714
1.4419255
1.4173266
1.4464235
1.4178512
1.4361359
1.4405391
1.4492143
1.4267937
1.4261113
1.4114019
1.4075882
1.4430327
1.4226546
1.4248122
1.4165089
1.4192516
1.4291967
1.418503
1.4449408
1.4244801
1.4253163
1.4138675
1.4278626
1.423282
1.3948414
1.4109147
1.4371822
1.4102155
1.438353
1.4016979
1.4035248
1.4205053
1.4391706
1.4073377
1.4453024
1.3909574
1.4467534
1.4130931
1.4332179
1.4209634
1.4180385
1.4244771
1.3681691
1.4093463
1.4358816
1.4271193
1.4286819
1.4066504
1.418485
1.4113866
1.4210335
1.4219218
1.4037849
1.4060769
1.4323903
1.4494141
1.4297434
1.4115915
1.406508
1.4232612
1.4058021
1.4278941
1.4314214
1.4208951
1.3980087
1.4211247
1.4285036
1.428659
1.4263701
1.4096838
1.4103953
1.4227434
1.4325241
1.4010912
1.4088458
1.4308587
1.4313558
1.4335887
1.4292498
1.4120762
1.420558
1.4257383
1.4162712
1.4161215
1.4106296
1.4202613
1.4336098
1.4471354
1.4064137
1.4463867
1.4136473
1.4242339
1.3997132
1.4337735
1.4590423
1.4108381
1.432334
1.4252472
1.4085692
1.4052948
1.4247304
1.4279988

1.7270435
1.7275628
1.7576712
1.6898844
1.7612795
1.6890941
1.7563117
1.7350354
1.7627329
1.662835

