2.1341991
1.7093823
1.5754774
1.4386295
1.89426
1.7686064
1.9421315
1.9852655
2.0101666
1.6907573
1.678023
2.0274305
2.0298898
2.2178862
1.8492403
1.7826095
2.2284145
1.9735003
1.7827238
1.900535
1.7133116
1.8643464
1.8627743
1.9818906
1.9765381
1.8990041
1.9886166
1.8147087
1.9327723
1.6948698
1.7032679
1.8748026
1.9436861
1.9093611
1.5840542
1.765881
1.6303188
1.8806028
1.6865594
2.434145
2.1598854
1.7786422
2.3181841
1.6544011
1.7710336
1.7385921
1.8238388
1.9115672
1.7773587
2.0092323
1.7622705
1.9909222
2.42854
1.6347327
2.1676893
1.8109306
2.3541439
1.7605276
2.50131
1.8996269
2.0413797
1.7116416
2.2137644
1.88736
1.9402874
1.5605017
1.871758
1.8613806
1.5596838
1.8741015
2.1216643
1.7525457
1.6571072
1.6554815
2.301968
1.9350523
1.8298085
1.9825771
1.6325328
2.0372477
1.8223201
1.8359734
1.721741
1.6564382
2.238149
2.0382857
2.3388855
1.900148
1.9405835
1.4489661
1.8932929
2.1543314
2.104301
1.8378322
1.7159345
1.7053387
1.4429717
1.9122708
1.584695
1.8309793
1.611495
1.7621759
2.3285327
1.631932
1.9068533
2.014155
1.9686623
1.817404
2.187965
1.9278871
1.8724437
2.3346055
1.5541548
1.9359963
3.0099783
1.8308209
1.7612553
2.5674427
1.9727739
1.7480377
1.7643958
1.7857274
2.0075924
1.909793
1.9663137
1.9381205
1.6073214
2.205074
2.6726513
1.8903133
2.1650262
1.7120384
1.8043326
2.013709
2.0090013
2.2242498
2.002709
1.7349584
1.7193279
2.0528512
2.0675883
2.333355
1.5562075
1.9869605
1.7942102
1.6587988
1.8433367
2.1153715
1.6910586
2.0540533
2.0211413
2.0026057
1.766278
1.9957613
1.7054769
1.8058357
1.5919536
1.6336797
1.7315774
1.8800389
1.767257
2.0727258
2.767815
1.6822555
1.7897626
1.6637111
1.8605512
1.8488064
2.0941174
1.8306993
1.7472731
2.0913782
1.9461168
1.6103232
1.9728243
1.7132425
1.8399385
1.8050768
1.923303
1.6504377
1.9183071
2.0340521
1.5398037
2.1610754
1.6567397
1.8760265
1.9491826
1.9828496
1.936911
2.0278351
2.0347772
1.9553955
1.8932576
1.8909067
1.5500696
1.9540272
1.6570848
1.9019235
2.0343516
1.7322624
1.7875642
1.9057924
1.8935784
1.7610703
2.4912992
2.0938845
1.7887673
1.8999946
1.6751248
1.7644495
1.8461457
1.7144868
1.7041531
1.7626109
1.7084076
1.8631445
2.011351
2.1149092
2.071756
1.8922762
1.9203777
2.1302028
1.9659877
1.7793365
2.4139988
1.3972938
2.0136998
2.043751
1.8927311
1.8734577
1.8964168
1.5546273
1.8506491
2.1603677
2.0172484
2.3576791
2.083645
2.315415
1.7147349
1.8476157
2.2921438
1.6796238
2.1759436
1.987563
1.7868145
2.058327
1.9280715
2.4020586
1.8316358
1.7910767
1.7384142
1.9269437
2.1600668
1.5240982
1.5426447
1.897934
2.358204
2.3650966
1.6912345
1.8036145
2.1441681
1.8233417
1.5356894
1.7437414
2.1464765
2.060832
1.6319432
1.6435069
2.2637947
1.7366823
1.9913567
1.489466
2.2457275
1.6713728
2.2193341
1.7776461
2.3133156
2.221923
1.7964368
2.018605
2.2171197
1.5397174
2.074592
1.7780722
1.8355435
1.9183716
1.6559411
1.7830685
1.988413
1.8511862
1.8434862
1.9836506
1.4971689
1.9929751
2.301952
2.0030513
2.1023157
1.9576491
2.3904383
1.5070431
2.3489482
1.5376184
1.4460753
2.0063915
2.3817122
1.8250765
1.9874332
1.7481154
2.6305606
1.7946104
1.7878064
2.4987392
1.5587683
1.7157588
1.5609813
1.8000299
1.6577302
1.8895136
2.3866284
1.6426709
1.712279
2.20051
1.9325776
2.0305033
1.8959453
1.881827
1.630937
1.8579699
1.6943983
1.8289553
2.1424692
1.4703982
1.594654
1.5756451
2.2800877
1.9731237
1.7083521
1.6882484
1.4828429
2.0266192
1.9734344
1.8789526
1.7278168
1.4903085
1.5507936
1.6731322
2.029492
1.7469137
1.7505418
2.263395
1.7639185
1.8133733
1.9825789
1.9958588
1.407189
1.7930259
1.9469417
1.9173065
2.0923796
1.8675532
1.7823069
1.742925
1.8004873
1.7751795
2.02794
2.0597854
1.9279536
1.643793
2.0257354
1.7637889
1.9800701
2.7318892
2.002662
1.8446825
1.8761388
1.8081441
1.737059
1.761043
1.6585389
1.6533465
1.6163315
1.8120453
1.7474955
2.0143058
1.6739315
1.8071624
1.9215213
1.8685629
1.8733673
1.7534428
1.8629497
2.0885952
1.5989851
1.5943966
1.9768307
2.1070552
1.7914822
1.9556165
1.9515245
1.8325973
1.8184623
1.6598114
1.4936248
1.6218327
1.8712845
1.5839125
2.1031451
1.4407338
2.0983922
1.7455952
2.077275
2.0578492
1.8263422
1.9693569
1.7648894
2.121081
2.1211908
1.5679348
2.1199412
1.6890277
1.8820847
1.847136
1.8396671
1.9805174
2.1019359
1.6407588
1.7291598
1.4317958
1.5051483
1.9407963
1.5244801
1.7593645
1.6619787
2.2818966
1.689932
2.161177
2.0598106
2.003095
2.0392523
1.7755387
1.7732416
2.3254352
1.8336788
1.6890152
1.8559675
1.572731
1.6209034
1.8709376
1.7507674
2.0343137
2.0600085
1.9186447
1.7444255
1.4164737
1.9760888
1.6782414
1.5243359
1.6760608
2.4466007
2.208091
2.0465846
2.2855983
1.6881922
2.160005
1.758952
2.2324307
1.74121
1.7074012
1.5710193
1.9291977
2.2256572
2.0476654
1.9002115
1.7824308
2.0609741
2.0355604
1.7639788
2.0203059
1.602805
1.7676023
1.7117182
1.6899508
2.2552285
1.6599219
1.8206445
1.9766321
1.8278265
1.9512368
2.3276334
2.311344
1.8620845
1.8650036
2.1846437
2.1690607
1.9712179
1.5705241
1.8751719
1.60628
2.3550115
1.9210296
1.792333
2.117318
2.1144156
1.8942512
1.7213066
1.6130563
1.4920679
1.952863
2.2226548
1.6959528
1.6130285
1.6705351
1.8276544
1.8382055
2.032377
2.1072292
2.1815085
1.8046371
1.8859944
1.9723715
1.8991305
1.8227547
1.9632218
1.8921951
1.5235953
2.0036733
1.8002486
1.7828741
2.4412272
1.7207773
2.106945
1.9381754
1.9776084
2.477362
1.715723
1.787115
1.8674415
1.7163463
1.6503505
1.746855
1.9069273
1.8281156
1.9786682
2.0048037
1.8592395
2.1939924
1.697028
1.9117498
2.2951
2.071545
2.2247384
1.8448064
1.5881338
2.0615485
1.5860654
1.9852424
1.7533444
1.8607527
2.0399427
1.4393132
1.5658479
1.8586545
1.7132425
2.0456617
1.8758308
1.6888071
2.1037748
1.9473644
1.7224009
1.9553056
1.9662268
1.9128294
2.0888927
1.703583
2.2988288
1.818136
2.0965774
2.0284672
1.8462409
1.8477061
1.550333
1.7922966
1.8624122
1.5563256
2.0031557
1.5015506
1.8273504
1.802363
1.8053583
2.113126
1.9250399
1.8056209
2.2446449
1.8088105
1.8799462
1.9738729
1.6692034
2.0978272
1.6989088
1.7913197
1.7699151
2.0457573
1.6705948
2.2733035
1.8582956
1.9293572
1.5725613
1.8939368
2.2306159
1.8664553
2.1281009
1.683772
1.753369
1.8721297
1.8368661
1.5481374
2.2076747
1.8074974
1.8371919
2.0242891
1.9676855
1.8602082
2.0326877
1.3905387
1.4773089
1.4565046
1.9337797
2.2668748
1.7705532
1.9791714
1.4492863
1.4528428
1.7031887
1.7527926
2.091871
1.7702647
2.0586996
1.4726211
1.8043234
1.6084155
2.2994187
1.7211745
1.6869539
2.2964945
1.9116485
2.443903
1.6541471
1.9308002
1.8599304
1.8938847
2.019206
1.4935465
2.04997
1.8616352
1.8645856
1.7217255
1.775101
1.9762313
2.068541
1.8640248
1.7859446
2.2487676
1.9197938
1.8632951
1.7789699
2.215423
1.9105432
1.7669084
1.6012069
1.9157885
2.0736365
1.70195
1.7515762
1.831241
1.7697868
1.5765686
1.6874478
2.3355834
1.4852401
1.8890492
1.5895282
1.8457923
2.2317894
2.0465462
1.8753326
1.9093269
2.0746484
1.7427344
1.6729392
1.8390634
1.8451406
2.1518698
1.8363965
2.0117352
1.9767448
1.9046633
1.7740108
2.4102683
1.8520117
1.5855389
2.0312526
1.924322
2.6269853
1.8893088
1.8023357
1.8303753
1.8547746
1.942255
2.009214
1.8341002
1.6190503
2.139355
1.79119
1.7892371
1.6671183
2.201497
2.1240902
1.6634427
1.8108182
2.0815575
1.6712208
1.6598237
1.5575911
1.5729316
1.6682475
1.7993501
1.6960907
1.8649967
2.0550568
1.9521868
1.6999387
1.758368
2.0019474
2.1313832
2.0981076
2.2010329
1.782395
2.4336395
1.7484038
1.7571496
2.0349462
1.9864312
1.6633868
1.7849013
1.7855772
2.2933097
1.9300786
2.219348
1.9460939
2.1112876
2.0630705
1.8665488
1.8270471
1.9256778
1.5871605
1.9707705
1.6546202
1.4594809
1.5214477
2.590576
1.678254
2.0795755
1.6255908
1.9110302
1.9705964
2.2944155
1.6633697
1.4318813
1.6565055
1.8625462
1.9461776
1.8885978
2.1475332
2.0158525
2.0724268
2.1243916
1.820773
1.9705191
1.8246363
1.5900599
1.8886042
2.073498
1.7248979
1.7500856
2.1616979
1.8397521
1.8205558
1.7501445
2.338085
1.9558318
2.598704
1.6915454
2.03112
1.9605789
1.8369452
2.0227568
2.1529007
1.802067
1.9055336
1.3744904
1.7994016
1.7208761
1.8724271
1.5022992
1.9053901
1.9677963
1.9372962
2.1279454
1.8799268
1.7469603
1.8995209
1.6515627
1.8807006
1.5043497
1.9122051
1.7217695
2.0858629
1.8249907
1.4862137
1.968878
1.7265754
1.9856887
1.7165372
1.9146366
1.9006536
1.7615511
1.8142681
2.0287533
1.6840788
1.6860268
1.670928
1.8098624
2.4033027
1.8595058
1.7006981
2.0683858
2.2297971
1.6540245
1.7209622
1.6714957
1.7614717
2.0258925
1.8724136
1.9383135
1.8887153
1.9181951
1.9538885
1.405746
1.9310666
1.4396757
1.7597257
2.2665706
2.0412319
1.6418874
1.618736
2.2317915
2.0209694
1.8007152
1.5441192
2.3013856
2.3395584
1.745578
1.7550337
1.6945366
1.9647652
2.1618345
1.740386
1.7129465
2.064841
1.7355742
2.0465655
1.8481252
2.060638
2.0131516
1.9049971
2.547426
1.4670317
1.7185946
1.4605088
1.9100538
1.9124883
1.3944317
1.6893203
1.5027033
2.017288
1.7414145
1.6859822
2.1959531
1.7005439
1.9423273
2.2053466
2.035162
2.1038854
1.7403415
1.6987802
1.7636036
1.9437729
1.8820798
1.9713535
1.5788895
1.6743821
2.1622164
1.5519785
1.9982936
1.8655463
2.008066
1.9697285
2.0848289
1.890112
1.5937394
1.6104212
2.0184667
1.8191088
1.6154157
2.1609337
2.06752
1.4879969
1.99059
1.7809278
1.858938
1.4567964
1.8906989
1.7976078
1.8704242
2.2977533
1.7173519
1.9781122
1.8873329
1.641016
2.1598616
1.6096181
1.7200636
2.3245533
2.0368843
1.7619771
1.7395176
2.3192005
2.0945115
1.8042121
1.6602654
1.7240452
2.057807
1.7222815
1.7439934
1.6983664
1.9728762
1.7453544
1.5745461
2.1524372
1.6890254
2.1801286
2.0218616
2.323047
1.7827986
1.8909214
1.6327008
1.6611135
2.0146778
2.2812374
1.8528156
1.8484117
1.6207792
1.5921245
1.6999233
1.6067215
1.5529284
1.7506181
1.947577
2.5109336
1.8485209
1.7798951
1.5097629
2.0517776
2.122601
1.9802063
1.5518521
1.5992763
1.8657484
1.6877415
1.6380267
1.8066844
1.7539108
1.7451943
1.5971521
1.7988112
1.5805798
1.7677131
1.4260405
1.9820936
1.5400525
1.7010232
1.6898034
1.9283724
1.8778721
1.6446052
1.74234
1.9284693
1.8411427
1.8807981
1.740203
1.8922325
1.787062
2.0389376
1.4376868
1.4965056
1.9452924
2.0667062
1.7346728
1.893516
2.139521
1.8917527
1.7703264
2.1300635
1.6782194
1.9746652
1.7627119
1.8140887
1.5653925
1.6166697
2.1220367
2.5348387
1.6175636
1.8049384
1.9259661

9.978662
11.869354
12.979408
13.716766
13.345153
13.386321
11.277987
13.636843
13.954
15.179075

