0.66525733
0.28818083
0.122075915
0.03485024
0.44934118
0.37256563
0.50262356
0.5372622
0.48869693
0.27712
0.206936
0.6031227
0.5716293
0.8028681
0.37638557
0.3580855
0.7758763
0.5250882
0.31629932
0.4466877
0.26844025
0.4646032
0.3931744
0.52544117
0.4821589
0.53801024
0.5517484
0.39779782
0.5068915
0.2646804
0.29623485
0.44563997
0.5482104
0.51684713
0.1851691
0.34231722
0.23577976
0.45315897
0.28489316
0.9625702
0.66115296
0.31331182
0.8576647
0.23306489
0.31699514
0.40274775
0.36980355
0.51341987
0.34049964
0.5358293
0.3348924
0.53904307
0.88756657
0.2612995
0.67064416
0.40709674
0.8947449
0.33176696
1.0359864
0.46462226
0.60396457
0.30293083
0.78346276
0.41081512
0.48580408
0.1767093
0.4593184
0.4281993
0.19132781
0.48360586
0.67636144
0.35701847
0.27261758
0.22718441
0.76407444
0.48879254
0.40804517
0.52626026
0.23101318
0.52436185
0.40039313
0.4338925
0.3360952
0.21981645
0.74592304
0.64092314
0.8485104
0.4564513
0.51536834
0.11385894
0.42875397
0.68827236
0.608601
0.39051354
0.29831862
0.2843579
0.02703619
0.45147324
0.13013947
0.37029493
0.23798251
0.31244385
0.858626
0.22257781
0.5096071
0.52042603
0.56488085
0.46133137
0.7966007
0.47104108
0.45022297
0.8772521
0.20029676
0.48822236
1.382963
0.37683642
0.34526312
1.080702
0.5200577
0.291075
0.37128437
0.39201128
0.50256467
0.4472971
0.48743618
0.540416
0.21398067
0.7519448
1.0995604
0.44900584
0.6666062
0.35087657
0.35726333
0.54290223
0.57896996
0.71493995
0.5093962
0.33466947
0.29356205
0.58457685
0.6269982
0.8727225
0.15961742
0.5426961
0.3939197
0.25145435
0.4527495
0.67683685
0.24896586
0.6202525
0.5942645
0.49004388
0.3731284
0.5633265
0.27555978
0.35790277
0.15659344
0.23048961
0.36382568
0.47682953
0.3132863
0.6671318
1.2801572
0.3096888
0.35253644
0.2656387
0.411291
0.37537026
0.639233
0.42485476
0.33723927
0.6450279
0.49618578
0.24059999
0.49412727
0.3076384
0.41131508
0.35910892
0.52171075
0.1934607
0.5226848
0.5897827
0.14195108
0.67523205
0.22924638
0.4480033
0.5263628
0.55109537
0.507771
0.60674846
0.6131568
0.52434933
0.42325163
0.45973444
0.08303809
0.5099124
0.23156512
0.42644024
0.5866339
0.33075607
0.35562897
0.4736197
0.4868343
0.32648706
0.9929234
0.60420203
0.39199352
0.41080785
0.21851325
0.3748411
0.4341601
0.33647418
0.31099415
0.33171773
0.24322653
0.42369902
0.58794546
0.6911551
0.6014128
0.44566643
0.45242357
0.67968035
0.5478959
0.37764478
0.8777721
0.006425619
0.5556917
0.5889976
0.45155692
0.4777372
0.4434557
0.14157856
0.4258877
0.6986624
0.47789383
0.91287124
0.61327815
0.88461924
0.35867822
0.4636879
0.8165227
0.23366356
0.7825507
0.49987745
0.3729918
0.60131454
0.5585872
0.8604864
0.3097378
0.32255256
0.2663982
0.45949817
0.6940234
0.0860703
0.21474814
0.46810734
0.852303
0.8063321
0.3246343
0.41720808
0.6558831
0.37909043
0.08907175
0.3358487
0.6708766
0.6168736
0.23622751
0.24562919
0.8335687
0.29627383
0.53131354
0.12264156
0.82344854
0.2626121
0.80143154
0.3395295
0.8984667
0.72385657
0.3454069
0.595914
0.74246716
0.10223293
0.5801109
0.36215293
0.42594254
0.4261377
0.3009342
0.328897
0.59615266
0.41168118
0.34560335
0.5922173
0.119324684
0.59436345
0.8051307
0.529148
0.62717867
0.44647992
0.92593384
0.12761056
0.847312
0.15094638
0.03912711
0.5310359
0.9433515
0.33399498
0.58371603
0.3395114
1.055916
0.37824965
0.36018026
1.0443277
0.1041193
0.29046822
0.25020206
0.39523947
0.256289
0.41426015
0.8825841
0.21023786
0.2803787
0.73405766
0.51983404
0.59539735
0.4268961
0.43268955
0.2117269
0.47762227
0.2626686
0.4610747
0.7533399
0.07218349
0.1883372
0.19914281
0.7860733
0.52378607
0.2915188
0.2697171
0.057037234
0.54693866
0.53171945
0.4497521
0.3001368
0.11695826
0.20869792
0.22978735
0.61546135
0.36611974
0.30668068
0.80694866
0.29489338
0.34904838
0.57636917
0.5869628
0.005310297
0.34552073
0.49767983
0.39568758
0.60566664
0.40678942
0.36994123
0.30182827
0.35724664
0.36156583
0.64433324
0.5852046
0.5308269
0.29246843
0.58771014
0.35166502
0.48872328
1.2130322
0.53290296
0.39050555
0.44767535
0.3640771
0.23387611
0.3104669
0.2142291
0.21244073
0.23127091
0.3676752
0.30218935
0.5987611
0.24924386
0.3659538
0.5080149
0.4390267
0.41157627
0.34621358
0.43435407
0.660058
0.24654245
0.13084567
0.51901746
0.6660044
0.3445933
0.46060503
0.43431187
0.39020932
0.39646626
0.2595334
0.14410293
0.2192018
0.3865651
0.18769193
0.6584585
0.06065619
0.6451926
0.31377375
0.6156422
0.5867299
0.39336526
0.5172578
0.3754573
0.66408956
0.651476
0.17488837
0.6366967
0.27174926
0.41471386
0.41714394
0.4583025
0.532537
0.64486694
0.23347831
0.27827108
0.017932057
0.1003654
0.47329772
0.094480515
0.31030655
0.30690885
0.7945454
0.26333582
0.79098904
0.6385031
0.56817365
0.6500119
0.42364824
0.3374945
0.8274406
0.4080317
0.26688063
0.37592995
0.21516907
0.18442512
0.485299
0.3300569
0.5777786
0.5649135
0.46074796
0.3077669
0.0021443367
0.52223074
0.32361186
0.1295706
0.31153798
0.9474349
0.7364291
0.64509976
0.8274646
0.32131732
0.7367277
0.34591782
0.7520981
0.33186436
0.32078588
0.10046005
0.48096752
0.73866546
0.58571243
0.43748772
0.3034352
0.5297967
0.59871924
0.361418
0.58046484
0.23235476
0.33404815
0.27674675
0.28945887
0.8279946
0.29096746
0.37391758
0.533103
0.4208088
0.523085
0.8445095
0.8368325
0.44406796
0.44724154
0.77440083
0.7313336
0.5229833
0.15367877
0.4453882
0.15428984
0.8734424
0.46197665
0.39550257
0.67459726
0.6800009
0.43216097
0.3010261
0.18081987
0.08928549
0.49996912
0.736011
0.2963556
0.15307355
0.20984638
0.45669234
0.42202187
0.6191125
0.7274215
0.7484871
0.33736098
0.5217185
0.5553026
0.43535936
0.3703171
0.4492588
0.44037378
0.11142194
0.5930952
0.32446015
0.3410108
0.90911233
0.30951893
0.6302496
0.49223328
0.52092886
0.9898896
0.30823112
0.38748014
0.4646932
0.28633964
0.24003375
0.38212717
0.43118787
0.3939085
0.5119401
0.6128378
0.4312495
0.7504872
0.25477374
0.45414746
0.80068505
0.6503097
0.7620621
0.437446
0.16319227
0.60220623
0.18667078
0.590055
0.33873272
0.41594672
0.5582154
0.06494367
0.15501022
0.45367908
0.2662369
0.57233226
0.40863717
0.29270196
0.66252375
0.5383711
0.28774297
0.5228219
0.5245931
0.52919674
0.6442777
0.25202084
0.8606378
0.38867342
0.62182677
0.5290514
0.37594163
0.41332304
0.1860447
0.42170644
0.4803288
0.19812179
0.51227844
0.10472238
0.36936665
0.37722754
0.42402172
0.65463006
0.51519644
0.39673686
0.7662846
0.3638177
0.41171157
0.52345705
0.26346767
0.6595907
0.29578996
0.41460598
0.37255383
0.58334494
0.28218353
0.79429495
0.3807894
0.4509132
0.1497128
0.42468905
0.7902112
0.46546996
0.718765
0.26484585
0.31027627
0.41799915
0.40129948
0.15098119
0.669871
0.4343009
0.43524766
0.56276643
0.49899197
0.40019965
0.67321897
0.0037995577
0.0024666786
0.07533443
0.4835794
0.83948064
0.369205
0.5717535
0.08060324
0.034576654
0.32496524
0.30476844
0.6556951
0.36475766
0.62940395
0.090301156
0.3982737
0.2110008
0.8498689
0.2820897
0.25471354
0.9166559
0.41473663
0.9453777
0.19280899
0.52730143
0.40663552
0.4648397
0.57319844
0.025482416
0.56620073
0.40209723
0.4579687
0.3164091
0.29907513
0.57366335
0.6550021
0.40152812
0.39014554
0.8211421
0.4660859
0.43597293
0.35259104
0.7466854
0.47497845
0.36338127
0.20556188
0.53527486
0.6319128
0.3032676
0.3409679
0.40215743
0.3311913
0.16647792
0.25661623
0.90576947
0.057444215
0.47131717
0.19971919
0.38094318
0.7819332
0.6321285
0.48271096
0.49836004
0.55787194
0.30249274
0.2765174
0.40582848
0.4455055
0.6478485
0.4199736
0.5829879
0.52883124
0.5151509
0.37215674
0.8987707
0.43831885
0.20670485
0.5785675
0.54708374
1.1208425
0.3841673
0.3965826
0.42063904
0.39656425
0.48300552
0.54609025
0.41926265
0.2209506
0.6580925
0.37920642
0.34754515
0.28258502
0.7626456
0.70770884
0.28653884
0.29683352
0.5929954
0.24522471
0.2690289
0.16407752
0.13868928
0.18983328
0.4395008
0.29812193
0.4627278
0.59790504
0.54525113
0.28011322
0.31943667
0.57448936
0.6420367
0.54142094
0.73769176
0.40109694
0.8905926
0.38064945
0.3012545
0.5903814
0.5493444
0.25696397
0.3229226
0.38901854
0.81828403
0.51533985
0.74335074
0.5044217
0.631166
0.55446255
0.3838886
0.40272856
0.50473416
0.14790225
0.5106865
0.1996119
0.07899666
0.13240695
1.1153574
0.26772666
0.6364498
0.2503885
0.5237509
0.48768556
0.81079817
0.23073351
0.047620296
0.27147853
0.38694978
0.5198755
0.4418857
0.7541863
0.48389232
0.6196635
0.707674
0.36298358
0.54789937
0.3553084
0.18712306
0.45214343
0.6163064
0.3229277
0.3171513
0.6862849
0.4674046
0.394848
0.30868006
0.9322958
0.5550529
1.1327494
0.26375663
0.5583286
0.512059
0.34045792
0.58543444
0.6742344
0.40519202
0.4014262
0.069639444
0.3847195
0.27494788
0.4555477
0.12936008
0.48492146
0.6043854
0.43195558
0.6770644
0.4700172
0.27491176
0.47478044
0.26791584
0.471007
0.16299629
0.47012973
0.27293313
0.62977517
0.41828132
0.08561027
0.5492569
0.2792275
0.60668254
0.33873105
0.4999857
0.45108497
0.36224484
0.36232293
0.5410434
0.28017068
0.2865759
0.26202714
0.3313297
0.9319495
0.4625417
0.29941046
0.62880325
0.79679155
0.2533666
0.2703166
0.25395966
0.32486486
0.5948739
0.38767087
0.5073085
0.41020012
0.50246274
0.55982757
0.00061643124
0.5177568
0.1250279
0.35448182
0.77660704
0.6181513
0.25205457
0.21158671
0.7847806
0.55712247
0.42156923
0.16238272
0.81598175
0.7956432
0.33886743
0.36458945
0.2921164
0.5404438
0.68804073
0.3866315
0.31673968
0.55537
0.2894174
0.5558585
0.4075395
0.5665382
0.6135423
0.4435271
1.0836648
0.09931922
0.30378878
0.082310796
0.5138929
0.48466802
0.034729242
0.28386605
0.0997504
0.58500504
0.30114615
0.2606758
0.77539074
0.31069005
0.48256624
0.76159585
0.52653503
0.6239209
0.35535228
0.2664169
0.34014666
0.5101087
0.4460925
0.55000854
0.14337695
0.23927486
0.7277664
0.16389441
0.5542625
0.44272804
0.5870342
0.46576786
0.556254
0.4414302
0.16237092
0.17082834
0.5383936
0.37768626
0.25039887
0.6811516
0.5957154
0.02453351
0.46595812
0.34059203
0.43439615
0.039340615
0.4749987
0.38085043
0.42133963
0.86899996
0.31343198
0.46784115
0.45353198
0.23004091
0.73860097
0.14879644
0.30890894
0.9063448
0.57501256
0.35900402
0.3228488
0.8770958
0.586509
0.41783738
0.2820717
0.33112788
0.598601
0.30569184
0.2990874
0.28561902
0.5213531
0.32751215
0.2859714
0.7296107
0.27626777
0.7482692
0.5321919
0.82033384
0.31716764
0.4869578
0.2970475
0.21195304
0.53140783
0.7837359
0.42448127
0.44398916
0.20202267
0.16032326
0.2562393
0.15736854
0.09799099
0.34847784
0.5307119
0.9557346
0.3627572
0.39166546
0.094980955
0.5853863
0.70451474
0.46699274
0.10289371
0.20964658
0.38986695
0.2702862
0.17690098
0.32900882
0.3578534
0.29394114
0.21487236
0.41071963
0.17263985
0.3159356
0.0019146204
0.5377984
0.11958659
0.2888875
0.19917274
0.41767347
0.4271512
0.27088106
0.27420247
0.5473119
0.45827854
0.43670344
0.34097958
0.451833
0.39090192
0.5642135
0.0002052784
0.10479617
0.44072795
0.59753823
0.3186854
0.47608352
0.647861
0.403471
0.3049178
0.70870245
0.27593005
0.59644246
0.4154538
0.3841895
0.14856255
0.20718884
0.6378168
1.0307698
0.2107284
0.40406823
0.47533405

6.9782324
8.705697
9.452142
10.009129
9.635222
9.649554
8.093745
10.010154
10.2971735
11.412623

