1.6430671
1.5518839
1.4244499
1.060324
1.8070899
1.3052433
1.3731298
1.1442246
1.6951344
1.3641852
1.5249318
1.7240134
1.4222924
1.174583
1.4567558
1.8748219
1.379816
1.4158689
1.4991106
1.8507252
1.3680974
1.7193669
1.4545177
1.4308821
1.2375205
1.2580713
1.1387755
1.4231006
1.2426522
1.6677897
1.3203986
1.4778333
1.4878979
1.3544968
1.5238562
1.6913452
1.252969
1.427765
1.2940407
1.7111189
1.3852172
1.1119812
1.874438
1.9838783
1.3866311
1.4208426
1.194128
1.5095917
1.4592929
1.6751128
1.1377583
1.5739435
1.5523982
1.0523204
0.9694056
1.2048161
1.4919387
1.2246388
1.0530242
1.5186155
1.2843704
1.548791
1.6937095
1.4422692

1.6004432
1.404849
1.4841598
1.422479
1.4845549
1.74264
1.4281037
1.3492787
1.4892707
1.3905411
1.410944
1.5756291
1.5987928
1.4456378
1.4886445
1.8658023
1.4772837
1.5961452
1.6316776
1.4726843
1.568611
1.5727353
1.4028188
1.4925251
1.456142
1.3341566
1.4439807
1.5095377
1.3171692
1.7006428
1.4578989
1.4422147
1.3081023
1.4360605
1.4212985
1.3632438
1.3984303
1.618376
1.3357524
1.5355526
1.3440099
1.5265441
1.3262607
1.426461
1.3814147
1.4779518
1.4525106
1.5511773
1.4721771
1.4290304
1.4897206
1.4185119
1.3419926
1.3469886
1.5362756
1.4409077
1.3441331
1.4829658
1.4923978
1.5587958
1.4199159
1.4945072
1.3374708
1.6616827

1.6157562
1.349059
1.4554155
1.362294
1.521602
1.4263923
1.407655
1.4665875
1.579927
1.567976
1.4019904
1.4747564
1.4758825
1.5211273
1.4057698
1.5004597
1.4749641
1.4441013
1.4948405
1.3882717
1.4152817
1.4942464
1.4296316
1.3954914
1.3966581
1.4210482
1.4198784
1.4164164
1.507173
1.4924031
1.3699149
1.4238162
1.4785224
1.4348646
1.4882283
1.4603802
1.4348918
1.3969707
1.445145
1.424917
1.3868889
1.4881797
1.511145
1.3186752
1.5955281
1.436614
1.5047989
1.4585836
1.5195388
1.449011
1.467258
1.4879661
1.4077578
1.3830377
1.3801126
1.3944305
1.5019991
1.389124
1.4600478
1.4661119
1.3932073
1.4690559
1.4400135
1.4924835
1.475191
1.4544392
1.4388615
1.3610703
1.4115002
1.3971354
1.4343225
1.389168
1.3002484
1.4450382
1.4756665
1.4492184
1.4054968
1.4955738
1.4933774
1.426935
1.4835275
1.3272207
1.3363532
1.48463
1.4856803
1.4254559
1.4981617
1.4432005
1.4330046
1.2856117
1.4445755
1.4499382
1.3563889
1.4331838
1.4356368
1.4557954
1.459908
1.453167
1.4035981
1.551411
1.469963
1.4264588
1.3287307
1.5148418
1.4998791
1.415051
1.4208429
1.4749107
1.4662459
1.4294305
1.4657248
1.492691
1.4081653
1.507207
1.3483338
1.4727446
1.4991884
1.411807
1.4659802
1.3995559
1.4670767
1.4179091
1.5438141
1.3864782
1.372434
1.4666643
1.4309783
1.3881162

1.4991311
1.4327344
1.4473213
1.4494793
1.4688159
1.3452144
1.4071146
1.4525267
1.3999195
1.4981607
1.3960423
1.4570903
1.5750839
1.5018209
1.4397589
1.3833867
1.4075704
1.499252
1.5409595
1.517701
1.4107829
1.3990748
1.3903844
1.424318
1.4156948
1.46432
1.45033
1.461127
1.4158443
1.4653543
1.3462162
1.3923466
1.4227557
1.4317197
1.5241234
1.5084492
1.4665166
1.4289023
1.459255
1.3758255
1.4555504
1.4270848
1.4273348
1.461862
1.3869116
1.5306399
1.459045
1.4022329
1.5213798
1.4447777
1.447908
1.5216545
1.4416691
1.4344977
1.5056736
1.5131274
1.4328625
1.4421308
1.3715675
1.3928342
1.4280496
1.447837
1.4476409
1.3871195
1.4712585
1.4015971
1.43692
1.4255254
1.4717934
1.4345906
1.3827991
1.40337
1.4350098
1.4962397
1.5004722
1.4946564
1.4221114
1.3931414
1.3665475
1.4051052
1.4370409
1.3669776
1.5044938
1.3526492
1.4506595
1.356162
1.3771677
1.4281567
1.4499067
1.4203835
1.4133611
1.5817568
1.4627898
1.5152307
1.2804295
1.4796308
1.4383459
1.4545481
1.432286
1.4323663
1.4204117
1.3690652
1.3929482
1.4016235
1.4275318
1.4146153
1.4856943
1.3966792
1.4630684
1.4717585
1.3848587
1.4488043
1.4974799
1.4086792
1.354998
1.489648
1.4475186
1.4584734
1.4520402
1.4532508
1.4037236
1.4206879
1.3807716
1.4555707
1.438465
1.4191144
1.4720916
1.406294

1.4504422
1.4782269
1.4168308
1.3803056
1.4108839
1.4385405
1.4341433
1.3606923
1.4416902
1.3897889
1.388135
1.4644649
1.414796
1.4497613
1.5325654
1.4504468
1.4154218
1.440097
1.4438075
1.3937986
1.4366183
1.464255
1.3734502
1.4346274
1.4064819
1.4026667
1.4039687
1.463648
1.3979493
1.3537565
1.3630533
1.3872486
1.4406542
1.4344232
1.435472
1.4576391
1.4319702
1.4476023
1.3810623
1.440006
1.3860215
1.4243612
1.4347793
1.4581697
1.4447263
1.3995726
1.4307232
1.4130148
1.4115384
1.3836831
1.3918837
1.4369055
1.4120339
1.3938254
1.4138198
1.3637753
1.3894755
1.3756758
1.471126
1.3997647
1.3753104
1.3994823
1.3787348
1.3856322
1.3663853
1.4119911
1.4441066
1.4527372
1.3954613
1.4023672
1.4106425
1.4793612
1.3719711
1.4291432
1.4190924
1.3557932
1.4545912
1.423157
1.4460757
1.3557949
1.4298247
1.4631596
1.3940372
1.4651107
1.3802205
1.419731
1.4354454
1.501814
1.4508631
1.3584367
1.4267416
1.4469715
1.4937371
1.3456466
1.4447463
1.3679031
1.4146099
1.411265
1.3542843
1.4557431
1.4099653
1.3978366
1.4679832
1.4594264
1.4358658
1.413455
1.4100652
1.4614303
1.4233718
1.3724492
1.4037299
1.3999685
1.4021871
1.383309
1.4241501
1.3999304
1.508556
1.4048278
1.3948351
1.4817661
1.4256655
1.4241172
1.4291371
1.3824352
1.4792309
1.378858
1.4096438
1.4803191
1.4411848
1.4167022
1.4022043
1.4400403
1.4242584
1.47661
1.4011217
1.4244767
1.4233468
1.3985227
1.4343611
1.4434625
1.4142606
1.4781221
1.4299641
1.3787524
1.4622754
1.4177556
1.4575112
1.4303765
1.3857203
1.4796954
1.4393566
1.4531467
1.4197285
1.4117094
1.431102
1.4284898
1.4360195
1.4423335
1.4603425
1.4568113
1.3798355
1.4302976
1.4251531
1.4698877
1.4896063
1.401258
1.4645036
1.4500266
1.4544771
1.448651
1.440288
1.4135305
1.4065938
1.4085877
1.4662249
1.4253533
1.4608282
1.3976222
1.4217545
1.3932174
1.3930418
1.3996892
1.3926822
1.4272966
1.4501975
1.3429493
1.4061203
1.4527191
1.3890797
1.4371847
1.4083138
1.3612596
1.4158463
1.4630736
1.4113263
1.3543622
1.3922777
1.3938001
1.404921
1.4113563
1.4101888
1.3987092
1.4292084
1.4472779
1.4519773
1.4587795
1.4427903
1.4562426
1.3933344
1.4663175
1.4559594
1.4324358
1.4014452
1.4053357
1.4982855
1.4063982
1.5461631
1.4639974
1.4228033
1.4356974
1.3742362
1.4320507
1.4541003
1.3596848
1.4209257
1.4702175
1.3836721
1.3953234
1.4127493
1.4198899
1.4857429
1.4550611
1.453835
1.4932979
1.4934922
1.4492556
1.4240214
1.4322768
1.4360363
1.4562025
1.3823755
1.4199792
1.4098428
1.461642
1.4172953
1.4412293
1.4692428
1.3394674
1.4471822
1.4044608
1.4669276
1.4096555
1.4884728
1.4033813
1.4399061
1.4991348

1.4061078
1.4287602
1.4188437
1.4304655
1.3756279
1.4686847
1.3974435
1.4438876
1.4289451
1.4046813
1.4126221
1.4342622
1.4128236
1.4003255
1.4144171
1.4184197
1.4682108
1.4250995
1.4401606
1.4015318
1.424712
1.4254034
1.4261155
1.400151
1.3931721
1.4258975
1.5211108
1.3956503
1.4219112
1.4409425
1.4206023
1.4526154
1.4275186
1.434195
1.4200395
1.4640673
1.4375776
1.4135574
1.4217713
1.4553626
1.3586782
1.4274621
1.4240372
1.4222306
1.4224358
1.4174117
1.3855771
1.4150414
1.3978614
1.4161423
1.4266268
1.4186989
1.380778
1.4770354
1.4328004
1.394052
1.4456422
1.394846
1.4433703
1.4610271
1.4274095
1.4242285
1.4283321
1.398303
1.4248612
1.4476879
1.4446962
1.394279
1.4075122
1.4286485
1.3618375
1.4250743
1.4070563
1.3989832
1.3992568
1.4426013
1.4484545
1.4972922
1.4000331
1.4034528
1.451475
1.4241453
1.4352949
1.4608797
1.423513
1.4106648
1.4258318
1.4388176
1.4362811
1.4307996
1.4536802
1.4319878
1.4023502
1.4229406
1.4005353
1.4154377
1.455149
1.4260737
1.4300045
1.4152335
1.4464796
1.4319754
1.4350157
1.4374613
1.4493669
1.4494202
1.4719623
1.4029691
1.4621488
1.4129077
1.4547281
1.4580084
1.3799226
1.4204075
1.3969502
1.4393718
1.4282653
1.4605803
1.4259667
1.4391702
1.4432656
1.4264119
1.443822
1.4176172
1.4334338
1.4830801
1.4112368
1.3877646
1.4437982
1.4456842
1.4093891
1.4053547
1.3880923
1.4540873
1.4433178
1.4075218
1.4874339
1.400434
1.4224758
1.4245937
1.3906475
1.3945372
1.4640557
1.4448752
1.4995806
1.4527255
1.4271986
1.4742969
1.4364014
1.4436549
1.4175161
1.4377862
1.4175128
1.395733
1.3714005
1.4403305
1.4442081
1.3828696
1.3646824
1.3956349
1.4211897
1.4201509
1.421854
1.3536807
1.4162376
1.4181596
1.4267626
1.4292245
1.4367887
1.4407015
1.3885492
1.4123578
1.4485263
1.4802461
1.4161142
1.4097335
1.4694672
1.4366741
1.4252574
1.4034752
1.4311433
1.3849139
1.4213867
1.4044716
1.4188614
1.4498678
1.4298682
1.4481299
1.3923302
1.4231181
1.411671
1.3833321
1.4057163
1.4069629
1.3631177
1.4585836
1.4074631
1.422153
1.5156975
1.4627844
1.4307512
1.4441606
1.4711496
1.3744365
1.3851076
1.4360398
1.3982537
1.4282337
1.3922346
1.434542
1.4016777
1.4518527
1.4571265
1.4927546
1.42352
1.4017191
1.4078909
1.393621
1.4266813
1.4478618
1.4429897
1.408557
1.4379925
1.4462394
1.4117244
1.4786373
1.407407
1.438384
1.4435439
1.4591419
1.4103266
1.4015062
1.4183047
1.4542352
1.4445015
1.4602052
1.4545306
1.405085
1.4339452
1.3770937
1.4222245
1.4361994
1.4118824
1.4154494
1.3812488
1.4467849
1.4440519
1.448845
1.451369
1.4259081
1.4246926
1.4225358
1.4937083
1.469849
1.3950845
1.4127078

1.4537094
1.4140092
1.442626
1.3577725
1.4406216
1.401907
1.3467143
1.4290732
1.4191095
1.3958025
1.4569684
1.5036762
1.4581438
1.4407456
1.3681475
1.4315772
1.4405208
1.4024273
1.3947717
1.4333293
1.4030263
1.3721871
1.5295299
1.4603462
1.4377657
1.3954194
1.4350803
1.4875077
1.381507
1.4137533
1.4230752
1.4270109
1.3895006
1.4884508
1.4190571
1.3892158
1.4102045
1.4346585
1.3874496
1.426413
1.3947423
1.4282814
1.4499162
1.4522111
1.3351172
1.3877331
1.4596972
1.4110513
1.4520386
1.394912
1.4337815
1.3683367
1.4145757
1.3804907
1.4562159
1.4215688
1.41211
1.4367284
1.4899136
1.4510272
1.3896008
1.4280546
1.4320788
1.4238834
1.4430082
1.4158295
1.4309708
1.3991712
1.385512
1.4625912
1.4473703
1.4284344
1.4070791
1.4371217
1.3882353
1.4013189
1.4157213
1.4220285
1.3778734
1.4366186
1.4643966
1.390898
1.4510527
1.4197699
1.4438393
1.4966166
1.3940008
1.4456236
1.4916435
1.4214545
1.4607829
1.406273
1.4371656
1.4463962
1.4117796
1.4565642
1.4133495
1.4320968
1.4004349
1.4283255
1.4662676
1.448233
1.4108036
1.3926668
1.4248977
1.4597012
1.3970793
1.4755327
1.4041733
1.3899256
1.4608521
1.4200885
1.416994
1.4633096
1.4259603
1.4433026
1.4507029
1.3910371
1.4272145
1.3865662
1.4142026
1.5343513
1.4461192
1.394151
1.4421543
1.4048966
1.4220508
1.4366887
1.4205883
1.4497116
1.4446182
1.4350477
1.4538064
1.4007672
1.4163696
1.4660846
1.4432646
1.4611092
1.3815633
1.4594425
1.4346435
1.4085001
1.3784674
1.4508718
1.427456
1.4262154
1.4965209
1.4085981
1.3987045
1.4594227
1.4490503
1.3842096
1.3994473
1.4421653
1.5023594
1.4779485
1.4028121
1.4204314
1.4192903
1.4287318
1.433649
1.4295127
1.4324461
1.4069691
1.5071594
1.4050957
1.4363784
1.3965832
1.4819509
1.4170625
1.4599304
1.410544
1.4145654
1.3874674
1.3994812
1.4391418
1.4485441
1.3759097
1.3881823
1.3876978
1.4322687
1.401517
1.4420724
1.4410287
1.4706271
1.4720232
1.3532311
1.4347655
1.4668443
1.4349791
1.4117154
1.4471744
1.5160666
1.4502842
1.439388
1.4222987
1.4073665
1.4137913
1.4447972
1.4056101
1.4469074
1.3988084
1.4348413
1.3498696
1.4289792
1.4714996
1.4459414
1.4492238
1.3944203
1.4256861
1.4158242
1.4065089
1.4387777
1.5025684
1.4140732
1.445532
1.4031188
1.4064895
1.4205472
1.4235549
1.4022769
1.4307489
1.4105191
1.3853205
1.4452088
1.3818054
1.3963628
1.4408275
1.3861635
1.4156462
1.4141898
1.4356004
1.4159501
1.4839889
1.3904227
1.4678627
1.4238906
1.4270781
1.4365976
1.3596859
1.4386487
1.4162027
1.42062
1.4341685
1.4108472
1.3882922
1.3941764
1.4385273
1.4348263
1.4324847
1.42502
1.4422114
1.4241432
1.3868186
1.4222155
1.4304984

1.427814
1.4378763
1.4299394
1.4439546
1.3946729
1.3780448
1.396389
1.4037651
1.4167634
1.4478925
1.3937529
1.4300112
1.4125191
1.4282199
1.4014367
1.4102209
1.4187324
1.3958604
1.426955
1.4429876
1.409801
1.419678
1.4953208
1.4467089
1.4181677
1.4305106
1.429201
1.4233696
1.4038835
1.423278
1.4081354
1.4133409
1.38395
1.438419
1.4601161
1.3893687
1.4705337
1.3926227
1.4047295
1.4144243
1.452869
1.4086407
1.4738172
1.4521592
1.4068977
1.3877193
1.4223214
1.4340382
1.4152215
1.4261035
1.4167044
1.4273249
1.4159807
1.4302092
1.4154321
1.4410436
1.4402603
1.4384701
1.4140059
1.4548582
1.3939576
1.4205561
1.4118854
1.4506898
1.4083208
1.3722734
1.3876127
1.4106226
1.4343309
1.4489108
1.4099112
1.4433291
1.5102808
1.4179993
1.4219477
1.4203995
1.4440033
1.4578357
1.434854
1.4299421
1.4064672
1.4224806
1.4219369
1.4356619
1.3996698
1.3886758
1.4247185
1.4048064
1.3951576
1.401271
1.404121
1.411295
1.4212716
1.4162958
1.4113688
1.4384302
1.3883303
1.4161571
1.4115627
1.4118196
1.3822773
1.4198982
1.4361588
1.396712
1.4275596
1.4321874
1.3767198
1.4377517
1.4015712
1.4511485
1.4284362
1.4040549
1.4037404
1.4174963
1.3906287
1.4211323
1.3925422
1.4082568
1.414311
1.4035335
1.3826609
1.4173226
1.4595889
1.4329562
1.4118459
1.4872372
1.4615266
1.394792
1.4812763
1.3870556
1.4516683
1.4310734
1.4242386
1.4417979
1.4172505
1.4275173
1.41325
1.394017
1.3815402
1.4165075
1.4271535
1.3450568
1.4225004
1.4202662
1.4035524
1.4530479
1.4053863
1.4602536
1.3890306
1.4416887
1.4291769
1.428115
1.4371682
1.4234755
1.4004638
1.394829
1.4200033
1.4295042
1.3809365
1.4082893
1.413548
1.3970922
1.4111718
1.4235424
1.4199477
1.4316604
1.3964465
1.4418582
1.4368688
1.3827206
1.4227741
1.3989327
1.4030915
1.3884902
1.4155593
1.4169114
1.4166285
1.4544196
1.4148314
1.3923788
1.3545865
1.3774475
1.3929528
1.3991312
1.432011
1.4337313
1.4025966
1.3808115
1.4008565
1.389647
1.4123585
1.3711002
1.4004439
1.3755547
1.4279865
1.3827082
1.4128577
1.4315172
1.4255197
1.4059826
1.4369229
1.4185778
1.4523032
1.4487432
1.4306077
1.419266
1.4659941
1.4006194
1.416132
1.4493989
1.4224375
1.4833109
1.4042165
1.4431406
1.456816
1.4076434
1.4327347
1.4123344
1.424253
1.4292811
1.3684609
1.4335707
1.3943039
1.4722878
1.3909853
1.4393747
1.4241619
1.4021251
1.470413
1.3764926
1.4466794
1.4443738
1.4341685
1.3991271
1.3883445
1.3885429
1.4539676
1.3996404
1.4320294
1.4410663
1.3784574
1.4419358
1.399588
1.4199606
1.4345328
1.4266747
1.4696093
1.3881193
1.393372
1.3307365
1.4455428
1.4364083
1.4483758
1.4552593
1.4096911
1.467531
1.4068614
1.395618
1.4097952
1.3607706
1.4267015
1.4079003
1.4333829
1.423354
1.390813
1.4094566
1.3655218
1.4535798
1.3944612
1.4442654
1.3994675
1.3864295
1.4303591
1.3867631
1.4075851
1.4125193
1.4419104
1.415819
1.4076942
1.3649492
1.4163846
1.4917033
1.4256626
1.4360275
1.4499545
1.4189942
1.4532522
1.4212148
1.4255904
1.4305332
1.4196972
1.4671147
1.453046
1.3656597
1.4527383
1.408824
1.4415497
1.4094815
1.3929671
1.385164
1.3825254
1.4241588
1.4350804
1.4415016
1.42584
1.3823806
1.3988918
1.4381623
1.4471037
1.4217602
1.4280646
1.4341671
1.4044354
1.4508611
1.4084909
1.4373631
1.3802583
1.4050527
1.4343808
1.4804921
1.4377403
1.4658574
1.387965
1.4111683
1.3824979
1.4673082
1.4266107
1.4351299
1.4131162
1.4595071
1.4173805
1.4149036
1.3811836
1.4133554
1.4337627
1.4140362
1.400971
1.4252057
1.3877904
1.4291043
1.3994755
1.4382526
1.4441693
1.4290355
1.4193753
1.4382629
1.4160246
1.4261018
1.4175795
1.4446372
1.4104913
1.4220276
1.4395564
1.4096922
1.4544967
1.4022359
1.4298016
1.4338378
1.4119779
1.4512854
1.4360335
1.4362444
1.4062114
1.4105203
1.4836782
1.442813
1.4362918
1.4027648
1.3719457
1.4153063
1.4264998
1.4129468
1.3892568
1.4094274
1.4104131
1.4507868
1.4222375
1.3801942
1.4175345
1.3873162
1.4496931
1.4463341
1.3819876
1.4084804
1.4263883
1.4106007
1.4677345
1.4197456
1.3799772
1.4285592
1.456966
1.4241147
1.4284486
1.4204935
1.4288285
1.3880768
1.4100974
1.4268281
1.3578194
1.4212894
1.4069964
1.4474976
1.3999307
1.4847373
1.4144205
1.4173414
1.4194796
1.4290975
1.4469497
1.4128088
1.4227113
1.4186385
1.3841763
1.4007466
1.3822466
1.4324112
1.4389895
1.429087
1.3990164
1.4183836
1.4277935
1.4432638
1.4284849
1.3943923
1.3978164
1.4255997
1.4059852
1.4510936
1.4159265
1.4235986
1.4583167
1.4354966
1.413191
1.4144078
1.453626
1.3709652
1.4487567
1.4023981
1.4365966
1.3926831
1.4309222
1.4058079
1.4175035
1.4165975
1.3818794
1.4067279
1.4371456
1.4544852
1.4672484
1.390267
1.4062576
1.4173515
1.5006967
1.4343243
1.3864857
1.3919307
1.3898894
1.4136564
1.3794539
1.4140211
1.4324574
1.4130445
1.4656093
1.4576855
1.4557074
1.4267662
1.4456506
1.4474148
1.3982993
1.4176925
1.4282955
1.4360516
1.4410373
1.4319127
1.4003441
1.4315343
1.4021891
1.3917638
1.4204998
1.4559842
1.4307917
1.4019296
1.4427943
1.3914938
1.4077419
1.4454402
1.4165204
1.4118888
1.4458468
1.448281
1.4520365
1.4408818
1.417089
1.4915689
1.4028636
1.4009528
1.4034485
1.4522556
1.4447155
1.4272356
1.4115999
1.397832
1.4511867
1.4418418
1.430735
1.4140122
1.3582023
1.4785861
1.424603
1.3987232
1.405638
1.3978308

1.4093097
1.418388
1.3884443
1.4282411
1.3606429
1.4069701
1.4207153
1.4220384
1.4200063
1.3933467
1.4104948
1.4643192
1.4175797
1.4406972
1.418661
1.4039613
1.4161831
1.4100678
1.4113653
1.3990247
1.4006119
1.447449
1.4216906
1.4300014
1.4005086
1.40896
1.4057623
1.4367454
1.4251585
1.4261556
1.4067885
1.4409062
1.4210352
1.4283248
1.4449975
1.4057379
1.4164157
1.4142731
1.3983809
1.4041556
1.4184536
1.4266286
1.4198933
1.4068178
1.434682
1.3895799
1.4288005
1.3757634
1.4081502
1.419299
1.4199952
1.4133352
1.397726
1.4109734
1.4475071
1.4108589
1.3975397
1.4180727
1.4367973
1.4156731
1.406237
1.4037144
1.4541506
1.3792567
1.4691181
1.417525
1.4294425
1.3900968
1.4018507
1.4065613
1.4085996
1.4290702
1.4192098
1.4311774
1.449288
1.4304584
1.4337279
1.4443878
1.4203541
1.4186532
1.4121002
1.4074119
1.3933816
1.4351528
1.412836
1.4233385
1.4172992
1.4058845
1.401776
1.3921376
1.4406886
1.392409
1.4360805
1.4467058
1.411101
1.3996423
1.4190615
1.4242386
1.4072441
1.419457
1.4065894
1.4252427
1.4394841
1.4246349
1.43236
1.4108118
1.4280288
1.4168533
1.4284899
1.4145662
1.4062419
1.4063202
1.426756
1.419255
1.4068542
1.3970077
1.4088973
1.4206419
1.4138082
1.4202111
1.3981822
1.4163629
1.4395384
1.4389843
1.4083447
1.4098694
1.4325085
1.4348778
1.4064376
1.4231406
1.387175
1.4687554
1.4256803
1.442761
1.4370867
1.3892045
1.4179647
1.4181807
1.4368575
1.4109893
1.4479641
1.4371531
1.4005799
1.4155005
1.4084193
1.4082778
1.4200683
1.4049361
1.4172894
1.3736727
1.4023353
1.3811486
1.4155698
1.396779
1.3763387
1.3798369
1.438976
1.4458656
1.4358448
1.418258
1.4102435
1.4314252
1.4507482
1.4116418
1.4150076
1.4343148
1.4010506
1.4089206
1.4246213
1.4452618
1.4152027
1.4360309
1.41058
1.4634314
1.4066558
1.4118794
1.4502962
1.4049107
1.4082141
1.4486252
1.4100044
1.4119657
1.442703
1.4038883
1.4112229
1.4020123
1.4259834
1.4161065
1.3956206
1.4606602
1.470996
1.4038037
1.4175668
1.410727
1.4372814
1.4569564
1.4416194
1.456685
1.40354
1.4336812
1.4349072
1.4526875
1.3890948
1.4256439
1.3990046
1.4237142
1.441705
1.4041656
1.439306
1.4259223
1.3943274
1.3938961
1.4074782
1.4375868
1.4152707
1.4482801
1.4510037
1.4277025
1.4010035
1.4262806
1.4357057
1.3941516
1.4390411
1.4289141
1.3988011
1.4179436
1.4193035
1.4139419
1.406759
1.4070641
1.4063987
1.4076041
1.4203902
1.4327035
1.4219201
1.3887914
1.4388385
1.4336715
1.4348432
1.4260732
1.4363486
1.424897
1.4285195
1.4251585
1.4081978
1.4404079
1.4029937
1.3989745
1.4202011
1.418849
1.433723
1.401972
1.4172153
1.4162705
1.4056027
1.399809
1.4311155
1.4371763
1.4459385
1.4113367
1.4014139
1.4421872
1.3748413
1.4330361
1.4238213
1.4447722
1.427188
1.4355781
1.394217
1.417673
1.4052764
1.4026401
1.3901664
1.382621
1.4111513
1.4453515
1.4245399
1.3911572
1.4267358
1.4490479
1.4643394
1.4447199
1.3932979
1.4481564
1.3998721
1.4208084
1.4118798
1.4520075
1.3961608
1.4352733
1.4233909
1.4084318
1.4365659
1.4143366
1.4527806
1.4239776
1.4509035
1.4507505
1.4188421
1.4497079
1.4354467
1.3822225
1.399698
1.4104774
1.4283978
1.4565371
1.4178982
1.4055827
1.3965279
1.4228337
1.4317212
1.4086599
1.4098085
1.4240319
1.4328784
1.4162503
1.4116094
1.4251521
1.4415526
1.4210538
1.4057772
1.4553524
1.4336698
1.392414
1.4354975
1.4417672
1.4011441
1.4158201
1.4070041
1.4321548
1.4052668
1.43153
1.4424646
1.4042016
1.3739933
1.4176176
1.3649912
1.4020548
1.4260974
1.4594399
1.428212
1.4334433
1.4145249
1.4104388
1.4311486
1.4246469
1.4127532
1.4129168
1.3784217
1.4173276
1.403246
1.438384
1.4213182
1.4462563
1.3883702
1.3973234
1.3945496
1.4032271
1.4193405
1.4341975
1.4392726
1.4423517
1.3860308
1.4269096
1.4264914
1.4133029
1.3939179
1.4316927
1.412208
1.3861032
1.4013263
1.3805895
1.4103881
1.3841829
1.4208033
1.4326526
1.4176192
1.4249754
1.4463336
1.4579698
1.4153848
1.4011183
1.3933394
1.450135
1.4027576
1.4648503
1.420155
1.4659697
1.4227575
1.3949964
1.3925718
1.4223603
1.4141233
1.4359024
1.3917466
1.3775059
1.4245098
1.4087763
1.415155
1.4386393
1.4574299
1.438292
1.42522
1.4092485
1.4640551
1.3968649
1.4398998
1.4402412
1.3812811
1.4059459
1.4313582
1.4261447
1.4140078
1.4681038
1.417978
1.4159102
1.4056954
1.408395
1.4221643
1.4405767
1.4465992
1.418481
1.4097897
1.4015243
1.4352655
1.4276385
1.3694118
1.420061
1.4244288
1.404607
1.3983089
1.4606307
1.4142293
1.3936667
1.4192657
1.3687431
1.3908291
1.4243991
1.4278014
1.4019787
1.4139849
1.424706
1.4092052
1.4471126
1.4097447
1.4260901
1.3987764
1.4243511
1.4133663
1.4239206
1.4229728
1.4160324
1.4325494
1.4419254
1.4122462
1.4037566
1.456679
1.4309161
1.4243696
1.4270902
1.432598
1.4366564
1.4049401
1.4165634
1.4253515
1.4391493
1.4079018
1.4735138
1.4239221
1.4217346
1.4062109
1.4083512
1.4144107
1.4234145
1.451411
1.4254776
1.4291992
1.3966253
1.417992
1.4417034
1.4255117
1.4046968
1.4245386
1.3955557
1.3976078
1.4225022
1.4039394
1.39254
1.413491
1.4391088
1.4185021
1.4062899
1.4025536
1.4183974
1.4138105
1.4129952
1.3965778
1.4282402
1.4262464
1.42406
1.4096055
1.3877519
1.4039489
1.3895091
1.429589
1.419895
1.4085673
1.4253953
1.4048212
1.3950332
1.4399359
1.4262979

1.4013457
1.4075943
1.4283739
1.4591367
1.4297742
1.4516214
1.3961576
1.4220906
1.4295496
1.4143002
1.3955314
1.4188123
1.391987
1.4005637
1.3947424
1.4172932
1.4021916
1.4021744
1.4166981
1.4063293
1.4250625
1.458042
1.4066375
1.4197807
1.4132265
1.4331697
1.4179783
1.4262733
1.4096609
1.4030664
1.4142613
1.4148343
1.3952162
1.3962358
1.4206388
1.4098369
1.4306456
1.4611031
1.415833
1.4282403
1.424991
1.4176894
1.4314197
1.4251086
1.4094555
1.4090544
1.4142543
1.4493986
1.439023
1.4234616
1.4210972
1.4146185
1.4250655
1.4306729
1.4243127
1.4216208
1.4079263
1.415528
1.4051172
1.3846852
1.4150577
1.4346093
1.4221532
1.4044952
1.4584274
1.391153
1.4246854
1.391565
1.4190453
1.3992835
1.4156282
1.4299898
1.4203645
1.4424026
1.4279451
1.4002473
1.4219687
1.4247079
1.421308
1.4266897
1.4118478
1.4077066
1.4430844
1.4024496
1.4186836
1.4087067
1.4066935
1.4174398
1.4223391
1.3849338
1.4241703
1.4142131
1.43019
1.4077126
1.4161229
1.3819556
1.4484212
1.4457425
1.4399427
1.4131011
1.4328129
1.4128032
1.4287647
1.4286932
1.4317641
1.4392762
1.4387001
1.4123003
1.4167095
1.4254893
1.4199971
1.3873763
1.4207709
1.422778
1.4183731
1.395446
1.4410238
1.4183391
1.4037164
1.3972622
1.4138025
1.4150035
1.3971431
1.4172122
1.4247214
1.394325
1.4264272
1.4380765
1.3958862
1.4475974
1.4247113
1.4404047
1.4060367
1.4020014
1.4193841
1.42475
1.4098207
1.4247025
1.3915973
1.3934268
1.4161788
1.4088795
1.4243289
1.4241288
1.4243364
1.3933157
1.3970355
1.4209511
1.4382105
1.4149811
1.4008251
1.4131743
1.3989165
1.4297725
1.4354516
1.4330088
1.421398
1.4224268
1.417799
1.387226
1.4314098
1.420188
1.4288524
1.43877
1.411021
1.4288671
1.4381946
1.4262935
1.4220791
1.4122185
1.3998413
1.4046535
1.410558
1.4164854
1.4006344
1.4254619
1.4100177
1.4081997
1.4142537
1.4264399
1.3958571
1.4116439
1.4344779
1.4195572
1.4133092
1.4129882
1.4209528
1.419059
1.4195825
1.4112381
1.3841249
1.4339529
1.381749
1.4060534
1.4145306
1.4158921
1.410075
1.4281746
1.448982
1.4248996
1.4310149
1.4447701
1.4073089
1.4123993
1.4337401
1.4041454
1.4164369
1.4184295
1.3934191
1.4087863
1.4346797
1.4315884
1.4057511
1.3979114
1.4113466
1.416036
1.399347
1.431836
1.4005687
1.4176131
1.4178045
1.4539291
1.4086106
1.4006082
1.4210904
1.4575368
1.4181837
1.411437
1.4101082
1.423686
1.4493934
1.423952
1.4195383
1.4286423
1.4117154
1.4419225
1.4336909
1.4172106
1.4263959
1.4286132
1.4248761
1.3718187
1.4073557
1.4101375
1.4213953
1.4094775
1.4302453
1.4166639
1.4109257
1.4149168
1.4045795
1.423852
1.4037087
1.4092505
1.4338435
1.4208822
1.4167424
1.4405863
1.4222304
1.4076997
1.4390591
1.4310007
1.4169897
1.423726
1.426602
1.4119647
1.4122387
1.4216187
1.4041061
1.4418207
1.4378797
1.4300503
1.3919425
1.3889472
1.4330977
1.425636
1.4320211
1.4129046
1.4305431
1.4349909
1.4259024
1.4007916
1.441881
1.4125589
1.4134245
1.4384229
1.4184463
1.4416814
1.4041996
1.4220555
1.4229233
1.3773724
1.4265511
1.4486794
1.4497205
1.4001698
1.4113318
1.4299505
1.4347581
1.4394192
1.4409189
1.4058217
1.4620479
1.439957
1.4228615
1.421806
1.4131709
1.4334896
1.4181617
1.4115026
1.4208261
1.406823
1.4014404
1.4127829
1.4241275
1.4133673
1.4329851
1.4030025
1.4348433
1.4465348
1.4151787
1.4204186
1.3972136
1.4226793
1.4293497
1.40317
1.4137866
1.4278195
1.45404
1.4208945
1.4146903
1.4444003
1.4603657
1.4033258
1.4293882
1.4368631
1.41208
1.4116237
1.407598
1.4110558
1.4011055
1.4350191
1.4238565
1.4261196
1.4340156
1.4200997
1.3987961
1.4488114
1.4010034
1.4116952
1.4113601
1.4347961
1.4199313
1.4291631
1.42185
1.4259915
1.4422708
1.4139036
1.4201815
1.4022404
1.408774
1.4399047
1.4233689
1.4364065
1.4097902
1.4082506
1.4273047
1.4368783
1.4040682
1.4168711
1.4297931
1.4036771
1.4234737
1.4045106
1.397895
1.4121132
1.4443226
1.4029372
1.4661573
1.4100261
1.425479
1.43336
1.4319496
1.4207555
1.4269105
1.3960587
1.4141194
1.4090658
1.4310645
1.4095055
1.4627701
1.4038907
1.4505519
1.40146
1.4767756
1.4233541
1.4144548
1.4326404
1.4259769
1.4252663
1.4044579
1.4140007
1.411007
1.4121531
1.4107918
1.4284694
1.4277353
1.4256749
1.4284399
1.4381435
1.4286437
1.4003041
1.4219295
1.4597044
1.4469886
1.436603
1.4020085
1.3944751
1.4222689
1.4368033
1.3967627
1.414799
1.4105582
1.3984833
1.4208589
1.4180902
1.4291255
1.4460211
1.4107426
1.433757
1.4164582
1.3989555
1.4301058
1.4174807
1.4073827
1.3924056
1.4060729
1.4157499
1.4176606
1.4180757
1.4463
1.4359869
1.4113528
1.443431
1.416798
1.4175156
1.4069878
1.4307504
1.3929331
1.3903573
1.4117029
1.4604937
1.4383835
1.4320885
1.4074057
1.4100941
1.4184145
1.4246187
1.4185783
1.4285377
1.4268568
1.4162236
1.4104894
1.410727
1.429285
1.4332536
1.401201
1.4138075
1.4487538
1.3941131
1.4268761
1.4107604
1.4150192
1.4380326
1.3913231
1.4070412
1.4205042
1.4371591
1.4287114
1.4160498
1.397412
1.4335951
1.4199114
1.404563
1.4134395
1.4130756
1.3923539
1.4161553
1.4181242
1.3894398
1.4204756
1.4172903
1.4395514
1.4085904
1.4185374
1.4329045
1.4190264
1.4842881
1.4037691
1.4432896
1.4047921
1.4361194
1.4081689
1.426305
1.4258025
1.473047
1.409195
1.4064413
1.4436234
1.4220184
1.3785723
1.4221493

1.4280156
1.405066
1.4147571
1.4235349
1.4102203
1.421455
1.4580882
1.4231434
1.4374931
1.3928668
1.418775
1.4182534
1.4365464
1.4275111
1.3960854
1.4230751
1.4360548
1.4085326
1.4370903
1.4060816
1.4232975
1.4068437
1.4557447
1.4286352
1.3963535
1.3922371
1.4274666
1.418426
1.4252989
1.4423842
1.4316235
1.4210147
1.4130709
1.4263555
1.4268076
1.4168472
1.4207448
1.4080482
1.4248483
1.3997341
1.4170419
1.4014004
1.4045055
1.4083476
1.3757849
1.4352739
1.4456632
1.4122677
1.4455746
1.4465859
1.4232965
1.4208072
1.3991338
1.4094331
1.4148843
1.4177175
1.4171003
1.4203464
1.4286201
1.4379613
1.4085324
1.4011813
1.4210485
1.414167
1.4398423
1.4336978
1.4323039
1.3963565
1.4254214
1.3946078
1.4275502
1.453161
1.4188972
1.4360592
1.4403676
1.4160427
1.4138689
1.4162792
1.4332868
1.4042447
1.4210781
1.4350507
1.4306504
1.4240099
1.397908
1.4023733
1.4293501
1.3750118
1.4153426
1.4125155
1.4430499
1.4163638
1.4239396
1.426374
1.432386
1.3916668
1.3974804
1.4017936
1.4375669
1.424491
1.417259
1.4086883
1.4029078
1.3966582
1.4108144
1.4211715
1.418771
1.4100237
1.4439284
1.4291716
1.4008809
1.4090532
1.3950799
1.4432647
1.4264431
1.4122114
1.383887
1.4375032
1.449445
1.4165977
1.4194206
1.42019
1.4296987
1.397781
1.4162595
1.3939064
1.4211444
1.4398174
1.4271898
1.4133142
1.427345
1.475223
1.4222722
1.4279706
1.4109598
1.4186404
1.4323226
1.4153597
1.4065242
1.442156
1.4136901
1.4215873
1.4077477
1.4063042
1.4369692
1.4028183
1.4136498
1.4298139
1.4185952
1.4360211
1.4422141
1.4196925
1.4077516
1.4366732
1.3881719
1.4218568
1.4100192
1.430897
1.4344579
1.3928636
1.4372839
1.4216819
1.436484
1.4047633
1.4074731
1.4137176
1.4249383
1.4404808
1.4081678
1.3905587
1.3997039
1.4141152
1.3942877
1.4250988
1.4102523
1.4148341
1.4420159
1.416198
1.41703
1.4024755
1.4116763
1.3945776
1.4261343
1.4192798
1.4287473
1.4248718
1.4541874
1.4431838
1.3874937
1.437292
1.4410254
1.4260181
1.4541645
1.417858
1.4160881
1.3931643
1.4096543
1.4354469
1.4284451
1.4613887
1.3994262
1.4316468
1.4234881
1.4212857
1.4335563
1.4309273
1.4316146
1.4090686
1.4120419
1.429543
1.4121065
1.4368874
1.4191282
1.4108368
1.440636
1.4377033
1.4221447
1.4315435
1.4271626
1.4499215
1.402881
1.4174242
1.4328812
1.4100455
1.4200089
1.4063494
1.3900506
1.4400269
1.3966179
1.4394943
1.4081868
1.469232
1.4361678
1.424714
1.43556
1.4139079
1.4324172
1.4108098
1.4039468
1.4287491
1.4313961
1.4221936
1.4337435
1.4018061
1.4156795
1.415988
1.4267143
1.4196637
1.4208734
1.4117571
1.4075347
1.423268
1.4253515
1.4286727
1.4091197
1.401142
1.3986435
1.4158534
1.4018294
1.401117
1.422477
1.3906385
1.3973207
1.4128063
1.4518139
1.3925393
1.4166615
1.420932
1.4328425
1.4051404
1.4206891
1.4108716
1.4185952
1.4143693
1.3895419
1.4355874
1.3884145
1.428911
1.4205043
1.4106634
1.4418296
1.3982817
1.4375178
1.4399312
1.411925
1.3711295
1.4194157
1.4335833
1.4246409
1.4212116
1.4152973
1.4080544
1.4051088
1.3985933
1.4232877
1.4087443
1.4284087
1.4094267
1.4281574
1.424952
1.4060793
1.4408062
1.4031153
1.3990098
1.4246076
1.3992165
1.4198138
1.4310228
1.4339192
1.4079795
1.4171603
1.3950033
1.4306146
1.4216702
1.4386224
1.4187237
1.4153535
1.4289683
1.4256631
1.4043598
1.3774611
1.4271363
1.4550807
1.4149567
1.4442728
1.4333436
1.4205439
1.4315495
1.4148738
1.4440439
1.4279349
1.4325806
1.4299481
1.4130471
1.4093671
1.4169556
1.4287564
1.4192314
1.3893898
1.4272501
1.4092978
1.4318985
1.3949901
1.4145907
1.406604
1.4220698
1.4346521
1.403147
1.3860415
1.411219
1.404017
1.4215735
1.441475
1.445284
1.4131107
1.4443043
1.4426559
1.4178159
1.4345808
1.4173973
1.3899778
1.419255
1.4437461
1.4412245
1.4019336
1.4187906
1.4240603
1.4177927
1.4073498
1.4281101
1.4086568
1.4241372
1.4285408
1.4197856
1.4267184
1.4322443
1.4589167
1.4100914
1.4057047
1.425977
1.3915403
1.4497832
1.420102
1.4461277
1.4030931
1.429603
1.434077
1.4138037
1.4200717
1.4080042
1.4218748
1.4413621
1.4512568
1.3986281
1.3995702
1.4183558
1.424664
1.425979
1.4454563
1.432009
1.4245335
1.4166646
1.4060217
1.419386
1.4332011
1.4149747
1.4369427
1.4287858
1.4289483
1.4122698
1.4283323
1.4255872
1.42396
1.4124273
1.4498811
1.4097348
1.4149208
1.4312142
1.4240391
1.4133666
1.4197724
1.4310521
1.39374
1.4005094
1.4470276
1.4172218
1.4108416
1.4026186
1.4053525
1.4146817
1.414141
1.4125684
1.4118314
1.3983909
1.4126663
1.441232
1.400995
1.4261415
1.4047029
1.3960581
1.4110547
1.4182218
1.4289458
1.4000449
1.4108292
1.4243069
1.419495
1.4176108
1.4063046
1.4224678
1.4020364
1.4225523
1.4096363
1.4180311
1.4160553
1.4366424
1.4546932
1.4179008
1.4072151
1.4285728
1.4269177
1.410259
1.4163282
1.4288377
1.4391288
1.4200794
1.3966175
1.4420698
1.4243244
1.3878117
1.4223024
1.4044785
1.4023442
1.4268515
1.4074696
1.4079511
1.3918866
1.4376024
1.4186348
1.4040139
1.4078357
1.4088583
1.440536
1.4059238
1.4147094
1.4248514
1.4423921
1.4138143
1.4175345
1.416602
1.4258667
1.4226537
1.4111011
1.4199101
1.4410915
1.3877112
1.4172403
1.4325429
1.416172
1.4248118
1.4170446
1.3981183
1.4239354
1.4159194
1.4254868
1.4126797
1.4125004
1.4400983
1.4299006
1.4066924
1.4047174
1.4285145

1.4456624
1.3995268
1.4260939
1.4422119
1.4482462
1.3982829
1.39797
1.409364
1.4100513
1.4287592
1.4063452
1.3982525
1.4280691
1.4348588
1.4496853
1.4349753
1.4108781
1.4236872
1.4070607
1.4164634
1.4143845
1.404516
1.4418072
1.4091088
1.4289412
1.456501
1.4174751
1.3941804
1.4263127
1.4093027
1.4254854
1.4076734
1.4151804
1.4201227
1.4247049
1.4231524
1.3777262
1.4076186
1.4156615
1.381214
1.4104074
1.4512904
1.404397
1.4221139
1.4335436
1.4070243
1.3889775
1.4173108
1.4104478
1.4205173
1.4177101
1.4055649
1.4211291
1.4499458
1.4216692
1.3934574
1.41602
1.4322263
1.4164586
1.4318489
1.3891463
1.4115202
1.4321045
1.4339273
1.4212512
1.4213065
1.4294814
1.4155381
1.4320521
1.4269301
1.3945003
1.4199846
1.4246957
1.3999532
1.3914065
1.4096413
1.4310695
1.4209274
1.4225019
1.3966242
1.409335
1.4135009
1.4434451
1.406513
1.4237697
1.4090595
1.4053634
1.426965
1.4151039
1.4222276
1.4449127
1.4254215
1.4185036
1.4280126
1.4389454
1.4471862
1.4012697
1.4152851
1.4160316
1.4181314
1.4104277
1.4364927
1.4444194
1.4318899
1.4268973
1.3927501
1.4068182
1.4162188
1.4157108
1.4532983
1.3981225
1.4066904
1.4125376
1.4224952
1.4484575
1.4197478
1.4003083
1.4315897
1.4205941
1.4293176
1.4156054
1.4122783
1.4271278
1.4404414
1.4101322
1.4393063
1.4173911
1.4171251
1.4323684
1.4103563
1.40694
1.439319
1.393571
1.418513
1.4476067
1.4441456
1.418676
1.4249533
1.4070357
1.4012582
1.4236486
1.4197071
1.4066435
1.4302647
1.4288304
1.431238
1.3994592
1.4098129
1.3787783
1.4189545
1.4300146
1.4314106
1.4345583
1.4333591
1.4147525
1.3915968
1.4320383
1.3888552
1.4432178
1.4351933
1.4417543
1.4303324
1.4037018
1.4177662
1.43877
1.409551
1.4288238
1.4417868
1.3756464
1.4023967
1.4527673
1.4162878
1.4120748
1.4026226
1.4185244
1.4176459
1.4279195
1.4047129
1.4184798
1.3983593
1.399661
1.4053475
1.4208142
1.4044216
1.4239377
1.4445535
1.4556378
1.4238861
1.4124595
1.4171102
1.4337894
1.425208
1.408325
1.3909804
1.4201455
1.431
1.4067365
1.4250872
1.4046655
1.3999404
1.3995169
1.3857915
1.4043756
1.427169
1.4241939
1.39653
1.4162238
1.4206479
1.4317732
1.3926206
1.4259725
1.4054091
1.4294355
1.4346856
1.4187427
1.4214563
1.4244914
1.4111145
1.4329447
1.4310074
1.4125108
1.4007279
1.4548548
1.411465
1.3939521
1.4057461
1.4049586
1.4260988
1.4337124
1.4321756
1.4151818
1.4178159
1.4027342
1.4237404
1.3929467
1.3864193
1.4149667
1.4270259
1.4229206
1.4248843
1.4139466
1.412561
1.4109682
1.419588
1.4030148
1.4380984
1.4173588
1.4185082
1.4186698
1.4135416
1.4324108
1.4157438
1.4225429
1.4165137
1.4263401
1.3984025
1.41613
1.4071313
1.4401693
1.4432638
1.4369919
1.4151622
1.4363481
1.4239237
1.4270328
1.4237585
1.4044467
1.4064565
1.4149057
1.4098275
1.4295384
1.4140261
1.4109915
1.3869976
1.4249675
1.4131439
1.3941598
1.4176058
1.4286689
1.4119192
1.4513322
1.4068888
1.4021909
1.4090133
1.4090717
1.4111564
1.3974888
1.4026301
1.4352161
1.4002411
1.4214652
1.4279287
1.4248954
1.4442254
1.4245284
1.4001431
1.4093796
1.4425288
1.4535533
1.4202031
1.4266148
1.4325324
1.4331057
1.3866856
1.4222689
1.4189306
1.433074
1.4339124
1.4143349
1.4185722
1.4259108
1.4178929
1.4250895
1.4249539
1.4129944
1.4151038
1.4269649
1.4039156
1.3860881
1.4133309
1.4170395
1.4228082
1.4190865
1.4020284
1.4157754
1.4069121
1.4469049
1.3964112
1.4246382
1.4379792
1.4084073
1.3954166
1.4322578
1.4298359
1.4360676
1.4220054
1.4006811
1.4343896
1.4165784
1.4100788
1.4143269
1.417449
1.4245361
1.4055543
1.4018468
1.4206134
1.4047271
1.4117299
1.407887
1.4121203
1.4457251
1.4281529
1.4166596
1.4214423
1.4066256
1.4183787
1.4407002
1.3831323
1.4105912
1.4143935
1.4178845
1.4153305
1.4258513
1.4116809
1.4564749
1.416242
1.4438046
1.4008168
1.3966608
1.43163
1.4273561
1.4238541
1.4293598
1.41876
1.4223944
1.411911
1.415532
1.4377434
1.4222442
1.4259801
1.3998071
1.4139079
1.4363291
1.4418291
1.44978
1.4513692
1.4247036
1.4203504
1.4170947
1.4136796
1.4028767
1.3999285
1.4250541
1.4450121
1.4289063
1.4221386
1.4076207
1.4330801
1.4464496
1.3992683
1.4148997
1.4361966
1.4353217
1.4170977
1.3919946
1.3864927
1.4299525
1.4284397
1.4108384
1.4334571
1.4085073
1.418144
1.4189515
1.4366366
1.3937545
1.404591
1.4020762
1.4012666
1.4062139
1.441357
1.4293134
1.4329854
1.4444985
1.4327657
1.3919094
1.4230989
1.3994159
1.3976492
1.4293365
1.4301137
1.4452534
1.4279139
1.4463482
1.4030432
1.4315289
1.4449825
1.4035264
1.4568202
1.4202981
1.4407693
1.4165576
1.4120483
1.4172524
1.4328443
1.4329432
1.402621
1.4201404
1.395162
1.3850845
1.4013431
1.4483224
1.416825
1.4023237
1.402426
1.4285833
1.4240738
1.4110683
1.3998742
1.4276097
1.4221627
1.4110578
1.3953974
1.4116102
1.4377935
1.4063225
1.4097285
1.4110554
1.4201162
1.4157559
1.4381651
1.4196062
1.4038401
1.4170274
1.46107
1.4482131
1.4103324
1.4035356
1.4208608
1.4347538
1.4157568
1.4432833
1.419517
1.4422891
1.4223948
1.4170598
1.4261471
1.3877741
1.443557
1.4170998
1.4414854
1.4053375
1.409973
1.4276948
1.4458442
1.4456471
1.4125783
1.4288017
1.4178717
1.4232489
1.4060718
1.4157861
1.4118896
1.399324
1.4225557
1.415668
1.4046963
1.4366524
1.3776067
1.4025048
1.435182
1.4450048
1.3924391

1.4076856
1.4183376
1.4067163
1.4422922
1.4189241
1.4191586
1.43813
1.4190379
1.4010684
1.4087604
1.4317718
1.4310563
1.4082719
1.3890574
1.4253547
1.3976405
1.4330585
1.4155648
1.4189339
1.4089831
1.4184072
1.4105486
1.4344027
1.4287544
1.4340109
1.3905337
1.4136624
1.4417474
1.4075546
1.399354
1.4166931
1.4106158
1.4278861
1.4158629
1.4189436
1.4358635
1.3925235
1.4203228
1.394941
1.4129131
1.391321
1.4087466
1.4455936
1.4062474
1.4033537
1.4177613
1.4016777
1.4528716
1.4078934
1.3956612
1.409128
1.4244653
1.4348423
1.4058708
1.4178281
1.4225959
1.4376513
1.4498799
1.4059844
1.3822912
1.4137617
1.413117
1.4301676
1.4119306
1.4019483
1.4147986
1.4148916
1.4091085
1.4320124
1.445232
1.4295062
1.4201809
1.4021072
1.4068937
1.4344832
1.4151806
1.4298813
1.4078807
1.3857603
1.420078
1.4131949
1.4126914
1.4193457
1.4131018
1.4269668
1.4233196
1.4198987
1.4116822
1.4348556
1.4231308
1.4183881
1.4154348
1.4538248
1.4052674
1.4174302
1.4155533
1.4189869
1.4092131
1.4051174
1.4004815
1.3987241
1.3936564
1.4274011
1.4425004
1.406138
1.3968347
1.4256757
1.4084281
1.4115325
1.4239758
1.4324583
1.4143388
1.4225287
1.455004
1.4137231
1.412225
1.4037101
1.441604
1.3886282
1.4155815
1.4201354
1.4353296
1.4341666
1.4129333
1.4191687
1.4627115
1.4649243
1.4020579
1.4148496
1.4069487
1.4212917
1.4009621
1.4288872
1.4382849
1.4168854
1.4024881
1.4292331
1.4175456
1.4629403
1.415539
1.422046
1.4305334
1.4454918
1.4254004
1.40069
1.4210119
1.4314291
1.4373016
1.4545053
1.4313018
1.4188985
1.4007927
1.4287701
1.4126396
1.4057434
1.42422
1.393201
1.389211
1.3988568
1.4219004
1.4053631
1.4005975
1.4369067
1.4364765
1.381284
1.4147084
1.4258435
1.4385647
1.4363989
1.3977493
1.4003248
1.4096187
1.4190207
1.4059799
1.4321411
1.4073236
1.4208978
1.4150528
1.4192736
1.3931502
1.4309886
1.3980848
1.4312187
1.423188
1.4151677
1.4352719
1.4266576
1.4413556
1.4359286
1.4168286
1.4072006
1.4265928
1.4172667
1.4396894
1.3959911
1.3987983
1.411017
1.4034129
1.4385561
1.4294132
1.4200692
1.4217266
1.4106078
1.4247628
1.4224033
1.3858294
1.4224101
1.4026104
1.4265298
1.4233781
1.4068527
1.4323508
1.4064015
1.4194325
1.4226447
1.4026461
1.4268123
1.409961
1.40834
1.4291774
1.4524252
1.4072481
1.4327998
1.4063615
1.4307255
1.4220219
1.4400938
1.4172829
1.4281787
1.436815
1.4237144
1.3833859
1.4214991
1.3938957
1.4183888
1.4104375
1.4007702
1.4371995
1.4225806
1.4275125
1.4181852
1.3896549
1.4193908
1.4182341
1.39228
1.4342428
1.4378164
1.4482038
1.4249941
1.4303693
1.3993162
1.4236441
1.4342262
1.3902407
1.4217681
1.3904343
1.410317
1.449511
1.3664634
1.3875496
1.4095029
1.4345349
1.4283965
1.4305146
1.4061346
1.414991
1.4142891
1.3887873
1.4472435
1.4200895
1.4070315
1.4592003
1.4195024
1.4299614
1.4161572
1.467759
1.4250335
1.4075586
1.4230634
1.4003532
1.3816723
1.4154167
1.422326
1.437516
1.4024127
1.4034845
1.386608
1.421182
1.4082707
1.4276291
1.423939
1.4470087
1.3909744
1.4391416
1.4130585
1.417271
1.3920757
1.4372073
1.4121122
1.4013977
1.425723
1.4152297
1.4391764
1.4085976
1.4330442
1.4232476
1.416016
1.439768
1.43527
1.4397655
1.4133389
1.4063174
1.459235
1.4098066
1.4333727
1.4600343
1.409286
1.4388077
1.4182202
1.4147813
1.426539
1.4129612
1.4070412
1.3820561
1.395694
1.4395021
1.4340776
1.4442152
1.4242487
1.4324775
1.4046445
1.3951722
1.4499828
1.4542708
1.414524
1.4230437
1.424072
1.4411582
1.4034237
1.4395967
1.4207064
1.4295074
1.432513
1.3897778
1.3925577
1.4225583
1.4476115
1.4180542
1.4065458
1.3929557
1.4219551
1.4352154
1.3928957
1.4178417
1.4075005
1.4231585
1.4168015
1.4078237
1.443058
1.4092023
1.4272976
1.4247365
1.4059138
1.3839692
1.4026253
1.4193792
1.4268796
1.3894733
1.3954014
1.4406286
1.4072279
1.4083107
1.4263859
1.4270164
1.432411
1.4243674
1.4154054
1.4593662
1.3970122
1.4299289
1.4372184
1.4125714
1.4321082
1.4300758
1.4321916
1.4053535
1.4384464
1.4356698
1.4535038
1.4294229
1.4050788
1.4310942
1.4198438
1.417237
1.4265125
1.4105244
1.4155236
1.3860624
1.4277041
1.4529947
1.446333
1.4134853
1.4262071
1.3984771
1.4139849
1.4243053
1.4363781
1.4071672
1.4071659
1.3985723
1.4269599
1.4156072
1.4212517
1.42042
1.4217565
1.4051965
1.4392017
1.4191031
1.422359
1.3944769
1.4073111
1.4078636
1.4367719
1.4297292
1.4112064
1.4006833
1.4060061
1.4411956
1.4139355
1.4274344
1.3965411
1.4232553
1.4445571
1.4157056
1.4050475
1.3990656
1.416351
1.3994209
1.4074883
1.4168364
1.4137717
1.448053
1.4233344
1.4109536
1.4114245
1.4233266
1.4193852
1.4301642
1.3961781
1.4237876
1.4207983
1.4270836
1.4125359
1.4060211
1.4337701
1.3976555
1.4301033
1.4396313
1.4306961
1.4362983
1.3978301
1.4369498
1.4191233
1.4331926
1.4280638
1.406437
1.4120675
1.4307051
1.4086176
1.4251363
1.4264047
1.4054083
1.4135684
1.4617498
1.4298626
1.399643
1.4135005
1.4167836
1.401034
1.4409113
1.4357497
1.3910143
1.4133238
1.3957788
1.4182684
1.4300987
1.4198371
1.4240433
1.4147186
1.4149238
1.3992566
1.4000956
1.4201423
1.4185696
1.4151484
1.4463143
1.4336644
1.4071635
1.4372084
1.430614
1.3976909
1.4179665
1.4501604
1.4342743
1.438055
1.3999653
1.4272314
1.4099091
1.399552
1.4135385
1.3895262
1.388441

1.8217812
1.7946239
1.7522991
1.6783586
1.7423254
1.7417264
1.7925917
1.7793655
1.7660627
1.7370871

