0.028142333
0.012300372
0.011244297
0.01114285
0.042250633
0.007845402
0.0071343184
0.007324815
0.018117428
0.013665915
0.010930181
0.013238311
0.009746671
0.016270876
0.015057325
0.006532669
0.012396574
0.011916041
0.02171421
0.019118428
0.0045819283
0.00987649
0.0065300465
0.012959719
0.016917706
0.017252564
0.027384043
0.021335125
0.01838398
0.007917762
0.013301611
0.019097209
0.018818498
0.017345786
0.008047819
0.01910925
0.010590196
0.05393982
0.0053949356
0.026579022
0.01653719
0.016313553
0.011823177
0.022708178
0.025335073
0.017903328
0.011562586
0.0024770498
0.0097151995
0.025495768
0.014455795
-0.0014916658
0.0091997385
0.016839743
0.017398477
0.013204813
0.015696406
0.011199832
0.0124076605
0.019341588
0.010982752
0.018704176
0.0047688484
0.01399529

0.007898092
0.01605475
0.001711607
0.00019109249
0.0013753176
0.021967769
0.011818171
0.023872733
0.05243683
0.03175032
0.020155907
0.00657928
0.020727515
0.008242726
0.023106098
0.019030094
0.022491455
0.022017717
0.008254766
0.008647323
0.0065660477
0.021091223
0.01482439
0.017161846
0.0037478209
0.029600024
0.020827651
0.0049824715
0.009640217
0.03617549
0.0061610937
0.0019983053
0.006811738
-1.7523766e-05
0.02303052
0.024264574
0.01965046
0.019518852
0.005052805
0.009860516
0.0002821684
0.010832787
0.010656238
0.014460206
0.017971754
0.02542913
0.027452111
0.022507071
0.021026492
0.02091384
0.013951421
0.005302429
0.035854697
0.013258219
0.0027698278
0.0057228804
0.009799242
0.009561181
0.016259432
0.00420928
0.018069029
0.016967058
0.0006469488
0.03599453

0.0041890144
0.005199194
0.0027651787
0.003831625
0.0044674873
0.01788807
0.009600878
0.00057709217
0.011633158
0.006567359
0.0069993734
0.0023261309
0.003835559
0.00012767315
0.0004259348
0.024016738
0.0006121397
0.0180583
0.0102648735
0.008346081
0.0012543201
0.010864854
0.0058865547
0.006009221
0.018828869
0.0034376383
0.007971883
0.01527822
6.556511e-06
0.010644436
0.000715971
0.0032622814
0.005736232
0.00659585
6.568432e-05
0.014136076
0.0045827627
0.0008929968
0.014737606
0.005951047
0.0056931973
0.0026831627
0.01163733
0.0003272295
-8.583069e-06
0.013719678
0.008931637
0.004417181
0.016432524
0.012301207
0.0065096617
0.00012946129
0.011235356
0.0061775446
0.0047129393
0.0076779127
0.014500022
0.0057907104
0.0071150064
0.0034223795
0.019769907
0.006768942
0.007536769
0.00069081783
0.01730299
0.004874468
0.0030318499
0.0058888197
1.8119812e-05
0.01016593
0.008866429
0.011950374
0.0015269518
0.016384244
0.007668495
0.009890199
0.008474469
0.008786321
0.010495663
0.0120716095
0.006232381
0.012588024
0.0034382343
0.013066888
0.008577585
0.008358359
0.00503242
0.007545233
0.0036489964
0.00044679642
0.020053148
0.011782646
0.008013964
0.025893688
0.013942361
0.00814569
0.0014801025
0.0057040453
0.014771938
7.414818e-05
0.01569748
0.008116007
0.012599707
0.008043647
0.010512233
0.011997342
0.01312089
0.013700366
-3.5762787e-07
0.011703134
0.0023579597
0.009901404
0.011860728
0.007450342
0.008926392
0.004152775
0.003311634
0.0029838085
0.017404795
5.6028366e-05
0.011830807
0.009963512
0.017308474
0.012668848
0.007187128
0.0077774525
0.012343168
0.010361195

0.013543367
0.008980036
0.0056756735
0.010579348
1.2278557e-05
0.0071992874
0.0076551437
0.000764966
4.3988228e-05
0.005715728
0.0032402277
0.008806109
0.008753419
0.0072511435
0.0036942959
0.0024169683
0.0077568293
0.006241441
0.0053954124
0.00013554096
0.0063979626
0.015869379
0.013367176
0.01312077
0.0061397552
0.0041952133
0.0081346035
0.0040620565
0.003237009
0.019118428
0.012100697
0.0021092892
0.008567572
0.007336378
0.010293722
0.025623202
0.0030653477
0.0019598007
0.006602168
0.011959195
0.016505599
0.0053311586
0.004529476
0.012981892
0.008921742
0.008935094
0.012834549
0.0062441826
0.0014944077
0.0030908585
0.005966425
0.012196183
0.0037599802
0.02086842
0.0074386597
0.0048066378
0.013087511
0.008903742
0.0063462257
0.009541273
0.0058135986
0.017761707
0.0050896406
0.010712624
0.008238792
0.0043102503
0.000325799
0.008950114
0.008966565
0.00029838085
0.007827878
0.009350419
0.013406515
0.0072762966
0.005419731
7.9631805e-05
0.015382767
0.0018495321
0.007067442
0.0032325983
0.011865258
0.012332082
0.006652236
0.00470078
0.011378884
0.011415005
0.0139552355
0.013568521
0.01049602
0.008356214
0.0024591684
0.011891365
0.008076787
0.007672429
0.004526496
0.0075632334
0.0038502216
0.009326458
0.0051226616
0.00020992756
0.019697666
0.005543947
0.006741047
0.0150027275
0.008006573
0.008856177
0.01838231
0.0072832108
0.010582566
0.004648328
0.0015195608
0.008328915
0.0060350895
0.0071424246
0.014239192
0.015264392
0.013582587
0.006747365
0.005744815
0.0054353476
0.0035324097
0.00212574
0.0057815313
0.00078368187
0.0030921698
0.004132509
0.014957905
0.019478798

0.0035338402
0.0071769953
0.0051648617
0.0032804012
0.0060623884
0.0070084333
0.0010242462
0.0054923296
0.006355405
0.0067100525
0.008986592
0.0048782825
0.0042108297
0.004359126
0.004136443
0.0025196075
0.002290368
0.0040203333
4.172325e-06
0.008194089
0.0032987595
0.0034329891
0.0058546066
0.0014975071
0.0003477335
0.006803632
0.004883647
0.00013661385
0.006231189
0.005393982
0.0030175447
0.003221035
0.0030411482
0.0040043592
1.5735626e-05
0.0060548782
0.0049482584
0.0010194778
0.00026118755
0.0057430267
2.014637e-05
0.0037727356
0.007894039
0.0050028563
0.0011715889
0.0074572563
0.0014624596
0.007214427
0.00028848648
0.005680442
0.0032235384
0.009453416
2.026558e-06
0.009871244
0.006475091
0.0016077757
0.0052890778
0.0059565306
0.00038933754
0.0059183836
0.0018213987
0.005411148
0.004655719
0.006681323
0.00424695
0.00590837
0.0061388016
4.2796135e-05
0.00029480457
0.007601261
0.0067937374
0.005982399
0.004654646
0.0051835775
0.0028387308
0.007866621
0.005911112
0.0037043095
0.00040388107
0.00663507
0.0012235641
0.0108498335
0.005433798
0.006333232
0.002980709
0.0019055605
0.005002022
0.004828334
0.0068022013
0.0021471977
0.0029010773
0.00012671947
0.0052571297
0.0016018152
0.0054274797
0.004975915
0.00043451786
0.0013179779
0.0027430058
0.001206398
0.0016002655
0.0040943623
0.0043082237
0.006307125
0.004739523
0.0015779734
0.00084137917
0.003031373
0.0062747
0.0038542747
0.0059689283
0.0018157959
0.003358841
0.0032777786
0.0013896227
0.008468628
0.0017498732
0.002330184
0.0040004253
0.0036984682
0.0027703047
0.0031746626
0.009277225
0.0018521547
0.0037622452
0.00536108
0.0056055784
0.0023409128
0.008869052
0.0043919086
0.00066661835
0.0059173107
0.0061318874
0.0008838177
0.006035328
0.00018548965
0.0006148815
0.00026512146
0.0014827251
0.0027697086
0.0059262514
0.003940463
0.0036081076
0.004316926
0.0053664446
0.006003976
0.0054010153
0.0051982403
0.006857276
0.0005284548
0.0047945976
0.0048627853
0.0039229393
0.0046920776
0.004676938
0.005805254
0.004477024
0.00725317
0.00303936
0.0074738264
0.0001001358
0.0030757189
0.0056818724
0.0035367012
0.005248904
0.0015407801
0.0012625456
0.0034208298
0.003691554
0.010348678
0.007502675
0.0012791157
0.002104044
0.004502058
1.9669533e-05
0.005944848
0.008270621
0.005973935
0.007645607
0.007849336
0.00073599815
0.002631545
0.0045456886
0.005372882
0.0066617727
0.0037509203
0.0028495789
0.005470276
0.009627938
0.0008366108
0.00500679
0.0016447306
0.004189968
0.0021283627
0.0064121485
0.0017997026
0.00086700916
0.0001308918
0.0094105005
0.00435853
0.0069488287
0.000207901
0.0054984093
0.0033445358
0.00079250336
0.002224803
0.0014936924
0.005272627
0.0057555437
0.0016509295
0.0050680637
0.0042335987
0.0070672035
0.0065619946
0.002151966
3.1232834e-05
0.006502509
0.005450964
0.0071862936
0.004140973
0.0048359632
0.0017420053
0.008919239
0.0078059435
0.0001988411
0.0037263632
0.0042387247
0.0040061474
0.0032069683
0.0019699335
0.008544207
0.0046499968
0.003779292
0.0060124397
0.00023162365
0.00031590462
0.0067995787
0.006082177
0.0005235672
0.0011308193
0.003584981
0.0030533075
0.0041178465
0.004196644
0.0026159286
0.0074242353
0.009145856
0.0039223433
0.00014603138
0.0036879778
0.0026711226
0.0025148392
0.0043017864
0.003968835
0.0020337105
0.008383036

6.556511e-06
0.0056284666
0.0026352406
0.001701951
0.0042227507
0.007428646
0.0038957596
0.0013103485
8.273125e-05
0.0036767721
0.0062458515
0.0041924715
0.0050406456
0.005918503
0.00441885
0.0071122646
0.009062529
0.0054317713
0.0013703108
0.005041361
0.002217412
0.0032036304
0.0056927204
0.00522089
0.004184246
0.0058972836
0.003666997
0.0055892467
0.0056499243
0.0002696514
0.004424095
0.0054790974
7.987022e-06
0.0067061186
0.003171444
0.0055743456
0.0012024641
0.0042989254
0.008356094
0.002833128
0.00654459
0.0045427084
0.0036699772
0.0009558201
0.00023555756
0.0024225712
0.0043206215
0.004028797
0.0039391518
0.006926656
0.005608678
0.0065051317
0.0076413155
7.1167946e-05
0.0001282692
0.002908349
0.004300475
0.0062714815
0.004140258
0.0029337406
0.0073091984
0.0019087791
0.004083276
0.0032305717
0.0013270378
0.0040556192
0.0019805431
0.007149458
9.8228455e-05
0.003972411
0.0022577047
0.0024068356
0.0041935444
0.0014395714
0.00511992
0.004911065
0.0008523464
0.0010232925
0.0016052723
0.0067613125
0.0009162426
0.0032038689
0.0017770529
0.004151702
0.00630641
0.006531
0.0057908297
2.69413e-05
0.0004131794
0.003738165
0.0054774284
0.0036557913
0.0006529093
0.00036644936
0.0026128292
0.0035562515
0.0051790476
0.00397563
0.007792592
0.007982016
0.0056171417
0.003820181
0.0001707077
0.0009653568
0.0034838915
0.0014833212
0.007151246
0.0042541027
0.0065586567
0.0044003725
0.00018322468
0.0029439926
0.0050092936
0.00061404705
0.0058299303
0.003891945
0.0037275553
0.0016345978
0.0055140257
0.0071413517
0.0044620037
0.0015574694
0.0025702715
0.003466487
0.0046913624
0.0076299906
0.000921607
0.0048695803
0.0027729273
0.007012844
0.0027196407
0.0076270103
0.0037943125
0.004787445
0.0052170753
0.0026865005
0.002572894
0.0043035746
0.004387498
5.531311e-05
0.0077240467
0.0057963133
0.00031602383
0.0046049356
0.0003709793
0.00462687
0.0025578737
0.0066958666
0.008452296
0.004382372
0.005125046
0.005522728
0.0045335293
0.0009531975
0.0054193735
0.0062669516
0.0016247034
0.007177353
0.0045781136
0.005676508
0.004741311
0.0015165806
0.0050354004
0.0078037977
0.0040638447
0.00013554096
0.0032538176
0.0011742115
0.0051965714
0.008301139
0.005536437
0.005253434
0.0042483807
0.0031645298
0.0040374994
0.0056159496
0.0062754154
0.0070968866
0.0077730417
0.00400877
0.0014861822
0.0047483444
0.001760602
0.003837347
0.0015220642
0.0044196844
0.0029608011
0.006875634
0.004239917
0.0023373365
0.008299947
0.0012750626
0.0023038387
0.0043774843
0.0046709776
0.0071173906
0.0058652163
0.0011855364
0.002453208
0.000603199
0.006651759
0.009263396
0.004123211
0.006324768
0.0031858683
0.0019997358
0.001040101
5.0902367e-05
0.0061609745
0.002028346
0.0041890144
0.003316164
0.0058248043
0.0060025454
0.0021004677
0.0053159
0.004540324
0.0055168867
0.0073934793
0.0073884726
0.004097104
0.0069793463
0.00093626976
0.0020464659
0.0036263466
0.004315734
0.005093336
3.552437e-05
0.005159378
0.00559783
0.0010697842
0.0048002005
0.0034879446
0.0012882948
0.0054301023
0.003750205
0.007171273
0.0043542385
0.003370285
0.0024471283
0.0067584515
0.00067067146
0.009704232
0.0049660206
0.0008969307
0.005133152
0.0025907755
0.0012313128
0.0056450367
0.005198121
0.004945636
0.0045199394
0.0017387867
0.0053156614
0.006298661
0.00024425983

0.0023225546
0.0015848875
0.00092947483
0.0015764236
0.0024377108
0.0039190054
0.00498271
0.004741907
0.004078865
0.0016218424
0.0071874857
0.008270383
0.004746437
0.0019818544
0.0065603256
0.0063437223
0.003884554
0.0033956766
0.0032100677
0.0059394836
0.004526615
-9.298325e-06
0.0046845675
0.0013116598
0.0059553385
0.0050399303
0.0033282042
0.004267931
0.0016809702
0.005274415
0.006112933
0.0046890974
0.0018205643
0.007922888
0.006496668
0.004237175
0.00500381
0.003611207
0.0058500767
0.0043548346
0.004239559
0.0030267239
0.0020291805
0.009824872
0.005436301
0.0011782646
0.008283019
0.0013176203
0.0060899258
0.0057085752
0.0051333904
0.0031460524
0.0035352707
0.005514264
0.0070028305
0.0077148676
0.00321877
0.006353259
0.008059859
0.0042448044
0.0031061172
0.0038688183
0.0027461052
0.0027515888
0.004107952
0.0026142597
0.00454545
0.004732609
0.005306959
0.004557371
0.004777074
0.004772663
0.005100012
4.553795e-05
0.0041366816
0.00029933453
0.0033897161
0.0054523945
0.003124833
0.002984643
0.0038009882
6.41346e-05
0.0047017336
0.0007790327
0.005232334
0.0070358515
0.0032474995
0.00028061867
0.0026293993
0.005398035
0.0042723417
0.00083744526
0.0020600557
0.0021096468
0.004475713
0.002022028
0.0038894415
0.0016773939
0.0050257444
0.00894475
0.002691865
0.0040956736
0.004747033
0.007966042
0.0033848286
0.008864284
0.0032314062
0.0009893179
0.0034018755
0.006790757
0.0034726858
0.00014185905
0.0010963678
0.006696582
0.0061889887
0.004034996
0.0011889935
0.0043703318
0.005147934
0.0011438131
0.005190134
0.0048861504
0.0003106594
0.0045483112
0.0029025078
0.004054904
0.0028303862
0.0023753643
0.0040148497
0.0010572672
0.0052832365
0.0041241646
0.006386876
0.0008327961
0.00040495396
0.004247427
0.0081015825
0.0049072504
0.00079119205
0.0010139942
0.0046708584
0.0051897764
0.0036275387
0.011414409
0.0016490221
0.0025125742
0.0012210608
0.0013353825
0.003701806
0.0046670437
0.0002657175
0.0048714876
0.0054632425
0.0041600466
0.0065665245
0.0076839924
0.004150152
0.0049060583
0.0063610077
0.0063159466
0.005564213
0.004657626
0.003436923
0.003641963
0.0005506277
0.004325509
0.004197836
0.00080382824
0.002764225
0.0046013594
0.003043294
0.0046070814
0.0021392107
0.0033967495
0.0025824308
0.0055373907
0.0037400723
0.0040826797
0.0057855844
0.0030522346
0.0052942038
0.0063467026
0.0041161776
0.0011247396
0.0052741766
0.0059069395
0.005973816
0.0026500225
0.0053106546
0.00014960766
0.0053447485
0.005918741
0.0032455921
0.0046503544
0.0038757324
0.0002603531
0.008415222
0.0017405748
0.0008070469
0.0045309067
0.006906152
0.0056495667
0.0014791489
0.0031840801
0.0051323175
0.0032356977
0.001992464
0.0056892633
0.0028134584
0.0007464886
0.0034253597
0.002489686
0.0049613714
0.006691456
0.006208658
0.0021436214
0.0066993237
0.0025148392
0.0040142536
0.0076138973
0.0030126572
0.0021116734
0.0070228577
0.0043367147
0.0049573183
0.0023140907
0.0029724836
0.006771803
0.0015227795
0.004517913
0.0037887096
0.003124714
0.0014199018
0.0030790567
0.00040185452
0.0036120415
0.0031733513
0.0029816628
0.0035526752
0.0056705475
0.001087904
0.0026819706
0.0071783066
0.0041567087
0.00012612343
0.0029753447
0.0047781467
0.0008070469
0.004966736
0.00051927567
0.0036433935
0.0036771297
0.0026265383
0.0023560524
0.005484581
0.011626244

0.0015461445
0.0027709007
0.0008229017
0.004478097
0.0014886856
0.001167059
0.00033175945
0.0018057823
0.003229022
0.0008277893
0.001390338
0.00079107285
0.00039696693
0.0005440712
0.0023412704
0.0032656193
0.002691269
0.0025877953
0.0032669306
0.0044925213
0.003952503
0.0032849312
0.0024801493
0.0018730164
0.003401041
0.00011432171
0.004132986
0.0028520823
0.00416708
0.0026849508
0.0010300875
0.0018333197
0.0028134584
0.0021824837
0.00052046776
0.0014411211
0.0018199682
0.0031309128
0.002781868
0.001587987
0.0037821531
0.0009561777
0.002534151
0.0008459091
0.001699686
0.00149858
0.0015645027
0.001536727
0.0019123554
0.0027992725
0.0035547018
0.0022228956
0.0025075674
0.0033035278
0.0021779537
0.0034993887
0.0010164976
0.0028994083
0.0027914047
0.0014371872
0.0019927025
0.002845645
0.0017367601
0.0037554502
0.0023126602
0.0007299185
0.00067329407
0.0006043911
0.0034829378
0.0028378963
0.0020509958
0.0032817125
0.00042009354
0.0013135672
0.0004990101
0.003450513
0.0021981
0.0014817715
0.0031096935
0.00033044815
0.0023212433
0.00022959709
0.0031791925
0.002556324
0.0015310049
0.00091445446
0.00042247772
0.0017381907
0.0007942915
0.0021189451
0.0030281544
0.0031075478
0.00026023388
0.0034462214
0.000834465
0.002829194
0.000754714
0.0040638447
0.003979206
0.0024251938
0.0037186146
0.001182437
0.0030595064
0.0015345812
0.0013072491
0.0017515421
0.0022867918
0.003888607
0.0031077862
0.002704382
0.0017604828
0.0025330782
0.0009418726
0.00069463253
0.0017910004
0.003293991
0.0007007122
-6.0796738e-06
0.003363967
0.0013022423
0.00086450577
0.0021659136
0.0011843443
0.00082314014
0.0024991035
0.0007132292
0.0024499893
0.001674056
0.0009816885
0.002830863
0.0018820763
0.0015681982
0.0021884441
0.0040694475
0.0048012733
0.0010662079
0.0022178888
0.0021988153
0.0031102896
0.002912879
0.0017627478
0.003596902
0.0033365488
0.0018430948
0.000999093
0.0001718998
0.0026456118
0.0012567043
0.0020991564
0.0019202232
0.0024917126
0.0026386976
0.0008597374
0.0008047819
0.0007582903
0.0010735989
0.0030704737
0.00027608871
0.0020401478
0.002577901
0.0008199215
0.0028773546
0.0023117065
0.0026090145
0.0014542341
0.0021299124
0.0028934479
0.0018047094
0.00027632713
0.0006092787
0.003918886
0.0010219812
0.0028785467
0.0016053915
0.0032069683
0.0040545464
0.0014621019
0.0022372007
0.0014671087
0.0018668175
0.0024175644
0.0009404421
0.0010619164
0.0015451908
0.0006518364
0.0020885468
0.0011461973
0.0017671585
0.0013005733
0.0029739141
0.00017154217
0.002265811
0.004291415
0.0013934374
0.0017132759
0.0035333633
0.0019409657
0.0029882193
0.0032918453
0.0042334795
2.3841858e-06
0.0015921593
0.0008249283
0.0021624565
0.00095295906
0.001311779
0.0034433603
0.0024268627
0.00434494
0.0016545057
0.0036435127
0.003308773
0.0026779175
0.0007876158
0.0021998882
0.0002785921
0.0038260221
0.0024927855
0.0019977093
0.0010333061
0.0016177893
0.0028578043
0.0044523478
0.0036104918
0.00014042854
0.0016140938
0.00079500675
0.0018166304
0.0023953915
0.00283885
0.0021840334
0.001594305
0.00067412853
0.0012984276
0.0022560358
0.0020148754
0.0032678843
0.0027893782
0.0003592968
0.00016891956
0.001954794
0.0026993752
0.0015252829
0.0024299622
0.0020394325
0.0029865503
0.0015740395
0.002928257
0.0033676624
0.002032876
0.0024175644
0.0013753176
0.00478971
0.0020507574
0.0042749643
0.002257347
0.0036935806
0.00072717667
0.001982808
0.002084136
0.00036263466
8.4519386e-05
0.0039001703
0.00053346157
0.0012073517
0.0042262077
0.001442194
0.0017985106
0.0023909807
0.00019812584
0.0015330315
0.0001320839
0.00320673
0.00065660477
0.0032559633
0.0014431477
0.0025773048
0.0016973019
0.0033906698
0.003104806
0.00081181526
0.00049066544
0.0025544167
0.0011154413
0.001942277
0.0036424398
0.0005681515
0.0022485256
0.0037312508
0.0033439398
0.0026922226
0.0011327267
0.0013676882
0.00043189526
0.0024573803
0.00081574917
0.0012016296
0.000587821
0.0028146505
0.001942277
0.0007492304
6.592274e-05
0.0016326904
0.00050222874
0.00024211407
0.00019359589
0.002826333
0.0019779205
0.0025464296
0.002940774
0.0038889647
0.0006119013
0.0034822226
0.0015816689
0.002933979
0.0035847425
0.0036315918
0.002895832
0.0030881166
0.0012454987
0.0024297237
0.00077939034
0.0016247034
0.0042203665
0.0029791594
0.0031582117
0.0024873018
0.0030641556
0.004134059
0.0030441284
0.0013318062
0.0030032396
0.002686143
0.0037099123
0.0017004013
0.00063323975
0.0020105839
0.0016418695
0.0030323267
0.0016691685
0.001838088
0.00046670437
0.001819253
0.0020861626
0.0031491518
0.0011365414
0.0004887581
0.0011322498
0.0012112856
0.00044679642
0.0014590025
0.0030874014
0.0026028156
0.0031888485
0.004509568
0.0025757551
0.0006633997
0.003289938
0.002081871
0.00032663345
0.0028672218
0.002542138
0.0006695986
0.0032074451
0.001953125
0.003977895
0.00020623207
0.0015970469
0.001334548
0.0031329393
0.002216816
0.0016870499
0.0005091429
0.003525257
0.004490018
0.0031034946
0.0022941828
0.000772357
0.00264287
0.0020473003
0.0015830994
0.0025222301
0.001635313
0.00280869
0.0023229122
0.0039191246
0.00010764599
0.0025912523
0.0024477243
0.00032162666
0.002572775
0.002405405
0.0017369986
0.0007247925
0.002857089
0.0015518665
0.0010795593
0.0009223223
0.002021432
0.0025463104
0.0024766922
0.00034356117
0.0005970001
0.002216816
0.0023077726
0.002585888
0.0036712885
0.0027925968
0.00344038
0.0025407076
0.0030798912
0.0019632578
0.0015244484
0.0008507967
0.001704812
0.00016403198
0.0014895201
0.0019013882
0.00055110455
0.0018230677
0.0035244226
0.00025427341
0.00038456917
0.0031362772
0.0023920536
0.0030505657
0.001115799
0.0023448467
0.0033310652
0.002497077
0.0010565519
0.003004551
0.00240314
0.0002900362
0.0024473667
0.0018595457
0.0026452541
0.00035893917
0.003116846
0.0008083582
0.0033353567
0.0022437572
0.0024210215
0.002720952
0.0017974377
0.0029489994
0.00046563148
0.001019597
0.002193451
0.0008507967
0.002257824
0.0006649494
0.004891515
0.0016337633
0.002483368
0.0018125772
0.0023185015
0.00285995
0.00032174587
0.0032602549
0.0026649237
0.0027610064
0.0028659105
0.0026340485
0.002943635
0.00034487247
0.00030469894
0.0029959679
0.0003041029
0.0031998158
0.001969099
0.0022594929
0.0022011995
0.0020542145
0.0017511845
0.0015288591
0.0027018785
0.0029290915
0.0036847591
0.004059434
0.00039577484
0.0025146008
0.0023325682
0.00066185
0.0039633512
0.00013291836
0.0019057989
0.0034466982
0.0022437572
0.0015562773
0.0027794838
0.0029246807
0.00083112717
0.0013241768
0.002551198
0.0014472008
0.0013278723
0.0032491684
0.0043947697
0.0012081861
0.0013465881
0.0030764341
0.0019655228
0.0014637709
0.0012031794
0.0006387234
0.0028903484
0.00043737888
0.0025024414
0.00274086
0.0030487776
0.0023618937

0.002604723
0.002108097
0.0019488335
0.0021429062
0.0044789314
0.0018149614
0.0036062002
0.0017569065
0.003147006
0.0006059408
0.002765894
0.001686573
0.0018595457
0.001811862
0.0034874678
0.0021954775
0.0011788607
0.0023118258
0.0027422905
0.0023431778
0.0032336712
0.00013935566
0.0031256676
0.00075399876
0.0042067766
7.3194504e-05
0.0024775267
0.0013208389
0.0023047924
0.0011948347
0.0017035007
0.0020754337
0.0014129877
0.0034282207
0.0022591352
0.0024074316
0.002718091
0.00026094913
0.0015194416
0.0016351938
0.002154708
0.0026129484
0.0028674603
0.0014966726
0.0034395456
0.003855586
0.00116992
0.0007519722
0.000860095
0.0028079748
0.000867486
0.0018303394
0.0021321774
0.0024843216
0.001513958
0.0017666817
0.0025833845
0.0024462938
0.0025706291
0.0022799969
0.0027844906
0.0027611256
0.002185464
0.0032320023
0.0012490749
0.0010977983
0.0020201206
0.003592372
0.0018126965
0.0014140606
0.0021096468
0.0011216402
0.0020709038
0.0017095804
6.1392784e-05
0.0014466047
0.0037515163
0.0016275644
0.002157092
0.002705574
0.0018451214
0.0012626648
0.0020176172
0.0025219917
0.0019105673
0.0021189451
0.0026705265
0.0022329092
0.002392292
0.001463294
0.0024713278
0.0026192665
0.0035823584
0.0014517307
0.0012985468
0.0016348362
0.00037813187
0.002657771
0.000993371
0.0025490522
0.0008355379
0.0019139051
0.00091314316
0.0035296679
0.001958251
0.0015336275
0.00067961216
0.0011200905
0.002409339
0.0021635294
0.00073707104
0.0014630556
0.0014249086
0.0025759935
0.0015774965
0.0012948513
0.0034743547
0.0017062426
0.004358411
0.0012623072
0.0026242733
0.0013358593
0.0030566454
0.0007146597
0.0016596317
0.002536416
0.0029027462
0.0010871887
0.0005774498
0.0022338629
0.0011806488
0.0028225183
0.0007748604
0.001560092
0.0021865368
0.0018699169
0.003273487
0.0018808842
0.0020219088
0.000120043755
0.0019720793
0.002311349
0.003078103
0.0019421577
0.0029962063
0.0012375116
0.0028737783
0.0027310848
0.0027837753
0.0029568672
0.0018676519
0.002280593
0.00082051754
0.0021597147
0.0031529665
0.0023622513
0.00199759
0.0016405582
0.0019289255
0.00210011
0.00043320656
0.0019661188
0.002405405
0.00074875355
0.003254056
0.0046561956
0.00037944317
0.0022509098
0.0031311512
0.0025806427
9.75132e-05
0.0006790161
0.0013811588
0.0006775856
0.0030566454
0.0016570091
0.001696229
0.0018745661
0.0018498898
0.0026496649
0.0011003017
0.0018004179
0.0010939837
0.0023436546
0.00017619133
0.000710845
0.0013558865
0.0014307499
0.0025562048
0.0010724068
0.0028275251
0.0024734735
0.002358675
0.0018609762
0.0026637316
0.0024621487
0.002385378
0.0016963482
0.0034822226
0.0032173395
0.00088226795
0.0031250715
0.0013307333
0.0012392998
0.0019141436
0.0014039278
0.00041604042
0.0008635521
0.00038158894
0.0024001598
0.0023133755
0.002367735
0.002029419
0.0022394657
0.0013042688
0.0012073517
0.0023094416
0.0018359423
0.0017876625
0.0016547441
0.003053546
0.0022557974
0.0010188818
0.0018587112
0.0026394129
0.0033020973
0.0023956299
0.0026515722
0.0022990704
0.001835227
0.0010941029
0.0007828474
0.0011091232
0.0034821033
0.0018250942
0.0034190416
0.002278924
0.0018414259
0.0039024353
0.002715826
0.0027048588
0.0029569864
0.0022093058
0.0021401644
0.002396226
0.002244234
0.002028823
0.00029087067
0.0023562908
0.001739502
0.002591014
0.0037568808
0.0019216537
0.002982974
0.0013536215
0.0002720356
0.0035005808
0.0028363466
0.001683116
0.0017671585
0.0009201765
0.0021955967
0.0029690266
0.0026091337
0.0014097691
0.0022064447
0.0006222725
0.0011942387
0.00041937828
0.0027903318
0.0029469728
0.0006887913
0.0022096634
0.002526641
0.00035214424
0.0015500784
0.00052690506
0.004451394
0.0038086176
0.00086677074
0.002470374
0.0034717321
0.0006542206
0.0019630194
0.0023202896
0.0030024052
0.00396204
0.0014461279
0.0027124882
0.0008662939
0.003008008
0.0024570227
0.0034105778
0.0004172325
0.0030661821
0.0026091337
0.0021178722
0.0027656555
0.0025004148
0.0024266243
0.0032467842
0.0022437572
0.0027691126
0.0013091564
0.00084626675
0.00094151497
0.002812624
0.0022826195
0.00421834
0.0030320883
0.0018315315
0.0018292665
0.0036914349
0.0013164282
0.0031698942
0.0027577877
0.00012302399
0.001430273
0.00230968
0.0012488365
0.0023926497
0.0009251833
0.0025435686
0.0021128654
0.0030018091
0.003677249
0.0035911798
0.0028709173
0.0011434555
0.0024502277
0.0019390583
0.0025178194
0.001701355
0.001296401
0.0007933378
0.0004980564
0.0028870106
0.001232624
0.0019373894
0.0018264055
0.0014454126
0.0016845465
0.0020776987
0.002065897
0.0019319057
0.0023629665
0.00088357925
0.0010193586
0.0014446974
0.0024536848
0.0015574694
0.0017141104
0.0015015602
0.0037455559
0.0018986464
0.0025583506
0.004291177
0.0016098022
0.0019261837
0.000320673
0.0029447079
0.0022808313
0.0032361746
0.00281322
0.0012084246
0.0026390553
0.0013616085
0.0018013716
0.0030907393
0.0007362366
0.0015426874
0.0019438267
0.00059461594
0.00039565563
0.0022267103
0.0015486479
0.0010926723
0.0019476414
0.0025322437
0.0011223555
0.0024456978
0.0017778873
0.0028653145
0.0028119087
0.0006506443
0.0025826693
0.0011049509
0.0028073788
0.0031243563
0.0003836155
0.00052011013
0.0016913414
0.00017249584
0.0015819073
0.0017285347
0.0021643639
0.0008240938
0.002883792
0.0033739805
0.0039390326
0.001706481
0.0025826693
0.0004733801
0.0030168295
0.0013719797
0.00045967102
0.0032054186
0.0037859678
0.0012940168
0.0008714199
0.001086235
0.0030058622
0.002134204
0.0021709204
0.0027216673
0.0029759407
0.0044561625
0.0014271736
0.0026811361
0.0011484623
0.0018405914
0.0033171177
0.0005173683
0.0023844242
0.0019749403
4.196167e-05
0.0017267466
0.001142621
0.002311349
0.0023732185
0.0005406141
0.0026715994
0.0028175116
0.0027014017
0.0014885664
0.0023804903
0.00038397312
0.0019078255
0.0025584698
0.001911521
0.001712203
0.0041422844
0.0029853582
0.0022776127
0.0011146069
0.0019791126
0.0032948256
0.0014261007
0.0012243986
0.002172947
0.0022182465
0.0026022196
0.0009274483
0.0025367737
0.0043838024
0.0033510923
0.0018545389
0.002406001
0.0027176142
0.0026506186
0.0034583807
0.0019068718
0.0015017986
0.002255559
0.0025340319
0.0020164251
0.0039434433
0.002626419
0.002991438
0.0030201674
0.0022718906
0.0006277561
0.0027059317
0.0030112267
0.0034755468
0.002244711
0.0008611679
0.0018469095
0.0007004738
0.002650261
0.0023168325
0.002286911
0.0014481544
0.0012643337
0.0018686056
0.0019729137
0.0014294386
0.0024046898
0.0029729605
0.0031175613
0.002390027
0.0017791986
0.002530098
0.0007610321
6.16312e-05
0.0022711754
0.0005491972
0.0024017096
0.0036741495
0.0019186735
0.0026966333
0.0026609898
0.0033638477
0.0027953386
0.0014657974
0.0027270317
0.0009521246
0.0019911528
0.0006469488
0.0026266575
0.002677083
0.0023846626

0.0021107197
0.00020158291
0.005209565
0.0004336834
0.0022375584
0.00022304058
0.0027792454
0.00594306
0.0044310093
0.00043916702
0.00067460537
0.001411438
0.001137495
0.0014567375
0.004134178
0.0015784502
0.0013464689
0.0010391474
0.0020282269
0.0026983023
0.0036354065
0.000808239
0.0029423237
0.0015569925
0.0013257265
0.0006916523
0.001430273
0.0010473728
0.00027632713
0.0041720867
0.0010410547
0.0015641451
0.0005580187
0.0053406954
0.0007674694
0.0006018877
0.0011138916
0.0010672808
0.003594637
0.0007029772
0.0046453476
0.0024627447
0.0005441904
0.00031352043
0.0018478632
0.0016146898
0.0007792711
0.0007236004
0.00071167946
0.0008016825
0.0026607513
0.0010147095
5.6624413e-05
0.00085413456
0.007992148
0.0035436153
0.0047898293
0.0009099245
0.002770543
0.0007972717
0.00059878826
0.000674963
0.0009344816
0.00018703938
0.0009621382
0.0018178225
0.0013988018
0.00027108192
0.00061523914
0.009855986
0.00022554398
0.0005376339
0.0014365911
0.0027990341
0.000703454
0.0026471615
0.00042390823
0.0011495352
0.0029205084
0.002907753
0.0054490566
0.0040078163
0.00090038776
0.001681447
0.0006701946
0.0036222935
0.00095272064
0.0016018152
0.0015057325
0.0024696589
0.0010621548
0.0019626617
0.0063943863
0.0017305613
0.0023396015
0.0018801689
0.0036998987
0.00061905384
0.0024569035
0.0003567934
0.0006350279
0.0020837784
0.0027017593
0.0038923025
0.000410676
0.001701355
0.0031174421
0.0042420626
0.0013602972
0.0002721548
0.004574299
0.0019382238
0.00045001507
0.0013099909
0.0027570724
0.007361889
0.0002720356
0.001881957
0.0015232563
0.0008020401
0.00088214874
0.00040340424
0.00031387806
0.000854969
0.0014529228
0.0007816553
0.0012881756
0.0021595955
0.0024240017
0.0012820959
0.00058341026
0.0004924536
0.0023505688
0.001509428
0.0016585588
0.0005527735
0.0005251169
0.00096833706
0.0027250051
0.0020370483
0.0013259649
0.00024962425
0.0024906397
0.0014380217
0.0017464161
0.0006495714
0.0003914833
0.0023994446
0.0041668415
0.0033797026
0.0022850037
0.0007482767
0.0038702488
0.0020381212
0.007793665
0.0026723146
0.0007740259
0.0014858246
0.0039356947
0.001424551
0.0039516687
0.0001616478
0.0016956329
0.0015182495
0.0027765036
0.0039178133
0.0012415648
0.00182724
0.003447175
0.0033160448
0.0023870468
0.004786849
0.0011731386
0.0022047758
0.00092434883
0.00041854382
0.000674963
0.002380848
0.0015039444
0.0008890629
0.0010670424
0.0036165714
0.0033072233
0.0013003349
0.0017633438
0.0021666288
0.0011341572
0.0036520958
0.0009422302
0.00030875206
0.0038529634
0.0009704828
0.0025656223
0.0057394505
0.0002912283
0.0013434887
0.00076913834
0.0013598204
0.0010530949
0.0032114983
0.00024676323
0.0026746988
0.0036988258
0.001543045
0.002912283
0.001072526
7.355213e-05
0.002364993
0.001629591
0.0010083914
0.0015985966
0.004274726
0.0024102926
0.0058887005
0.0020228624
0.00037431717
0.0009406805
0.001701355
0.0017504692
0.0001655817
0.0031080246
0.0008906126
0.0014899969
0.0019735098
0.0022387505
0.0016063452
0.0006161928
0.0009583235
0.0015964508
0.0023679733
0.0026675463
0.0029616356
0.0013426542
0.0033324957
0.0011065006
0.0010113716
0.002739668
0.0011591911
0.0016003847
0.0015573502
0.00022649765
0.011451364
0.0018422604
0.0010459423
0.0020177364
0.008074999
0.004450798
0.0006648302
0.003542304
0.006345868
0.0018150806
0.005419612
0.0009264946
0.003715992
0.0008107424
0.0023409128
0.0014454126
0.0019462109
0.0010660887
0.0007246733
0.00070488453
0.00018906593
0.0023243427
0.0037056208
0.00062942505
0.0001680851
0.0016530752
0.0005366802
0.0070210695
0.001989007
0.0006867647
0.0010561943
0.0039664507
0.0004273653
0.007982612
0.0006906986
0.00012052059
0.001111865
0.0025871992
0.0019159317
0.0071514845
0.001258254
0.004732609
0.0033972263
0.0036623478
0.0031433105
0.00092566013
0.002796054
0.00028073788
0.0068742037
0.00016260147
0.0011664629
0.003001213
0.0022530556
0.003950596
0.0013707876
0.00048840046
0.0016900301
0.003853321
0.0006939173
0.0028545856
0.0010521412
0.0015972853
0.00013887882
0.0021774769
0.001044035
0.00073087215
0.0023412704
0.0036796331
0.0010868311
0.00091695786
0.005040884
7.9751015e-05
0.0016438961
0.0012717247
0.00033938885
0.00023365021
0.0015417337
0.0001809597
0.00069999695
0.0014303923
0.0014038086
0.0013246536
0.0027241707
0.0005865097
0.0031784773
0.0008621216
0.00081408024
0.001435399
0.0040215254
0.0019946098
0.0009949207
0.00030207634
0.0020012856
0.0017135143
0.004188299
0.00154531
0.007721901
0.0015605688
0.00093925
0.0007107258
0.0017821789
0.0022451878
0.0019372702
0.004155159
0.0012433529
0.0051697493
0.0004554987
0.0016732216
0.0002783537
0.0013637543
0.0016622543
0.0006864071
0.0013611317
0.005603552
0.0010683537
0.0022217035
0.003346324
0.0034780502
0.0007326603
0.0002552271
0.0051442385
0.00012993813
0.0047495365
0.0017820597
0.0011274815
0.001735568
0.0017178059
0.003332138
0.0009073019
0.0023319721
0.001198411
0.0023349524
0.0021371841
0.0014117956
0.00048685074
0.0062094927
2.4318695e-05
0.0016018152
0.0035226345
0.0007522106
0.0005993843
0.0034434795
0.0009075403
0.0016052723
0.0036562681
0.000592947
0.005220413
0.0009006262
0.0025604963
0.0022761822
0.0009481907
0.0026682615
0.0018615723
0.0042800903
0.0020264387
0.0022860765
0.0016514063
0.0016901493
0.0009433031
0.0016425848
0.0011014938
0.0051412582
0.00026011467
0.00059103966
0.0005880594
0.0019245148
0.00092983246
0.00805831
0.0042039156
0.002422452
0.0006840229
0.0012118816
0.002441883
0.0037519932
0.00088608265
0.0033587217
0.005828738
0.0010192394
2.8014183e-05
0.0056812763
0.0041810274
0.0005491972
0.0015093088
0.0023100376
0.0025004148
0.000988841
0.0011365414
0.001734972
0.0005786419
0.0011017323
0.00086033344
0.0010329485
0.001369834
0.0006030798
0.00076806545
0.0006541014
0.002294302
0.00082468987
0.0012687445
0.0035786629
0.001603961
0.0017435551
0.0032782555
0.0029062033
0.00066685677
0.0020580292
0.0017008781
0.00012564659
0.0003695488
0.004191637
0.0010941029
0.0013928413
0.00061893463
0.00020182133
0.0022910833
0.0016881227
0.0009585619
0.0014556646
0.0033625364
0.0024719238
0.0035802126
0.00017285347
0.00057554245
0.0007996559
0.001490593
0.0016967058
0.0024843216
0.0025873184
0.00079858303
0.00264287
7.9512596e-05
9.024143e-05
0.0016657114
0.0030254126
0.0015647411
0.004842758
0.0022375584
0.0040277243
0.003954649
0.0027395487
0.0017164946
0.00085008144
0.00078356266
0.0042330027
0.0014075041
0.004212141
0.0011125803
0.0008364916
0.00051546097
0.001839757
0.004233122
0.00052666664
0.004608631
0.0015208721
0.0023537874
0.0043650866
0.0021355152
0.0009844303
0.016267657
0.002755642
0.00087094307
0.0016026497
0.002732277
0.0016604662
0.0022906065
0.0006109476
0.0026255846
0.004217267
0.0007302761
0.00082206726
0.0015645027

0.00064992905
0.003163457
0.0009726286
0.0016804934
0.0047932863
0.0010633469
0.0023379326
0.00069224834
0.0010800362
0.0014183521
0.000359416
0.0005418062
-1.3113022e-06
0.0024137497
0.001932025
0.0011080503
0.0052210093
5.8293343e-05
0.00060117245
0.00010454655
0.0065459013
0.0005236864
0.0026112795
0.002935052
0.00010108948
0.0012347698
0.001178503
0.0008481741
0.00260818
0.0008214712
0.0023661852
0.0014942884
0.0005623102
0.00016117096
0.0040739775
0.0015560389
0.0024317503
0.0020269156
0.0021045208
0.000344038
0.004127264
0.0027753115
0.0012363195
0.0018332005
0.0015900135
0.003970146
0.000620842
0.008290172
0.0018681288
0.0036785603
0.0012472868
0.0045728683
0.0013357401
0.004964471
0.0027159452
0.0005694628
0.0019388199
0.003641367
0.00037956238
6.0081482e-05
0.0015720129
0.0059274435
4.4107437e-05
0.0013796091
0.0056152344
0.0011872053
0.0036450624
5.3286552e-05
0.005752921
0.0032186508
0.0022774935
0.00462234
0.00074517727
0.0043855906
0.002587676
0.002145052
0.0008620024
0.005343914
0.00065743923
0.0020375252
0.0002452135
0.0016651154
0.003970504
0.0024584532
5.3286552e-05
0.0035748482
0.002607584
0.006270647
0.0007542372
0.0017277002
0.0012046099
0.00024366379
0.007170677
0.002086997
0.00049233437
0.0011714697
0.0035393238
0.0006107092
0.0018194914
0.00022470951
0.0014098883
0.0019346476
0.0014926195
0.00045263767
0.001019001
0.0017671585
0.0014457703
0.0026357174
0.0018913746
0.0021146536
0.0032726526
0.0013488531
0.0009608269
0.0015679598
0.0004506111
0.0011268854
0.0018335581
5.364418e-05
3.504753e-05
0.0007176399
0.0027352571
0.001393795
0.0013439655
0.0058707
0.003987193
0.0033553839
0.00014519691
3.33786e-06
0.002994299
0.0038644075
0.001791954
0.002450347
0.0010399818
0.0044823885
0.0026738644
0.00021374226
0.0034595728
4.1246414e-05
0.0011690855
0.0010004044
0.00028645992
0.0044574738
0.0015574694
0.0024461746
0.0011675358
0.0024746656
0.003417492
0.00093722343
0.004848361
0.0018761158
0.0036783218
0.0018515587
0.00061428547
0.0002975464
0.0020256042
0.0049877167
0.0019499063
0.0029262304
0.00080418587
0.00058722496
0.0046008825
0.0019899607
0.0035293102
0.003776431
0.002707839
0.0007299185
0.0025883913
0.0016202927
0.0013604164
0.00074231625
0.0021787882
0.002857089
0.0061285496
0.0011070967
0.002216339
0.0024724007
0.0016721487
0.003858924
0.0011250973
0.0071884394
0.0033525229
0.0028790236
0.0033817291
0.0002989769
0.00064218044
0.0011827946
0.0014015436
0.0032299757
0.0011049509
0.0007715225
0.0019357204
0.0014283657
0.0030126572
5.173683e-05
0.0010902882
0.0010259151
0.001337409
0.0016720295
0.0032078028
0.0005553961
0.0010896921
0.0040171146
0.00087857246
0.00025987625
-1.5497208e-06
0.0051692724
0.0026248693
0.0026558638
0.00076925755
0.000659585
0.00088119507
0.0029485226
0.0015237331
0.0036957264
0.0006759167
0.0014781952
0.00012493134
0.00075662136
0.0016759634
0.00038731098
0.00034987926
0.00020432472
0.0014271736
0.0030392408
0.0029351711
0.008923411
0.0023198128
0.0028003454
0.00073468685
0.0008467436
0.0057429075
0.00019848347
0.0049381256
0.0018656254
0.003460765
0.0020325184
0.0030409098
0.0007791519
0.0016411543
0.0020359755
0.000977397
0.00036549568
0.004360199
7.7843666e-05
0.0011681318
0.0028361082
0.0029628277
0.0027370453
0.0042254925
0.0041098595
0.00038337708
0.0027678013
0.00037121773
0.0029867887
0.004621744
0.003557682
0.0006787777
0.0048389435
0.0058193207
0.0018168688
0.0021976233
0.0014106035
0.00015258789
0.0006002188
0.0025703907
0.0015412569
0.0004887581
5.352497e-05
0.0023100376
0.002441883
0.0005557537
0.00012028217
0.0038298368
0.006534934
0.0006145239
0.0053856373
0.003308773
0.0005130768
0.00039482117
0.001972556
0.00066256523
0.0039390326
0.00017631054
0.005326152
0.00059223175
0.0031625032
0.00061166286
0.0032351017
0.0006824732
0.001045227
0.0015003681
0.0019108057
0.0017521381
0.0025203228
0.00068724155
0.003500104
0.003344059
0.0021375418
0.0020837784
0.0003938675
0.0037498474
0.002702117
1.6212463e-05
0.0017608404
0.0044032335
0.0029386282
0.002852559
0.015729666
0.004714608
0.004023552
0.0025571585
0.0043560266
0.0024654865
1.2993813e-05
0.0024949312
0.001373291
0.0038419962
0.0062850714
0.0046674013
0.00033462048
0.0031825304
0.0017678738
0.003185749
0.00066149235
0.003143549
0.00018906593
0.0014666319
0.003266096
0.00082468987
0.004401326
0.0043740273
0.0022882223
0.004630089
0.0017397404
7.367134e-05
0.0039111376
0.003096819
0.005996108
0.0019347668
0.003401637
0.0004287958
0.0015516281
0.0017974377
0.0012607574
0.0018275976
0.0035898685
0.0008991957
0.0008431673
0.001565814
0.00027799606
0.003113985
0.0019625425
0.0012934208
9.536743e-06
0.0020053387
0.0013358593
0.004326701
0.0031487942
0.0005966425
0.0027253628
0.0015668869
0.00075519085
0.0042636395
0.00051271915
0.0005180836
0.0060374737
0.0016958714
0.004036069
0.0016022921
0.0022798777
0.00022435188
0.003127098
0.0007919073
0.0031431913
0.003501892
0.0036455393
0.0070251226
0.00075256824
0.0020002127
0.0017971992
7.7962875e-05
0.0033919811
0.002116084
0.0023583174
0.004270196
0.0029195547
6.2942505e-05
0.003580451
0.00037193298
0.0024951696
0.0007275343
0.0020643473
0.0022906065
0.0025017262
0.005245805
0.0005482435
0.0005543232
0.0061990023
0.0018874407
0.0009783506
0.002013445
0.0026288033
0.0009609461
0.005041003
0.000844121
0.00026893616
0.0018785
0.0018093586
-4.887581e-06
0.0008045435
0.0017983913
0.00058948994
0.0035728216
0.0007414818
0.0009365082
0.0014365911
0.0006750822
0.00016021729
0.002623558
0.0036332607
0.0020008087
0.0005477667
0.001488328
0.005040407
0.00406003
0.004274726
0.0011153221
0.0045725107
0.002460599
0.0010919571
0.00078976154
0.00053572655
0.00023901463
0.0014724731
0.0012471676
0.0040482283
0.002389431
0.0048832893
0.00047504902
0.0008522272
0.0022152662
0.0023314953
0.003271222
0.0019626617
9.3221664e-05
0.0013295412
0.0029199123
0.0019403696
0.00051927567
0.0026345253
0.0047171116
0.003216982
0.0021919012
0.003594637
1.9073486e-05
0.002277732
0.0004799366
0.005161047
0.0010162592
0.0006107092
0.0008997917
0.000385046
0.003989458
0.002481103
0.0012797117
0.001982808
0.0004849434
0.0018930435
0.0010238886
0.0065797567
0.0044003725
0.0040254593
0.002341032
0.0005238056
0.0009506941
0.00038552284
0.00052559376
0.00010120869
0.0025092363
0.0019459724
0.00038301945
0.0026575327
0.00075149536
0.0022888184
0.0024380684
0.0028098822
0.0021049976
0.00039744377
0.00085425377
0.00072586536
0.0005328655
0.00083112717
0.008860946
0.0017226934
0.0012983084
0.0005056858
0.0006971359
0.0015962124
0.002261877
0.00013315678
4.684925e-05
0.00519979
0.0015090704
0.0027276278
0.002548933
0.0013376474
0.0068959
0.0018992424
0.00019156933
0.0022346973
0.0006585121
0.0001360178

0.0037657022
0.0011200905
0.0027849674
0.0046727657
0.00106287
0.0038610697
0.0027017593
0.0018591881
0.002321601
0.0005199909
0.0021252632
0.0029901266
0.0032566786
0.0031604767
0.0018746853
0.0020148754
0.001365304
0.0021041632
0.0031820536
0.0013693571
0.0033055544
0.0011965036
0.0012851954
0.0027318
0.0024240017
0.0039212704
0.0019971132
0.0031425953
0.0035220385
0.0012600422
0.0011755228
0.00017178059
2.3841858e-07
0.0007940531
0.00050878525
0.0018223524
0.0027631521
0.00050604343
0.0010997057
0.001662612
0.0045363903
0.00075268745
0.0013053417
0.00016510487
0.0042243004
0.004466772
0.001188159
0.0019304752
0.00123775
0.00075411797
0.0033726692
0.0014356375
0.0012100935
0.00230968
0.0026835203
0.0044749975
0.0012931824
0.005018592
0.00027275085
0.0006201267
0.0015224218
0.00039565563
0.0022479296
0.0010763407
0.0012204647
0.003576398
0.0028920174
0.002296567
0.00083494186
0.0013010502
0.0016443729
0.00068485737
0.0010322332
0.0019993782
0.0019809008
0.0017191172
0.0044311285
0.0015159845
0.0033284426
0.0020523071
0.0010310411
0.0012515783
0.0022147894
0.0020409822
0.0033872128
0.0017193556
0.0018658638
0.0012584925
0.005107403
0.0024803877
0.0020729303
0.004796982
0.003884077
0.002785802
0.0011630058
0.0010677576
0.0020097494
0.0027054548
0.0049182177
0.0010694265
0.004431367
0.005717039
0.006148696
0.002078414
0.001880765
0.0021474361
0.0009088516
0.0027520657
0.0026208162
0.0021455288
0.00043201447
0.00042569637
0.0024690628
2.8967857e-05
0.0050923824
0.0010213852
0.002687335
0.0014007092
0.0008829832
0.0020794868
0.0025299788
0.0040227175
0.003269434
0.0038188696
0.00025737286
0.0032473803
0.000833869
0.003931284
0.0031559467
0.0006468296
0.0014163256
0.0010327101
0.00047266483
0.00014781952
0.0024479628
0.0014021397
0.0009086132
0.00021028519
0.0010342598
0.0025148392
0.0013231039
0.00057446957
0.0011970997
0.00023055077
0.004066825
0.0023167133
0.0010985136
0.0011113882
0.0041407347
0.0013473034
0.00041294098
0.002496004
0.0029796362
0.0032696724
0.0033143759
0.0047044754
0.0026439428
0.0025764704
0.005839944
0.0012338161
0.0016891956
0.0049527884
0.0002862215
0.0007252693
0.0041983128
0.0005328655
0.003059864
0.0038360357
0.003516674
0.0049117804
0.0022550821
0.002505064
0.0018012524
0.0027477741
0.0006145239
0.0019052029
0.0014077425
0.002552271
0.0023684502
0.003389597
0.00031518936
0.00030899048
0.004394293
0.0007908344
0.00040614605
0.0042515993
0.001589179
0.001294136
0.001004219
7.6413155e-05
0.0028522015
0.0013558865
0.0014531612
0.0023361444
0.0017573833
0.00032675266
0.003988385
0.0013689995
0.0018761158
0.0040233135
0.003079176
0.0006222725
0.0028626919
0.003186226
0.0016179085
0.0029786825
0.0017749071
0.002687931
0.00028395653
0.0011583567
0.0025109053
-2.6226044e-06
0.002961278
0.0014601946
0.004943371
0.001390338
0.0026392937
0.0023345947
0.001026988
0.00462687
0.00032675266
0.00330019
0.0023018122
0.0025619268
0.004099846
0.0020148754
0.00047457218
0.0014874935
0.0038491488
0.0052683353
0.0018553734
5.853176e-05
0.0019688606
0.002658248
0.0018348694
0.0036063194
0.003085494
0.0038291216
0.001853466
2.7060509e-05
0.000369668
0.000849247
0.002501011
0.0018998384
0.0003632307
0.0032160282
0.0029304028
0.0002270937
0.0027588606
0.0033416748
7.2717667e-06
0.0022158623
0.0020282269
0.001126647
0.0032144785
0.00072157383
0.0026247501
0.0022406578
0.0032215118
0.003619194
0.004318595
0.0034812689
0.0013319254
0.004561901
0.0029097795
0.001685977
0.0005649328
0.004534483
0.0052587986
0.0043258667
0.0016467571
0.0014275312
0.0024183989
0.0027321577
3.2782555e-05
0.0025568008
0.0029894114
0.0012328625
0.0068689585
0.0015091896
0.0030320883
0.0020956993
0.00075984
0.0005248785
0.004174471
0.0012397766
0.0022746325
0.0047956705
0.0008022785
0.00011861324
0.00018060207
0.0029387474
0.0027810335
0.00014424324
0.0016254187
0.0023975372
0.000616312
0.0035364628
0.0019652843
0.0008832216
0.002076149
0.0034070015
0.0014476776
0.0016174316
0.0021568537
0.0033092499
0.00096547604
0.0030357838
0.0015704632
0.0017938614
0.0025951862
0.001473546
0.002481103
0.0018011332
0.00027918816
0.0029001236
0.00097095966
0.0015516281
0.0048018694
0.0025691986
0.00062918663
0.0060037374
0.0038843155
0.0008826256
0.001335144
0.003608942
0.0014808178
0.00035250187
0.0005996227
0.0021163225
0.001288414
0.0038905144
0.0016934872
0.001962185
0.0033456087
0.0019836426
0.0020958185
0.0023720264
0.0017855167
0.0022855997
0.00017130375
0.00094389915
0.0013997555
4.541874e-05
0.0019921064
0.0029410124
0.0016158819
0.002863884
0.0046402216
0.0027495623
0.0024352074
0.0015529394
0.001060605
0.0042886734
0.0025029182
0.0041903257
0.0025087595
0.00027608871
0.0011376143
0.00025367737
0.0015500784
0.00091934204
0.0031975508
0.0031481981
-2.3841858e-07
0.0013705492
0.0011560917
0.0026113987
0.001826644
0.006629467
0.0019251108
0.0025647879
0.003931999
0.002401352
0.0010672808
0.004933834
0.004010558
0.00048148632
0.003148675
0.00069749355
0.0017666817
0.000121474266
0.0022423267
0.0021293163
0.00085544586
0.002452135
0.002321601
0.0041316748
0.0015554428
0.0033330917
0.0017659664
0.0036871433
0.001933217
0.001773715
0.0040575266
0.0006248951
0.0005950928
0.00064361095
0.0018417835
0.0022457838
0.00066792965
0.005626321
0.00046801567
-3.5762787e-07
0.0022375584
0.003362298
0.0010590553
0.0015714169
0.004396677
0.0021203756
0.0015560389
0.0010207891
0.00017893314
0.0010465384
0.00039041042
0.0024131536
0.0022308826
0.0016460419
0.0012011528
0.0015006065
0.0012991428
0.0050547123
0.00067412853
0.00023531914
0.0027167797
0.00074255466
0.00073218346
0.0017513037
0.0047945976
0.0016887188
0.0017058849
0.0031388998
0.001967311
0.0023044348
0.0024945736
0.002918601
0.0040706396
0.001838088
0.0011996031
0.0034826994
0.0025693178
0.004391551
0.0024288893
0.0009456873
0.0015946627
0.0013375282
0.0049813986
0.0039606094
0.0035734177
0.0038295984
0.0037003756
0.0028369427
0.0015026331
0.00019323826
0.0031254292
0.0007259846
0.0009562969
0.0021628141
0.00405097
0.001975894
0.0019112825
0.001486659
0.00035452843
0.0013567209
0.0014177561
0.0026284456
0.0024799109
0.0019847155
0.0043979883
0.0018494129
0.0035464764
0.0023676157
0.0003297329
0.00476408
0.0008482933
0.002106309
0.0027006865
0.00070023537
0.006663561
0.00040197372
0.0008882284
0.0016726255
0.0026841164
0.0007903576
0.001927495
0.0023845434
0.0013986826
0.002226472
0.0016856194
0.005850911
0.0032424927
0.0011965036
0.004962802
0.0015538931
0.0020041466
0.0041173697
0.001954794
0.00045239925
0.0012220144
0.00074982643
0.0012774467
0.00022780895
0.003255844
0.004402399
0.0054756403
0.0010371208
0.0019282103
0.004418969
0.002769947
0.002049923
0.0005751848
0.00016868114

0.0013843775
0.0020422935
0.00072312355
0.002250433
0.0020632744
0.0010877848
0.008716822
0.0031212568
0.0021924973
0.0029076338
0.0031369925
0.0043212175
0.0025873184
0.0018694401
0.004370928
0.0032942295
0.0038781166
0.0011044741
0.0013426542
0.0017945766
0.0006644726
0.0004787445
0.0047516823
0.0026006699
0.0018253326
0.0035369396
0.0032379627
0.0017652512
0.001018405
0.0031683445
0.00021457672
0.002590537
0.0018999577
0.004927635
2.3841858e-06
0.0013587475
0.0017464161
0.0052782297
0.0019966364
0.0029951334
0.0024665594
0.00452888
0.0016896725
0.0038068295
0.0032827854
0.0017282963
0.0011184216
0.0020627975
0.0022850037
0.0013338327
-5.9604645e-07
0.0020879507
0.0010362864
0.0031433105
0.00085246563
0.0025906563
0.0022782087
0.004254818
0.0024867058
0.0017420053
0.00047457218
0.005000949
0.0027679205
0.003483653
0.0012739897
0.0020303726
0.00014090538
0.0018459558
0.0051710606
0.00066781044
0.0017164946
0.0026227236
0.0044612885
0.0025565624
0.0017337799
0.0030500889
0.0012708902
0.00035953522
0.0030851364
0.0007106066
0.0025982857
0.0010849237
0.002339244
0.0011348724
0.0039339066
0.004770398
0.0014135838
0.0018361807
0.00034797192
0.0010575056
0.0020924807
0.0031912327
0.00044298172
0.00092339516
0.0020245314
0.0025919676
0.004541874
0.0018006563
0.0015070438
0.0046510696
0.0022456646
0.0007971525
0.0033012629
0.0030144453
0.0011751652
0.0038540363
0.0013830662
0.0046434402
0.0025066137
0.005011201
0.00088119507
0.0009982586
0.0075181723
0.0010738373
0.001791954
0.00025045872
0.002018094
0.0046368837
0.0017428398
0.0014365911
0.0019536018
0.000900507
0.0028920174
0.0036120415
0.0014157295
0.0007008314
0.0009326935
0.0017710924
0.0025773048
0.00522542
0.0013226271
0.0033887625
0.00051140785
0.0024968386
0.0017827749
0.0006557703
0.0028195381
0.0012391806
0.0028424263
0.003312111
0.001447916
0.0019342899
0.0014398098
0.0023839474
0.004340887
0.0019264221
0.004215002
0.00175035
0.0023789406
0.0012214184
0.0018867254
0.0013731718
0.0027205944
0.006116271
0.0009675026
0.0045250654
0.00065004826
0.0017484426
0.0014636517
0.0027401447
0.0022728443
0.0007815361
0.0008881092
0.0029540062
0.0016880035
0.0018188953
-2.1457672e-06
0.0048218966
0.0021766424
0.0009857416
0.002446413
0.0006465912
0.0008075237
0.0010311604
0.0036376715
0.0018478632
0.0009022951
0.0029389858
0.0022207499
0.0034136772
0.0022999048
0.0007019043
0.0026845932
0.0016032457
0.0038809776
0.0023183823
0.0015529394
0.0011812449
0.00026500225
0.0020667315
0.0022141933
0.00024282932
0.0022262335
0.00066936016
0.0020302534
0.0013332367
0.0027154684
0.0034396648
0.0020116568
0.0027617216
0.0046503544
0.003205657
0.00043404102
0.0017251968
0.0014177561
0.0016572475
0.0023602247
0.0018079281
0.00055909157
0.0026575327
0.0015033484
0.0028460026
0.0013639927
0.0019714832
0.00260818
0.00095427036
0.0041371584
0.0014569759
0.0043102503
0.0010715723
0.0014110804
0.0010880232
0.0008331537
0.002516508
0.003615141
0.002065301
0.0018392801
0.0011224747
0.0034626722
0.0011219978
0.0014616251
0.0010961294
0.002091527
0.0027862787
0.001270175
0.0023126602
0.002128005
0.0030721426
0.0014039278
0.0028444529
0.0017163754
0.0015739202
0.0015528202
0.0023920536
0.0017751455
0.00077426434
0.0012853146
0.0031032562
0.0013030767
0.0020147562
0.0022495985
0.0025656223
0.00092089176
0.001663208
0.0018144846
0.0025148392
0.0016309023
0.0031846762
0.0009783506
0.0041804314
0.0027536154
0.0021891594
0.0022871494
0.002102375
0.0011835098
0.0008225441
0.0048018694
0.0022518635
0.002674818
0.0014339685
0.0027549267
0.0011892319
0.0032390356
0.0024055243
0.001609683
0.003712535
0.0020745993
0.0029248
0.0045723915
0.0019949675
0.0012543201
0.0018413067
0.0007635355
0.0024347305
0.0017259121
0.0018284321
0.0018469095
0.0016746521
0.004045248
0.0046846867
0.0010597706
0.0041484833
0.00014817715
0.0026952028
0.0015085936
0.0029008389
0.00029969215
0.0021902323
0.0021125078
0.0023031235
0.0011591911
0.006182432
0.0017277002
0.0019490719
0.000818491
0.0015252829
0.0012146235
0.0021634102
0.0030097961
0.0029405355
0.002346158
0.0014263391
0.0025351048
0.0017610788
0.003035307
0.0019942522
0.0025740862
0.0056558847
0.0030899048
0.0013980865
0.002303481
0.003334999
0.00103724
0.0016773939
0.0026807785
0.001793623
0.00453496
0.00076913834
0.002360344
0.002131462
0.001129508
0.0030084848
0.0039016008
0.0036631823
0.0037882328
0.003484249
0.0015234947
0.0022870302
0.0023254156
0.0013695955
0.002106309
0.0031781197
0.0030583143
0.0014406443
0.0024147034
0.0016173124
0.0023899078
0.000916481
0.0009037256
0.0010324717
0.0033595562
0.0042431355
0.00058710575
0.0043329
0.00093495846
0.0040539503
0.0048679113
0.0020432472
0.0017479658
0.0016540289
0.0047659874
0.0022702217
0.003183961
0.00092470646
0.0023543835
0.0008277893
0.00079488754
0.0012284517
0.001969099
0.0039098263
0.0037777424
0.001319766
0.0007096529
0.0013725758
0.0018206835
0.002751708
0.0020618439
0.00095260143
0.0017563105
0.0028961897
0.00033318996
0.0022034645
0.001763463
0.0019458532
0.0013724566
0.001078248
0.0013545752
0.0026170015
0.00265944
0.0010700226
0.0014827251
0.0014425516
0.0010730028
0.0010551214
0.0018998384
0.0040141344
0.00042402744
0.0038853884
0.0013722181
0.002321124
0.0012749434
0.0012295246
0.002692461
0.003748417
0.0017490387
0.0027639866
0.0037606955
0.0007202625
0.0010904074
0.0016385317
0.0007728338
0.0015398264
0.0018258095
0.0016572475
0.0024113655
0.002689004
0.0018879175
0.0022412539
0.0033758879
0.0023624897
0.0010895729
0.0022274256
0.0023579597
0.001044631
0.00070524216
0.001740694
0.0030355453
0.0008736849
0.0017288923
0.0011321306
0.0012511015
0.0025289059
0.0046088696
0.0038541555
0.00094234943
0.003020525
0.0018362999
0.0013067722
0.0026785135
0.0015271902
0.0013827085
0.0023354292
0.0021442175
0.0019564629
0.006193161
0.0015537739
0.0016155243
0.0047115088
0.0003209114
0.00054466724
0.002281189
0.0018404722
0.0013856888
0.00042712688
0.0006376505
0.0014350414
0.0012266636
0.002733469
0.0020259619
0.00029480457
0.0037398338
0.0031861067
0.004622102
0.0010124445
0.0019364357
0.0031388998
0.00045001507
0.0013952255
0.005951762
0.00010967255
0.0022985935
0.004531622
0.0034239292
0.0030173063
0.0020525455
0.00075280666
0.0020500422
0.001742363
0.0010215044
0.0024152994
0.0023437738
0.0013583899
0.002863288
0.00071156025
0.0020608902
0.0032912493
0.0018429756
0.00079500675
0.0016058683
0.003092289
0.0018590689
0.0018755198
0.001175046
0.00071287155
0.0012948513
0.0018869638
0.0024590492
0.002572775
0.0007750988
0.002276659
0.0011539459
0.0019019842
0.00037574768
0.0009561777
0.00061154366
0.0013798475
0.0061421394
0.0021789074
0.004032016
0.0025835037
0.0012336969
0.00445199

0.086535454
0.06444371
0.11198068
0.12554026
0.10029101
0.09690535
0.07286143
0.06648958
0.072818875
0.073697925

