1.2705045
0.68148756
0.28984082
0.11422956
0.98659956
0.8935535
0.97311354
1.0759447
1.0478075
0.69540834
0.5126761
1.2484021
1.1020517
1.443208
0.81983876
0.73697186
1.4396968
1.0466402
0.8499347
0.9863318
0.6924323
0.9562582
0.81960666
1.1831063
0.9847034
1.0455157
1.144055
0.8357682
1.0689672
0.65564513
0.5883523
0.9707382
1.0842825
1.1729841
0.42939448
0.8095833
0.5866841
0.97653604
0.71661806
1.8510966
1.2509205
0.7328634
1.5510643
0.6506901
0.6702963
0.87146735
0.8669857
1.1204972
0.8118087
1.0070827
0.8326831
1.0969028
1.5917323
0.58887553
1.309191
0.92430985
1.5671005
0.7984214
1.8218725
0.994125
1.3496885
0.6580608
1.4077153
0.90421975
1.1040983
0.39423156
1.0910933
0.9083524
0.4964869
0.9500991
1.2862766
0.75731623
0.6287793
0.6486496
1.3859236
1.0354744
0.9260099
1.118438
0.6062188
1.0559323
0.9528147
0.9856945
0.7394314
0.57284033
1.5843973
1.2726128
1.5209708
1.0057477
0.989856
0.2847396
0.9487212
1.340687
1.265095
0.92830753
0.66888475
0.70399904
0.13442421
0.82523966
0.31593907
0.8962045
0.5850494
0.7349969
1.4663563
0.56065035
1.142677
0.9813626
1.0414944
1.0602758
1.5245047
1.0024122
0.93617773
1.5721586
0.5244483
1.0452785
2.1154547
0.91726696
0.8757837
1.8904927
1.1170069
0.7492293
0.8336896
0.94600976
1.0127733
0.98992383
1.08366
1.2456056
0.56385267
1.3764629
1.7484303
1.0022935
1.4243093
0.82128394
0.90300715
1.0398512
1.2644689
1.3542914
1.0522399
0.78653693
0.7563157
1.2220163
1.3202515
1.544271
0.3801229
1.2159983
0.8364675
0.64535224
0.96336544
1.1829183
0.67170715
1.1516113
1.2614415
1.102951
0.8959937
1.139098
0.6841601
0.83616257
0.3753991
0.6379868
0.89160585
1.0563713
0.68484926
1.4660785
2.2806273
0.8324332
0.833892
0.6351814
0.88451016
0.9493711
1.2956052
0.93558705
0.764449
1.4534807
1.0088354
0.69185853
0.9664118
0.7476933
0.9127351
0.8640528
1.1336495
0.5235487
1.0963142
1.0994921
0.4122132
1.3310697
0.5393009
0.9293486
1.146473
1.1546173
1.1532739
1.294019
1.3285437
1.074825
1.0164018
1.0528697
0.16179645
1.1977186
0.56833375
0.99973667
1.2035985
0.6469474
0.95317423
0.9898306
1.1287798
0.8143246
1.7484283
1.2542746
0.87835073
0.8586664
0.42105973
0.85501635
1.0437971
0.79781127
0.7370024
0.83026505
0.58386207
1.0133818
1.2683265
1.4048731
1.2646053
1.0214533
1.0705886
1.2748504
1.1693826
0.8822956
1.4652305
0.026482701
1.0848582
1.1745901
0.9960824
0.97692394
0.9793695
0.3539238
0.96481633
1.2537031
1.1653419
1.6450236
1.299609
1.5426815
0.85143864
0.96315074
1.6702719
0.52268195
1.6867714
1.0047382
0.95991063
1.3318894
1.2534873
1.4224732
0.7766825
0.76132727
0.68284404
0.92488563
1.470881
0.24205995
0.5010557
1.0486116
1.5122132
1.3747132
0.67640007
0.88721836
1.1198683
0.84984577
0.19326091
0.77654517
1.4409041
1.2902308
0.6156125
0.69876087
1.563365
0.66995037
1.1190454
0.40023327
1.3764141
0.59436905
1.520138
0.8529439
1.6544247
1.377224
0.7700987
1.2606683
1.3564382
0.3083496
1.2755573
0.76601803
0.9005412
0.91332567
0.727424
0.6884407
1.2309438
0.87271583
0.82193244
1.1961414
0.3487469
1.3140787
1.5435634
1.0463648
1.4226263
0.9844235
1.8203962
0.33897054
1.6051745
0.3117622
0.1048007
1.1241481
1.7890952
0.8668541
1.3059237
0.7713531
1.7363522
0.8087169
0.85521424
1.756558
0.29737556
0.7073021
0.6153929
0.8718256
0.55193245
0.9963535
1.691828
0.53878736
0.6909622
1.4408329
1.1423874
1.2431943
0.90634394
1.048267
0.594082
1.001392
0.70255625
0.97442424
1.5162389
0.193632
0.45907223
0.48708022
1.3298311
1.218212
0.7636957
0.6231191
0.14706862
1.2193487
1.240978
1.0740021
0.71411633
0.3432318
0.5292356
0.553241
1.3335314
0.88524485
0.7579998
1.5106082
0.7763461
0.73892355
1.0796229
1.0484658
0.009611011
0.7713624
1.0349113
0.85176027
1.1764553
0.90627265
0.84645104
0.8175489
0.9032054
0.9455422
1.3191547
1.1470323
1.1357721
0.7630938
1.1559012
0.8222134
1.0996716
2.036096
1.0823181
0.9241662
0.87410915
0.8050151
0.5223638
0.6337689
0.5761043
0.49831533
0.50969803
0.7476742
0.6528226
1.0762887
0.657627
0.8206483
1.1259376
0.9207208
1.0388527
0.76147604
0.91330945
1.3073087
0.5487262
0.33249915
1.1788735
1.2638469
0.7958026
1.0810971
0.8513808
0.90550613
0.8252994
0.5772015
0.34097445
0.53382933
0.8544767
0.5087942
1.3128014
0.14424491
1.3159382
0.7945733
1.3307109
1.1967344
0.98181546
1.1052188
0.8307301
1.341089
1.2778904
0.46104932
1.3036568
0.81090486
0.9654585
0.8533926
0.9287877
1.0800307
1.1865752
0.60007787
0.7238941
0.03961003
0.32824945
1.1179937
0.27766407
0.66751635
0.80487514
1.4135089
0.6404513
1.6676872
1.2777808
1.1352437
1.291523
0.903234
0.9997736
1.5845003
0.90527403
0.78097844
0.77615976
0.56824636
0.48368108
1.1107621
0.8321518
1.2174289
1.0452774
1.0345664
0.7417376
0.0023694038
1.0594065
0.7387465
0.39035285
0.7560307
1.7322328
1.4052899
1.305872
1.3998315
0.7887775
1.3536506
0.7906507
1.378818
0.7126074
0.727882
0.24447918
1.0257679
1.3433108
1.076793
0.86469877
0.91891825
1.208955
1.1917264
0.8687128
1.1879969
0.58072555
0.8037561
0.6377243
0.6215893
1.5920935
0.6496687
0.8581954
1.095048
0.9295478
1.1674808
1.4907899
1.4033473
0.9587079
0.9673474
1.4145153
1.2990243
1.070606
0.40881848
1.0284984
0.40844572
1.6018729
1.028842
0.93818295
1.3325279
1.2801352
0.88894
0.7521479
0.5130886
0.23421502
0.9628031
1.3020751
0.63250816
0.42925096
0.49482632
0.9531362
0.8928188
1.2147601
1.4279106
1.5518274
0.83217657
1.1320767
1.0419163
0.8728224
0.872193
1.0017474
1.0032905
0.32655668
1.2106359
0.72163916
0.7600653
1.710346
0.7869859
1.2701747
1.0155058
1.1465569
1.7240956
0.7665422
0.8982338
0.9505552
0.60103154
0.67559826
0.93028975
1.1801517
0.9371213
1.0377009
1.1411397
1.0113937
1.3698862
0.5655874
1.0460382
1.6515529
1.194361
1.4283707
0.99977374
0.32980824
1.2063718
0.41246796
1.2896116
0.70570385
0.9218546
1.1276503
0.1628133
0.39835393
0.949038
0.5931263
1.2141855
0.98150504
0.8058604
1.3188145
1.1607186
0.6465888
1.0448635
1.0477905
1.1454649
1.1501827
0.60247064
1.526483
0.9799428
1.2907691
1.0070586
0.75282323
0.92799973
0.46892
0.90163517
1.0204084
0.49305856
1.0472124
0.2758323
0.7831557
0.7786211
1.0040997
1.3521247
1.0854522
0.8888376
1.4926674
0.80567145
0.9733088
1.1092165
0.6158587
1.2582636
0.68942666
0.9661375
0.7886903
1.2406437
0.6639608
1.4608645
0.9002322
0.9669045
0.38851285
0.8576168
1.5098734
0.99795103
1.4462492
0.6733676
0.8495532
1.0060365
0.9754064
0.3867817
1.2385359
0.92344224
0.9489671
1.2788119
1.094429
0.9024302
1.321975
0.0019294024
0.0025987625
0.17538834
1.1295002
1.6721191
0.89042985
1.1022357
0.2016319
0.06402874
0.810122
0.7815807
1.382282
0.873
1.3180075
0.2554177
1.043525
0.4478575
1.6381474
0.717546
0.6201998
1.7597361
0.8769624
1.6388679
0.5318618
1.118644
0.964239
0.98363733
1.2207999
0.078050494
1.1547425
0.85772276
1.0819893
0.78384876
0.6522467
1.1744747
1.2761452
0.90974367
0.92714083
1.557282
0.9753027
1.1087704
0.87453115
1.4082191
0.9975753
0.77960205
0.54900086
0.94529784
1.1682191
0.655599
0.80261517
0.9778558
0.79276705
0.3669684
0.71990156
1.6460004
0.122145176
0.94640267
0.53892124
0.756932
1.4709415
1.2611558
1.0415158
1.1237639
1.1800218
0.75254846
0.59746325
0.9411864
0.9780582
1.2065737
0.9246566
1.1071119
1.1988772
1.1556058
0.84161985
1.546587
1.0853338
0.4962988
1.276469
1.1015118
1.8663933
0.833356
0.78701854
0.9065989
0.8250545
0.96282625
1.1071355
0.9884484
0.5323725
1.2926495
0.8757621
0.73730004
0.6542723
1.4852104
1.3779447
0.6402396
0.6757524
1.125391
0.6596551
0.66114545
0.4149208
0.26215053
0.4042387
1.010229
0.6598351
1.0842478
1.1952755
1.169802
0.67253006
0.73435473
1.1028762
1.2271187
0.9885855
1.5359325
0.9887794
1.5851803
0.83545923
0.6266302
1.1867449
1.1190146
0.67781043
0.7741996
0.9392332
1.5779383
1.0927435
1.4625666
1.009358
1.2937913
1.2807052
0.7654326
0.83405876
0.88403463
0.34190917
0.9547256
0.56202555
0.14555895
0.36102164
1.9392307
0.69850266
1.2381856
0.6640725
0.97894204
1.1222471
1.5431712
0.68725157
0.1113565
0.72003496
0.8875327
1.0991408
0.9826106
1.3844414
0.9674556
1.2855046
1.4236684
0.8973018
1.2241952
0.92338693
0.49360335
0.95404005
1.1856084
0.7438626
0.81101894
1.336129
1.0325922
0.8890208
0.7072301
1.6718256
1.176666
1.9970329
0.77057874
1.1206324
1.1549315
0.8646971
1.1286244
1.3701615
0.8672612
0.8560407
0.17273045
0.89355195
0.7237221
1.103815
0.37525952
1.0639523
1.2559953
0.97703934
1.2951534
1.0164033
0.7620474
0.9190471
0.63374233
0.96789026
0.41053617
0.9988662
0.62299526
1.3298132
0.9441514
0.21607745
1.2001727
0.7032261
1.1588557
0.8988602
1.1654737
0.97025347
0.7854574
0.93081236
1.2263343
0.681991
0.6437404
0.671515
0.6949887
1.6951694
1.1523865
0.78552365
1.2286601
1.5973577
0.6658827
0.6906723
0.62935805
0.8102293
1.1619356
0.96831656
0.977952
0.8634751
0.97200453
1.1410199
0.0003311634
1.0006891
0.39047384
0.9025229
1.6074281
1.2415621
0.66819715
0.5865619
1.4607575
1.1674066
0.9451132
0.3652352
1.5100708
1.4390228
0.8700676
0.8964484
0.7363237
1.1223379
1.2933595
0.9439087
0.64901364
1.2125924
0.700078
1.1722455
0.90411043
1.3157179
1.3249586
0.9329748
1.7885611
0.23829007
0.7373977
0.2160151
1.1310562
0.99423015
0.067204595
0.70769334
0.26462066
1.3279538
0.7442715
0.7264955
1.4705672
0.7659323
1.0727322
1.5314293
1.2136054
1.225559
0.91654646
0.6748377
0.83680546
1.2266761
0.99819136
1.0777254
0.43090332
0.61195743
1.47402
0.3904791
1.0919042
1.0045072
1.2023466
1.0238147
1.1460207
0.89415395
0.47964537
0.3861028
1.1536052
0.9225935
0.549873
1.4398258
1.2205756
0.04761815
1.0998174
0.76763666
0.98711586
0.077565074
1.1452899
0.86422694
0.9212471
1.572828
0.74562716
0.970937
1.0019064
0.6183262
1.375962
0.4529544
0.7094134
1.9064958
1.138361
0.8868209
0.7426766
1.5703785
1.3124604
0.9245093
0.74911714
0.80422676
1.2490029
0.7998643
0.775257
0.71394324
1.0496374
0.74650717
0.6968775
1.4428353
0.66296005
1.4817138
1.1648488
1.3368876
0.7885932
1.0508103
0.73663723
0.46108985
1.141747
1.3289287
1.012111
0.99867713
0.45991743
0.45009375
0.6633384
0.40962636
0.28858328
0.83426416
1.1988914
1.6109912
0.9390918
0.80288386
0.2633686
1.2792368
1.3646855
0.9957454
0.29877436
0.47898865
0.9731512
0.6505263
0.4037366
0.74306595
1.0351751
0.7121879
0.5691682
0.93268514
0.48228288
0.68188643
0.0011434555
1.0579083
0.26230395
0.7916261
0.5455351
0.96059704
0.82259977
0.66666794
0.6430081
1.0685393
1.0197258
0.91619086
0.81096566
0.9082056
0.7931918
1.1731906
1.1086464e-05
0.24926877
0.9628836
1.2285912
0.7742202
0.97764885
1.2992902
1.0400512
0.79710436
1.362488
0.8002597
1.233815
0.8550893
0.86834276
0.347929
0.6064458
1.2657764
1.835823
0.5749763
0.8983489
0.9180275

9.4257555
11.614273
12.569239
13.264475
12.753135
12.878179
10.845669
13.257994
13.685919
15.008312

