1.5875362
1.5615829
1.5536281
1.5447032
1.5348355
1.5239186
1.5118344
1.4984497
1.4836144
1.4671596
1.448894
1.4286001
1.4069105
1.3855603
1.3587364
1.3300245
1.2991769
1.2632372
1.2230473
1.1757127
1.1292185
1.0692217
1.0052993
0.9259094
0.85065234
0.76226735
0.666506
0.5570617
0.4726574
0.36253947
0.2508688
0.12476976
0.021399096
-0.090007305
-0.22367848
-0.36579466
-0.48311812
-0.5970255
-0.7470168
-0.9047366
-1.008081
-1.1412355
-1.3094074
-1.4752773
-1.5559121
-1.7485293
-1.8968307
-1.9917979
-2.1681817
-2.333907
-2.4360719
-2.6141624
-2.7761874
-2.8837852
-3.076672
-3.2519403
-3.3531976
-3.5705452
-3.7380092
-3.851225
-4.0794334
-4.210965
-4.360635
-4.5910273
-4.7264924
-4.8772535
-5.106725
-5.245129
-5.402333
-5.644417
-5.772801
-5.9586577
-6.203682
-6.321841
-6.5281253
-6.777912
-6.886242
-7.1718035
-7.28619
-7.4988694
-7.765336
-7.905599
-8.158188
-8.28306
-8.571174
-8.721283
-8.931563
-9.191844
-9.345334
-9.574518
-9.749698
-9.988951
-10.219522
-10.375161
-10.642087
-10.767242
-11.008714
-11.262627
-11.415122
-11.652577
-11.791864
-12.042472
-12.264181
-12.421582
-12.662845
-12.792448
-13.028227
-13.254477
-13.39732
-13.635196
-13.761357
-13.981388
-14.209039
-14.342299
-14.557921
-14.702887
-14.899737
-15.1046295
-15.2626705
-15.4436865
-15.583339
-15.782387
-15.970495
-16.118645
-16.294981
-16.42877
-16.62153
-16.79133
-16.931522
-17.104939
-17.233572
-17.410133
-17.57108
-17.70627
-17.873426
-17.990406
-18.152376
-18.314222
-18.438763
-18.599592
-18.705362
-18.862595
-19.014956
-19.13327
-19.286942
-19.385656
-19.533909
-19.681925
-19.790398
-19.935896
-20.033594
-20.170835
-20.311779
-20.415323
-20.552734
-20.646402
-20.7756
-20.908888
-21.008577
-21.139269
-21.227577
-21.349705
-21.476051
-21.571777
-21.6972
-21.779606
-21.895319
-22.015282
-22.107212
-22.228266
-22.30468
-22.414385
-22.528652
-22.616728
-22.734314
-22.8048
-22.90872
-23.017944
-23.102243
-23.214586
-23.287266
-23.381662
-23.47662
-23.568413
-23.667896
-23.74912
-23.83824
-23.91662
-24.011356
-24.103107
-24.184265
-24.275166
-24.34277
-24.433723
-24.520988
-24.599754
-24.688643
-24.753925
-24.839872
-24.921232
-24.998133
-25.084148
-25.146963
-25.229301
-25.306807
-25.380274
-25.462008
-25.526657
-25.600613
-25.675983
-25.749546
-25.82252
-25.892733
-25.959991
-26.029037
-26.102526
-26.172844
-26.24015
-26.307947
-26.370153
-26.440733
-26.51016
-26.576641
-26.64201
-26.699472
-26.76623
-26.834942
-26.897558
-26.96502
-27.02126
-27.079943
-27.14628
-27.207794
-27.272562
-27.331612
-27.386478
-27.448265
-27.506933
-27.569946
-27.62756
-27.684273
-27.739353
-27.798307
-27.857643
-27.912302
-27.972286
-28.020203
-28.079054
-28.13743
-28.190018
-28.248434
-28.294863
-28.350418
-28.404978
-28.458729
-28.515402
-28.564539
-28.613268
-28.66461
-28.718908
-28.77206
-28.821962
-28.873472
-28.917738
-28.970686
-29.020924
-29.070948
-29.123228
-29.164762
-29.21635
-29.263638
-29.312922
-29.36143
-29.408098
-29.45237
-29.499819
-29.54881
-29.595274
-29.641653
-29.68477
-29.728703
-29.775843
-29.822224
-29.86787
-29.913586
-29.952965
-29.99635
-30.042446
-30.086409
-30.131754
-30.174099
-30.21353
-30.257954
-30.299177
-30.344126
-30.38564
-30.426895
-30.466057
-30.508741
-30.552376
-30.590618
-30.63464
-30.669882
-30.711725
-30.75273
-30.792929
-30.835426
-30.871996
-30.909573
-30.948212
-30.989185
-31.029127
-31.067375
-31.106596
-31.140146
-31.180792
-31.218035
-31.256922
-31.295986
-31.329477
-31.36762
-31.404177
-31.442955
-31.478558
-31.51582
-31.549734
-31.585318
-31.622938
-31.659065
-31.695911
-31.730703
-31.762331
-31.79833
-31.834776
-31.869854
-31.905869
-31.939148
-31.971169
-32.00669
-32.03995
-32.075928
-32.109238
-32.1423
-32.174217
-32.20815
-32.24339
-32.27442
-32.309723
-32.338753
-32.372044
-32.4051
-32.437817
-32.471928
-32.50268
-32.53383
-32.56328
-32.597034
-32.629074
-32.660744
-32.69387
-32.720818
-32.753826
-32.783146
-32.815445
-32.846577
-32.877308
-32.906113
-32.935684
-32.967606
-32.997463
-33.02819
-33.057983
-33.08493
-33.11518
-33.145332
-33.175507
-33.205322
-33.23515
-33.26081
-33.290142
-33.31924
-33.349155
-33.37791
-33.407436
-33.432793
-33.461514
-33.491104
-33.51789
-33.547764
-33.574585
-33.60089
-33.629166
-33.657032
-33.68605
-33.712387
-33.7403
-33.764137
-33.792934
-33.820305
-33.847454
-33.875687
-33.90056
-33.927094
-33.952232
-33.980003
-34.006577
-34.033134
-34.05938
-34.083176
-34.11061
-34.136322
-34.163013
-34.18828
-34.21338
-34.237602
-34.263657
-34.28969
-34.31538
-34.341175
-34.36539
-34.388836
-34.413708
-34.439766
-34.46448
-34.490192
-34.513966
-34.537056
-34.5626
-34.586216
-34.611664
-34.635296
-34.660027
-34.68196
-34.70671
-34.731495
-34.754967
-34.78045
-34.801598
-34.82486
-34.848263
-34.87248
-34.896564
-34.919643
-34.94382
-34.964027
-34.988518
-35.01077
-35.034584
-35.057995
-35.080433
-35.101902
-35.12457
-35.148235
-35.170555
-35.193398
-35.215588
-35.236084
-35.25883
-35.281578
-35.30409
-35.32658
-35.34896
-35.368645
-35.390686
-35.412388
-35.43512
-35.45672
-35.479156
-35.499012
-35.52019
-35.542625
-35.563255
-35.58551
-35.6062
-35.627224
-35.64723
-35.668846
-35.690586
-35.711216
-35.733517
-35.752075
-35.772648
-35.793133
-35.814507
-35.835567
-35.856007
-35.877007
-35.895172
-35.91692
-35.93632
-35.957287
-35.97772
-35.997772
-36.016514
-36.036674
-36.05741
-36.077305
-36.097935
-36.117195
-36.135227
-36.15514
-36.175426
-36.1952
-36.21524
-36.234943
-36.252926
-36.27267
-36.291195
-36.311447
-36.3304
-36.35049
-36.368324
-36.38699
-36.406605
-36.425446
-36.445526
-36.463203
-36.482536
-36.499535
-36.519115
-36.538097
-36.556824
-36.576313
-36.59405
-36.612072
-36.629536
-36.648834
-36.66721
-36.685844
-36.70474
-36.720943
-36.73982
-36.757763
-36.776737
-36.79418
-36.812576
-36.829582
-36.847042
-36.8653
-36.883392
-36.90158
-36.919468
-36.937004
-36.952965
-36.971153
-36.98863
-37.00683
-37.02429
-37.042027
-37.057972
-37.07546
-37.093613
-37.110207
-37.12819
-37.14491
-37.161373
-37.178173
-37.195606
-37.213177
-37.22993
-37.247925
-37.263035
-37.279785
-37.296364
-37.313766
-37.330776
-37.3475
-37.36447
-37.379417
-37.396988
-37.413128
-37.43006
-37.44645
-37.46318
-37.47833
-37.49472
-37.511547
-37.527885
-37.544678
-37.56081
-37.57619
-37.59145
-37.608162
-37.62429
-37.640774
-37.656906
-37.67266
-37.68777
-37.703575
-37.720104
-37.735264
-37.751907
-37.76738
-37.782127
-37.79787
-37.813713
-37.82993
-37.845184
-37.86168
-37.87518
-37.890953
-37.906277
-37.922127
-37.93785
-37.953114
-37.968758
-37.982433
-37.99867
-38.013123
-38.02891
-38.044125
-38.05941
-38.073486
-38.088425
-38.103992
-38.11892
-38.13447
-38.14912
-38.16335
-38.17754
-38.192825
-38.207767
-38.222862
-38.2378
-38.25239
-38.26625
-38.280724
-38.295803
-38.31002
-38.325294
-38.33963
-38.35339
-38.367756
-38.382328
-38.397324
-38.411366
-38.426495
-38.439365
-38.45364
-38.46782
-38.482445
-38.496967
-38.511078
-38.525818
-38.538174
-38.55319
-38.566494
-38.58115
-38.59521
-38.60937
-38.622704
-38.636208
-38.6506
-38.664433
-38.678814
-38.692387
-38.705933
-38.71868
-38.732864
-38.746685
-38.760674
-38.774513
-38.788345
-38.80102
-38.814312
-38.828316
-38.841446
-38.8556
-38.86891
-38.882244
-38.894974
-38.90854
-38.922417
-38.935505
-38.949608
-38.96202
-38.97473
-38.987854
-39.00149
-39.014915
-39.028095
-39.04184
-39.053776
-39.067154
-39.079685
-39.093204
-39.106182
-39.119457
-39.13248
-39.144363
-39.15774
-39.170628
-39.18399
-39.19671
-39.20975
-39.22146
-39.234303
-39.24714
-39.260204
-39.273067
-39.285973
-39.298534
-39.310207
-39.323444
-39.335423
-39.348667
-39.361034
-39.374092
-39.385513
-39.39803
-39.41085
-39.423183
-39.436295
-39.448116
-39.46066
-39.471848
-39.48474
-39.497124
-39.50957
-39.52225
-39.534294
-39.546158
-39.55778
-39.570545
-39.5823
-39.594894
-39.60714
-39.618908
-39.63053
-39.642597
-39.65509
-39.666996
-39.67952
-39.691074
-39.702305
-39.714085
-39.72636
-39.738354
-39.750458
-39.762493
-39.77401
-39.78543
-39.797024
-39.809196
-39.82063
-39.83293
-39.844486
-39.855595
-39.867195
-39.878956
-39.891033
-39.902412
-39.914738
-39.925156
-39.936604
-39.948006
-39.959896
-39.97157
-39.983074
-39.995026
-40.005272
-40.01713
-40.028187
-40.039886
-40.05115
-40.06281
-40.074013
-40.084564
-40.096203
-40.10748
-40.11915
-40.13028
-40.141888
-40.151882
-40.16319
-40.17437
-40.185833
-40.197052
-40.20837
-40.219437
-40.22963
-40.241184
-40.251907
-40.2633
-40.274082
-40.285583
-40.295715
-40.306614
-40.317757
-40.328682
-40.34007
-40.35065
-40.36203
-40.371296
-40.38273
-40.393494
-40.40455
-40.41557
-40.426277
-40.436897
-40.446957
-40.45827
-40.468636
-40.479595
-40.490223
-40.501083
-40.510868
-40.52158
-40.53246
-40.54306
-40.553993
-40.564457
-40.574936
-40.58445
-40.5954
-40.605858
-40.616646
-40.627163
-40.637817
-40.64756
-40.65779
-40.668663
-40.678745
-40.690704
-40.699757
-40.7111
-40.72002
-40.730843
-40.741325
-40.75131
-40.762524
-40.771694
-40.782894
-40.791115
-40.80285
-40.812206
-40.823093
-40.833202
-40.84322
-40.85303
-40.862514
-40.873825
-40.88267
-40.894157
-40.90313
-40.91367
-40.922737
-40.9332
-40.94333
-40.953156
-40.96382
-40.973045
-40.983425
-40.991753
-41.003166
-41.012108
-41.0229
-41.03241
-41.04231
-41.051723
-41.061142
-41.072006
-41.08065
-41.09194
-41.100323
-41.110775
-41.119453
-41.1298
-41.139538
-41.149113
-41.15953
-41.168343
-41.178455
-41.18668
-41.197792
-41.20641
-41.216896
-41.22622
-41.23558
-41.244934
-41.254135
-41.264557
-41.27318
-41.284
-41.292248
-41.302177
-41.31077
-41.3209
-41.330215
-41.33975
-41.349583
-41.358395
-41.36803
-41.37625
-41.38703
-41.39523
-41.40568
-41.41443
-41.423813
-41.43271
-41.441853
-41.451874
-41.460316
-41.47096
-41.47869
-41.488667
-41.496746
-41.506836
-41.515743
-41.52511
-41.53466
-41.54319
-41.552578
-41.56069
-41.571186
-41.57904
-41.589287
-41.5978
-41.606903
-41.615532
-41.62456
-41.63413
-41.642597
-41.652637
-41.660564
-41.67005
-41.67788
-41.687836
-41.696304
-41.705692
-41.71467
-41.723354
-41.732147
-41.740314
-41.75049
-41.757973
-41.768223
-41.77612
-41.78543
-41.793446
-41.80253
-41.811623
-41.82003
-41.829727
-41.837482
-41.847023
-41.854206
-41.864212
-41.872242
-41.88154
-41.89021
-41.898754
-41.907234
-41.915287
-41.925056
-41.932568
-41.942493
-41.950104
-41.959293
-41.96696
-41.975964
-41.984634
-41.993073
-42.002235
-42.01013
-42.01923
-42.02625
-42.036095
-42.04367
-42.053043
-42.061127
-42.06994
-42.077763
-42.085934
-42.09517
-42.102722
-42.112476
-42.119514
-42.129032
-42.13599
-42.145092
-42.153286
-42.16172
-42.170525
-42.178303
-42.18726
-42.19409
-42.203743
-42.210903
-42.220222
-42.227993
-42.236652
-42.244377
-42.252335
-42.261147
-42.268772
-42.278038
-42.285156
-42.294502
-42.301006
-42.31009
-42.317833
-42.32637
-42.334606
-42.342606
-42.351063
-42.357975
-42.367283
-42.374115
-42.383488
-42.39068
-42.399582
-42.4068
-42.414837
-42.42309
-42.43082
-42.43964
-42.44677
-42.456078
-42.462097
-42.471203
-42.478447
-42.487053
-42.49487
-42.502857
-42.511185
-42.517883
-42.526768
-42.533703
-42.542824
-42.549652
-42.558495
-42.565624
-42.57343
-42.58128
-42.589108
-42.597404
-42.604736
-42.613476
-42.619865
-42.62853
-42.635353
-42.644066
-42.651356
-42.659557
-42.667297
-42.6744
-42.682518
-42.68963
-42.698444
-42.704983
-42.713936
-42.720676
-42.728508
-42.735786
-42.74378
-42.7516
-42.759
-42.767353
-42.774002
-42.782314
-42.788673
-42.797493
-42.804325
-42.812588
-42.81997
-42.827324
-42.8348
-42.842045
-42.85033
-42.85711
-42.865753
-42.872177
-42.880238
-42.886883
-42.89499
-42.902294
-42.909916
-42.91766
-42.92481
-42.932392
-42.938908
-42.947517
-42.953857
-42.962326
-42.96911
-42.97703
-42.983643
-42.99109
-42.99889
-43.00577
-43.014076
-43.020416
-43.028778
-43.034588
-43.04288
-43.04972
-43.057438
-43.0648
-43.071964
-43.07947
-43.085815
-43.09408
-43.100346
-43.10872
-43.115124
-43.12313
-43.12957
-43.13689
-43.14419
-43.1513
-43.15901
-43.165676
-43.173794
-43.179413
-43.18759
-43.193924
-43.201885
-43.208652
-43.216137
-43.223328
-43.229675
-43.23736
-43.243824
-43.252018
-43.257973
-43.26623
-43.272377
-43.27965
-43.28641
-43.293716
-43.300964
-43.30775
-43.315483
-43.321533
-43.329258
-43.33512
-43.343246
-43.349556
-43.357162
-43.36397
-43.370735
-43.377647
-43.384346
-43.39197
-43.39823
-43.40621
-43.41211
-43.419594
-43.425686
-43.433205
-43.43991
-43.446987
-43.45409
-43.460735
-43.46774
-43.47375
-43.481712
-43.487507
-43.495384
-43.5016
-43.50903
-43.515057
-43.521957
-43.5291
-43.53553
-43.543125
-43.54907
-43.556927
-43.562084
-43.569836
-43.57607
-43.583294
-43.59001
-43.596737
-43.603737
-43.609547
-43.6171
-43.622986
-43.630737
-43.636555
-43.644073
-43.650085
-43.65681
-43.66345
-43.670143
-43.67717
-43.683445
-43.690845
-43.69636
-43.70374
-43.709476
-43.716976
-43.723106
-43.73017
-43.736694
-43.742916
-43.749695
-43.755825
-43.763275
-43.768932
-43.776585
-43.78223
-43.789177
-43.79513
-43.802074
-43.808624
-43.81508
-43.82207
-43.828056
-43.83494
-43.840443
-43.847992
-43.85366
-43.860905
-43.867023
-43.873787
-43.87975
-43.886097
-43.89301
-43.898983
-43.90626
-43.911842
-43.91918
-43.924286
-43.93146
-43.937492
-43.944252
-43.950657
-43.957016
-43.963676
-43.969128
-43.976368
-43.981827
-43.98922
-43.99476
-44.001884
-44.007614
-44.01392
-44.020283
-44.02653
-44.03332
-44.039112
-44.046326
-44.051414
-44.058426
-44.063923
-44.070953
-44.07688
-44.08343
-44.089806
-44.0956
-44.102085
-44.107815
-44.11493
-44.120285
-44.12748
-44.13299
-44.13951
-44.145187
-44.151703
-44.157955
-44.164078
-44.17069
-44.17643
-44.183002
-44.188137
-44.195293
-44.20069
-44.207584
-44.213352
-44.21985
-44.225544
-44.231487
-44.238068
-44.243687
-44.250675
-44.255863
-44.262997
-44.26781
-44.27457
-44.28029
-44.28669
-44.29283
-44.298782
-44.30534
-44.31036
-44.317234
-44.32239
-44.32941
-44.334717
-44.341423
-44.347153
-44.352898
-44.358963
-44.36489
-44.37131
-44.37688
-44.383648
-44.38883
-44.395187
-44.40043
-44.407124
-44.412716
-44.419033
-44.424976
-44.43085
-44.43668
-44.44219
-44.44892
-44.454006
-44.46092
-44.466034
-44.472622
-44.477665
-44.48393
-44.489845
-44.495678
-44.50199
-44.507397
-44.513966
-44.518574
-44.525417
-44.53051
-44.537083
-44.54259
-44.548725
-44.554455
-44.559845
-44.56607
-44.57149
-44.578045
-44.58311
-44.589794
-44.59468
-44.600853
-44.606262
-44.612423
-44.618164
-44.62397
-44.630043
-44.635254
-44.641407
-44.64641
-44.653114
-44.65805
-44.664585
-44.66987
-44.67578
-44.681156
-44.68689
-44.692955
-44.69828
-44.70473
-44.709652
-44.71607
-44.720654
-44.727135
-44.732395
-44.738445
-44.74411
-44.749744
-44.755505
-44.760536
-44.766888
-44.771835
-44.778374
-44.783237
-44.7896
-44.79455
-44.800335
-44.80588
-44.81156
-44.817432
-44.822765
-44.82896
-44.83364
-44.8399
-44.84465
-44.85105
-44.85614
-44.86219
-44.86761
-44.87299
-44.87857
-44.883842
-44.89002
-44.894897
-44.901367
-44.90601
-44.9121
-44.916904
-44.9229
-44.928295
-44.93389
-44.939655
-44.94486
-44.950676
-44.955326
-44.961727
-44.96634
-44.972645
-44.977646
-44.983543
-44.9886
-44.99396
-44.999634
-45.004868
-45.01085
-45.01575
-45.022022
-45.026314
-45.032387
-45.037292
-45.043224
-45.048447
-45.05404
-45.059578
-45.06452
-45.07023
-45.075092
-45.08135
-45.085835
-45.09212
-45.096886
-45.102554
-45.107475
-45.11305
-45.118538
-45.12373
-45.129578
-45.134396
-45.140293
-45.144573
-45.1508
-45.155514
-45.161407
-45.1665
-45.17201
-45.177162
-45.182137
-45.187878
-45.192738
-45.198772
-45.203312
-45.20942
-45.21382
-45.21949
-45.224464
-45.230022
-45.235302
-45.24054
-45.24612
-45.25076
-45.256477
-45.261005
-45.267105
-45.271637
-45.277554
-45.2824
-45.28773
-45.292686
-45.297905
-45.30344
-45.308292
-45.314167
-45.31866
-45.3245
-45.328697
-45.33461
-45.3394
-45.344936
-45.350075
-45.35524
-45.3605
-45.365093
-45.37087
-45.375404
-45.38138
-45.38578
-45.391632
-45.396164
-45.40143
-45.40647
-45.411682
-45.417015
-45.421913
-45.427536
-45.43192
-45.437565
-45.441868
-45.447758
-45.452362
-45.457928
-45.462833
-45.467903
-45.472855
-45.47774
-45.48332
-45.487843
-45.493755
-45.497936
-45.503696
-45.507893
-45.51346
-45.518295
-45.523506
-45.528683
-45.53354
-45.538902
-45.543118
-45.548923
-45.55316
-45.558983
-45.56343
-45.56896
-45.57362
-45.57849
-45.583557
-45.58847
-45.593826
-45.59843
-45.604073
-45.608265
-45.613678
-45.61802
-45.623608
-45.62824
-45.633503
-45.638428
-45.64331
-45.64818
-45.652794
-45.65836
-45.66264
-45.668392
-45.672604
-45.67816
-45.6823
-45.687584
-45.692444
-45.697372
-45.702557
-45.707146
-45.71261
-45.71648
-45.722187
-45.726334
-45.731922
-45.7364
-45.741642
-45.74643
-45.750935
-45.756004
-45.760654
-45.766003
-45.77036
-45.775967
-45.780067
-45.78674
-45.789948
-45.79589
-45.800278
-45.805027
-45.810585
-45.814163
-45.82049
-45.82367
-45.8299
-45.833637
-45.83903
-45.84385
-45.84812
-45.85373
-45.85756
-45.863094
-45.867474
-45.872448
-45.87737
-45.88179
-45.886917
-45.891273
-45.89613
-45.901134
-45.90544
-45.910984
-45.91474
-45.920498
-45.924335
-45.929474
-45.934452
-45.938435
-45.94442
-45.947514
-45.95392
-45.95704
-45.96284
-45.96711
-45.971752
-45.977154
-45.980656
-45.986923
-45.989815
-45.996044
-45.999603
-46.004913
-46.00961
-46.01377
-46.019352
-46.022858
-46.02849
-46.03253
-46.037605
-46.042187
-46.046715
-46.05161
-46.05574
-46.06069
-46.065357
-46.06977
-46.074963
-46.07884
-46.084366
-46.088074
-46.09313
-46.097946
-46.101868
-46.107582
-46.110813
-46.11697
-46.11998
-46.12568
-46.1298
-46.134377
-46.1396
-46.14306
-46.149258
-46.151863
-46.158077
-46.161488
-46.166725
-46.17125
-46.175373
-46.180893
-46.18411
-46.189804
-46.19354
-46.198704
-46.202965
-46.207527
-46.212364
-46.216194
-46.22124
-46.225586
-46.230106
-46.23496
-46.238956
-46.244278
-46.247833
-46.252823
-46.257465
-46.261356
-46.266792
-46.270157
-46.276104
-46.27897
-46.284607
-46.28855
-46.2931
-46.29812
-46.301582
-46.307667
-46.310055
-46.31625
-46.319473
-46.3247
-46.328995
-46.33314
-46.338505
-46.34157
-46.347294
-46.35069
-46.355984
-46.35989
-46.364544
-46.369186
-46.372936
-46.377995
-46.381958
-46.386646
-46.391106
-46.395283
-46.40024
-46.403915
-46.408783
-46.41308
-46.41716
-46.422188
-46.425766
-46.43128
-46.43436
-46.43983
-46.443462
-46.448124
-46.452805
-46.45641
-46.462124
-46.464687
-46.470734
-46.473656
-46.478985
-46.48296
-46.487232
-46.492237
-46.49547
-46.50109
-46.50411
-46.509586
-46.513092
-46.517906
-46.522217
-46.52611
-46.531082
-46.534664
-46.53953
-46.543606
-46.54798
-46.552532
-46.556416
-46.56113
-46.565075
-46.569344
-46.57397
-46.577747
-46.582848
-46.586143
-46.591454
-46.594788
-46.59956
-46.603912
-46.607662
-46.613026
-46.61575
-46.621655
-46.6243
-46.629723
-46.633385
-46.63778
-46.642456
-46.64583
-46.65135
-46.654034
-46.659645
-46.66281
-46.66776
-46.67175
-46.67577
-46.68065
-46.683895
-46.68891
-46.69264
-46.697163
-46.701363
-46.705402
-46.71
-46.713623
-46.718044
-46.722317
-46.726257
-46.731003
-46.734467
-46.739647
-46.742683
-46.74757
-46.751602
-46.755486
-46.76051
-46.763405
-46.769135
-46.771564
-46.777065
-46.780407
-46.784943
-46.789272
-46.792812
-46.79813
-46.800682
-46.80635
-46.80916
-46.814274
-46.81791
-46.82211
-46.826725
-46.829937
-46.834976
-46.83831
-46.843044
-46.84684
-46.8511
-46.855362
-46.85907
-46.863483
-46.867336
-46.871517
-46.87583
-46.879543
-46.88431
-46.88756
-46.892365
-46.89599
-46.900112
-46.904694
-46.907856
-46.913136
-46.91584
-46.921215
-46.924168
-46.928925
-46.932842
-46.936626
-46.9415
-46.94433
-46.949867
-46.952305
-46.957623
-46.960857
-46.965286
-46.969482
-46.972946
-46.977867
-46.980824
-46.98576
-46.98917
-46.993645
-46.997505
-47.00144
-47.00574
-47.00923
-47.01361
-47.01754
-47.02146
-47.02584
-47.02931
-47.03402
-47.037254
-47.041595
-47.04578
-47.04917
-47.054054
-47.056973
-47.062256
-47.064827
-47.069798
-47.07332
-47.07734
-47.081795
-47.08486
-47.090252
-47.092392
-47.097885
-47.100723
-47.105392
-47.10917
-47.112885
-47.11759
-47.120377
-47.125416
-47.128456
-47.133125
-47.13662
-47.14079
-47.144814
-47.14824
-47.15267
-47.15622
-47.16036
-47.16434
-47.168045
-47.17245
-47.17571
-47.180103
-47.18382
-47.187515
-47.191948
-47.19512
-47.200024
-47.20276
-47.207714
-47.21077
-47.215088
-47.21907
-47.222466
-47.22735
-47.22984
-47.235214
-47.237606
-47.242554
-47.245872
-47.2499
-47.25412
-47.257225
-47.262123
-47.264797
-47.26968
-47.272785
-47.277214
-47.280773
-47.28451
-47.28881
-47.291973
-47.296337
-47.299927
-47.303856
-47.307873
-47.31137
-47.315704
-47.31897
-47.32296
-47.326977
-47.330383
-47.33488
-47.337864
-47.342747
-47.345375
-47.349976
-47.353504
-47.3572
-47.361618
-47.364418
-47.36965
-47.37169
-47.37689
-47.379745
-47.384083
-47.38783
-47.391266
-47.395905
-47.39844
-47.40342
-47.406147
-47.410816
-47.413967
-47.41801
-47.42198
-47.425163
-47.429554
-47.43276
-47.436924
-47.440544
-47.444283
-47.448322
-47.451637
-47.4557
-47.459255
-47.46291
-47.467003
-47.470245
-47.474743
-47.47757
-47.48218
-47.485184
-47.489254
-47.49313
-47.496326
-47.50107
-47.5034
-47.50855
-47.510906
-47.51559
-47.518833
-47.522636
-47.52675
-47.529675
-47.534504
-47.536854
-47.541748
-47.544518
-47.54885
-47.55231
-47.55586
-47.56011
-47.562943
-47.56732
-47.570568
-47.574535
-47.57819
-47.58174
-47.58578
-47.58891
-47.592796
-47.596516
-47.599976
-47.604103
-47.60716
-47.61168
-47.614334
-47.618687
-47.62206
-47.62561
-47.629845
-47.632538
-47.637447
-47.63963
-47.644512
-47.64724
-47.651417
-47.65499
-47.658306
-47.66274
-47.665203
-47.670082
-47.67248
-47.677113
-47.680054
-47.683983
-47.68777
-47.690853
-47.695164
-47.69802
-47.702236
-47.70549
-47.7093
-47.712955
-47.716362
-47.720177
-47.723454
-47.727184
-47.730904
-47.734226
-47.73833
-47.74126
-47.745598
-47.748436
-47.7524
-47.756073
-47.75919
-47.763607
-47.766064
-47.770924
-47.773136
-47.777695
-47.780743
-47.784454
-47.78833
-47.791214
-47.79592
-47.799053
-47.80314
-47.806053
-47.810158
-47.81326
-47.817146
-47.82047
-47.82414
-47.827675
-47.831116
-47.834866
-47.838085
-47.842052
-47.84505
-47.849125
-47.852104
-47.856075
-47.859276
-47.863018
-47.866436
-47.869953
-47.873585
-47.876884
-47.880726
-47.883812
-47.88786
-47.89073
-47.894775
-47.89785
-47.90168
-47.90496
-47.908573
-47.912075
-47.915462
-47.91917
-47.922344
-47.92626
-47.92922
-47.933243
-47.93619
-47.940105
-47.94327
-47.946964
-47.95034
-47.953804
-47.957397
-47.96065
-47.96445
-47.967484
-47.971485
-47.97432
-47.978306
-47.98135
-47.98512
-47.988377
-47.99193
-47.995396
-47.998726
-48.002403
-48.005524
-48.009403
-48.01231
-48.01628
-48.019207
-48.02306
-48.02619
-48.029827
-48.033173
-48.036587
-48.04014
-48.043346
-48.0471
-48.050095
-48.054043
-48.056847
-48.060776
-48.063793
-48.067505
-48.070732
-48.07423
-48.077656
-48.080936
-48.084576
-48.08765
-48.091488
-48.09435
-48.09827
-48.101166
-48.10496
-48.108067
-48.111645
-48.114952
-48.11833
-48.121838
-48.124992
-48.128704
-48.13166
-48.135555
-48.138332
-48.142212
-48.14519
-48.148857
-48.152042
-48.1555
-48.158882
-48.162125
-48.165718
-48.16875
-48.172546
-48.175373
-48.17925
-48.182106
-48.185852
-48.188915
-48.19246
-48.19572
-48.19905
-48.202515
-48.205635
-48.2093
-48.212215
-48.21607
-48.218803
-48.222637
-48.22558
-48.229202
-48.23234
-48.235756
-48.2391
-48.242313
-48.245853
-48.24885
-48.252594
-48.255398
-48.25922
-48.26204
-48.265747
-48.26877
-48.272263
-48.275482
-48.278778
-48.282196
-48.285286
-48.288906
-48.29179
-48.295593
-48.298286
-48.302082
-48.30498
-48.308567
-48.31166
-48.315037
-48.318336
-48.32151
-48.325005
-48.327972
-48.331665
-48.334435
-48.338215
-48.340992
-48.34466
-48.347633
-48.3511
-48.354275
-48.35754
-48.36091
-48.363964
-48.36753
-48.370388
-48.374146
-48.37681
-48.380566
-48.383415
-48.38697
-48.39001
-48.393364
-48.396603
-48.39976
-48.403194
-48.406147
-48.40977
-48.412525
-48.41626
-48.418987
-48.42263
-48.425556
-48.429
-48.43211
-48.435352
-48.43866
-48.441704
-48.445206
-48.448048
-48.451744
-48.45439
-48.458103
-48.460896
-48.464428
-48.467422
-48.470757
-48.47394
-48.47707
-48.480442
-48.48339
-48.486954
-48.48969
-48.493378
-48.49605
-48.499672
-48.502544
-48.505966
-48.509026
-48.51224
-48.5155
-48.518524
-48.521965
-48.5248
-48.528423
-48.53106
-48.53472
-48.537468
-48.54098
-48.543915
-48.54723
-48.550354
-48.55347
-48.55678
-48.559708
-48.56321
-48.56594
-48.569588
-48.572205
-48.5758
-48.578613
-48.58202
-48.58502
-48.58823
-48.59142
-48.59443
-48.59781
-48.600624
-48.60419
-48.606815
-48.61044
-48.613132
-48.616623
-48.619503
-48.6228
-48.625866
-48.628967
-48.632217
-48.635136
-48.638577
-48.641293
-48.644897
-48.64746
-48.651043
-48.6538
-48.65719
-48.660133
-48.663326
-48.66645
-48.669456
-48.67277
-48.675583
-48.67908
-48.6817
-48.68528
-48.687916
-48.691395
-48.694214
-48.6975
-48.700504
-48.703598
-48.706787
-48.709694
-48.713066
-48.715786
-48.719337
-48.721867
-48.72543
-48.72812
-48.731495
-48.73437
-48.737568
-48.74063
-48.74363
-48.746872
-48.749683
-48.75311
-48.755737
-48.759285
-48.761845
-48.76532
-48.768074
-48.77136
-48.774292
-48.77739
-48.780502
-48.78341
-48.786705
-48.789425
-48.792908
-48.795444
-48.798965
-48.801586
-48.80497
-48.80778
-48.81097
-48.813965
-48.816963
-48.820137
-48.822952
-48.826305
-48.828938
-48.832436
-48.83494
-48.838413
-48.841095
-48.844376
-48.847248
-48.850338
-48.853394
-48.856304
-48.859528
-48.862247
-48.865658
-48.868195
-48.871685
-48.874245
-48.877617
-48.880363
-48.883553
-48.88647
-48.889473
-48.892574
-48.8954
-48.898678
-48.90131
-48.904766
-48.90722
-48.91068
-48.9133
-48.916584
-48.91938
-48.922478
-48.925457
-48.92837
-48.931526
-48.934258
-48.937588
-48.940136
-48.943577
-48.946068
-48.949444
-48.95212
-48.955315
-48.958164
-48.96117
-48.9642
-48.967026
-48.970234
-48.97288
-48.976265
-48.978725
-48.98215
-48.984695
-48.987988
-48.99071
-48.99382
-48.996723
-48.99965
-49.00272
-49.005466
-49.008717
-49.011284
-49.01469
-49.017113
-49.020496
-49.023094
-49.0263
-49.029076
-49.032093
-49.035046
-49.037884
-49.04101
-49.04367
-49.04697
-49.04945
-49.052834
-49.055313
-49.05861
-49.06126
-49.064373
-49.067196
-49.07013
-49.073128
-49.075886
-49.07906
-49.081646
-49.084988
-49.087387
-49.09075
-49.093277
-49.09649
-49.099194
-49.10223
-49.1051
-49.10795
-49.111
-49.113674
-49.11689
-49.1194
-49.122746
-49.12515
-49.128452
-49.131035
-49.134163
-49.136913
-49.139862
-49.142788
-49.145557
-49.148647
-49.151245
-49.15451
-49.156933
-49.160263
-49.16272
-49.16594
-49.168568
-49.171608
-49.17441
-49.17728
-49.18025
-49.182938
-49.18608
-49.1886
-49.191902
-49.19425
-49.197563
-49.200066
-49.203197
-49.205875
-49.20884
-49.21168
-49.214474
-49.217487
-49.2201
-49.223286
-49.225727
-49.229023
-49.231407
-49.234642
-49.23719
-49.240246
-49.24297
-49.24586
-49.24875
-49.251465
-49.254524
-49.257065
-49.260284
-49.262653
-49.26593
-49.26836
-49.271523
-49.274113
-49.277096
-49.279858
-49.28267
-49.2856
-49.288242
-49.29134
-49.293808
-49.29707
-49.299374
-49.302624
-49.3051
-49.308174
-49.31082
-49.313725
-49.31654
-49.31927
-49.32225
-49.32481
-49.327953
-49.33034
-49.333584
-49.335938
-49.339115
-49.341637
-49.344635
-49.34732
-49.350155
-49.353004
-49.35567
-49.358685
-49.361176
-49.364353
-49.36668
-49.3699
-49.3723
-49.375393
-49.37796
-49.380886
-49.383614
-49.386375
-49.389263
-49.391846
-49.394905
-49.397324
-49.400536
-49.402817
-49.40601
-49.408447
-49.41147
-49.414074
-49.41693
-49.419704
-49.422386
-49.425327
-49.42784
-49.430935
-49.43329
-49.43647
-49.438793
-49.441917
-49.4444
-49.44735
-49.449993
-49.452774
-49.455578
-49.458202
-49.461174
-49.463623
-49.466755
-49.46904
-49.472214
-49.474575
-49.47762
-49.48014
-49.48303
-49.48571
-49.488426
-49.491272
-49.49382
-49.49683
-49.49921
-49.50237
-49.50461
-49.507755
-49.510155
-49.513134
-49.5157
-49.51851
-49.521233
-49.523884
-49.526764
-49.529247
-49.532288
-49.534607
-49.537746
-49.540024
-49.5431
-49.54554
-49.548447
-49.551044
-49.553787
-49.55655
-49.55913
-49.56205
-49.56447
-49.567547
-49.5698
-49.57292
-49.575233
-49.578247
-49.580727
-49.583572
-49.58621
-49.588886
-49.591682
-49.5942
-49.59715
-49.599506
-49.602615
-49.604813
-49.60792
-49.61027
-49.613213
-49.615723
-49.618504
-49.621174
-49.62379
-49.62662
-49.629074
-49.632053
-49.634354
-49.637444
-49.639675
-49.642715
-49.645103
-49.647984
-49.650528
-49.653248
-49.65595
-49.65851
-49.66136
-49.66376
-49.66678
-49.66901
-49.672085
-49.67435
-49.677322
-49.67975
-49.68256
-49.68514
-49.6878
-49.690533
-49.693024
-49.69592
-49.698254
-49.701298
-49.70348
-49.70654
-49.708836
-49.71175
-49.714203
-49.71696
-49.71957
-49.722176
-49.724934
-49.727375
-49.730293
-49.732574
-49.735615
-49.737793
-49.74081
-49.743145
-49.746002
-49.74849
-49.751186
-49.753826
-49.756363
-49.759155
-49.761536
-49.76448
-49.76671
-49.769745
-49.771946
-49.7749
-49.777264
-49.780056
-49.782574
-49.785213
-49.787884
-49.790367
-49.79319
-49.795513
-49.798492
-49.800655
-49.80367
-49.80591
-49.80881
-49.811207
-49.813946
-49.816486
-49.81907
-49.821766
-49.824196
-49.827045
-49.82932
-49.83232
-49.83444
-49.837433
-49.839703
-49.842533
-49.844963
-49.847645
-49.85022
-49.852745
-49.855476
-49.85784
-49.86072
-49.862938
-49.86592
-49.86807
-49.871006
-49.87331
-49.8761
-49.878544
-49.881172
-49.883778
-49.886242
-49.889
-49.891315
-49.89422
-49.896385
-49.899357
-49.901535
-49.90441
-49.90675
-49.909477
-49.911957
-49.914524
-49.917156
-49.919575
-49.922356
-49.924618
-49.927547
-49.92966
-49.932613
-49.93482
-49.93765
-49.940006
-49.942673
-49.945183
-49.9477
-49.95036
-49.952724
-49.95553
-49.957745
-49.96069
-49.962772
-49.965694
-49.96793
-49.9707
-49.973087
-49.975708
-49.97824
-49.980705
-49.983395
-49.985703
-49.988533
-49.990696
-49.99362
-49.99574
-49.99861
-50.000874