0.0049865246
0.024490595
-0.0016955137
0.020731926
0.0074236393
0.024461746
0.019248128
0.0120203495
0.0070177317
0.01677227
0.004757881
0.033507347
0.010815144
0.046961546
0.011254549
0.009438515
0.0008883476
0.003106594
0.0052531958
0.0015630722
0.027746797
0.0037469864
0.011196852
0.042733192
0.0064827204
0.0065205097
0.0037834644
0.008139372
0.0069214106
0.0021864176
0.011152267
0.02098298
0.01522553
0.019520402
0.019599795
0.006695986
0.00049865246
0.055990458
0.0148079395
0.012649775
0.009093285
0.0036005974
0.024641871
0.005074024
0.03589332
0.03874457
0.018036366
0.010292649
0.0051327944
0.03343475
0.015095472
0.01168108
0.019988537
0.0126053095
0.020591855
0.009083152
0.025114417
0.010920167
0.0156133175
0.0087662935
0.018145919
0.030665994
0.025820136
0.030038

0.049675107
0.027736187
0.010766506
0.007240534
0.0029343367
0.0075331926
0.03556192
0.007230997
0.016041875
0.042743802
0.006193161
0.0047177076
0.007966161
0.018225431
0.0074272156
0.003174901
0.019311309
0.028629899
0.008735776
0.013828278
0.012683988
0.015948534
0.0009589195
0.0016860962
0.012475491
0.02664733
0.002688408
0.035678983
0.0061223507
0.021339536
0.033006072
0.05029428
7.9870224e-05
0.019682169
0.04108548
0.011773467
0.020817876
0.023515344
0.0041069984
0.044771433
0.0012127161
0.006839752
0.015654087
0.034725428
0.006203413
0.033244967
0.027997494
0.020464301
0.049343348
0.025892377
0.021768332
0.013257384
0.002815485
0.006829977
0.010269046
0.00087845325
7.736683e-05
0.005807638
0.005476594
0.037569046
0.019732118
0.011991382
0.026070952
0.021069765

-3.7670135e-05
0.009801149
0.005428791
0.0013332367
0.0012338161
0.008956552
0.007400036
0.004567504
2.360344e-05
0.018163085
0.018091321
0.0009419918
0.016279459
0.003224492
0.015177846
0.0071378946
0.004877448
0.0038712025
7.748604e-06
0.00859952
0.011178851
0.006858349
0.018167615
0.018475056
0.011115909
0.01145649
6.9618225e-05
0.007243037
0.0015598536
0.011307836
0.0029882193
0.0072910786
0.0073099136
0.013725281
0.0018533468
0.011442065
0.020887733
0.0031636953
0.023316503
0.013638973
0.013499141
0.0078315735
0.0090459585
0.003715396
0.007794857
0.008781552
0.004113674
0.007195115
0.009134412
0.009708881
0.013381124
0.009686589
0.00675261
0.0093973875
0.015256524
0.004203081
0.023280382
0.007194519
0.007487774
0.013692737
0.011226296
0.004182577
0.0004787445
0.023968935
0.004109144
0.012979746
0.012232184
0.013040304
0.0059856176
0.0074073076
0.009063721
0.00064361095
0.006226778
7.7962875e-05
0.006918788
0.0048320293
0.01657641
0.01481998
0.009989262
0.0049290657
0.019026041
0.015227556
0.009438992
0.018306851
0.007993817
0.0073518753
0.007117033
0.011685014
0.0050622225
0.008219123
0.0004210472
0.014496803
0.01102829
0.006500721
0.0056575537
0.008410573
0.0020481348
0.008518338
0.0020531416
0.008307457
0.0038592815
0.00416553
0.0103333
0.0067481995
0.0052081347
0.013329029
0.0072072744
2.8371811e-05
0.010449171
0.0061764717
0.014168382
0.016593814
0.00837934
0.0059689283
0.0086529255
0.0072968006
0.0035527945
0.001922369
0.0088710785
0.020776987
0.010254502
0.009303212
0.008394361
0.0117816925
0.009686708
0.004395604
0.0016181469
0.012585282

0.0021334887
0.012164354
0.0095642805
0.0097754
0.00025379658
0.0064991713
0.0022188425
7.390976e-06
0.0129698515
0.0059735775
0.01136291
0.0074607134
0.010597587
0.018771648
0.005834222
0.009060144
0.024906516
0.013552308
0.00050628185
0.0007107258
0.0045360327
0.008469701
0.0068935156
0.009672999
0.012877941
0.0020973682
0.0060653687
0.006933689
0.006345868
0.009234548
0.0031085014
0.004619956
0.015679717
0.00928092
0.024233222
0.003035307
0.011189699
0.009410143
0.012413263
0.0070557594
0.010439873
0.019952655
0.008507729
0.0071644783
0.016513586
0.010214448
0.0069384575
0.0026685
1.0251999e-05
0.008074999
0.014232516
0.001658678
0.0019862652
0.0055115223
0.008189201
0.012558937
0.006085515
0.009801388
0.00603652
0.0061376095
0.0054249763
0.010130167
0.012381792
0.004902959
0.008692622
0.0027376413
0.010941744
0.0076328516
0.00406456
0.003504753
0.003965974
0.014699578
0.0071339607
0.01576364
0.0043239594
0.01019454
1.2278557e-05
0.008383751
0.0072556734
0.015335441
0.015995145
0.010761738
0.01353395
0.01236701
0.008592248
0.005086422
0.009883404
0.008276224
0.012675643
0.008222222
0.008202076
0.017689466
0.006227374
0.011701345
0.0045027733
0.0058113337
0.008455992
0.0057680607
0.002257228
0.00909543
0.00458014
0.013743401
0.013933778
0.008916616
0.009174824
0.00034308434
0.0041861534
0.0050694942
0.0026590824
0.00475657
0.002794981
0.0025572777
0.005752206
0.01443851
0.003923297
0.015723467
0.024448514
0.017288566
0.0042643547
0.0072066784
0.012358546
0.011422634
0.017582178
0.006913662
0.012143493
0.012298107
0.015154958
0.009096026

0.0012831688
0.0050752163
0.004838228
0.0019147396
0.009764075
0.0013256073
0.0040296316
0.0043708086
0.0009557009
0.0073291063
0.0047872066
0.002947688
0.0064359903
0.00015056133
0.007300973
0.001260519
0.0026664734
0.005875349
0.00013446808
0.0028284788
0.002573371
0.004077196
0.009210706
0.004066825
0.008944392
0.0046947002
0.0025012493
0.005009532
0.0005683899
0.007951856
0.002889514
0.0026066303
0.00439322
0.0013059378
0.012633324
0.008710146
0.003231287
0.00583899
0.0048189163
0.00899601
0.0029726028
0.0041331053
0.0027656555
1.04904175e-05
0.006716728
0.0055942535
0.0069613457
0.007363677
0.011960983
0.004983902
0.0007452965
0.0059034824
0.0025464296
0.0048925877
0.0026077032
0.008027077
0.0026909113
0.0016103983
0.00052571297
0.0035716295
0.0034695864
0.0043512583
0.0023639202
0.0024597645
0.0042122602
0.0003629923
0.0057082176
0.004691601
0.0047186613
0.0013537407
0.005625367
0.005729556
3.33786e-06
0.008216381
0.0007662773
0.0044163465
0.00031638145
0.006158352
0.0065990686
0.0035259724
0.008752704
0.005353451
0.009816885
7.033348e-05
0.0038489103
0.005542159
0.0062258244
0.00036537647
0.0038341284
0.00018656254
0.007763624
0.003321886
0.001973033
0.0034292936
0.003817916
0.00462842
0.0058157444
0.004879594
0.00064229965
0.0054602623
0.006492734
0.0067669153
1.6212463e-05
1.0728836e-05
0.008356929
0.0033364296
0.00060355663
0.0026327372
0.004867673
0.0023709536
0.0064167976
0.0020768642
0.0005375147
0.0036741495
0.006474018
0.005554557
0.0005054474
0.00024676323
0.009255409
0.0037082434
0.007964969
0.0020506382
0.0057320595
0.0063501596
0.00739789
0.006248951
0.0034388304
0.002728939
0.010938644
0.0066359043
0.008124471
0.0070068836
0.0067054033
0.0022064447
0.005516529
0.0071469545
0.0010710955
0.0066595078
0.005637884
0.0009213686
0.0034134388
0.0005041361
0.008961678
0.0013512373
0.0033789873
0.0059779882
0.0015023947
0.0049256086
0.0013773441
0.0043872595
0.00028443336
0.004422188
0.0061762333
0.0026296377
0.0015146732
0.0056345463
0.0036411285
0.0039355755
0.00026857853
0.00632751
0.0037703514
0.011337757
0.004185438
0.0070118904
0.0042467117
0.000333786
0.0033974648
0.005218148
0.0015033484
0.006708622
6.258488e-05
0.0037014484
0.004220128
0.0019227266
0.0047079325
0.0045096874
0.003337741
0.013099551
0.0020730495
0.0014238358
0.0005546808
0.00089395046
0.007449746
0.004872203
0.0020660162
0.0050982237
0.0037081242
0.0023424625
0.00044250488
0.0030128956
0.0072597265
0.0022616386
0.0040249825
-4.887581e-06
0.0066901445
0.005507946
0.00070381165
0.011671066
0.008124948
0.0067259073
0.0047585964
0.0048686266
0.0053089857
0.0077689886
0.003326416
0.0004659891
0.0057992935
0.00182271
0.00493598
0.002804041
0.0046207905
0.0034151077
0.00064766407
0.00536263
0.011565208
0.0030602217
0.00072169304
2.8967857e-05
0.0028831959
0.0032407045
0.0023874044
0.006905198
0.0038079023
0.000562191
0.0011274815
0.001085639
0.0016778708
0.006722808
0.004323721
0.004564166
0.004626751
0.0055930614
0.010212421
0.008378148
0.0064765215
0.004681587
0.0058392286
0.005913973
0.010648608
0.0034102201
0.004408121
0.0058629513
0.004958868
0.0077843666
0.0108139515
0.0019632578
0.00334692
0.0035830736
0.0001757145
0.006070137
0.008559823
0.004403472
0.0045644045
0.0028021336
0.006451249
0.0031940937

0.0091820955
0.0031124353
0.0028795004
0.0020976067
0.0053470135
0.006606102
0.007654071
0.0037956238
0.0021145344
0.007044077
0.0012764931
0.00810945
0.0010288954
0.0017625093
0.006038785
0.009619594
0.0046231747
0.0075409412
0.0038535595
0.0063488483
0.0029888153
0.0049088
0.003521204
0.008939266
0.002460599
0.006312728
0.0039896965
0.0043690205
0.0020434856
0.008568168
0.0021033287
0.0046658516
0.0051636696
0.004560113
0.005135298
0.0059012175
0.0019071102
0.008430004
0.0050854683
0.004090905
0.0018312931
0.005901575
0.0072563887
0.005333066
0.004882455
0.0011357069
0.0071913004
0.003153801
0.00035965443
0.0026402473
0.008849263
0.0038670301
0.0073108673
0.0032154322
0.0025951862
0.0011558533
0.008654356
0.0035401583
0.0014667511
0.0019766092
0.0038095713
0.005551219
0.004704237
0.0072413683
0.004016757
0.0012490749
0.004192114
0.0028116703
0.0076708794
0.00786972
0.0042105913
0.007711053
0.0042983294
0.0018235445
0.004365802
0.0029950142
0.00021255016
0.0042362213
0.0054559708
0.0031716824
0.004238248
0.0041184425
0.0026112795
0.004426241
0.004126072
0.0061479807
0.0035175085
0.006369233
0.009611249
0.008314252
0.00815022
0.0009666681
0.0070875883
0.0031998158
0.0074825287
0.0052011013
0.0027155876
0.00528574
0.00210464
0.0038876534
0.004667759
0.005423546
0.0028555393
0.003112197
0.0021275282
0.0031119585
0.0034053326
0.0068752766
0.0041686296
0.007233143
7.259846e-05
0.002666831
0.00821352
0.005198002
0.0026503801
0.004237652
0.0012524128
0.0022568703
0.006853819
0.00019621849
0.0008443594
0.008643508
0.002977252
0.00053083897
0.009615183
0.0048031807
0.00113976
0.005488515
0.0046054125
0.0014414787
0.0049419403
0.0020171404
0.0048958063
0.003550291
0.003533125
0.0034296513
0.001413703
0.007489443
0.0046248436
0.005479574
0.0020439625
0.0052541494
0.0035830736
0.0043741465
0.0043735504
0.00061655045
0.0057588816
0.009563208
0.006995201
0.007825255
0.0035181046
0.0017296076
0.00922668
0.0028455257
0.00465405
0.001749754
0.008695126
0.004212618
0.0009278059
0.007834673
0.0047632456
0.0010704994
0.0028543472
0.006995678
0.005651355
0.0037369728
0.0030759573
0.0057600737
0.0053522587
0.00054216385
0.0037252903
0.0005117655
0.002218604
0.0031647682
0.0060150623
0.005960226
0.0026960373
0.0032031536
0.0035711527
0.008437753
0.0028418303
0.006165743
0.0073838234
0.0056684017
0.0059922934
0.006242752
0.0002926588
0.00026476383
0.0072780848
0.00392437
0.0005633831
0.00493145
0.003977537
0.00440073
0.0007658005
0.003003955
0.0039411783
0.0044691563
0.003026843
0.00064611435
0.0009448528
0.008081198
0.002821803
0.0021039248
0.007224202
0.0075565577
0.004696846
0.009499669
0.004322529
0.0030111074
0.0051221848
0.00015568733
0.005219102
0.0022000074
0.0070039034
0.0033564568
0.01135242
4.374981e-05
0.0010025501
0.008864403
0.006323576
0.0052918196
0.0037915707
0.0021636486
0.0065455437
0.004467249
0.0021344423
0.0011175871
0.0019450188
0.007836938
0.004724145
0.0054303408
0.0052741766
0.00020062923
0.002292633
0.004847288
0.004934311
0.00029194355
0.0063284636
0.0012798309
0.0010763407
0.0015419722
0.006466508
0.009198427
0.002579093
0.0057280064
0.0049774647
0.0019009113
0.0019910336
0.00461185
0.0029367208
0.0049618483
0.005461931
0.0038479567
0.0043468475
0.0039907694

0.0035881996
0.008593917
0.00034952164
0.0011777878
0.004956603
0.0021725893
0.0019652843
0.0025469065
0.0031135082
0.0021117926
0.0023589134
0.0055087805
0.007005334
0.00948
0.0034819841
0.0062823296
0.0017049313
0.0049408674
0.0049688816
0.002403736
0.0029315948
0.0026750565
0.003720522
0.003305912
0.0104340315
0.0096901655
0.006023407
0.0042077303
0.008494973
0.0015798807
0.0050070286
0.000572443
0.004409194
0.0012453794
0.0017586946
0.0074403286
0.0084530115
0.0018297434
0.0054631233
0.005117178
0.0025162697
0.005072832
0.0023435354
0.0036691427
0.004993081
0.0016252995
0.0026928186
0.0008763075
0.003901124
0.006317973
0.005456209
0.007083297
0.0004479885
0.0065374374
0.0026943684
0.0068609715
0.0037620068
0.010432363
0.007550001
0.006016612
0.002297759
0.001316905
0.004611373
0.0009921789
0.008782387
0.0030035973
0.0034235716
0.004989147
0.0010800362
0.0066707134
0.0013905764
0.0048304796
0.0036998987
0.0015230179
0.00429976
0.0037795305
0.0055738688
0.005073786
0.0023436546
0.0060765743
0.004621029
0.0020308495
0.0036705732
0.006796241
0.00262177
0.005219221
0.0031869411
0.003734827
0.003784895
0.0070456266
0.0038019419
0.0075588226
0.003815055
0.005127907
0.0053083897
0.0049880743
0.0033494234
0.0012879372
0.006969571
0.0063363314
0.0010596514
0.0013211966
0.0024570227
0.00713253
0.0051950216
0.0076572895
0.0029622316
0.009087682
0.006984949
0.0025225878
0.005620837
0.0050445795
0.0004400015
0.009837031
0.0019136667
0.0068166256
0.004553199
0.005184531
0.005941391
0.003584385
0.00492537
0.007216811
0.0006198883
0.0042310953
0.0026359558
0.009686232
0.0042928457
0.0022583008
0.0010488033
0.0007112026
0.0036872625
0.0011361837
0.004372716
0.009104371
0.0041663647
0.0025652647
0.0035156012
0.0069851875
0.008857608
0.0035418272
0.0029720068
0.00044679642
0.004353404
0.007655263
0.0047535896
0.0053036213
0.008096814
0.004412651
0.0038911104
0.006563902
0.005228877
0.004269719
0.001463294
0.0003502369
0.0053590536
0.0049779415
0.0046257973
0.0014213324
0.008754134
0.0073429346
0.0033067465
0.002448678
0.0047632456
0.010916114
0.0022467375
0.004660368
0.0057667494
0.0035551786
0.0075154305
0.0018901825
0.008721113
0.0038092136
0.0013532639
0.00078701973
0.0029950142
0.006074786
0.0050748587
0.00440073
0.003439784
0.0012972355
0.002449751
0.00045454502
0.003026843
0.0033032894
0.0062389374
0.0020616055
0.005250573
0.0058796406
0.0052558184
0.005987525
0.0074472427
0.0013358593
0.000310421
0.008384824
0.0006825924
0.004750252
0.0027475357
0.0019410849
0.0054575205
0.0038360357
0.0058330297
0.0029581785
0.0005965233
0.004106045
0.00068950653
0.0029381514
0.004329324
0.0038257837
0.010204554
0.0009855032
0.0028033257
0.0016071796
0.0058250427
0.0045410395
0.0042955875
0.0027048588
0.0065790415
0.0039725304
0.00351727
0.0040649176
0.0018012524
0.0044885874
0.009305239
0.0044578314
0.0053988695
0.0034264326
0.0014125109
0.002598524
0.0024784803
0.0038251877
-8.8214874e-05
8.106232e-06
0.0057770014
0.005638838
0.0011991262
0.007067919
0.0035396814
0.00924778
0.010634899
0.012349606
0.00434649
0.00087821484
0.004030466
0.0028127432
0.0033370256
0.00602901
0.0027297735
0.011227131
0.007570386
0.00458169
0.00076568127
0.006849289
0.0029902458
0.0030691624
0.0060818195
0.0053049326

0.004263401
0.0006302595
0.0031056404
0.0018714666
0.0033580065
0.00575006
0.0043354034
0.0032958984
0.003907323
0.0012117624
0.0023373365
0.0021315813
0.00076913834
0.004416704
0.0020605326
0.0022301674
0.00084352493
0.0016011
0.004039645
0.0039699078
0.0023299456
0.002375126
0.00085008144
0.003027916
0.0015643835
0.0044106245
0.00029551983
0.0031626225
0.0010328293
0.0011914968
0.0018306971
0.0034062862
6.92606e-05
0.0018850565
0.0019702911
0.00033318996
0.0020266771
0.004401922
0.0016363859
0.002182722
0.0033859015
0.0030196905
0.003398776
0.0018730164
0.0001219511
0.0046486855
0.0021830797
0.003596425
0.002450943
0.0022336245
0.00326097
0.0025262833
0.0011066198
0.0030466318
0.0006505251
0.0012029409
0.0023361444
0.0019237995
0.0026394129
0.003029704
0.0028522015
0.0025482178
0.0021022558
0.00090289116
0.0020555258
0.0011564493
0.0018258095
0.0019682646
0.0007044077
0.0026015043
0.0004905462
0.0019470453
0.0032010078
0.0018525124
0.0018311739
0.0022708178
0.0033414364
0.0033718348
0.0023499727
0.0012774467
0.0019155741
0.0012073517
0.00063335896
0.0033231974
3.5762787e-06
0.0012187958
0.0016008615
0.0026806593
0.00375247
4.696846e-05
0.0042721033
0.0028495789
0.0010770559
0.002532363
0.0036109686
0.0048850775
0.0037646294
0.0007234812
0.0032422543
0.0009493828
0.0023545027
0.0014753342
0.0025684834
0.0015764236
0.0020320415
0.00073468685
0.003338933
0.0039120913
0.00228405
8.1300735e-05
0.00092434883
0.0024909973
0.0028755665
0.0007134676
0.0014872551
0.001972437
0.0010572672
0.0007328987
0.0021294355
0.0014592409
0.0028924942
0.0026470423
0.0032520294
0.0013842583
0.0060572624
-6.9618225e-05
0.0015439987
0.004842639
0.002137065
0.002734542
0.0021190643
0.0024217367
0.0006890297
0.0030320883
0.0029982328
0.0029819012
0.004066348
0.0029096603
0.0007134676
0.0009032488
0.0010915995
0.0036993027
0.0023007393
0.0015736818
0.003088951
0.0038189888
0.0022681952
0.0021532774
0.0013973713
0.00035858154
0.002784729
0.0019264221
0.0006535053
0.0036278963
0.0028531551
0.0012066364
0.001696825
0.0035766363
0.00064086914
0.0011669397
0.0035274029
0.0031955242
0.0018914938
0.0008016825
0.0017273426
0.0020079613
0.001304388
0.00078082085
0.0050315857
0.000982523
0.003465891
0.0039731264
0.0016698837
0.0019037724
0.0008095503
0.0015780926
0.00078105927
0.0016021729
0.00169909
0.0017819405
0.0030254126
0.00103724
0.0013005733
0.00049877167
0.0025162697
0.003991604
0.0022541285
0.0031231642
0.002014637
0.0027332306
0.0031667948
0.0018315315
0.0039838552
0.0003656149
0.0029178858
0.0034537315
0.0009763241
0.003289342
0.00057530403
0.0009872913
0.0043421984
0.0008249283
0.0015484095
0.0005122423
0.002926588
0.003835678
0.0017135143
0.0011841059
0.0027604103
0.0015715361
0.0017710924
0.0018573999
0.0023591518
0.0039566755
0.0028481483
0.0018320084
0.0022877455
0.0019116402
0.00016319752
0.0013178587
0.0020849705
0.002400279
0.0017178059
0.0014921427
0.00025892258
0.0033154488
0.0029178858
0.0030492544
0.003735423
0.0022925138
0.0023946762
0.002461195
0.0026085377
0.0017018318
0.0014230013
0.0040079355
0.001401782
0.0033323765
0.002223134
0.0006273985
0.00028014183
0.0020228624
0.0018231869
0.005202174
0.002072692
0.0046434402
0.0014095306
0.00081658363
0.00093746185
0.0029164553
0.0017039776
0.0026561022
0.0014873743
0.0012360811
0.0022748709
0.0009508133
0.0011484623
0.002530694
0.0028432608
0.000400424
0.0032160282
0.004483223
0.0030207634
0.002927184
0.0019394159
0.0027776957
0.0021419525
0.0015254021
0.0007379055
0.00035715103
0.00405097
0.0011924505
0.0018395185
0.0026483536
0.0047023296
0.0024235249
0.0036067963
0.0011761189
0.0019009113
0.0016241074
0.0010128021
0.0028945208
0.0021537542
0.0034751892
0.004212141
0.0018615723
0.0020985603
0.0031821728
0.0037031174
0.0025299788
0.0029363632
0.0010297298
0.003483653
0.0018666983
0.0023338795
0.0028744936
0.0022764206
0.0008482933
0.0005208254
0.003436327
0.0025823116
0.0027091503
0.0015909672
0.00018799305
0.0014463663
0.002051115
0.0021024942
0.0023692846
0.00080907345
0.0035140514
0.002017498
0.0033810139
0.0006468296
0.0019199848
0.0027650595
0.0026648045
0.0008454323
0.00082600117
0.001966238
0.0044873953
0.0021014214
0.002919674
0.0015362501
0.0005635023
0.0026535988
0.0028243065
0.0011031628
0.00032258034
0.0014032125
0.0016645193
0.0029761791
0.0023616552
0.0030555725
0.001188159
0.0022509098
0.0015041828
0.0034086704
0.00082039833
0.0030510426
0.0025122166
0.0031688213
0.0038098097
0.0003708601
0.0007709265
0.0009851456
0.00056397915
0.0027161837
0.0039885044
0.0014718771
0.0029031038
0.0009986162
0.0036257505
0.0033997297
0.005244136
0.00019669533
0.004337549
0.0015485287
0.0023627281
0.0017162561
0.0016376972
0.0028420687
0.0025322437
0.0014183521
0.0015634298
0.0020475388
0.0016080141
0.0018676519
0.0023305416
0.0013985634
0.0023758411
0.00031220913
0.0005159378
6.699562e-05
0.00068748
0.0013469458
0.002317071
0.0015907288
0.00074613094
0.0027091503
0.0015388727
0.002710104
0.0014138222
0.000523448
0.002694726
0.001812458
0.003926873
0.0018312931
0.0033004284
0.0027223825
0.0009125471
0.0021113157
0.005241394
0.0028603077
0.0029041767
0.0017851591
0.0026613474
0.0001899004
0.002157569
0.0056375265
0.00218153
0.0025244951
0.0034234524
0.00013756752
0.0003477335
0.001178503
0.00090146065
0.0021383762
0.0021320581
0.002753377
0.0005584955
0.0034201145
0.003247738
0.002614379
0.0014644861
0.002163291
0.002200842
0.00408566
0.00047135353
0.0029006004
0.0060498714
0.0007851124
0.0020631552
0.0008548498
0.0031108856
0.0014529228
0.0019688606
0.0012379885
0.0023380518
0.0042073727
0.001883626
0.003575921
0.0016005039
0.0020673275
0.0008455515
0.0014783144
0.003123641
0.0017882586
0.0026899576
0.0025951862
0.0028373003
0.00016462803
0.0029324293
0.0024882555
0.0022774935
0.002730608
0.0037857294
0.0023549795
0.0011903048
0.0015561581
0.00045728683
0.00048935413
0.0034160614
0.002921939
0.0026441813
0.0032504797
0.0015209913
0.0038958788
0.003034234
0.0019865036
0.0010410547
0.0015137196
0.0019987822
0.0019483566
0.0034171343
0.004244685
0.006550193
0.0013585091
0.0022838116
0.0015283823
0.002175331
0.0015648603
0.00092339516
0.0011267662
0.0045570135
0.00045120716
0.0024260283
0.0035846233
0.0025851727
0.0014184713
0.00031030178
0.0007251501
0.00045740604
0.0021499395
0.0006400347
0.0024267435
2.2530556e-05
0.0036337376
0.0022432804
0.002791047
0.0023488998
0.0017608404
0.0027463436
0.004473686
0.0026533604
0.00093078613
0.0022593737
0.0030413866
0.002725482
0.0015294552
0.0019402504
0.0008819103
0.0009161234
0.0013375282
0.0019974709
0.0020776987
0.0016721487
6.735325e-05
0.002801776
0.0016922951
0.0011663437
0.0014625788
0.0008075237

0.0022826195
0.0034542084
0.00022423267
0.0011415482
0.003497243
0.0020817518
0.0030863285
0.003030181
0.003260851
0.0045661926
0.0036371946
0.0028278828
0.00025200844
0.0009344816
0.0018467903
0.0008071661
0.00064754486
0.0038596392
0.0021300316
0.0027778149
0.001196146
0.0015991926
0.0011321306
0.0032852888
0.0026441813
0.003499031
0.0023640394
0.0032154322
0.00061380863
0.0036587715
0.0040410757
0.0014910698
0.0022046566
0.0021461248
0.0005996227
0.0035529137
0.003357172
0.003165245
0.0035910606
0.001241684
0.0043985844
0.0014878511
0.0016009808
-0.00064373016
0.0013276339
0.0010761023
0.0020347834
7.748604e-06
0.001666069
0.003979206
0.0016577244
0.002049923
0.0024122
0.005606532
0.0007352829
0.0004335642
0.00025463104
0.001563549
0.00096547604
0.0029805899
0.0023721457
0.0011039972
0.002450347
0.00030994415
0.0016064644
0.00080406666
0.0028630495
0.003984213
0.001060605
0.0021600723
0.0013979673
0.0017066002
0.0015286207
0.00140059
0.0014271736
0.0041137934
0.00393939
0.0019437075
0.0015206337
0.0030982494
0.0029000044
0.0017023087
0.0013870001
0.0019903183
0.001552105
0.001963377
0.0015383959
0.0017024279
0.0011709929
0.0005071163
0.003442645
0.003960252
0.0036052465
0.0019687414
0.005264163
0.0022232533
0.00056290627
0.0007086992
0.0018950701
0.004529953
0.0011056662
0.0029428005
0.0009951591
0.001517415
0.0016204119
0.000988245
0.0015296936
0.0010356903
0.0018297434
0.00059580803
0.0018780231
0.0034458637
0.004362941
0.0036244392
0.0026117563
0.0016666651
0.007370949
0.0014514923
0.0023537874
0.0006656647
0.0035539865
0.00012981892
0.00088214874
0.00034332275
0.0013669729
0.0011525154
0.0006557703
0.0022006035
0.0010875463
0.0016131401
0.0049079657
0.0017296076
0.005406618
0.002459526
0.0031335354
0.0033168793
0.003105998
0.0019378662
0.00352633
0.0011535883
0.00259161
0.0017719269
0.0011305809
0.0036822557
0.00029075146
0.0022666454
0.00074982643
0.003512621
5.7578087e-05
0.0014092922
0.00078725815
0.0015971661
0.0025151968
0.003497839
0.0026949644
0.0018905401
0.002212286
0.0043206215
0.0028671026
0.0040587187
0.00514853
0.0020848513
0.0037127733
0.0024068356
0.0031290054
0.0023292303
0.0036689043
0.002912283
0.002826929
0.0016549826
0.00019943714
0.0035179853
0.0026137829
0.00231874
0.0038013458
0.00074362755
0.0041638613
0.0017018318
0.0028822422
0.0018750429
0.0018693209
0.00092995167
0.0016610622
0.002472639
0.002562642
0.002361536
0.0040279627
0.0013877153
0.0014748573
0.0030019283
0.00338912
0.0050600767
0.0021240711
0.0027421713
0.006011963
0.0027272701
0.0034017563
0.0019286871
0.0007508993
0.0011796951
0.0010498762
0.0012007952
0.0022585392
0.003221631
0.0037562847
0.0025399923
0.0013266802
0.0010466576
0.0015614033
0.0003941059
0.0032211542
0.0036126375
0.0013364553
-1.5616417e-05
0.0030844212
0.001973629
0.00050234795
0.001844883
0.0033451319
0.004963279
0.002430439
0.0015717745
0.0024639368
0.0024906397
0.0040159225
0.0022007227
0.0014811754
0.0017358065
0.0019418001
0.0035909414
0.0011876822
0.0022412539
0.0023851395
0.0026291609
0.0004169941
0.0016117096
0.0023335218
0.0067021847
0.002243638
0.0004490614
0.0041058064
0.0004016161
0.0028653145
0.0019524097
0.0017194748
0.00048482418
0.004846096
0.0018082857
0.0035139322
0.002933979
0.0023003817
0.0033214092
0.0052497387
0.0017184019
0.0011152029
0.0013254881
0.0009846687
0.0016146898
0.004281521
0.0022938251
0.0034257174
0.003311038
0.00061798096
0.0026489496
0.001957178
0.0024307966
0.0012047291
0.0019476414
0.004070282
0.0008749962
0.0015254021
0.0024317503
0.001788497
0.00241673
0.0008381605
0.0014072657
0.0020035505
0.0021163225
0.0002603531
0.0012490749
0.0035475492
0.0034883022
0.0011781454
0.0034768581
0.0012816191
0.0007022619
0.0010312796
0.0040225983
0.004436493
0.0039479733
0.0011193752
0.0013030767
0.0002859831
0.003509879
0.0011088848
0.0006186962
0.00021219254
0.0027967691
0.0012369156
0.0014886856
0.0005213022
0.0016797781
0.0018613338
0.0039901733
0.005867362
0.0012457371
0.003178835
0.0028489828
0.0037847757
0.0023696423
0.0061022043
0.003525138
0.00035703182
0.005777359
0.002779603
0.002458334
0.0020462275
0.0039453506
0.0002837181
0.0023657084
0.0008790493
0.0016037226
0.00429368
0.0007582903
0.0012933016
0.0032736063
0.0014877319
0.002180934
3.0755997e-05
0.0023745298
0.0031045675
0.0015499592
0.002342701
0.0013878345
0.00028944016
0.0018340349
0.0037118196
0.0021226406
0.0019396544
0.0027661324
0.0030249357
0.0024750233
0.0023572445
0.00030255318
0.0013235807
0.00026655197
0.0015975237
0.0014475584
0.00091946125
0.0037668943
0.0048577785
0.0016897917
0.0012913942
0.0036588907
0.0011210442
0.0008035898
0.004244566
0.00043797493
0.0013881922
0.0017238855
0.00283432
0.0011700392
2.002716e-05
0.0031323433
0.00058984756
0.0028823614
0.0014320612
0.0034079552
0.0017436743
0.0009938478
0.0005350113
0.0009120703
0.0005147457
0.0018347502
0.002956748
0.0044077635
0.002254486
0.00028252602
0.0004938841
0.0012717247
0.0038154125
0.0016274452
0.0008238554
0.0053503513
0.0045050383
0.00068974495
0.001385212
0.0011537075
0.0020848513
0.004136324
0.00087559223
0.002737999
0.00252676
0.0014485121
0.002769947
0.0027142763
0.002579093
0.0025708675
0.0013465881
0.00045776367
0.0008248091
0.0022066832
0.004307747
0.004433751
0.0009726286
0.005316496
0.002828598
0.0008573532
0.0009287596
0.0012892485
0.0009819269
0.001316905
0.0012285709
0.0021104813
0.0026795864
0.002064824
0.0026593208
0.00030112267
0.00069749355
0.0010434389
0.0032579899
0.0019514561
0.0011116266
0.0015835762
0.0037087202
0.0018721819
0.0021095276
0.0017610788
0.0018759966
0.0006765127
0.00065279007
0.0013409853
0.0020291805
0.0017778873
0.0028483868
0.003591776
0.0010402203
0.0031176805
0.0006952286
0.0013451576
0.004146695
0.0035135746
0.0028396845
0.0018552542
0.0042978525
0.0036910772
0.002851367
0.0017040968
0.0019077063
0.0033860207
0.0005311966
0.0011161566
0.0026540756
0.0026949644
0.0046625137
0.0018289089
0.0013842583
0.0030702353
0.0014168024
0.00073957443
0.0033367872
0.0014343262
0.0009162426
0.0018228292
0.00094795227
0.0028022528
0.002583623
0.0013186932
0.00053572655
0.00035333633
0.0033400059
0.0022575855
0.0024957657
0.00019872189
0.0016243458
0.0016754866
0.0008945465
0.002313137
0.0030511618
0.0013662577
0.0026546717
0.0014673471
0.0035221577
0.0005797148
0.0028327703
0.00035619736
0.002039075
0.0020365715
0.00090539455
0.003514886
0.0024313927
0.001568675
0.0035516024
0.0016220808
0.0014582872
0.00068569183
0.0030603409
0.0031046867
0.0047798157
0.0042448044
0.0024468899
0.0022144318
0.0005515814
0.00052928925
0.0022950172
0.0017237663
0.00047290325
0.0019062757
0.0027592182
0.0007289648
0.00015771389
0.0024535656

0.00016081333
0.0005284548
0.0054391623
0.005314827
0.00092470646
0.0025544167
0.00079238415
0.0034310818
0.0021710396
0.0008132458
0.00058817863
0.0014704466
0.006207347
0.0018187761
0.002785802
0.0047359467
0.00051128864
6.854534e-05
0.00038146973
0.001185894
0.0015124083
0.00085020065
0.0003336668
0.0030531883
0.004392624
0.0033160448
-0.00023686886
0.00046503544
0.0010380745
0.0009276867
0.00046646595
4.2438507e-05
0.0009499788
0.0003963709
0.0045969486
0.0008111
0.0005055666
0.0018970966
0.00096940994
0.0023682117
0.0024346113
0.00023686886
0.0014710426
0.0028338432
0.0008561611
0.00580287
0.0017514229
0.000118494034
0.00035881996
0.0012667179
0.0031331778
0.0006195307
2.4557114e-05
0.00058984756
0.0027769804
0.0019669533
0.0031552315
0.0006995201
0.0010882616
0.0012573004
0.0014691353
0.003121972
0.0007944107
0.004921913
0.0051888227
0.0032379627
0.00019872189
0.0013509989
0.002622366
0.00028455257
0.005860448
0.0008804798
0.0039002895
0.00024080276
0.0012419224
-0.0001155138
0.0030997992
0.0031609535
0.00022244453
0.000497818
0.0028959513
0.0027263165
0.0019812584
0.0021128654
0.0048941374
0.006562352
0.0005313158
0.001773715
0.0022224188
0.00043654442
0.0067840815
0.0037032366
0.00057446957
0.0012241602
0.000839591
0.00046408176
0.002669692
0.0022408962
0.0023380518
0.0002104044
0.00045835972
0.00095939636
0.003002882
0.0012780428
0.0011248589
0.0015282631
0.0007561445
0.0019189119
0.0024043322
0.00010550022
0.0014463663
0.0037622452
0.0041377544
0.0028902292
0.0010615587
0.0004351139
0.00081038475
0.0031934977
0.0070159435
0.012871861
0.0027697086
0.0015076399
0.00043737888
0.005534053
0.0012998581
0.0020496845
0.00025963783
0.0030709505
0.0023070574
0.0032914877
0.0052672625
0.0007176399
0.0038251877
0.002107501
0.002050519
9.3340874e-05
0.005085826
0.0005698204
0.0041269064
0.0030659437
0.0020599365
0.0020487309
0.0046309233
0.008079171
0.0024347305
0.006460309
0.0026186705
0.000644207
0.000823617
0.000865221
9.1671944e-05
0.00014805794
0.0023343563
0.0036405325
0.00065660477
0.0006849766
0.0007623434
0.000111460686
0.0014696121
0.0038208961
0.0017991066
0.0018771887
0.002216816
0.001794219
0.00048410892
0.00082981586
0.004414797
0.0039412975
0.002194643
0.0064309835
0.0008711815
0.0009524822
0.00063431263
0.00041222572
0.0026415586
0.00013411045
0.0020611286
0.00011074543
0.0029623508
0.0034433603
0.00022220612
0.004661083
0.00090897083
0.0039006472
0.0019110441
0.0010111332
0.00050234795
0.00056767464
0.00038313866
0.0036587715
0.002213478
0.0008993149
0.00053060055
0.000113248825
0.0023156404
0.006115794
0.0012413263
0.00058698654
0.0032327175
0.00035572052
0.0011526346
0.0010886192
0.003448844
0.0021857023
0.0036252737
0.00057399273
0.0018553734
0.0012127161
0.0031203032
0.0012105703
0.0009120703
0.00025999546
0.007077694
0.00023186207
0.003761053
0.0023245811
0.00010073185
0.0010020733
0.0007263422
0.0042649508
0.0022759438
0.0034812689
0.001982212
0.001004219
0.003591776
0.0028560162
0.0013490915
0.0010479689
0.0010274649
0.0002670288
0.0021550655
0.00038325787
0.0016700029
0.0023815632
0.0005261898
0.004542947
0.0029628277
0.0027264357
0.005359173
0.0011762381
0.0036469698
0.00126338
0.0030536652
0.0073547363
0.006356001
0.0012235641
0.0021630526
0.0017492771
0.00027763844
0.00055778027
0.0017539263
0.0034284592
0.0004143715
0.0029810667
0.0048838854
0.0015010834
0.0020622015
0.00012278557
0.00058186054
0.004355073
0.0018658638
0.001359582
0.00038409233
0.00014448166
0.0010988712
0.0034632683
0.0028333664
0.005199909
0.0030474663
0.0010334253
0.0012277365
0.00054490566
0.0005874634
0.00087821484
0.0033948421
0.00010418892
0.0006226301
0.00035321712
0.0026555061
0.00078201294
0.0038404465
0.0037710667
0.002035737
0.0018142462
0.00465703
0.0021073818
0.0043638945
0.0013025999
0.0027204752
0.00022530556
0.00055992603
0.00085926056
0.0003017187
0.00032281876
0.005326152
0.0017390251
0.0017863512
0.0046651363
0.0036386251
0.0034183264
0.0002733469
0.0128695965
5.3167343e-05
0.0071179867
0.0008561611
0.0009690523
0.0008016825
0.0018162727
0.00075280666
0.0010910034
0.0014088154
1.5616417e-05
0.0013659
0.002325654
0.0007337332
0.0020433664
0.0025452375
0.010029435
0.000111460686
0.01316607
0.00027656555
0.0064255
0.008599877
0.0039002895
0.0004041195
0.00016510487
0.00010192394
0.0040369034
0.0022212267
0.01082921
0.00013196468
0.0024770498
0.005117178
0.0074311495
0.0017058849
0.0071737766
0.0023146868
0.0013153553
0.0014859438
0.0026131868
0.0015114546
0.0035191774
4.220009e-05
0.0012871027
0.00060391426
0.0017268658
0.0013449192
0.0009202957
0.0065294504
0.0018773079
0.00038695335
0.005044937
0.0004222393
0.0004069805
0.0005749464
0.003509879
1.513958e-05
0.0018488169
0.00029838085
0.0042415857
0.006133795
0.002552271
0.0007033348
0.0045882463
0.0024520159
0.0018683672
0.00571239
0.0020678043
0.0029264688
0.0015194416
0.0019807816
0.0045107603
0.0015677214
0.0020604134
0.0014202595
0.00068843365
0.00085389614
0.003050685
0.004240632
0.0005104542
0.0064002275
0.00521636
0.0052433014
0.00067698956
0.0009268522
0.00090777874
0.00034809113
0.001957655
0.001021862
0.002124548
0.0005762577
0.0002580881
0.0002682209
0.0007417202
0.00027048588
0.00047147274
-1.9431114e-05
0.001136899
0.00486207
0.0010199547
0.0019087791
0.00068616867
7.9631805e-05
0.00091063976
0.0045508146
0.0017377138
0.0016418695
0.0025525093
0.00032675266
0.0005745888
0.00058341026
0.0069732666
0.0017646551
0.0011101961
0.004774332
0.0006147623
0.00063073635
0.001647234
0.0009781122
0.0005156994
0.001793623
0.0003502369
0.0017055273
0.00082838535
0.0037366152
0.00531137
0.0077703
0.001491189
0.0008559227
0.004524946
0.0066536665
0.00010871887
0.0009809732
0.00052690506
0.0036898851
0.001796484
0.00037109852
0.00064218044
0.0012948513
0.0027941465
0.0013518333
0.00471437
0.0021653175
0.0026010275
0.004428029
0.00021231174
0.0025855303
0.0031517744
0.0023816824
0.0030779839
0.002490759
0.00028848648
0.0014173985
0.0006570816
0.0016475916
0.0040199757
0.0019097328
0.0017513037
0.0012089014
0.007202387
0.0020952225
0.0029352903
0.0015771389
0.0030519962
0.0012149811
0.004518509
0.00014936924
0.0005927086
0.002846837
0.00016713142
0.0009691715
0.002636075
0.0002757311
0.0034441948
0.00055873394
-8.6545944e-05
0.00042915344
0.0007413626
0.004097581
0.007643461
0.0022393465
0.0006175041
0.0066250563
0.00034618378
0.0030208826
0.00071537495
0.0011000633
0.0014926195
0.00080788136
4.6133995e-05
0.0028922558
0.00083673
0.00042557716
0.0018402338
0.003646493
0.0009200573
0.002734661
0.0012803078
0.0006786585
0.0022456646
0.002716422
0.0015156269
0.0021363497
0.0055645704
0.0042989254
0.0010010004
0.001404047
0.0038348436
0.0016018152
0.0022342205
0.00038731098
0.00045275688

0.0038580894
0.006234288
0.002506137
0.00013673306
0.0025441647
0.0032651424
0.00064587593
0.0071954727
0.0035920143
0.0010406971
0.0030543804
0.0037863255
0.0014278889
0.003263712
0.0005530119
0.010233402
0.0010677576
3.0636787e-05
0.0
0.006052375
0.00034463406
0.0025655031
0.0016720295
0.008342624
0.0011891127
0.0043535233
0.0008826256
0.000641346
0.000118255615
0.00042283535
0.0017523766
0.00226748
0.00415504
0.00073730946
-4.887581e-06
0.0010690689
0.0031793118
0.0052040815
0.00029051304
0.000677824
0.0006570816
0.0046038628
0.00012421608
0.006910801
0.0075467825
0.0033552647
0.00031125546
0.004309058
0.004479885
0.004272938
0.0053310394
0.0011147261
0.0015685558
0.0012871027
0.0011492968
-2.2172928e-05
0.0001142025
0.00019657612
0.00073480606
0.00087046623
0.0047860146
0.007620096
0.0034850836
0.0010019541
0.0030025244
0.010363102
0.0034358501
0.0025645494
0.00018894672
0.0012367964
1.4066696e-05
0.0034575462
0.002231598
0.0056681633
0.0010937452
0.0017473698
1.0967255e-05
0.00038778782
0.0010260344
0.0015077591
0.001616478
0.00080764294
0.0018783808
6.16312e-05
0.0021967888
0.00055611134
0.0033192635
0.0029057264
0.0035328865
0.0030406713
0.0014986992
0.00031793118
0.00045251846
0.00041496754
0.00083994865
0.00033581257
0.00081157684
0.00061416626
0.0006045103
0.0007032156
7.236004e-05
0.0028079748
0.0027377605
0.0005723238
0.0046522617
0.0009300709
0.0009008646
0.004728198
0.0032218695
0.0006389618
0.0016889572
0.00056791306
0.0029081106
0.0016303062
0.005331874
0.0027130842
0.0035588741
0.0022038221
0.0059696436
0.0009958744
0.0020165443
0.0021047592
0.00049710274
0.0029728413
0.004496336
0.00031757355
0.0061098337
0.0013526678
0.00014042854
0.0013312101
0.0031442642
0.0025795698
0.00031983852
0.0006546974
0.0016236305
0.0017844439
0.0009634495
0.0002502203
0.0015380383
0.00060999393
0.00096714497
0.0008575916
0.008412957
0.0020377636
0.0026826859
0.0010253191
0.00030386448
0.0028090477
0.0016593933
0.004056573
0.0031580925
0.0068502426
0.0048514605
0.0018115044
0.0010191202
0.001080513
0.00016117096
0.0026792288
0.0012060404
0.003579259
0.0010652542
0.0014313459
2.7060509e-05
0.0037027597
0.0024050474
0.0009752512
0.0025459528
0.0029203892
0.0010348558
0.00488925
0.0023235083
0.00041377544
0.0007121563
0.0012074709
0.0008378029
0.0008097887
0.0011988878
0.00035655499
0.00020503998
0.00091695786
0.0015163422
0.00015640259
0.00013017654
0.0037230253
0.003995776
0.0021779537
0.00074481964
0.014302731
0.00062191486
0.00077199936
0.0046551228
0.0037834644
0.010216713
0.0020838976
0.00041353703
0.0017139912
0.0023819208
0.0013477802
0.00033545494
0.0018190145
0.0069998503
0.0033804178
0.0022704601
0.003211856
0.0012544394
0.003962636
0.004066825
0.0036348104
0.001568675
0.00042283535
0.0014638901
0.0001488924
0.0005797148
0.004154682
0.00043344498
0.001718998
0.0023338795
1.5258789e-05
0.0012792349
0.0021728277
0.00019550323
0.0012559891
0.00067412853
0.00037181377
0.0024065971
0.0010312796
0.0027610064
0.0011621714
0.004697919
0.0017350912
0.0010659695
0.0018821955
0.005499959
0.0025941133
0.002363801
0.0012254715
0.0049761534
0.003194213
0.00078833103
0.002635479
0.01064539
0.00029814243
0.0010360479
0.0025418997
1.9073486e-06
0.0009022951
0.00017786026
0.0019949675
0.0016223192
0.0032041073
0.003581643
0.0013109446
0.00054192543
0.0007650852
0.005239606
0.0060688257
0.00048482418
0.0012637377
0.00015068054
0.0014922619
0.0011347532
0.0030434132
0.003015399
0.0006632805
0.0016207695
0.0011490583
0.001273036
0.00159657
0.001591444
0.0007367134
0.003982663
0.00032436848
0.00014603138
0.004360318
0.0037857294
0.00080502033
0.002222538
0.005319476
0.0026317835
0.0011017323
0.0007185936
0.0012551546
0.00012910366
0.0008729696
0.00045108795
0.0025305748
0.001901865
0.0008918047
0.0026016235
0.0024764538
0.00052285194
0.0048577785
0.0014880896
0.0013952255
0.0018553734
0.00074875355
0.0010563135
0.0027416945
0.0050354004
0.00061130524
0.0009185076
3.838539e-05
0.007243514
5.054474e-05
0.00010704994
0.002457738
0.0010803938
0.003482461
0.009199381
0.0005954504
0.0033142567
0.0039377213
0.00057280064
0.005175829
0.0005748272
-7.1525574e-06
0.0049493313
0.00057661533
0.0025271177
7.879734e-05
0.0012286901
0.0030184984
0.0005799532
0.0012396574
0.0021179914
0.00089788437
0.00026535988
0.0013030767
0.008257985
0.0026135445
0.00060129166
0.0011783838
0.0012860298
0.0023776293
0.0030961037
0.00025463104
0.008640528
0.00020062923
0.0009049177
0.00051128864
0.0024518967
0.003067851
0.00059735775
9.787083e-05
0.0023163557
0.00035727024
0.0008392334
0.0025657415
0.0003515482
0.0032387972
0.009734869
0.0024260283
0.002071619
0.0009878874
0.0016441345
0.0005902052
0.00024831295
0.005571246
0.0002297163
0.0008690357
0.0014041662
0.0031524897
0.00016355515
0.0003591776
0.0015436411
0.0020211935
0.002800107
0.004419327
0.00026464462
0.0031123161
0.002357483
0.0011951923
0.00015974045
0.007723093
0.0018908978
0.001116991
0.0012450218
0.0029634237
0.00063705444
0.0034161806
0.0015901327
0.00011634827
0.00049877167
0.0029603243
0.0076850653
0.0013976097
8.916855e-05
0.0010665655
0.0023778677
0.0014692545
0.0005130768
0.00024008751
0.0019321442
0.00040602684
0.0008112192
0.00033283234
0.002011776
0.0020074844
0.0009738207
0.0021512508
0.0048389435
0.002108574
0.0007350445
1.680851e-05
0.005091071
0.0037602186
0.0015567541
0.0020142794
0.005179286
0.00013387203
0.0034148693
0.0008890629
0.0023555756
0.0029810667
0.0005682707
0.0020518303
0.0017482042
0.00190413
0.0029002428
0.0006392002
0.0015912056
0.0018150806
0.00119102
0.00026643276
0.0006656647
0.0011173487
0.0027627945
0.00089776516
0.006201744
0.00070881844
0.004696846
0.0010205507
-4.2915344e-06
0.0004223585
0.0008531809
0.0046209097
9.942055e-05
0.0036633015
0.0011675358
0.0006842613
0.0038089752
0.0059895515
0.0014569759
0.002439499
0.0017002821
0.0014398098
0.00027656555
0.0017212629
0.0012514591
0.0004531145
0.0023730993
0.0032123327
0.0038694143
0.00011444092
0.0054858923
0.0016278028
0.0008209944
0.0008404255
0.0060135126
0.009019256
0.0011725426
0.002145648
0.0013114214
-3.194809e-05
0.0011357069
0.004799962
0.0031380653
0.0016806126
0.0030122995
0.0022410154
0.0056642294
0.00042116642
0.0005861521
0.00015711784
0.0007710457
0.00086927414
0.0038706064
0.0014525652
0.0010932684
0.0023185015
4.172325e-05
0.002828002
6.9856644e-05
0.0039981604
0.0032836199
0.00074350834
0.00042700768
0.001491785
0.0053595304
0.00055742264
0.0059449673
0.0008075237
0.0010324717
0.0010591745
0.0025076866
0.00062918663
0.007321954
0.0056573153
0.003157258
0.007316351
0.0008189678
0.0022001266
6.4492226e-05
0.0021992922
0.0007557869
0.0011693239
0.0022121668
0.0035561323
0.0015048981
0.0056062937
0.005743623
0.00073969364

0.002448082
0.00243783
0.0023401976
0.0013751984
0.0013122559
0.0018153191
0.0021927357
0.0018135309
0.0016759634
0.0052143335
0.003560543
0.00087308884
0.0011950731
0.0008906126
0.0005865097
0.004979849
0.00598526
0.00201118
0.0013536215
0.00032496452
0.0021315813
0.0021076202
0.0011023283
0.0024154186
0.002069354
0.0014166832
0.0010427237
2.3841858e-07
0.0017729998
0.0022832155
0.0013133287
0.0027973652
0.0012792349
0.0020740032
0.0017904043
0.0014702082
0.0027509928
0.0029395819
0.0021131039
0.0016666651
0.0027467012
0.0008068085
0.0030180216
0.0025776625
0.0009486675
0.0015755892
0.0040962696
0.0036194324
0.0019602776
0.0030286312
0.0036435127
0.0020867586
0.0017627478
0.0011370182
0.0014363527
0.0022861958
0.001582861
5.4121017e-05
0.001470089
0.000172019
0.0032740831
0.0025032759
0.0013393164
0.0018361807
0.005360961
0.00050222874
0.001060009
0.0017348528
0.0014945269
0.0016573668
0.00023829937
0.00063991547
0.0023423433
0.0020543337
0.0014294386
0.0016144514
0.0011920929
0.0008958578
0.0036774874
0.003906727
0.0014253855
0.00081706047
6.4730644e-05
6.842613e-05
0.0009589195
0.0024240017
0.0024279356
0.0003244877
0.0031167269
0.0013668537
0.0031192303
0.0012667179
0.0035367012
0.0017985106
0.0009120703
0.00131464
0.0015462637
0.00391984
0.0021721125
0.003378272
0.0016480684
0.0010924339
0.00096166134
0.0014026165
0.0009204149
0.0028927326
0.002804041
0.003614664
0.0029515028
0.0039590597
0.0008337498
0.0016999245
0.00030434132
0.0019237995
0.001578331
0.0028271675
0.0010268688
0.0012521744
0.0028271675
0.0023260117
0.001861453
0.0025697947
0.0021984577
0.0019892454
0.0039105415
0.002470851
0.0007388592
0.00059616566
0.0021559
0.0021488667
0.0010105371
0.0034040213
0.0053687096
0.0006055832
0.005278468
0.0051709414
0.0020188093
0.0025200844
0.0014384985
0.00027763844
0.004386544
0.002986312
0.0005341768
0.0059247017
0.000672102
0.006839752
0.0018472672
0.0022182465
0.0021116734
0.001876831
0.003843546
0.0008994341
0.0017223358
0.0032089949
3.7312508e-05
0.0022308826
0.0027544498
0.0030710697
0.0007750988
7.5101852e-06
0.0037335157
0.0035527945
0.0022138357
0.0018609762
0.0017299652
0.0011883974
0.002395153
0.0007351637
0.0018391609
0.0022307634
0.002698779
0.0013802052
0.002101779
0.00025224686
0.0041246414
0.0012670755
0.0032310486
0.0012019873
0.001144886
0.0034111738
0.0003708601
0.0015605688
0.00046932697
0.004105687
0.00072836876
0.008773208
0.0048593283
0.0008496046
0.0015604496
0.0021392107
0.0013464689
0.0020751953
0.001439929
0.00026762486
0.00056409836
0.0029454231
0.0028537512
0.001313448
0.0003399849
0.0014294386
0.0020178556
0.0012801886
0.00030970573
0.0014008284
0.005150318
0.0031784773
0.00024724007
0.0012569427
0.00048184395
0.0012528896
0.00280118
0.0021384954
0.0059201717
0.002228856
0.0032873154
0.0008735657
0.0029892921
0.0010640621
0.0027816296
0.0041680336
0.0027986765
0.0003374815
0.0010986328
0.0028461218
0.00040900707
0.0024689436
0.0018074512
0.0032954216
0.0014051199
0.005222559
0.0006953478
0.00057578087
0.0022717714
0.0012319088
0.0012078285
0.0015920401
0.0010689497
0.0022474527
0.0030343533
0.0044875145
0.0028110743
0.0044072866
0.0003170967
0.0022220612
0.003563881
0.0039514303
0.0031057596
0.001509428
0.00073742867
0.0016542673
0.0026988983
1.8239021e-05
0.0021214485
0.00097072124
0.00035130978
0.00080668926
0.004412174
0.002804041
0.00017225742
0.008141398
0.0013520718
0.0020016432
0.0023748875
0.001363039
0.0001783371
0.0046904087
0.00390625
0.00086021423
5.9604645e-07
0.0043973923
0.00025498867
0.000867486
0.00043308735
0.00024747849
0.00038862228
0.0017486811
0.0008575916
0.0040125847
0.004944682
0.00029838085
0.0040103197
0.00092601776
0.0012520552
0.0012289286
0.0020540953
0.0016306639
0.0034085512
0.0014166832
0.0023498535
0.0022372007
0.004787445
0.001935482
0.00064885616
0.0005348921
0.0010873079
0.0025367737
0.0015448332
0.0021115541
0.001128912
0.00065231323
0.0009820461
0.0028920174
0.000928998
0.0012913942
0.0018476248
0.0031850338
0.002256751
0.0023243427
0.0043246746
0.0008984804
0.001282692
0.0042583942
0.0016355515
0.0057510138
0.0036017895
0.0012953281
0.00069606304
0.0033525229
0.0031768084
0.0027856827
0.0015815496
0.0030784607
0.003018856
0.0022836924
0.0021092892
0.0015900135
0.004173994
0.0036751032
0.0011065006
0.0034191608
0.00033438206
0.0022097826
0.0009634495
0.0024341345
0.0018476248
0.0023998022
0.0029619932
0.0022417307
0.0011839867
0.0016440153
0.00470376
0.0016998053
0.0018880367
0.00084626675
0.0013318062
0.0027056932
0.001476407
0.00023436546
0.0016973019
0.0037492514
0.0003771782
0.0020524263
0.0027948618
0.0006878376
0.0013855696
0.0009521246
0.00075888634
0.0037094355
0.0010027885
0.0027245283
0.0016143322
0.004487872
0.0017390251
0.003477335
0.003257513
0.0005117655
0.0036262274
0.0017819405
0.0005966425
0.00074350834
0.002186656
0.0056540966
0.00052690506
0.0003720522
0.0015597343
0.0011701584
0.0017660856
0.0030937195
0.00438416
0.0028429031
0.0035421848
0.00027179718
0.0025521517
0.0015542507
0.0009788275
0.00027740002
0.0030533075
0.0018287897
0.00028574467
0.006235361
0.004187703
0.003992319
0.0021158457
0.0001758337
0.0024608374
2.9444695e-05
0.0020221472
0.0028995275
0.00023400784
0.0017732382
0.0024921894
0.00027394295
0.0012891293
0.0025258064
0.0031791925
0.0022425652
0.0001924038
0.0034344196
0.00017178059
0.0004851818
0.0019174814
0.002170086
0.0014286041
0.0048412085
0.004805088
0.0016276836
0.0023105145
0.0041190386
0.001572609
0.0028443336
0.0043780804
0.0017058849
0.0038442612
0.000703454
0.0026011467
0.0042574406
0.0010524988
0.004103422
0.0023177862
0.0022064447
0.0040359497
0.0025610924
0.004902005
0.0048413277
0.0016630888
0.005112171
0.0017806292
0.0041122437
0.0028071404
0.0047620535
0.0005810261
0.0018395185
0.00048196316
0.0022765398
0.0018695593
0.005758047
0.002313614
0.00053071976
0.0035300255
0.0018578768
0.0008318424
0.00041937828
0.0035488605
0.0021060705
0.0042442083
0.00082588196
-2.1457672e-06
0.0018197298
0.0019103289
0.0029951334
0.0013213158
0.005656719
0.0043576956
0.0041013956
0.00061154366
0.0012682676
0.004057169
0.0020939112
0.0017642975
0.00040376186
0.0021589994
0.006525159
0.0035248995
0.0028076172
0.0026597977
0.003976822
0.0029613972
0.002130866
0.0010607243
3.516674e-05
0.0023816824
0.003082037
0.0040142536
0.0005532503
0.003093481
0.00085890293
0.003958702
0.0044401884
0.002012968
0.0008056164
0.0023041964
0.0029422045
0.00014603138
0.0021291971
0.0015406609
0.0011281967
0.0018271208
0.0015089512
0.00033557415
0.004169941
0.0030164719
0.0028476715
0.001973629
0.005269289
0.0048742294
0.0015259981
0.0005143881
0.002720356
0.0051282644
0.0025018454
0.002285719
0.0014920235

0.0037660599
0.00090396404
0.002776742
0.0046858788
0.0018150806
0.0017080307
0.001437068
0.0055274963
0.0011012554
0.0021151304
0.0008075237
0.0018727779
0.0021743774
0.0015691519
0.0023032427
0.004147649
0.0020651817
0.0008326769
2.9325485e-05
0.002100706
0.0019093752
0.00066518784
1.1920929e-07
0.0014432669
0.002419114
0.0024756193
0.0003193617
0.001840353
0.0041849613
0.0018560886
0.00060236454
0.0018142462
0.0050388575
0.0005518198
0.000844121
0.005016446
0.0024260283
0.0031843185
0.0016980171
0.0011216402
0.0020930767
0.002763629
0.0020771027
0.0034294128
0.0009344816
0.0029090643
0.0023565292
0.0025149584
0.008521318
0.0044648647
0.0005760193
0.0028328896
0.0021131039
0.0014199018
0.0006673336
0.0008305311
0.0020329952
0.0024125576
0.0042210817
0.0009946823
0.0016027689
0.0025480986
0.0039360523
0.0022403002
0.00060272217
0.0006160736
0.0007660389
0.0014511347
0.0015702248
0.0014921427
0.002143979
0.0035876036
0.0019731522
0.002593398
0.0023481846
0.0015975237
0.0026718378
0.0023002625
0.0011894703
0.0032604933
0.00057935715
0.0012860298
0.0010316372
0.002285242
0.0020298958
0.0015958548
0.0026055574
0.0012229681
0.0011143684
0.00047671795
0.0020068884
0.0009101629
0.00026333332
0.0032135248
0.00048327446
0.0014035702
0.001845479
0.002149582
0.0015118122
0.0046144724
0.0025199652
0.0025217533
0.002955079
0.0036031008
0.0031466484
0.0013651848
0.0017002821
0.00020551682
0.0020086765
0.003199339
0.002343297
0.002026081
0.0019427538
0.0016289949
0.00091540813
0.0017937422
0.0026459694
0.0009903908
0.0028567314
0.0031011105
0.003890276
0.0019773245
0.0018635988
0.0026521683
0.003927231
0.00041151047
0.0014133453
0.002814889
0.0013517141
0.0039590597
0.0023715496
0.0021511316
2.4437904e-05
0.0037362576
0.0017652512
0.0018337965
0.0008057356
0.0050262213
0.002785921
0.002018571
0.0015702248
0.0029417276
0.0019648075
0.0037734509
0.0020128489
0.0042972565
0.0021067858
0.0017011166
0.00094151497
0.0018497705
0.0016124249
0.0022192001
0.0020216703
0.0013358593
0.003623724
0.00028204918
0.0012823343
0.0028979778
0.0016452074
0.0028464794
0.0031782389
0.0017781258
0.0037060976
0.003926635
0.0051550865
0.0006147623
0.0011436939
0.0016475916
0.0017758608
0.0009524822
0.0009268522
0.0042461157
0.0021090508
0.0013850927
0.0012030602
-2.3841858e-07
0.0031867027
0.0043183565
0.001755476
0.0013513565
0.0053880215
0.0015956163
0.0012923479
0.00020885468
0.001876235
0.0013337135
0.00012600422
0.0021215677
0.00036156178
0.0015192032
0.0013303757
0.000618577
0.0003067255
0.0024915934
0.001937151
0.002485633
0.0007522106
0.002963543
0.0031956434
0.0023323298
0.003606081
0.0010018349
0.00085139275
0.002460003
0.0019279718
0.00093746185
0.0029177666
0.0039711
0.0024650097
0.0015574694
0.0037618876
0.0011917353
0.0025640726
0.0018886328
0.002837181
0.002757907
0.0019632578
0.0015926361
0.0021083355
0.0010970831
0.002265215
0.0020145178
0.004795909
0.0017470121
0.0015000105
0.0012791157
0.002013445
0.0036736727
0.0008776188
0.0015348196
0.0018988848
0.0012596846
0.0037355423
0.0022308826
0.0022045374
0.004698634
0.0011862516
0.002019763
0.00051414967
0.0030958652
0.0032260418
0.0012412071
0.000415802
0.0015490055
0.0033363104
0.0007120371
0.0053168535
0.0009806156
0.0007969141
0.00242877
0.0017071962
0.0005171299
0.0035768747
0.0024837255
0.0007728338
0.0011560917
0.0037529469
0.0005221367
0.004301071
0.0024448633
0.002900362
0.0006451607
0.001330018
0.0023183823
0.0014616251
0.002438426
0.002231121
0.002396822
5.4836273e-06
0.0014705658
0.00074505806
0.001748085
0.005849242
0.000852108
0.001377821
0.0022108555
0.0033109188
0.0018509626
0.0010951757
0.0012392998
0.0026026964
0.0007711649
0.004595518
0.0047682524
0.00245893
0.0016715527
0.0030903816
0.0014061928
0.0039405823
0.0015767813
0.0030761957
0.0020344257
0.0020471811
0.0007697344
0.002483368
0.0023370981
0.0017888546
0.0057435036
0.0024098158
0.002127409
0.0049796104
0.005103588
0.0022312403
0.0010995865
0.0006082058
8.940697e-06
0.0011811256
0.003970027
0.002219677
0.0058225393
0.0028092861
5.00679e-06
0.0053993464
0.0010304451
0.0008523464
0.001636982
0.0006248951
0.0007096529
0.0012687445
0.0016838312
0.00089108944
0.0011030436
0.0016220808
0.0021488667
0.0018498898
0.001432538
0.0007318258
0.0037345886
0.0025925636
0.0042990446
0.0009152889
0.0015592575
0.0010609627
0.0018261671
0.0031152964
0.003976226
0.0014486313
0.0014204979
0.0019174814
0.0023587942
0.001439929
0.0017101765
0.0034075975
0.0009703636
0.0017455816
0.0047353506
0.0018113852
0.0019062757
0.0020887852
0.0011547804
0.002301693
0.0013167858
0.0028374195
0.0024732351
0.001442194
0.0025715828
0.0048218966
0.0014572144
0.0024591684
0.0014172792
0.00069892406
0.0015203953
0.0037134886
0.0019572973
0.0013030767
0.0010442734
0.0020514727
0.0016103983
0.0034401417
0.002515316
0.0018998384
0.001794219
0.0013028383
0.0027143955
0.0036387444
0.0033926964
0.002682209
0.0017259121
0.0031641722
0.00097334385
0.0021073818
0.0005853176
0.0023958683
0.0015954971
0.002404213
0.0
0.0015920401
0.0032993555
0.002542138
0.0008637905
0.0018837452
0.0036588907
0.0023181438
0.0066607
0.004137635
0.003378868
0.0037562847
0.0066741705
0.0019155741
0.0014297962
0.0015963316
0.0017948151
0.0038152933
0.0019234419
0.0014675856
0.0015633106
0.0009224415
0.00409472
0.0010447502
0.00030112267
0.00035238266
0.0009918213
0.0017193556
0.0024747849
0.002086401
0.0033956766
0.0008108616
0.0055047274
0.0010356903
0.0013302565
0.0053269863
0.0028762817
0.0012478828
0.0023189783
0.0065356493
0.0027970076
0.0031664371
0.00068199635
0.0025498867
0.0019665956
0.0011541843
0.00066006184
0.0006814003
0.0022501945
0.002409339
0.0011816025
0.002010107
0.0014332533
0.0001951456
0.0015817881
0.0021559
0.0013620853
0.0056859255
0.002963543
0.0006670952
0.0033771992
0.0021413565
0.00038552284
0.0015927553
0.0024791956
0.0011240244
0.0013872385
0.0059957504
0.0030113459
0.002110839
0.0019125938
0.0022337437
0.0020748377
0.0016571283
0.00060105324
0.0036027431
0.002851367
0.0025684834
0.006317854
0.004306555
0.0019025803
0.0015356541
0.003254056
0.0064809322
0.0023175478
0.003348589
0.0017588139
0.0015468597
0.002416253
0.0025662184
0.0018697977
0.00061166286
1.1920929e-07
0.004657626
0.00082337856
0.0019911528
0.0011613369
0.0010933876
0.0009177923
0.0015461445
0.0008337498
0.0018982887
0.0024696589
0.0010749102
0.0015281439
0.0017783642
0.0033934116
0.0010231733
0.0010783672
0.00042390823
0.00038051605
0.0059775114
0.0008504391
0.00198102
0.0019237995
0.0046089888
0.0040175915
0.001982808
0.0052722692
0.0033591986
0.0029714108
0.0019161701
0.0019029379
0.00335145
0.0026823282
0.0013997555
0.002943635

0.045980453
0.041213274
0.058439136
0.047667265
0.04435742
0.048226118
0.04101026
0.03949976
0.03521192
0.036402702

