6.1754446
2.3095222
1.7480309
1.8501114
3.4371996
2.379704
2.8885593
5.749815
3.9038882
1.6157454
1.8570249
3.283906
3.413444
5.4712467
2.7811384
2.3915827
5.22197
5.9295254
3.7795367
2.8425
2.1599085
3.7628722
2.3040369
3.3600032
3.075274
3.1873949
3.4052851
2.4872816
3.1256175
1.8916973
3.2859712
3.0715785
3.6249402
2.1371784
1.6984252
2.2361684
1.7406411
2.7719438
2.1691604
19.221449
5.874361
1.9616799
18.926277
1.7590618
2.6083481
2.5375605
2.216172
2.7150958
2.0811446
3.5779352
2.2107487
4.851473
6.133134
1.8283415
7.187315
2.4227364
15.133034
2.092167
38.725967
2.412202
3.230269
2.0248926
8.383239
2.4662483
3.2817447
1.6521598
3.5715926
2.1640644
1.6172203
2.102705
10.292281
2.1997173
2.1598752
1.6804242
11.175788
6.367322
2.8782399
3.3061085
1.8772881
6.841765
2.085444
1.9585001
2.0379708
1.8254107
7.5025506
3.2898984
32.071636
3.6832209
3.9532871
1.4806032
2.7919931
4.5307035
4.4959846
2.289202
2.3848972
1.9924968
5.2129188
2.6491392
1.7026528
2.270838
1.6482372
2.176157
25.536455
1.8876461
2.6950006
3.1982548
3.1116712
2.6793172
3.9058764
2.8678858
2.3881912
16.002932
1.7205732
2.175305
99.847015
8.717889
1.802445
32.27414
3.754192
2.0589843
2.230292
2.3717437
2.7031186
2.7916265
2.6185188
2.143883
1.7778145
4.8290596
60.568996
2.7012136
5.8933163
1.9043179
2.9321325
4.7095146
4.107107
9.182169
4.536615
2.8140123
1.8344316
11.473312
3.5886984
13.902622
1.6213201
4.7051396
2.6270998
1.8989877
2.4617543
6.440784
1.8673526
4.0727983
3.3871222
4.1363034
2.982189
3.000358
2.3709226
3.3627446
1.7760053
1.7352577
2.007481
4.0336833
2.2466118
11.844817
33.51736
2.0006218
2.0029733
1.5779771
2.5843549
2.4005787
5.322115
2.1000748
1.902569
5.6855097
3.8948529
1.991506
3.1525085
2.1297884
2.254431
2.359833
3.6541362
1.7676456
2.450131
7.6197286
1.5723932
5.5730433
1.7896816
2.8732588
3.5764766
3.242733
3.341026
4.198808
3.5154958
3.2391896
2.353056
2.6850529
2.2941015
3.736394
2.0901499
2.9295335
4.45003
2.1257505
2.140779
3.1518764
2.9027054
2.0370126
27.051697
3.9988897
2.0614023
2.831098
2.1634524
2.105446
3.476911
2.0791285
2.013018
1.868768
1.9287646
7.5508623
3.6507282
4.6600094
4.292851
2.766975
3.0144274
3.816463
2.3022275
2.2902696
41.296047
1.8704329
4.1298065
4.5257864
2.6363096
2.721803
2.706476
1.5920463
1.9647303
4.3584824
3.0389104
8.758336
4.3004913
5.5879326
2.054042
2.231513
16.491991
1.9675678
32.886375
2.6169097
2.0994945
4.0352836
2.9395146
24.552713
2.6295056
1.6677514
2.014086
3.5601687
6.6306877
2.5204775
1.6292118
3.6069145
9.1580715
7.0797586
1.8069377
2.343929
7.904366
1.8963004
2.9811053
2.2993991
3.9887545
5.1885705
1.7891506
1.6730579
13.310015
2.4213426
3.21711
3.639899
36.150173
1.9941771
11.517323
1.9431076
8.568423
7.6496716
4.367617
4.0266314
12.240623
1.639387
8.713827
2.5040445
2.5032856
3.4309726
1.8714646
3.8377118
4.2149334
3.0702825
2.467556
2.9264529
1.5552111
4.5197506
1.691588
3.139012
3.458836
2.9884403
5.1760116
1.782752
17.30805
1.6253699
2.5074003
5.2814527
7.408877
2.562806
4.379591
2.126951
60.467014
3.0010874
1.9278425
23.44347
1.8020138
2.1349447
1.6947203
3.2059922
2.1006978
4.6882005
11.673295
1.8888322
2.081273
7.468866
3.4716802
4.858652
3.1029906
2.4646504
1.8541417
2.9550703
1.7937293
2.4583182
3.3959937
1.5130652
2.032182
1.8677714
11.020812
3.0016406
2.1600592
1.9143795
1.4761808
2.6740448
2.613319
2.289246
2.3150485
1.6233873
1.9966854
1.8532996
4.7118597
2.0444508
2.1140032
7.3677096
2.1214306
2.5891705
3.1363857
5.595497
2.351294
2.4454153
3.2299461
3.096369
6.3347306
2.7479165
2.4926753
2.123554
2.6872442
2.259709
3.4133544
6.3666415
2.189869
1.9631224
5.015597
2.2495248
2.3078103
58.965492
3.3879597
2.0783122
2.737604
2.1881454
2.0703752
1.7407435
1.757647
1.871737
2.0202324
1.9965086
2.474588
3.3761566
1.9424286
2.751337
2.4552097
2.431761
2.22554
2.027604
1.6230335
4.6968384
1.9017276
1.7138859
2.821433
5.9219775
1.9788541
2.6907616
2.9051926
2.519159
2.3596222
1.8889021
1.6900172
1.8447316
3.546599
1.6557364
4.2409115
1.8074043
5.4361777
1.9756913
5.211389
4.660345
2.0811613
3.2978444
2.0912714
4.789694
2.6872067
1.7297671
14.149374
2.524358
2.7516043
2.628502
3.997656
3.4770525
8.673967
2.1148264
2.085798
3.5703185
1.5265597
3.8164997
2.3330274
2.74518
2.2609158
16.924448
1.9299182
3.0697255
5.647233
3.7130384
3.490196
2.0185869
2.1329637
19.752913
4.9582424
1.964104
2.6811652
1.5927987
1.7750189
2.6592777
3.094882
3.1170745
6.3033624
3.2434323
2.7100708
3.502174
2.4128313
1.8572608
1.5307847
1.8293688
31.778769
11.61159
3.717299
16.172337
2.039141
5.2413063
2.3790565
8.393056
2.0590763
1.921629
1.5560935
4.9648666
13.02716
5.368601
3.8866196
2.6258733
4.106086
3.6226156
2.8018136
4.8215327
1.6951658
2.3069997
2.0634387
2.3691406
6.748367
2.0351477
2.381488
3.3807955
2.2660189
3.2656107
19.46274
22.216686
2.5144606
2.4636858
7.9812694
6.8469405
4.6796412
1.7889159
2.818583
1.8533634
7.9972177
2.4058225
2.1104722
4.207668
3.2414904
4.275104
1.8239791
1.705332
1.5590787
3.387374
5.6961837
2.202738
1.6969498
1.8557246
2.2800229
2.8596218
3.6645103
3.6687472
7.56207
5.1810455
3.2364266
3.2731874
3.35774
3.543564
3.6340005
2.2383697
1.5631822
2.8653731
1.8083837
2.5620067
10.796245
1.8286812
3.0333505
3.0019307
2.9857824
5.9945016
1.9879166
1.9730607
2.5392168
2.8224719
1.670722
2.0360022
3.6923687
1.9951608
4.96616
3.7051227
1.9869334
16.470507
2.5521264
2.8328097
7.5727506
5.048615
6.6264644
2.3534808
1.9556248
5.6015706
1.7999635
2.9394357
2.0235324
2.2606874
3.5666695
1.8817068
1.6636001
1.9928067
1.8438139
3.1822836
2.4137926
1.7824401
4.3038316
2.875873
2.2431824
2.9067523
3.1276472
2.7508187
6.3625093
2.0716913
23.1402
2.597694
3.290284
4.1612253
2.6033723
1.6763874
1.7015226
1.8954471
3.954997
1.6811095
3.2328377
1.5923134
2.5827022
2.203499
2.2566764
3.0560715
2.646472
2.447721
6.4169865
3.0858154
2.4618208
4.099074
1.8452877
6.832679
2.0670023
2.3750827
2.4034734
2.8937018
1.7443252
9.816471
1.8652363
2.2995923
1.7860608
2.5458436
7.514991
2.4815547
7.430559
1.9363925
2.152771
2.9487016
3.50632
1.6585019
16.835037
2.016169
3.050998
2.652944
3.4259686
2.5287642
2.8496354
1.391209
25.295359
1.4890618
3.5220447
5.6904607
2.0614707
3.901535
1.6162502
2.2940545
2.1247063
2.1751683
6.516349
2.4413123
2.6959383
1.5047864
2.4768593
1.7701259
8.094971
2.1270528
2.0207636
20.0115
2.592821
32.35381
1.8656628
2.6082304
2.5777307
3.4984996
3.457347
1.6431266
3.3958888
2.6250615
2.4841971
2.0224404
2.030816
2.582021
4.397437
3.713872
2.66499
9.4618025
2.9525423
3.2556977
2.0199108
11.278008
3.0647388
2.3881443
2.061296
2.2665076
5.174822
2.0743582
2.0720599
3.719098
2.541606
1.7445217
2.2336085
15.711057
1.5082027
2.6651049
1.6065187
2.539109
4.5990925
3.4245653
2.738119
2.4595723
6.67764
2.343419
1.9760051
3.1722245
2.4264827
8.24172
2.3489401
5.1663136
4.308523
3.162752
2.116795
18.98291
2.2894342
1.8676615
5.0792866
3.0897448
30.93819
2.592121
3.1305308
2.7404892
3.4895241
2.9148948
5.1597347
2.537669
1.5259634
4.3066115
2.0586393
2.1134868
1.6578009
7.2537193
5.003124
1.9905453
2.2959385
7.2442966
1.8285319
1.9718578
1.5920938
1.757895
1.9571455
2.0297182
2.165077
2.2900584
7.463757
5.147072
1.8996115
2.5151286
6.4696236
1.615732
5.107193
1.5775498
2.078644
27.90896
2.4330368
2.712757
2.704839
3.7709005
1.8215117
5.028645
2.1025712
14.024245
2.9299278
5.4277234
6.050139
4.741768
4.7539573
3.2947981
2.2764516
2.8292243
1.6848375
4.078847
1.8950523
1.6445702
1.5668592
41.877724
2.0619137
10.489286
1.7202448
3.8303487
2.3469017
14.820949
1.7678728
1.4538342
1.7208765
2.422897
3.170008
2.6831496
3.4105237
3.9852595
4.289084
7.6769314
1.9435991
2.951451
1.9977946
1.5777242
3.0170982
5.0805984
1.8769416
1.9048487
4.1431017
2.9864228
2.4961228
2.916352
6.328963
3.0477052
36.48948
2.2855828
3.3830268
3.5549932
2.594991
4.7192397
5.4809265
2.2933817
2.8635142
1.4295894
2.1524475
1.8674481
2.6669688
1.5141932
2.7951784
3.212175
2.4255526
3.8379343
2.4046392
2.0456202
3.6405723
1.719339
2.8476753
1.6644677
2.7156506
2.0651152
6.2551785
3.9049466
1.7525651
3.4907868
2.0456445
3.9984465
1.9004322
4.414304
3.0918899
2.1602051
2.1416297
2.5263827
2.0532808
2.6027603
1.9611669
2.5615
37.603905
2.5225837
1.813287
3.6003888
5.837331
1.8866718
2.2359188
1.716854
2.3803823
3.3668954
2.2724042
3.624106
3.6822894
2.692847
3.2140472
1.4038159
4.237681
1.4482161
2.4464784
7.07403
3.910646
1.9345145
1.7119431
11.247805
5.2305474
2.5737162
1.7992024
9.403559
21.714096
1.9065877
2.0329676
2.1640027
3.279706
9.420813
2.4492133
3.1557643
3.915843
1.9511517
3.0644689
2.8590932
6.663455
4.7141933
3.0404882
29.76673
1.5629601
1.9266334
1.5936615
2.101662
3.7399309
1.4041908
2.2553778
1.4996105
3.3707016
2.376928
2.127814
10.037086
1.9197745
3.2027724
9.845638
3.347715
13.845905
2.2208724
1.9066446
2.7364113
4.2608905
2.6445928
3.4169207
1.7242208
1.7963216
8.851974
1.6650271
3.8885033
3.2602968
3.9284146
3.316776
5.148913
4.484833
1.6860884
1.6872845
3.122354
2.094357
1.777382
3.4742296
6.766084
1.498358
4.986491
2.624066
2.1917002
1.4753878
2.6133978
2.5403798
3.0488994
8.731343
2.5399039
4.473523
2.288964
2.143785
8.586327
1.7442423
1.8412356
25.252298
3.5429254
1.874606
2.0498767
2.3277311
2.6633136
1.8621545
2.083331
2.0487983
3.7997618
2.0220947
1.7584192
2.1272686
2.8192382
1.780398
1.6219373
8.493046
1.8784506
6.0852947
5.3981442
31.2603
2.5699844
3.6050482
1.8055524
1.8479584
2.901477
9.39192
2.3283339
3.1814451
1.7895831
2.245336
1.8241569
3.2618482
1.759543
2.0335574
2.5193675
15.505487
4.9155254
2.7406356
1.5854754
3.6502259
5.5304646
2.7584224
2.2176619
1.8519146
2.835918
2.007583
1.7202076
2.127044
1.7507726
2.3769348
1.7173063
2.3884912
1.7866211
2.9041567
15.239933
2.8861372
1.58408
1.8290609
2.8921208
2.704439
2.6183176
3.205392
1.986609
2.7272785
3.088495
2.6918447
2.0105975
2.502095
2.8826878
4.9879484
1.9331472
1.5273197
3.0623262
5.7150383
2.3673635
2.7932396
6.930493
2.850865
2.307638
5.4394703
2.207865
3.7691736
2.525637
2.6985238
1.6646216
1.9569138
7.989183
18.571772
1.6540352
2.4444325
3.2577448

10.6063175
11.925581
13.134044
13.861113
13.198104
13.616119
11.810153
13.626886
14.205666
15.392489

