4.690258
0.87984776
0.2827698
0.45317924
1.9621658
0.9760909
1.4452642
4.280581
2.3405325
0.20344102
0.37727273
1.8681953
1.952839
4.071431
1.3034692
0.9466835
3.7463927
4.4396434
2.3056812
1.3856772
0.69934356
2.3310654
0.8024548
1.9120665
1.5676703
1.7911744
1.9485754
1.083535
1.6983778
0.45830107
1.8489075
1.6200255
2.2130034
0.7600068
0.28774035
0.8008586
0.3472407
1.3380158
0.7670727
17.711184
4.3822527
0.4939698
17.412266
0.33606195
1.1317322
1.1946156
0.742272
1.3010213
0.643661
2.0970252
0.7764697
3.395063
4.5632615
0.45138705
5.666004
1.0186429
13.612484
0.6851678
37.181488
0.97047484
1.7848309
0.61592484
6.8966722
0.9916867
1.8146454
0.2669555
2.1535926
0.731271
0.26581717
0.7168071
8.824404
0.8153095
0.77371407
0.27271163
9.603735
4.924625
1.4332381
1.815121
0.47639537
5.290342
0.6635233
0.558877
0.67125905
0.37923706
6.0071936
1.8690376
30.465738
2.2135427
2.4922009
0.14242649
1.3153253
3.0730915
3.020713
0.841084
0.96621275
0.5605949
3.7339177
1.1795368
0.24448955
0.8039608
0.28472376
0.72221076
24.045734
0.4698161
1.2881596
1.6916195
1.681681
1.3151313
2.4991746
1.3976221
0.96040595
14.489168
0.35539508
0.7171786
98.05827
7.257633
0.3893267
30.800081
2.267705
0.5990833
0.83881736
0.97224855
1.1888359
1.328359
1.1224561
0.7762562
0.38096333
3.3774507
58.85981
1.253581
4.3628883
0.53927577
1.4674804
3.2077756
2.675703
7.6251416
3.0151756
1.4388833
0.39715362
9.961409
2.153878
12.385445
0.21915102
3.2204223
1.2334839
0.48055685
1.055921
4.9610333
0.4124055
2.606563
1.9568093
2.613824
1.5781064
1.5518206
0.9128927
1.925441
0.33831155
0.3323908
0.6331545
2.6142612
0.7808311
10.430392
32.045795
0.6385009
0.5767143
0.17528868
1.1171801
0.90718937
3.8435411
0.6931746
0.5059782
4.2153034
2.4176679
0.62116385
1.6440609
0.7145456
0.82492435
0.89673305
2.2363873
0.2991072
1.0625778
6.1266756
0.1704961
4.034966
0.37047446
1.4607843
2.164622
1.8096895
1.894467
2.755763
2.0803688
1.8062388
0.8770468
1.2709482
0.8271512
2.2686257
0.64948547
1.4608587
2.9783587
0.70336246
0.71003103
1.6939611
1.507435
0.5966722
25.468687
2.478531
0.6503377
1.3072494
0.675678
0.7077893
2.050934
0.7097591
0.6446508
0.42516243
0.45386183
6.074605
2.222255
3.2451177
2.7940555
1.2985611
1.5595267
2.3522048
0.8829943
0.8797394
39.685226
0.4632125
2.6765647
3.0505533
1.1775795
1.309769
1.2599266
0.18212688
0.53820574
2.8771532
1.489126
7.2751927
2.8189979
4.151349
0.7009392
0.8450787
14.955303
0.51935947
31.488476
1.1345348
0.6773131
2.548637
1.5765706
22.901794
1.0849222
0.19743145
0.5374434
2.0676289
5.1304255
1.0979544
0.29958272
2.1589866
7.5763493
5.4942856
0.42391407
0.95193505
6.3164864
0.4568162
1.5623001
0.86440325
2.501141
3.720925
0.3952042
0.2877071
11.901171
0.97667634
1.7387983
2.2513933
34.63326
0.5712004
10.057307
0.5078733
7.1395693
6.1431437
2.9008482
2.5599117
10.732467
0.19581449
7.1967754
1.0763854
1.1048548
1.9442705
0.51685476
2.3604863
2.79616
1.6125591
0.9461069
1.5073041
0.17901146
3.1041145
0.24509788
1.6508565
1.9506832
1.4744018
3.705145
0.39724588
15.792507
0.22027564
1.0783336
3.7858577
5.9991465
1.0570816
2.958608
0.7140378
58.764183
1.5461761
0.50433767
21.958746
0.34511733
0.70093143
0.3833598
1.7699369
0.6902189
3.188873
10.13148
0.46044707
0.6448685
5.9639726
2.0542488
3.4066708
1.5893908
1.0036037
0.4238658
1.570088
0.3671627
1.0710964
1.9982334
0.11044371
0.6225971
0.4779489
9.513915
1.5685451
0.72730494
0.48500955
0.04905069
1.1948062
1.1680436
0.8647605
0.87630165
0.24065423
0.6455469
0.40688622
3.2785273
0.66104305
0.67300737
5.8654904
0.6497754
1.1069434
1.7426767
4.168398
0.94326293
0.9797776
1.7625358
1.5506226
4.7849293
1.2771865
1.059416
0.6729715
1.2413046
0.8477931
2.0319042
4.853013
0.77571714
0.633999
3.5527673
0.83194304
0.8089855
57.3482
1.8871276
0.62358415
1.3043078
0.7309023
0.55234337
0.28653574
0.3212974
0.4184717
0.62778187
0.53933585
1.0513664
1.9616492
0.50989544
1.2965149
1.0303117
0.9932591
0.7542025
0.6323482
0.2223252
3.2539854
0.5404819
0.24138081
1.3556893
4.46351
0.52431726
1.1813636
1.3657097
1.0626531
0.95739293
0.47724664
0.33772016
0.44411874
2.0298061
0.29351926
2.7780528
0.4201939
3.9664574
0.55125225
3.7512257
3.1689482
0.65993047
1.8609564
0.70023465
3.3142097
1.2219505
0.33149457
12.623448
1.1012561
1.2581034
1.1608137
2.5826025
2.0203836
7.2078514
0.720176
0.62464106
2.1325526
0.13079
2.3250918
0.87833107
1.3129112
0.88806903
15.365345
0.49684906
1.702763
4.1815066
2.256679
2.0642905
0.67290473
0.6877289
18.268625
3.5608788
0.5458027
1.1900098
0.24017704
0.33837676
1.2932583
1.6662425
1.6568499
4.7639914
1.7704823
1.2661831
2.0674438
0.9525274
0.50800216
0.13589323
0.4760493
30.23091
10.096763
2.296658
14.660319
0.6477964
3.8064253
0.9668585
6.895702
0.6569934
0.5274236
0.088963985
3.4714947
11.504986
3.8676016
2.4035053
1.1362526
2.5680046
2.156966
1.3885261
3.3618226
0.31435966
0.86991704
0.6273898
0.9538959
5.311814
0.6537137
0.921255
1.9279377
0.84837055
1.8250428
17.927767
20.684355
1.107263
1.0332193
6.54959
5.389538
3.1860433
0.36352336
1.3963438
0.3882922
6.444848
0.9146546
0.7193495
2.7509851
1.8121032
2.8013787
0.42702746
0.27129757
0.15644348
1.9035325
4.1499343
0.7873484
0.23698068
0.37308335
0.89650154
1.4159629
2.2198093
2.2854133
6.1185374
3.6753314
1.8423004
1.8573358
1.8626918
2.0747619
2.1016045
0.78900456
0.14725351
1.4325453
0.3282007
1.1039718
9.244576
0.4194994
1.5766085
1.54158
1.5130947
4.495712
0.5700785
0.57077277
1.1402401
1.366636
0.26859653
0.6904379
2.1971707
0.5640111
3.4767427
2.2925706
0.5432569
14.998863
1.0957907
1.3653592
6.048807
3.6096969
5.156146
0.93579924
0.5286361
4.107563
0.3927281
1.5538871
0.6117281
0.83339083
2.0349298
0.49525833
0.2498008
0.579381
0.3949207
1.6874832
0.92531085
0.41045225
2.8433552
1.4698167
0.7934413
1.4545342
1.6382376
1.3473537
4.903413
0.6001092
21.661602
1.1761076
1.8238577
2.6305773
1.1221544
0.24708843
0.34689415
0.52817667
2.5571675
0.33229315
1.7435791
0.20300198
1.0982617
0.7733488
0.8597269
1.5841873
1.252174
1.029696
4.9149227
1.6167973
0.9741154
2.6375775
0.4329301
5.3509736
0.6538553
0.98193955
0.9977386
1.4573077
0.36232412
8.32428
0.4032346
0.8456751
0.35789013
1.0803514
6.0727186
1.0748022
5.9740634
0.5167545
0.6969439
1.5082698
2.0364425
0.25756097
15.293082
0.6545538
1.6448495
1.1834742
1.9285691
1.0508572
1.491252
0.004093051
23.732672
0.10308075
2.0565724
4.26836
0.650126
2.4722867
0.23954368
0.85499275
0.74694407
0.716555
5.0714707
1.0331705
1.2504226
0.118661165
1.0602138
0.36062503
6.6347113
0.6811693
0.5811775
18.637684
1.0812354
30.76953
0.39139307
1.209972
1.115619
2.038871
1.9966557
0.17704415
1.8847529
1.1467211
1.0911094
0.62480557
0.5432266
1.169303
2.9689758
2.2543879
1.2436643
7.971647
1.474563
1.8442433
0.57660186
9.739744
1.607626
0.95291257
0.6687074
0.88424826
3.7111328
0.6815264
0.65176594
2.288231
1.0772974
0.3290515
0.802171
14.256591
0.07605004
1.2462705
0.22555351
1.0269192
3.1325269
2.0016983
1.3365856
1.0435549
5.139761
0.88232934
0.5651407
1.7138734
1.013239
6.682719
0.9208542
3.6824012
2.836113
1.7408743
0.7166482
17.467648
0.87494636
0.48307645
3.616435
1.691053
29.390434
1.0730338
1.676367
1.360356
2.0048149
1.4618652
3.6682158
1.1118101
0.13135242
2.8557515
0.6401943
0.6617907
0.2581699
5.815329
3.5588436
0.60076344
0.7637706
5.698546
0.4057411
0.5935433
0.19824934
0.31067002
0.4619162
0.6670686
0.7732127
0.8755189
5.9871645
3.7121844
0.49348485
1.0734661
5.005702
0.15481746
3.5104222
0.15104651
0.69145
26.266832
1.0462818
1.2468263
1.2619371
2.3165152
0.4150331
3.5578396
0.7078004
12.518402
1.5240781
3.939397
4.5879755
3.2440085
3.2366972
1.7776592
0.8673855
1.3867472
0.23626864
2.5963326
0.4264617
0.27415812
0.17595565
40.35958
0.6454612
9.020502
0.3536209
2.424745
0.83003855
13.279172
0.34574556
0.0667398
0.3328116
0.93484104
1.734782
1.229735
2.030993
2.3942776
2.8144598
6.2161655
0.4999553
1.5223883
0.53026426
0.18130112
1.5580958
3.5854197
0.48407888
0.4780761
2.6506195
1.6056674
1.0628214
1.4643455
4.9659367
1.6524813
34.97025
0.85783136
1.893095
2.0833204
1.0986695
3.23788
3.9615376
0.8842939
1.3315722
0.11603212
0.7374575
0.42827058
1.2440689
0.14158177
1.371373
1.8566136
0.9095473
2.3715322
0.99795806
0.56425464
2.1952226
0.3310541
1.4243149
0.34827507
1.2546351
0.6043291
4.7954736
2.4869204
0.3524096
2.07295
0.59034085
2.6216817
0.5272424
2.9921956
1.6193715
0.7544583
0.6977513
1.0315269
0.6544299
1.1765549
0.54779255
1.056653
36.049194
1.1195259
0.41789436
2.1508617
4.406326
0.48187077
0.78589404
0.30914772
0.92981327
1.9505988
0.78075814
2.1925743
2.1809368
1.2853644
1.8278788
0.0010724068
2.8110323
0.12963009
1.0240747
5.5782223
2.4746876
0.53911436
0.29239047
9.79885
3.7798548
1.1710249
0.42424738
7.9200974
20.078098
0.50698936
0.6436274
0.73509204
1.8394548
7.9013405
1.0966811
1.7108899
2.3952074
0.50636744
1.572604
1.4095198
5.166855
3.360393
1.5462838
28.27508
0.18489039
0.51319313
0.20942605
0.6965393
2.3045883
0.042926073
0.83859813
0.09528172
1.9464371
0.9221448
0.6849673
8.591967
0.52142596
1.7332785
8.369241
1.8658835
12.357963
0.8346641
0.4613155
1.2942765
2.7732868
1.1913811
1.9631197
0.28482282
0.36228728
7.374388
0.27278793
2.4176848
1.8222923
2.4969304
1.8004289
3.585602
2.9939222
0.24769163
0.24301982
1.628109
0.6577095
0.41697443
1.9903952
5.260407
0.032853127
3.402421
1.1486988
0.7651819
0.05270481
1.194147
1.1149564
1.6092372
7.2923565
1.1374362
2.9267464
0.84235585
0.7243135
7.152665
0.28409517
0.44328249
23.824026
2.077176
0.4675206
0.6124989
0.8910818
1.1671184
0.5063797
0.68789756
0.6542313
2.3185577
0.5963322
0.29523885
0.7053226
1.3475832
0.374022
0.3384323
7.051569
0.47109985
4.629231
3.8793225
29.671558
1.0897348
2.1865253
0.48320913
0.3809464
1.4053901
7.8986464
0.8965739
1.7633328
0.36447418
0.80676913
0.37005806
1.8132764
0.29450345
0.6314999
1.1018025
13.918265
3.40774
1.3558601
0.1711998
2.1694055
4.0595474
1.2099307
0.75251687
0.46483672
1.3446033
0.5767307
0.24244034
0.6393448
0.3586974
0.92458534
0.32690227
0.99038017
0.38527334
1.4260827
13.6875105
1.4222187
0.15858722
0.42187285
1.3856646
1.1843169
1.1695198
1.8142053
0.505568
1.3239313
1.6783938
1.2352113
0.6206261
1.0699332
1.4669088
3.4933982
0.4811107
0.13205028
1.562765
4.2292643
0.95600593
1.3460755
5.412154
1.3443372
0.827986
3.9931083
0.80997574
2.397015
1.1617662
1.2435379
0.24095619
0.5382854
6.462456
17.023668
0.24472964
1.0246575
1.7765572

7.6500173
8.794639
9.651577
10.215936
9.578815
9.9583435
8.628189
10.112699
10.643914
11.696834

