1.0118248
1.6551129
1.3942993
1.7671556
1.6353133
1.1059408
1.4177384
1.5760018
1.6314933
1.4567199
1.8774105
1.7095903
1.5021229
1.8427414
1.3442737
1.3909554
1.3483367
1.257622
1.6871713
1.4320878
1.1855646
1.483323
1.6271921
1.0216477
1.4560102
1.3840073
1.7081841
1.3343327
1.3913907
1.6312466
1.4987493
1.3250116
1.3542407
1.8524073
1.0367309
1.8893723
1.3608116
1.3481307
1.6063093
1.5607576
1.2174152
1.3699826
1.2975787
1.9138036
1.1585557
1.6059341
1.2947468
1.5722274
1.4573048
1.615725
1.2593101
1.204243
1.264554
1.269075
1.5708405
1.6450084
1.1672951
1.3935155
1.4117272
1.6727973
1.0589972
1.4634569
1.3671026
0.98926115

1.3847452
1.5852578
1.3699094
1.417276
1.4765581
1.5074316
1.3687899
1.3895359
1.5849104
1.4751841
1.4722968
1.498079
1.4008676
1.366691
1.6494511
1.4466106
1.4394094
1.4083863
1.4128978
1.5011197
1.5218691
1.4320406
1.3827602
1.5919456
1.4501532
1.5557282
1.3743615
1.4124699
1.5124078
1.8324592
1.4695386
1.3739618
1.4556469
1.4125477
1.4296658
1.4132034
1.5489558
1.5208513
1.4949216
1.4440155
1.4027122
1.4111681
1.4211909
1.4890829
1.4590197
1.4917079
1.5082109
1.4694793
1.516428
1.4646811
1.424463
1.5110751
1.4909093
1.5491487
1.4634348
1.4198718
1.4801383
1.3678836
1.3275098
1.4741477
1.4785556
1.5153939
1.4415258
1.4679924

1.4607975
1.3935835
1.445777
1.3731582
1.4110024
1.473063
1.432496
1.3887213
1.3561646
1.3610708
1.6060888
1.3739157
1.4228011
1.3656962
1.3616477
1.4019847
1.4018676
1.4624943
1.4290316
1.5232372
1.3450837
1.5094478
1.5044651
1.501945
1.3986297
1.4379474
1.5164438
1.4365354
1.4249351
1.4972389
1.3961662
1.4059978
1.4563112
1.5064986
1.3804607
1.4120036
1.4828312
1.4071809
1.4586246
1.4685369
1.4499671
1.4202116
1.4514858
1.436525
1.4231554
1.4033155
1.4816349
1.5453229
1.4792184
1.5533974
1.5132552
1.4419403
1.4326613
1.4554098
1.5195687
1.4233196
1.4282346
1.458422
1.4673866
1.4606028
1.4938884
1.4235485
1.384775
1.4360207
1.3374662
1.4214222
1.47276
1.4349294
1.4152074
1.481541
1.443309
1.4312754
1.3949976
1.3981631
1.4738417
1.5274125
1.3901525
1.3865887
1.3682332
1.4776695
1.4154434
1.4839916
1.4706053
1.4187719
1.4767798
1.3240482
1.4001393
1.4594351
1.5144801
1.4233011
1.3838767
1.463555
1.463484
1.5113047
1.4161438
1.4137908
1.4321067
1.4551488
1.4959242
1.4699405
1.4958256
1.4452267
1.3891014
1.5984306
1.4652131
1.3973181
1.4174895
1.5190302
1.4374174
1.4651288
1.4005479
1.4325206
1.5023075
1.3918207
1.4027265
1.449505
1.394181
1.3834317
1.4104359
1.3970637
1.4656944
1.4787045
1.3319935
1.4590623
1.49868
1.4883392
1.4286697
1.540312

1.3984375
1.4741472
1.4112663
1.4380492
1.387628
1.4491922
1.3633842
1.4260439
1.4325032
1.3886256
1.3943572
1.4277396
1.3975302
1.4892008
1.3892691
1.4580802
1.4178327
1.4368743
1.4424891
1.424862
1.4865699
1.4342157
1.510286
1.3932827
1.4594504
1.4354924
1.4819292
1.4552785
1.4080913
1.4798081
1.4617615
1.3721055
1.5709914
1.4570818
1.4832282
1.4769709
1.4566313
1.4097415
1.4744046
1.4202806
1.4443663
1.383348
1.4441932
1.5130954
1.4204613
1.3887131
1.379416
1.4521679
1.4303173
1.4083415
1.4801344
1.4559652
1.3797929
1.4140657
1.4459147
1.4835145
1.5156106
1.4063258
1.4362258
1.4508973
1.4253684
1.3980613
1.4222732
1.4542077
1.4359848
1.4534335
1.42987
1.507647
1.4358484
1.4645413
1.5201334
1.4811102
1.4591666
1.4059223
1.4287865
1.4145219
1.4742507
1.4054319
1.4387995
1.5053952
1.4926357
1.4649824
1.404538
1.408477
1.3759564
1.4412622
1.4910156
1.4927623
1.4563828
1.459069
1.3892059
1.4999613
1.4379798
1.4541724
1.4547695
1.4433901
1.4085668
1.4402014
1.396454
1.4540248
1.4482263
1.4374969
1.3901222
1.4380203
1.4787954
1.4092754
1.4081106
1.4969248
1.4231323
1.4188176
1.4718505
1.4511367
1.3859246
1.3997556
1.5045933
1.4678708
1.4815948
1.4038327
1.4283699
1.4898014
1.3963782
1.4246552
1.4467237
1.3611474
1.41348
1.4284526
1.3885032
1.4481999

1.4228405
1.4079014
1.4034804
1.3944992
1.4656569
1.416168
1.4264559
1.4164132
1.4932154
1.3967885
1.4935485
1.4387032
1.4177177
1.4381785
1.4276642
1.4453686
1.4295294
1.4325662
1.4288719
1.4597417
1.427344
1.5017425
1.3887055
1.414855
1.4018992
1.4866896
1.4145199
1.3944997
1.4153382
1.4527049
1.3987293
1.3986728
1.3900898
1.3958013
1.4354455
1.4541075
1.4137989
1.3546585
1.4517318
1.4283931
1.422729
1.4431683
1.4089599
1.3986708
1.4429942
1.4119036
1.4090787
1.3802769
1.4294558
1.4541488
1.3965774
1.4301897
1.4318111
1.4078045
1.3695436
1.435062
1.4738345
1.4578706
1.3962461
1.4210528
1.4553288
1.3992511
1.4057312
1.4731009
1.4233651
1.466734
1.4342129
1.3959448
1.4264287
1.4683613
1.4098333
1.4630525
1.4387076
1.4195489
1.4264596
1.4022026
1.4284388
1.4339767
1.403873
1.4843389
1.4320889
1.3834274
1.341432
1.4015555
1.4221603
1.4201981
1.4064181
1.4157803
1.4073321
1.367374
1.4215379
1.4434509
1.3854318
1.438863
1.388206
1.4498724
1.4307617
1.417994
1.4087956
1.3697467
1.4535332
1.3901407
1.3917477
1.4220545
1.3867328
1.3743626
1.4302326
1.4032011
1.4325975
1.4290936
1.4440829
1.4141377
1.4404238
1.4392881
1.422964
1.3689278
1.4490556
1.4290094
1.4020395
1.4128152
1.4607409
1.4103675
1.4378138
1.3912497
1.4153888
1.4512105
1.4416791
1.4366478
1.4264156
1.4496886
1.4392034
1.3954592
1.4467038
1.4363161
1.4248804
1.5241544
1.3779191
1.4120247
1.3757361
1.4609126
1.4917363
1.4042255
1.4394119
1.4097228
1.4378911
1.4956
1.4514748
1.459789
1.4311887
1.4208525
1.4471006
1.4104731
1.4169501
1.4390252
1.3816307
1.4112964
1.4260184
1.4699241
1.3918235
1.4185219
1.3935341
1.4232097
1.4224242
1.3683004
1.4386207
1.4488271
1.4539346
1.4675092
1.405953
1.3668876
1.4084297
1.4419711
1.382691
1.4377986
1.3997296
1.4232996
1.4990146
1.4033278
1.5081991
1.4268507
1.4777346
1.4155189
1.3608879
1.4002156
1.4047636
1.4213582
1.3970664
1.4123113
1.4372543
1.3434845
1.4122621
1.3672177
1.4189428
1.4465466
1.3914268
1.3953261
1.4771345
1.3797097
1.3977349
1.4101102
1.4539384
1.383442
1.4328634
1.4733366
1.3758086
1.4041467
1.4098814
1.4531434
1.4723873
1.426442
1.4185323
1.4828118
1.3887012
1.4688039
1.4733498
1.4115758
1.4826483
1.4210092
1.3645556
1.4483409
1.3986126
1.4585729
1.3747149
1.4277518
1.4362789
1.4517484
1.4242892
1.3802848
1.449844
1.4438579
1.3602598
1.444436
1.45255
1.37563
1.3768061
1.4460694
1.3856919
1.4458809
1.4131875
1.4352686
1.4160132
1.4125638
1.4578109
1.4285212
1.4554255
1.4355295
1.472475
1.4416647
1.4192944
1.522858
1.3934294
1.4062976
1.4134414
1.4381776
1.4297075
1.4259696

1.3846606
1.4105289
1.4302659
1.4038864
1.434147
1.4457119
1.4484149
1.3952292
1.4052494
1.4066763
1.4253728
1.4162201
1.4117187
1.4192723
1.4734217
1.4163163
1.417863
1.4414577
1.4300689
1.4124186
1.4479631
1.4186647
1.3907869
1.4712735
1.4270908
1.4321356
1.3969806
1.4317989
1.4153848
1.414308
1.4537933
1.4458545
1.3888801
1.4228296
1.4150987
1.404046
1.4312534
1.4330924
1.4431056
1.3919482
1.4343469
1.3993418
1.4143779
1.4482459
1.4719325
1.4333758
1.4451963
1.4462672
1.4971364
1.446481
1.3961487
1.4037642
1.4230856
1.4269199
1.3991904
1.4329263
1.4917089
1.4388568
1.4189367
1.4505941
1.4472932
1.4537162
1.3771653
1.4746885
1.4189783
1.4430678
1.4370446
1.4133956
1.4040293
1.4548303
1.431858
1.4334054
1.4473408
1.4174576
1.4320927
1.411633
1.4168776
1.3978996
1.4275545
1.39745
1.4203423
1.4266509
1.4167652
1.4508017
1.4373
1.4353547
1.4210513
1.420099
1.4235831
1.4377414
1.3846574
1.4169526
1.4129426
1.429727
1.4354837
1.4625516
1.3882987
1.4263575
1.4035364
1.4510309
1.433276
1.4225476
1.4527012
1.4263893
1.4113445
1.4210764
1.4248765
1.4306198
1.412701
1.4162748
1.4481214
1.4372487
1.4039623
1.4743347
1.4234126
1.4224967
1.381621
1.4423406
1.4692696
1.4342571
1.3821074
1.4285475
1.4009387
1.4292771
1.4009281
1.4350319
1.38652
1.4091189
1.4349558
1.3962622
1.4084854
1.4614338
1.396888
1.4046363
1.467551
1.3992738
1.4345871
1.432205
1.4062339
1.4168398
1.4647092
1.4494977
1.4295858
1.4430209
1.4421334
1.3894705
1.4542886
1.4192032
1.4693792
1.4320824
1.4203618
1.400717
1.4301475
1.4266503
1.4061921
1.4383862
1.4244885
1.4377481
1.4302862
1.4054753
1.4601876
1.3961233
1.4437459
1.478279
1.4221503
1.415657
1.420156
1.4486396
1.410266
1.4276439
1.394557
1.4468224
1.4443836
1.4102325
1.4507781
1.4114345
1.4641998
1.415018
1.415109
1.4152714
1.451802
1.4182323
1.4094614
1.3847185
1.4174958
1.409494
1.479431
1.3982807
1.45974
1.4458677
1.4406837
1.4090419
1.4390355
1.4288579
1.3892313
1.4147284
1.4119064
1.4554111
1.4478083
1.4184657
1.4506915
1.4332554
1.4268371
1.4074157
1.4253166
1.4373372
1.4253821
1.4201703
1.4280709
1.3991501
1.3916804
1.4343269
1.4343188
1.4095209
1.4044617
1.4333748
1.4058366
1.4487422
1.4426097
1.4216536
1.4466045
1.4729495
1.4166124
1.4210354
1.4312145
1.4322366
1.4055083
1.3684793
1.3955307
1.4357866
1.4670365
1.3874222
1.4626143
1.3802786
1.4455861
1.3961396
1.4430318
1.4085784
1.4363185
1.4187801
1.4563653
1.447644
1.4266788
1.3626018
1.4042145
1.4115156
1.3973688
1.4254051
1.4533546
1.4241862
1.4415616
1.4580336
1.387607
1.4797219
1.4495147
1.4223003

1.4293392
1.4391367
1.447992
1.4273951
1.4240682
1.4391116
1.3902268
1.3804251
1.4237146
1.4469342
1.3981934
1.4532301
1.4398513
1.3976325
1.3850007
1.4305795
1.3972574
1.421584
1.4198854
1.4763699
1.4225273
1.4148741
1.4551084
1.4504532
1.4549592
1.4246441
1.4304305
1.4373199
1.4118127
1.4931917
1.4837993
1.4097749
1.4336952
1.4409918
1.4384817
1.3908303
1.404477
1.4096094
1.4122428
1.4227525
1.393893
1.4295537
1.4265484
1.4952097
1.4420788
1.3999571
1.4189391
1.3746336
1.4450536
1.4462504
1.4165854
1.4262009
1.4548953
1.3840628
1.4463264
1.4287183
1.4312416
1.4364233
1.3957958
1.4106628
1.4717635
1.4560459
1.410062
1.4169854
1.4416431
1.4412038
1.4178278
1.4883215
1.3840994
1.4224422
1.4507174
1.4522954
1.452235
1.3883218
1.3981917
1.4263966
1.4074028
1.4141333
1.430507
1.3976507
1.4701964
1.4120971
1.3723823
1.4032223
1.4333236
1.4270898
1.4122449
1.4018044
1.3926792
1.3643351
1.3900499
1.4148053
1.4626616
1.3629016
1.4162611
1.4328228
1.4090083
1.3882895
1.4679843
1.3965119
1.4142123
1.4672555
1.455894
1.4157091
1.4721913
1.4490731
1.4556386
1.408465
1.4398644
1.4486452
1.4158872
1.4018128
1.4319668
1.4265883
1.415178
1.4212048
1.4049677
1.4285985
1.4115281
1.4205179
1.4552686
1.4788712
1.3994666
1.4758846
1.4645271
1.42343
1.4151872
1.4226894
1.4712337
1.4653512
1.4582864
1.466429
1.4747773
1.4154418
1.4164448
1.424742
1.4650779
1.4298156
1.4628874
1.3758893
1.4034817
1.4056169
1.4287603
1.4120936
1.3794063
1.4081473
1.4132591
1.4229752
1.4106394
1.381264
1.3883395
1.4567655
1.4092089
1.4555049
1.3937899
1.4194874
1.4674072
1.445918
1.4647344
1.4597836
1.4300002
1.4662582
1.4297867
1.4244938
1.4232838
1.4419192
1.4441279
1.4187006
1.4285946
1.4489329
1.429551
1.4012414
1.4114144
1.4211613
1.4106357
1.468305
1.4501696
1.4395865
1.4518123
1.4207191
1.3939545
1.4454015
1.4712211
1.422002
1.4110712
1.4131984
1.4688096
1.4478854
1.4671428
1.4109092
1.4402169
1.4277477
1.4276209
1.3922188
1.4219165
1.3912214
1.4216847
1.4311903
1.4300514
1.4584588
1.4206264
1.4146104
1.4313599
1.4122332
1.4487371
1.4173316
1.4008639
1.4492058
1.4264922
1.4060756
1.4051675
1.4623357
1.4214514
1.4338511
1.4016716
1.3816977
1.4064782
1.429235
1.408858
1.4309728
1.4479136
1.4523252
1.4785172
1.4318318
1.4247762
1.393503
1.446394
1.3975828
1.4238226
1.4421439
1.4644729
1.4687271
1.4047272
1.4509379
1.4075192
1.4224758
1.417177
1.4253643
1.3827295
1.4043934
1.4211091
1.4294431
1.4388539
1.4122624
1.4150041
1.4281324
1.4129331
1.4088494
1.404232
1.4287657
1.4344157
1.4157633
1.4082379
1.4472574
1.4320176
1.4431511

1.3640828
1.4598604
1.4519309
1.4552555
1.4080665
1.4253728
1.4259083
1.4637389
1.4019731
1.4233881
1.3913417
1.3890337
1.4017371
1.4368627
1.3949658
1.4522618
1.4288698
1.4377495
1.4313695
1.3917006
1.3976945
1.4524647
1.4125069
1.4090736
1.3774678
1.4049033
1.437781
1.3834239
1.4310769
1.4296141
1.425873
1.3832246
1.4137809
1.438652
1.4234264
1.4055268
1.4344271
1.3984001
1.4102566
1.4090366
1.3940166
1.4238821
1.404073
1.4110215
1.3938056
1.4262229
1.3826815
1.3797157
1.4182912
1.4316279
1.3953019
1.4242089
1.4534596
1.4698586
1.4258018
1.4029899
1.4297395
1.430307
1.4179211
1.4393646
1.4355879
1.4655968
1.4065351
1.4103117
1.4345676
1.400698
1.4298638
1.3708428
1.4254767
1.4327694
1.4236592
1.4589169
1.4121928
1.4064842
1.4169478
1.4127977
1.4274309
1.3750064
1.3930508
1.422196
1.4478444
1.4565464
1.3985891
1.4265554
1.392063
1.4154017
1.4008813
1.3873798
1.4531575
1.4485403
1.4291955
1.4139054
1.422418
1.454485
1.4029299
1.4383409
1.3675848
1.4125909
1.3936766
1.4516603
1.4333501
1.4199189
1.4016031
1.466028
1.4207412
1.4287366
1.3802384
1.4145968
1.4251639
1.4126872
1.4418666
1.4003439
1.4208207
1.416769
1.38876
1.4314747
1.4315071
1.3667239
1.4517239
1.4374808
1.4146758
1.3670622
1.365161
1.4298434
1.4092546
1.3855932
1.4646814
1.4397249
1.3933278
1.4223841
1.4514282
1.407385
1.4022232
1.4629858
1.4471283
1.4082204
1.4310352
1.4330277
1.4144727
1.4354892
1.4031887
1.4313769
1.4370843
1.4206909
1.4445533
1.4395753
1.4254665
1.4047241
1.4097798
1.389561
1.4114606
1.4278477
1.4276307
1.4342444
1.4511082
1.405408
1.4224572
1.4106638
1.4275615
1.4190413
1.4364783
1.3989532
1.4237398
1.4223095
1.4006873
1.4038851
1.3996322
1.436592
1.4163849
1.4068565
1.433688
1.4271132
1.4513392
1.3861929
1.4528843
1.4088364
1.4049231
1.4196126
1.3688551
1.4121609
1.4249159
1.4003599
1.4455068
1.4142948
1.3688214
1.4370056
1.4435097
1.3925102
1.4020834
1.4340512
1.4087789
1.453778
1.437487
1.4368147
1.4162492
1.4360919
1.4195063
1.4304913
1.4221175
1.4391228
1.4289442
1.4404933
1.4186093
1.429591
1.4316318
1.4352973
1.4148654
1.3950938
1.4141119
1.3633243
1.4553019
1.4106215
1.401313
1.4460465
1.4339472
1.4306749
1.4085863
1.4283652
1.4202287
1.3707025
1.4154464
1.4733316
1.4319566
1.457705
1.4139497
1.4222964
1.4485911
1.4206772
1.3977435
1.3722919
1.4200889
1.4394954
1.4245638
1.4262328
1.4023947
1.4189321
1.4245603
1.428376
1.4007323
1.4314219
1.4436388
1.4160527
1.4113618
1.4175472
1.4209932
1.4325486
1.4285442
1.4356334
1.3982073
1.4242433
1.4420229
1.448312
1.4538835
1.4178473
1.4339073
1.4214834
1.4283773
1.4396689
1.4304643
1.4748394
1.3804668
1.4068208
1.4121971
1.4101796
1.4328635
1.4092963
1.3701918
1.415916
1.3974807
1.3962032
1.4003736
1.3586589
1.3949072
1.4378709
1.418121
1.4003476
1.4139366
1.4169028
1.3971139
1.4496177
1.4070251
1.4586189
1.4291941
1.4059374
1.4450057
1.3852311
1.4621724
1.4219364
1.469814
1.4301773
1.4248
1.4157573
1.415417
1.3858181
1.4276905
1.4556634
1.4022398
1.4357024
1.4369104
1.4364192
1.4592991
1.4022181
1.3976701
1.3985292
1.4146413
1.4173406
1.3828706
1.4405323
1.380775
1.4517404
1.4167074
1.4178181
1.4153806
1.4210556
1.4238266
1.4090049
1.4059075
1.3986462
1.3973665
1.4226625
1.4040363
1.3554006
1.4236971
1.4096978
1.3961143
1.4137673
1.4212565
1.4198339
1.4096519
1.4245056
1.4173539
1.4143119
1.4309419
1.4196666
1.4000306
1.4286919
1.4127485
1.4321439
1.403492
1.4102699
1.4300967
1.4349577
1.4108305
1.4431325
1.4021225
1.4300811
1.3696728
1.4244157
1.4137716
1.4387972
1.4130744
1.3819011
1.4003712
1.4561286
1.4406685
1.403613
1.4466305
1.392144
1.402733
1.4266592
1.4479984
1.4084489
1.3819911
1.3792838
1.4438778
1.4366248
1.4489616
1.4229574
1.3492415
1.4100403
1.3977501
1.4460921
1.3855009
1.3680367
1.4161774
1.4161919
1.3789755
1.4260709
1.4344193
1.4298
1.4283506
1.4594394
1.3811574
1.4596825
1.4382501
1.4290198
1.3874357
1.4190975
1.4574662
1.4307003
1.4305985
1.4579176
1.3860908
1.4195918
1.4511013
1.4286112
1.4317186
1.3970325
1.4123029
1.4171408
1.4389017
1.4225554
1.4154557
1.4102998
1.4256965
1.4399415
1.4140968
1.4331475
1.39492
1.3964293
1.3878535
1.4421996
1.3959852
1.4320967
1.4357367
1.409789
1.428224
1.4269947
1.4211694
1.3929918
1.4040651
1.432827
1.3886263
1.4179037
1.4090369
1.4259332
1.4160475
1.4281356
1.4062897
1.3812069
1.4024246
1.4245627
1.4565684
1.367842
1.3896489
1.4517577
1.4101024
1.4426324
1.420728
1.412675
1.4114765
1.4076982
1.4352686
1.3609636
1.4094231
1.438465
1.3829896
1.4183315
1.390416
1.4301863
1.4207675
1.4232929
1.4448909
1.4561855
1.3930856
1.4177836
1.4183167
1.4347697
1.4206171
1.3951397
1.3962437
1.4174228
1.4194474
1.384143
1.4114535
1.3994296
1.4328365
1.442881
1.4171835
1.4388065
1.4309543
1.4168195
1.4196066
1.4406476
1.4135045
1.4555398
1.4825497
1.4127367
1.389406
1.4606583
1.3958375
1.4314978
1.3780543
1.4212794
1.4707787
1.4122655
1.3879645
1.4460474
1.3922143
1.4096142
1.4382981
1.366934
1.42264
1.4209867
1.4068081
1.3758805
1.4281677
1.4250728
1.4693815
1.4574076
1.3886628
1.3973988
1.4177879
1.4371568
1.3744649
1.4142073
1.4193355
1.4415388
1.3898942
1.4180127
1.4173828
1.4080021

1.4356312
1.4336616
1.4356837
1.4357716
1.4143726
1.4140606
1.4615557
1.4261469
1.4207829
1.4125273
1.4193215
1.4275641
1.4022644
1.4058944
1.437322
1.4092444
1.4246609
1.4307566
1.4314811
1.4111401
1.4324814
1.4103798
1.3970437
1.4258066
1.4277681
1.3941989
1.4355104
1.4289192
1.4346367
1.4215987
1.4175742
1.4367628
1.4037372
1.4505174
1.4217036
1.4318174
1.4319257
1.4046515
1.4151567
1.4144425
1.4068503
1.430336
1.4223217
1.4260072
1.4025679
1.4330074
1.3641753
1.4246688
1.3956584
1.4559014
1.4109553
1.4220389
1.4489278
1.4333711
1.441111
1.4219106
1.3902535
1.41082
1.4338326
1.437829
1.3846624
1.4276602
1.4353008
1.4215534
1.4220481
1.4204115
1.400923
1.4333043
1.4174987
1.4124321
1.4317591
1.4019973
1.421344
1.4291607
1.4404632
1.43151
1.447486
1.4218796
1.415653
1.4064056
1.4222603
1.415308
1.4280251
1.4157969
1.4247584
1.3852651
1.3988627
1.4231207
1.4160901
1.412438
1.4460179
1.4176558
1.4420581
1.4124364
1.4055175
1.4207528
1.4133364
1.4397658
1.4015112
1.4266964
1.4041299
1.4132651
1.4102871
1.4243152
1.4336488
1.410997
1.4056501
1.4082931
1.4067326
1.4408132
1.389359
1.4119984
1.392964
1.4082657
1.4366986
1.3780812
1.4361249
1.4046681
1.4155402
1.423676
1.4168884
1.4261097
1.4066215
1.4141519
1.4126666
1.4361552
1.4175019
1.4198385
1.412218
1.4213523
1.4377569
1.430663
1.4317522
1.4177551
1.4254643
1.3844093
1.4351677
1.4182802
1.451339
1.4250351
1.4094762
1.428762
1.4247037
1.3980271
1.4277551
1.4255905
1.4120704
1.4336066
1.4380033
1.43483
1.419497
1.4346327
1.4395525
1.433348
1.422318
1.4313734
1.4120921
1.4125134
1.4304981
1.4103438
1.4236281
1.4248159
1.4226146
1.4123387
1.4353333
1.4166508
1.3972473
1.3976865
1.4566163
1.4324487
1.3884591
1.4041393
1.4335114
1.4438981
1.3965694
1.4507552
1.4276372
1.4172058
1.4114686
1.415269
1.4230961
1.4227132
1.4342698
1.4449401
1.4293399
1.407608
1.4332777
1.4304253
1.4059013
1.412475
1.4093451
1.4149499
1.4216948
1.4254684
1.4185134
1.3888108
1.4282808
1.4329458
1.4023156
1.4132144
1.4292642
1.43861
1.4083675
1.3964169
1.4337697
1.417143
1.3839135
1.4605519
1.4250478
1.4283409
1.4194154
1.4169917
1.4174116
1.3940852
1.4262173
1.4292294
1.3981094
1.404123
1.4552317
1.4192907
1.4472303
1.4200385
1.4091015
1.4126717
1.4161794
1.3991724
1.4171733
1.4076606
1.4343146
1.4145504
1.3943081
1.4190968
1.4249451
1.4341837
1.4143109
1.4211335
1.4231261
1.4255493
1.3980697
1.4290137
1.4109604
1.4186418
1.4533526
1.4213635
1.4257705
1.4301322
1.4344043
1.3931042
1.420019
1.4144793
1.4245756
1.4240667
1.4389844
1.4008595
1.4196795
1.4238906
1.4097664
1.4302635
1.3969922
1.4054517
1.3954074
1.4044812
1.4172294
1.4329307
1.4408913
1.425748
1.4226869
1.4124731
1.3996547
1.4161509
1.395321
1.4144768
1.4104768
1.4193673
1.4168621
1.424706
1.4197896
1.4174657
1.4192927
1.4307553
1.4066038
1.4345305
1.4170896
1.4240994
1.4057901
1.4223803
1.4466953
1.4083197
1.426617
1.3944205
1.4019089
1.4242554
1.4482758
1.4265705
1.4333446
1.4205225
1.4191743
1.4285952
1.4270059
1.3843223
1.4291643
1.4252198
1.4448514
1.4410292
1.4342362
1.41549
1.4101899
1.3983423
1.441887
1.4368656
1.377048
1.3984901
1.4128922
1.4164195
1.41282
1.4038036
1.396916
1.4499104
1.388011
1.4136187
1.4197106
1.4283874
1.4238819
1.436811
1.4336579
1.4274037
1.4450982
1.4094212
1.4249251
1.3983836
1.4475466
1.4175221
1.4360342
1.3980023
1.4036987
1.4250576
1.4321331
1.4309119
1.4073135
1.4354208
1.404801
1.4248648
1.468195
1.4195787
1.4224769
1.4102648
1.4358644
1.3999726
1.4410766
1.4390812
1.4210358
1.4419603
1.448107
1.4236022
1.4664791
1.4618629
1.3949174
1.4191942
1.4322289
1.4293611
1.4715031
1.4059882
1.4371421
1.4315395
1.4252088
1.3975418
1.4224222
1.4170095
1.4368677
1.4196732
1.4164004
1.4066479
1.429537
1.4041481
1.4118543
1.4356322
1.4178228
1.4442166
1.407624
1.4247968
1.4067627
1.4352095
1.4244787
1.4223665
1.410195
1.4345953
1.4099
1.4429549
1.4188128
1.4398264
1.3981425
1.4129721
1.4172244
1.4309744
1.3960991
1.4087372
1.4118526
1.4411408
1.4179103
1.4218214
1.4034096
1.426345
1.4377235
1.4181793
1.4178836
1.4061413
1.404972
1.4272444
1.4269531
1.4162624
1.4246004
1.4139972
1.4011679
1.4277731
1.4503303
1.4193622
1.3899329
1.4400673
1.4251865
1.4355767
1.4025514
1.4381218
1.4204532
1.4210298
1.4433926
1.4282826
1.4180876
1.432118
1.4147474
1.4474301
1.4200975
1.4289513
1.4129195
1.4556584
1.411303
1.4264861
1.4354696
1.3978759
1.442187
1.405177
1.4245923
1.411311
1.433212
1.4164108
1.4255805
1.445542
1.4299752
1.3998774
1.4050554
1.4314922
1.4185166
1.452652
1.3965875
1.4413602
1.4354705
1.4283663
1.4465994
1.4281954
1.43756
1.4102666
1.461944
1.4498852
1.4434425
1.451346
1.4256366
1.4441085
1.4228871
1.4376998
1.4045506
1.4002327
1.4377508
1.4218767
1.4275992
1.4196464
1.4167315
1.428495
1.414361
1.4006637
1.4215487
1.3824074
1.4009464
1.4258777
1.4564095
1.4013677
1.4451867
1.4037367
1.4041963
1.4003382
1.4065801
1.4408671
1.4264026
1.4184735
1.4369866
1.4319708
1.3992614
1.4171438
1.4510478
1.4340194
1.4411204
1.4000266
1.4186658
1.4245737
1.4180576
1.416104
1.425767
1.4134365
1.4097105
1.4215559
1.403713
1.4357202
1.4054838
1.4249653

1.4344152
1.4114437
1.4028527
1.4120435
1.4104073
1.4114125
1.4276117
1.4327189
1.418226
1.391281
1.4093199
1.409595
1.4402999
1.3949436
1.4407969
1.4033478
1.4237372
1.4143033
1.4136006
1.4343798
1.4100894
1.4091136
1.4074974
1.4037397
1.4100922
1.4442047
1.4109119
1.4499922
1.4286649
1.4248909
1.4108582
1.443303
1.4239354
1.4379429
1.3884602
1.421532
1.4220617
1.4182606
1.4213622
1.4486634
1.4460266
1.4190047
1.3996197
1.397734
1.4281116
1.4114791
1.420973
1.3972619
1.378514
1.3922892
1.4152904
1.4346687
1.4030305
1.4182581
1.4224467
1.4228692
1.3970449
1.4567224
1.4426277
1.4150637
1.3863221
1.4490014
1.4336642
1.4196457
1.4115193
1.4060253
1.4446735
1.4320055
1.4302275
1.4287419
1.4417299
1.4005572
1.412625
1.4145082
1.4362985
1.4256485
1.4013145
1.4097077
1.4219314
1.4366382
1.4357735
1.4189266
1.4321264
1.441666
1.4305692
1.4160875
1.4096158
1.440415
1.4312931
1.4136927
1.4006678
1.4290756
1.4145585
1.4334031
1.4284247
1.3709774
1.4244788
1.4247948
1.4248406
1.4345152
1.4295778
1.4304532
1.4365284
1.4232966
1.4122809
1.40511
1.4519247
1.4250636
1.4241612
1.4087163
1.4162996
1.4195758
1.4196163
1.4147089
1.4344864
1.4082123
1.4398377
1.4483443
1.4178416
1.4054831
1.4259863
1.3953917
1.4050331
1.3864818
1.441362
1.4083074
1.4230683
1.4240304
1.4302934
1.442528
1.40839
1.4281914
1.4253023
1.4222684
1.41014
1.4195253
1.4242958
1.4262652
1.4279119
1.3993912
1.4290147
1.4045107
1.4444517
1.4267087
1.4298091
1.4284902
1.4264969
1.4195193
1.4431831
1.4090134
1.4056251
1.4551362
1.4344362
1.407227
1.447834
1.4385327
1.4087459
1.4170115
1.4352458
1.4268698
1.4436285
1.417255
1.439879
1.3856112
1.3849967
1.3929601
1.4005073
1.4368869
1.4397967
1.413606
1.4297602
1.4076964
1.4105635
1.4135711
1.4610559
1.405896
1.4346181
1.4240263
1.4198326
1.3907726
1.4198084
1.4586397
1.4360505
1.41125
1.4134651
1.440896
1.4145786
1.4020146
1.4410828
1.4065329
1.430849
1.4052255
1.4172689
1.3923012
1.4319578
1.4450186
1.434092
1.4102439
1.4171723
1.4354745
1.4246795
1.4324534
1.4351866
1.4057808
1.4056432
1.4005544
1.3972478
1.4048278
1.4172384
1.4445579
1.4066056
1.3935449
1.4406193
1.4072828
1.4257815
1.3963715
1.409024
1.4005315
1.4279557
1.4339622
1.4200239
1.4160405
1.4278861
1.4210883
1.4190916
1.4422879
1.4445589
1.4596993
1.4226099
1.4545352
1.418794
1.4346507
1.419987
1.4118948
1.440929
1.421045
1.4569559
1.426518
1.4244452
1.4207612
1.4088743
1.4156281
1.432571
1.4289633
1.4290098
1.4326068
1.4135704
1.4265349
1.4138188
1.4016505
1.4258263
1.4169431
1.4423141
1.4500493
1.4377983
1.4457599
1.4326096
1.4455018
1.4066023
1.4173558
1.4322325
1.4606009
1.4156731
1.4697294
1.4212772
1.4268789
1.4431949
1.4185811
1.4402448
1.4193907
1.4080589
1.445687
1.4288778
1.3976825
1.4361982
1.3970486
1.4105103
1.4091902
1.4205277
1.4391637
1.4449298
1.3912656
1.4448886
1.4443427
1.410096
1.4497545
1.4138921
1.4189893
1.411089
1.4220625
1.4275181
1.4309746
1.4322987
1.4227633
1.416817
1.4412702
1.4142059
1.425011
1.4348831
1.4112501
1.418518
1.3995391
1.4010581
1.3878313
1.4118209
1.4499133
1.4055578
1.4017825
1.4179468
1.4362214
1.4124585
1.4049382
1.4080286
1.4388252
1.4410765
1.4036313
1.4319358
1.4298145
1.4047431
1.3965105
1.4143163
1.4342446
1.4409752
1.3985578
1.4175676
1.4155595
1.4307686
1.4418842
1.4089689
1.4044917
1.4211162
1.4267917
1.4109231
1.4485456
1.4418526
1.4227393
1.4450071
1.4402881
1.4213341
1.4349453
1.4330351
1.4071094
1.4273897
1.4446102
1.411949
1.41895
1.4160916
1.4174664
1.425672
1.4424686
1.424614
1.4470472
1.3961782
1.4252858
1.4237388
1.4053025
1.4071066
1.4294428
1.4282283
1.4346253
1.4590157
1.4422548
1.4126474
1.431866
1.3950487
1.405593
1.4488035
1.4390666
1.4175094
1.4057145
1.4058093
1.4428339
1.4318134
1.4104091
1.4039879
1.4112782
1.4700531
1.4170275
1.4136834
1.4455737
1.4084436
1.3937845
1.4271755
1.4081931
1.4059924
1.421126
1.4168189
1.4042475
1.4207087
1.4100429
1.4496065
1.4422238
1.4109263
1.4251345
1.4422364
1.3967258
1.4291264
1.4515833
1.4180474
1.4180548
1.4444345
1.4449255
1.439774
1.4272106
1.3965294
1.401749
1.4003056
1.3955792
1.438136
1.4550905
1.4127085
1.4396492
1.4478258
1.4007626
1.452625
1.4271581
1.4367706
1.4385663
1.4241709
1.4154574
1.4401158
1.4499617
1.4053078
1.4182206
1.417343
1.4438958
1.4150294
1.4326183
1.4122529
1.4171581
1.4033923
1.4180785
1.4177743
1.4340624
1.4323388
1.4191384
1.4076077
1.4602011
1.4160476
1.4321156
1.4012877
1.3830489
1.4349911
1.4392891
1.4340547
1.413282
1.4157305
1.436725
1.3997384
1.4170082
1.409607
1.4413629
1.441932
1.4337221
1.4200379
1.4519422
1.3947504
1.3988346
1.4296727
1.4017205
1.4412556
1.437987
1.4015559
1.4163698
1.4004092
1.4250168
1.408497
1.4450173
1.4213237
1.4105078
1.4329377
1.4163756
1.4056498
1.425961
1.4266969
1.417797
1.4259993
1.3947091
1.4312323
1.4477057
1.4323573
1.4098285
1.4188207
1.3909314
1.3713832
1.4127449
1.4510313
1.4493184
1.4217987
1.4114187
1.4085202
1.4104667
1.3818246
1.4434794
1.3932395
1.3799558
1.4198955
1.425834
1.395041
1.4456905
1.4214602
1.397472
1.4330977
1.4338521
1.4284909
1.4216657
1.4250829
1.4047397
1.4569358
1.418835
1.4206581
1.4341503

1.4257443
1.4300127
1.4185933
1.4388486
1.4301621
1.4022613
1.410671
1.4205252
1.4275383
1.4156826
1.3998057
1.4058572
1.4095625
1.3947339
1.4155016
1.4340489
1.4087859
1.455701
1.428687
1.4243927
1.4174237
1.4072827
1.4137298
1.3810905
1.4406279
1.4046055
1.4098729
1.3968111
1.4418494
1.385783
1.4176638
1.4282509
1.4240338
1.4248348
1.4575981
1.4002417
1.4234828
1.4398929
1.3969938
1.4143785
1.428567
1.4103358
1.4218376
1.4222727
1.42914
1.4052957
1.4273468
1.4309806
1.4441332
1.4132501
1.434708
1.425527
1.4087943
1.4046766
1.405477
1.430844
1.4046713
1.4013819
1.4276782
1.4235154
1.4405293
1.4295534
1.4031278
1.4369401
1.4150554
1.3985547
1.4211771
1.4261011
1.4428829
1.4417908
1.4345087
1.4347351
1.4291515
1.4396822
1.4256009
1.4364072
1.4106067
1.4416059
1.4271835
1.4266129
1.3991432
1.401539
1.4054631
1.4528049
1.4301608
1.4356707
1.3890232
1.4358225
1.4298187
1.4250624
1.4151107
1.4212655
1.4562372
1.397836
1.4097044
1.3787494
1.4116701
1.4375651
1.4067297
1.4027449
1.4198049
1.4257023
1.4350215
1.3969287
1.4075937
1.4299215
1.4216073
1.4317843
1.4292593
1.4059871
1.4145212
1.4268272
1.4038786
1.4266232
1.3929029
1.4118402
1.4296439
1.4188933
1.4372274
1.4248209
1.4162549
1.4365606
1.427027
1.4169841
1.4145236
1.4488266
1.4480996
1.4155986
1.3932556
1.4195825
1.4434073
1.4505411
1.4398721
1.4421383
1.4234934
1.4206787
1.4178563
1.4252081
1.4094137
1.4074373
1.4142711
1.4353095
1.4111382
1.4238667
1.4260194
1.413707
1.4114813
1.4004999
1.4543467
1.4432517
1.407532
1.3985645
1.4127945
1.4157788
1.426151
1.4252006
1.4260285
1.429972
1.3906573
1.4178295
1.4530531
1.3996766
1.4234508
1.413405
1.4320734
1.4073591
1.4225266
1.4222877
1.4020615
1.4252276
1.4041622
1.3989092
1.4037057
1.4016557
1.4229101
1.4203922
1.446889
1.4048109
1.4181027
1.4229413
1.4154199
1.4534624
1.4088475
1.4012582
1.3875526
1.4105306
1.4146626
1.4409062
1.4237801
1.4320145
1.3911254
1.4068139
1.4153429
1.3839419
1.4061728
1.4335806
1.4407597
1.4240695
1.4185624
1.3944993
1.4023643
1.4266915
1.407981
1.432843
1.4153926
1.3929667
1.4176557
1.4272656
1.3940606
1.4249682
1.4212403
1.4272422
1.4162649
1.4113314
1.4122998
1.4154557
1.3864805
1.4166833
1.3954118
1.4213786
1.4314702
1.4260572
1.4319603
1.427086
1.427229
1.4650035
1.4184606
1.4252261
1.4122201
1.4298427
1.4201051
1.3951094
1.4264494
1.4281112
1.4135671
1.4048878
1.44458
1.398091
1.401507
1.4279962
1.4172052
1.431487
1.4366457
1.4218724
1.4034874
1.41093
1.4115065
1.4082884
1.4254125
1.4335642
1.4100692
1.4200257
1.4069237
1.4119458
1.4457749
1.4088751
1.4080153
1.4091947
1.4519376
1.4196299
1.4296489
1.4322293
1.4128807
1.414104
1.4150976
1.4459039
1.4134536
1.4057647
1.4276581
1.4248362
1.4163871
1.4010433
1.4383327
1.4364957
1.4131963
1.4149591
1.4515162
1.4036955
1.4313257
1.4409832
1.4176878
1.4275942
1.4135673
1.4278139
1.4120795
1.3916788
1.4003283
1.4340078
1.4048007
1.4300591
1.4345554
1.4411823
1.4554105
1.4154602
1.4183555
1.4162673
1.4287869
1.4182906
1.3969285
1.4138557
1.444668
1.3967304
1.4129313
1.451665
1.404733
1.4258444
1.4405911
1.4684612
1.4348708
1.4327966
1.4160672
1.4162209
1.4087169
1.3679388
1.4326553
1.4256026
1.426455
1.4219749
1.4272686
1.4349136
1.4004362
1.4695206
1.4240351
1.4243242
1.4181588
1.426477
1.4072571
1.4052892
1.4099046
1.4225748
1.4372158
1.4254271
1.4332774
1.4341141
1.4373156
1.4114212
1.4384167
1.4465827
1.4321516
1.4200785
1.417113
1.4603599
1.424652
1.4446377
1.4023274
1.4279996
1.4121094
1.394459
1.4163356
1.3990463
1.4168763
1.4193505
1.4246856
1.3728473
1.4064353
1.4141462
1.3920417
1.442116
1.4184572
1.4168751
1.409329
1.4244695
1.4318866
1.4049058
1.4211898
1.409932
1.4221815
1.4073566
1.4419684
1.4236766
1.3971893
1.4430746
1.4242836
1.4155397
1.4244795
1.4161419
1.4295615
1.4441755
1.4445705
1.4243649
1.3994712
1.4165325
1.390621
1.4023055
1.4266152
1.4249276
1.4236546
1.4144154
1.4224396
1.4490268
1.4070909
1.3987585
1.420492
1.4042957
1.4374865
1.4114429
1.4529886
1.4092627
1.4160749
1.4077814
1.42663
1.4440998
1.4001378
1.4424077
1.4082397
1.40693
1.4198232
1.4243898
1.4133339
1.4419718
1.4190526
1.4288055
1.4152052
1.4050815
1.4120895
1.4313539
1.4285163
1.4351771
1.4075795
1.4369984
1.3989407
1.436023
1.4205242
1.4343767
1.4292417
1.427642
1.4148486
1.3859324
1.4278191
1.421499
1.4130856
1.4033889
1.4116058
1.4153743
1.4280343
1.3900195
1.4072466
1.4233363
1.405607
1.4148444
1.458158
1.4424015
1.4489434
1.4298264
1.4236437
1.4154929
1.3893365
1.4399395
1.3990542
1.4551201
1.4191841
1.4106878
1.3967248
1.4101286
1.404214
1.4449704
1.4274842
1.4026198
1.4077294
1.4349868
1.4054514
1.4006804
1.4425306
1.4405448
1.4240686
1.4149964
1.4259279
1.4298675
1.4114159
1.4125175
1.4452336
1.3948117
1.4161988
1.4187111
1.4117869
1.4177263
1.432791
1.4263008
1.4446552
1.4179357
1.4054989
1.4112331
1.4314541
1.443636
1.4340972
1.4326363
1.4066355
1.4311168
1.4124165
1.3996564
1.4351153
1.4077108
1.459702
1.399293
1.4248772
1.4392018
1.4085685
1.4348031
1.3853368
1.4286817
1.4126897
1.3930546
1.4071252
1.4320389
1.4589962
1.4125179
1.4296441
1.4183282
1.3811234
1.4201735
1.4228653
1.4205567

1.4155113
1.4091207
1.430243
1.4506054
1.379068
1.4557966
1.4184535
1.4162238
1.4324356
1.3965086
1.4264746
1.4203544
1.4142408
1.3953433
1.4422659
1.4031665
1.3929796
1.4063939
1.4178607
1.4219408
1.4187986
1.4440744
1.4177034
1.4217117
1.4180268
1.4440306
1.4271572
1.4229785
1.4516107
1.4406439
1.3901075
1.4158795
1.416703
1.3948599
1.4288131
1.413621
1.4565146
1.4384933
1.4359637
1.4081647
1.4210812
1.3977524
1.4249787
1.4113141
1.4133147
1.4274628
1.4390762
1.41813
1.4057009
1.4206244
1.4306217
1.4226581
1.4215881
1.4137436
1.4381964
1.4094137
1.4505925
1.4389782
1.4194471
1.4225006
1.4545397
1.4276813
1.4130368
1.413872
1.3981775
1.4324657
1.441402
1.4122127
1.4260727
1.403848
1.4080278
1.4235971
1.4134382
1.430632
1.3941505
1.4367263
1.4272017
1.4415036
1.4037576
1.4122427
1.4138694
1.4199392
1.4112766
1.4146665
1.4087056
1.4124739
1.3814855
1.4132489
1.4218916
1.4120436
1.437676
1.4070996
1.4411108
1.4065387
1.4431591
1.4253595
1.4172598
1.4170387
1.4336917
1.427061
1.4637629
1.4293947
1.4533364
1.4239541
1.4107387
1.4183359
1.4578049
1.4220213
1.4169995
1.3946582
1.4069577
1.4362128
1.4259248
1.4091262
1.4271338
1.4083704
1.4245394
1.413531
1.4353482
1.4139657
1.4037824
1.4352076
1.4457049
1.4006722
1.3737936
1.4022398
1.4115185
1.4384339
1.4392576
1.4352684
1.4220409
1.412738
1.3972019
1.4151942
1.4339982
1.4204291
1.428497
1.4325676
1.4212991
1.4123276
1.3953246
1.4442958
1.4435351
1.3950206
1.411952
1.4186302
1.4225582
1.4245642
1.4284277
1.4247538
1.4252373
1.4131931
1.4305958
1.4104879
1.4386566
1.4229921
1.4187388
1.4116757
1.4228157
1.423077
1.4082206
1.4137622
1.413484
1.3821317
1.4165329
1.4296913
1.4473523
1.4228152
1.4318727
1.433869
1.4084374
1.4169474
1.4278923
1.392022
1.3958397
1.4345212
1.4305563
1.3872775
1.3990234
1.3955808
1.4128069
1.4017376
1.4391602
1.425253
1.4230857
1.3926004
1.4158856
1.4159766
1.4287516
1.3991045
1.4091552
1.4421469
1.430011
1.4495472
1.4389986
1.4224186
1.407756
1.4426254
1.4311961
1.4270536
1.438835
1.3994974
1.442474
1.4121274
1.426876
1.4043218
1.4139518
1.445327
1.4056551
1.4204454
1.4293125
1.4237595
1.405531
1.4257412
1.411253
1.4476517
1.4137615
1.4116662
1.4384344
1.428865
1.4013762
1.4142408
1.4151105
1.4190612
1.4260676
1.4278902
1.4379183
1.4077846
1.4224453
1.4318346
1.4261255
1.4065323
1.4245286
1.4177951
1.4214696
1.4085671
1.4428555
1.4390477
1.4164511
1.4346598
1.4144053
1.3941101
1.4339204
1.4341654
1.4141008
1.4167681
1.4522088
1.421836
1.3993715
1.4218638
1.3981906
1.4267391
1.3908579
1.3984262
1.4197224
1.4164716
1.4020729
1.4353364
1.4150898
1.4437321
1.4407543
1.4207875
1.4175171
1.4242204
1.400492
1.4164413
1.4148192
1.4405503
1.4343927
1.41519
1.4152826
1.4391279
1.406212
1.4356191
1.408363
1.4235425
1.4038873
1.4336604
1.443864
1.4040792
1.4036893
1.4186902
1.4028896
1.4183742
1.4284625
1.3884417
1.4065065
1.4208384
1.4354506
1.4131876
1.4260912
1.4148458
1.428365
1.408924
1.4246389
1.3987197
1.4271251
1.430741
1.3929633
1.4202406
1.4222301
1.4212844
1.4361386
1.4293822
1.4113433
1.421398
1.425116
1.4213667
1.4088202
1.4327818
1.415966
1.398177
1.4125317
1.4335207
1.4029174
1.4175911
1.4088101
1.4078234
1.4297346
1.4562409
1.4244485
1.4326949
1.4187398
1.42338
1.4610599
1.4287512
1.4028783
1.4163189
1.3980552
1.409943
1.3998712
1.4330689
1.4456964
1.4198408
1.4151553
1.4334241
1.3837961
1.4223269
1.4185854
1.3885406
1.4208909
1.4086576
1.4075394
1.418916
1.4279414
1.3907851
1.4199659
1.4115179
1.4367323
1.4349171
1.4022352
1.4251357
1.4166499
1.420897
1.4190813
1.4380852
1.4366691
1.4379007
1.4192109
1.422379
1.4414974
1.4356464
1.4409711
1.4014562
1.4266915
1.4025131
1.4237423
1.4473178
1.4019356
1.428062
1.4204718
1.4092603
1.4325185
1.4221619
1.4464184
1.4228421
1.4409406
1.4185003
1.4187812
1.4267495
1.4410414
1.4250405
1.4136554
1.4329479
1.4056681
1.4017452
1.4302812
1.4004071
1.3997197
1.4432986
1.4314631
1.4176065
1.4221476
1.4334986
1.4186008
1.4117433
1.3979865
1.4239018
1.4178554
1.402989
1.3984685
1.4458978
1.3922936
1.4206356
1.4129447
1.4343752
1.4225553
1.400952
1.429583
1.4214419
1.4129113
1.4210559
1.4093313
1.4291556
1.4133967
1.4497226
1.412641
1.4286598
1.4057257
1.4142085
1.4515368
1.4452451
1.4260132
1.4138185
1.4273838
1.4364629
1.4116992
1.4467306
1.4205211
1.4177048
1.3893648
1.4421293
1.4105083
1.3953934
1.4263777
1.4582793
1.443734
1.3991019
1.4244543
1.3927037
1.414097
1.4254851
1.4129323
1.3941778
1.4149823
1.4366523
1.4191402
1.4027283
1.4470154
1.4156495
1.4397508
1.410807
1.3979098
1.3849657
1.3879211
1.422893
1.4359905
1.4361383
1.4378746
1.4292673
1.4036446
1.4202338
1.434051
1.4286542
1.3811674
1.417472
1.4183784
1.4457783
1.4147302
1.4500763
1.4291047
1.407819
1.4127994
1.4321804
1.4385041
1.4104868
1.4190662
1.4046282
1.4466623
1.4244503
1.4214343
1.3983711
1.4514564
1.4253709
1.4613386
1.4440998
1.3922386
1.4086528
1.4292144
1.4375215
1.4209738
1.4155328
1.4290044
1.3935484
1.4291792
1.40158
1.4296224
1.4310578
1.447478
1.4248078
1.4249511
1.4212482
1.4176457
1.4199036
1.4000007
1.4081532
1.4483413
1.4122208
1.3989706
1.4199218
1.4182878
1.4384339

1.4142401
1.436726
1.4192448
1.4035214
1.4088796
1.4365777
1.4388535
1.4381105
1.4226665
1.4194062
1.4047188
1.4049525
1.4169377
1.3820832
1.4014807
1.4237729
1.4180728
1.4093112
1.4082917
1.4607468
1.4311727
1.401198
1.4568197
1.4043367
1.425485
1.4286591
1.4172184
1.4178346
1.4330928
1.4431305
1.4015441
1.4446341
1.4478456
1.4510462
1.4381261
1.4031372
1.4223176
1.4297509
1.4051778
1.4420439
1.4054126
1.4273176
1.4276084
1.4283065
1.4217198
1.4276669
1.4370193
1.4100264
1.4026389
1.4359
1.3961911
1.4196332
1.4066718
1.424721
1.4047606
1.41328
1.4390529
1.4170073
1.4157599
1.4017303
1.4116315
1.4035256
1.4188104
1.4260815
1.4362355
1.4262595
1.3920352
1.4047533
1.4165906
1.4009817
1.4041203
1.4300865
1.400817
1.4207623
1.4051542
1.4519964
1.4067365
1.4316121
1.442907
1.4212384
1.409611
1.3994913
1.4206885
1.4396737
1.4194194
1.4446505
1.4150298
1.4258612
1.3948624
1.3970203
1.4128456
1.4093902
1.4106876
1.4051027
1.4119207
1.4005766
1.4511011
1.4276823
1.4224027
1.4161592
1.4330451
1.4147298
1.420347
1.4349695
1.396462
1.4320946
1.448469
1.434531
1.434373
1.4328164
1.4148766
1.4302312
1.4398503
1.4107511
1.4246621
1.3988522
1.4170071
1.3979921
1.4222022
1.4150275
1.4353962
1.413769
1.3990802
1.4189833
1.3841435
1.3976376
1.4241296
1.4455804
1.4350947
1.4262269
1.414284
1.4363799
1.4317782
1.4017365
1.4109833
1.4259427
1.4283494
1.4432923
1.4365444
1.4240829
1.425703
1.4068377
1.423221
1.4263535
1.4130558
1.4167362
1.4471303
1.4148693
1.4092581
1.4308332
1.4137557
1.4236329
1.4125712
1.428665
1.4121836
1.4275837
1.3982941
1.3886236
1.3811952
1.3973929
1.4381765
1.4345922
1.4077436
1.3970569
1.4179056
1.4226404
1.3988969
1.4385765
1.3945127
1.4150717
1.4142231
1.4260968
1.404246
1.4111468
1.4329486
1.3969747
1.4264259
1.4434583
1.400214
1.4095365
1.4078901
1.3991095
1.4255872
1.4095643
1.4162759
1.4242822
1.4038496
1.4289665
1.398358
1.440726
1.3973179
1.4111012
1.4525943
1.4264845
1.4256918
1.4150548
1.4652362
1.4629228
1.4040817
1.4326923
1.4137465
1.439676
1.398094
1.4251602
1.4059451
1.4328578
1.4196175
1.4267118
1.4207343
1.4235076
1.4049045
1.3935021
1.4241863
1.4133173
1.4231348
1.4036444
1.4539853
1.433757
1.4251014
1.4235045
1.396231
1.404292
1.4113019
1.4261966
1.4192775
1.4140145
1.4160893
1.4332868
1.4405159
1.427898
1.4242257
1.4188128
1.4284177
1.4031504
1.395726
1.400125
1.4336016
1.444836
1.4304421
1.4243934
1.4209685
1.422678
1.4233432
1.4169425
1.4274033
1.4159449
1.4043308
1.4242802
1.4120108
1.4332443
1.4145716
1.3971523
1.4036204
1.4085716
1.4727854
1.4318049
1.4209356
1.4242892
1.4419752
1.3893607
1.430884
1.4142264
1.3842613
1.405835
1.4101099
1.4347636
1.436488
1.4039459
1.4052999
1.4190344
1.4437933
1.4406629
1.442277
1.4505634
1.4141079
1.4439389
1.4456077
1.4137409
1.4266711
1.4478242
1.412034
1.3881586
1.4000666
1.4427596
1.4221791
1.4291428
1.4271643
1.4261321
1.4541186
1.3730841
1.4147211
1.440378
1.4159013
1.4259034
1.4175568
1.4342623
1.4205351
1.4365114
1.4206388
1.4240148
1.4123267
1.4303682
1.4113985
1.4138455
1.4110442
1.424695
1.4130825
1.4228107
1.4306477
1.4353037
1.4550313
1.4005561
1.420694
1.4275643
1.4382004
1.4078026
1.4139013
1.4362497
1.4242197
1.4112542
1.3879306
1.4304155
1.397856
1.3970689
1.3896166
1.4414995
1.436373
1.4189913
1.4049975
1.417587
1.4275665
1.4336004
1.4048512
1.432
1.4057688
1.4279737
1.4338716
1.4278661
1.4177519
1.3960682
1.4121984
1.4236205
1.4510329
1.4309312
1.427948
1.4088838
1.4171914
1.440454
1.4229944
1.3876299
1.4457506
1.4258088
1.4137702
1.4102539
1.4165605
1.4243407
1.4194474
1.4333088
1.3981382
1.4305891
1.3979168
1.4078996
1.3970581
1.4283102
1.4282196
1.4288442
1.4063302
1.402961
1.4230396
1.4222413
1.4153041
1.4244761
1.3909273
1.3818074
1.4453418
1.4324332
1.4035211
1.394174
1.4237065
1.4219655
1.4259819
1.4144326
1.4236102
1.4182574
1.4434375
1.3988987
1.4201556
1.4284827
1.4052563
1.4193624
1.4289634
1.3998985
1.4329401
1.4357942
1.4165708
1.4193885
1.4230758
1.3945162
1.4097615
1.4217846
1.4340413
1.4205537
1.4458807
1.4342982
1.4310925
1.404297
1.4193565
1.4274834
1.4122525
1.4212266
1.440366
1.4179739
1.4519541
1.4194403
1.4336729
1.4529519
1.4512919
1.4257292
1.4351722
1.4138138
1.4096034
1.4431893
1.429626
1.4247632
1.4168471
1.4198954
1.4333385
1.4226724
1.4466735
1.4238726
1.4261981
1.4134015
1.4305729
1.4314798
1.3956537
1.4110837
1.4393967
1.4092935
1.4359928
1.4042252
1.4041905
1.4247196
1.4423455
1.4083998
1.4616063
1.3924439
1.447867
1.4192178
1.4323179
1.4210933
1.4220605
1.4280937
1.3673263
1.411349
1.4370034
1.428272
1.4319171
1.4098607
1.421398
1.413108
1.4232479
1.4248489
1.4158608
1.404963
1.4342371
1.452397
1.4286695
1.4114038
1.4175353
1.4236232
1.4059129
1.4299585
1.436058
1.4207655
1.3996278
1.4220614
1.4317299
1.4321805
1.4282247
1.4084941
1.414145
1.4239479
1.433882
1.4002331
1.4108379
1.4258935
1.4354136
1.4339049
1.4293123
1.4109093
1.4202685
1.4272299
1.4172976
1.4155827
1.4107959
1.422033
1.4312823
1.452776
1.4063704
1.44574
1.414496
1.4246013
1.4010146
1.435712
1.4642818
1.4116417
1.4390296
1.4281144
1.4123939
1.4078912
1.427395
1.4256053

1.6432208
1.6600492
1.6677606
1.5974934
1.6681877
1.6069388
1.6933244
1.6639485
1.7073843
1.5857099

