0.013055682
0.015703559
0.008368969
0.013511419
0.011785507
0.0109632015
0.005177498
0.019473195
0.018830061
0.011158586
0.012333989
0.010553837
0.008268356
0.023942351
0.018575191
0.013141513
0.005389929
0.008238554
0.022418737
0.013500452
0.002120614
0.01111865
0.00020742416
0.0018457174
0.022047043
0.013486266
0.01350224
0.026675224
0.011804342
0.012467384
0.0119822025
0.019468546
0.012509704
0.020313501
0.0044835806
0.0085014105
0.020394087
0.0075930357
0.008418918
0.00685966
0.002100587
0.0028184652
0.008194566
0.032119513
0.011612773
0.012846708
0.0009784698
0.012611389
0.007889867
0.011178136
0.0027184486
0.013702393
0.015919566
0.00946033
0.013883948
0.0042356253
0.005228281
0.010722876
0.0071411133
0.014218211
0.004588604
0.01665306
0.008811474
0.0075650215

0.015434384
0.027325511
0.0039396286
0.0073890686
0.0308069
0.05034578
0.016172051
0.004679799
0.008764386
0.009704232
0.0060219765
0.0086631775
0.02320385
0.0035820007
0.0024693012
0.039191842
0.004030943
0.022541285
0.011577487
0.008368969
0.027888894
0.018059373
0.01013279
-8.34465e-07
0.0045483112
0.017489433
0.019299626
0.0005068779
0.0040290356
0.022305489
0.0023236275
0.0062630177
0.036064386
0.026461124
0.01044178
0.011483431
0.009743333
0.021785855
0.013019681
0.013476849
-1.21593475e-05
0.011389136
0.01503396
0.0008635521
0.0029712915
0.014228106
0.009863019
0.008742452
0.03351116
0.006618142
0.0018578768
0.011997342
0.021295309
0.03290093
0.004400611
0.005674839
0.009439111
0.0067406893
0.011627436
0.0030077696
0.01880014
0.0016038418
0.004242182
0.012976289

0.011690497
0.007623434
0.0052586794
0.008684635
0.0081272125
0.0010318756
0.002448678
0.003751874
0.009813547
0.008138537
0.005873084
0.0014330149
0.012037158
0.0034259558
0.020313978
0.003892064
0.0025603771
0.008071303
0.011148691
0.0058285
0.009586692
0.0044152737
0.01021564
0.0058784485
0.001547575
0.0012192726
0.0028983355
5.1259995e-05
0.0047904253
0.0061643124
0.0058488846
0.0074435472
0.005930066
0.0021737814
0.013298869
0.0049254894
0.011311293
0.030661583
0.003975272
0.0070148706
0.0068627596
0.014127612
0.0018873215
0.021744013
0.0034697056
0.008513093
0.004874468
0.0054736137
0.004129648
0.007835507
0.0035330057
0.005832076
0.0125409365
0.0026562214
0.0119457245
0.006633401
0.008663654
0.0062469244
0.00013267994
0.0048547983
0.010409951
0.0012764931
0.0011662245
0.0036011934
0.008126259
0.0042932034
0.012018323
0.0079844
0.008218288
0.014264822
0.009144664
0.0030471087
0.011428237
0.005099654
0.0039465427
0.0017507076
0.008723497
0.0042586327
0.00060498714
0.003658533
0.011392117
0.014049888
0.008346677
0.006469965
0.005981803
0.002865076
0.008840084
0.0013107061
0.014234304
0.012004614
0.0040557384
0.01192677
0.009768248
0.0020523071
0.0057649612
0.008228302
0.0035039186
0.0010956526
0.007404566
0.008891225
0.00496614
0.00597322
0.009370089
0.0037754774
0.004711151
0.0070482492
0.00064766407
0.002486825
0.008088946
0.000115036964
0.00043582916
0.00084733963
0.006082535
0.0054278374
0.01063478
0.0012880564
0.0031670332
4.506111e-05
0.0066324472
0.007924795
0.0016543865
0.0024732351
0.015051007
0.0063016415
0.0026005507
0.010735869
0.012293935
0.014124155

0.005679965
0.0026363134
0.005859852
0.007315755
0.0070661306
0.0063329935
0.008077502
0.013169408
0.0035674572
0.0047314167
0.015415311
0.0029736757
0.008624911
0.0038677454
0.009787917
0.009116173
0.006858468
0.0048410892
0.011598706
0.0044107437
0.00903368
0.005653858
0.002970457
0.0065276623
0.009649038
0.0061602592
0.008453965
0.004783511
0.005902171
0.009588361
0.013420463
0.00044596195
0.004404068
0.0010119677
0.013511419
0.007372856
0.00071144104
0.0028908253
0.0076777935
0.013378501
0.010104179
0.0052574873
0.009480238
0.009093285
0.010617018
0.0119024515
0.008464813
0.0066816807
0.0056734085
0.0022585392
0.007724285
0.009141803
0.006036997
0.0010174513
0.006269455
0.009909034
0.0020303726
0.0005017519
0.008222461
0.0002360344
0.0116529465
0.006680846
0.011139512
0.0027087927
0.011064172
0.011909246
0.00923419
0.00053966045
0.0053391457
0.010626793
0.0030915737
0.0029611588
0.007983446
0.010342479
0.0055121183
0.009265065
0.0016251802
0.0081522465
0.0046658516
0.006331682
0.0070109367
0.005566597
0.009125471
0.005758524
0.010533452
0.0057343245
0.0041308403
0.004681349
0.0019364357
0.00063705444
0.009444118
0.0058869123
0.0042339563
0.005980253
0.008440495
0.005872965
0.008441687
0.00023567677
0.022884727
0.0027606487
0.0061787367
0.013646126
0.004054308
0.0017821789
0.007643461
0.010890603
0.0038301945
0.00013363361
0.015830994
0.0050600767
5.9604645e-06
0.005389333
0.009656072
0.009257078
0.007977724
0.0056991577
0.010152936
0.0028301477
0.0043575764
0.009133458
0.0072407722
0.0044047832
0.00037169456
0.0051170588
0.005370617
0.0069289207
0.0044106245
0.004734874

0.0056889057
0.0025235415
0.0048048496
0.0047245026
0.0010861158
0.002602458
0.0008548498
7.033348e-05
0.0043724775
0.005499363
0.0069619417
0.0012978315
0.0015822649
0.0051033497
0.0027173758
0.0023790598
3.8146973e-06
0.0031493902
0.002139926
0.0022038221
0.004006982
0.0019823313
0.0035487413
0.00392735
0.0032291412
0.0035552979
0.0028051138
0.004567504
0.0049552917
0.0059779882
0.0018786192
0.0058618784
0.0035486221
0.0018697977
5.376339e-05
0.0077688694
0.004374504
0.00026023388
0.003475666
0.0017236471
0.003000021
0.004587531
0.0034103394
0.0014541149
0.0024045706
0.00016129017
0.000197649
0.006237507
0.0020810366
0.004373312
0.008153319
0.006103158
9.536743e-07
0.0011689663
0.004828453
0.004870057
0.00215137
0.0046727657
0.001364708
0.0046436787
0.0028239489
0.0019068718
0.0010614395
0.004178405
0.0008612871
0.003319025
0.0011860132
0.0010694265
0.0053139925
5.364418e-06
0.0039817095
0.0047342777
2.5749207e-05
0.001226902
0.0017254353
0.0048582554
0.0014244318
0.0031847954
0.0030151606
0.0033570528
0.0044988394
0.002392292
0.00023031235
0.003047824
0.0035994053
0.0059860945
0.0007263422
0.0038737059
0.0012300014
0.00575912
0.0030093193
0.0041390657
0.0036703348
0.004310131
0.0009200573
0.0066848993
0.004298687
0.0053150654
0.007131934
0.0036853552
3.4213066e-05
0.0026872158
0.001870513
0.0022910833
0.0031212568
0.004149437
0.0049328804
0.0078885555
0.0020231009
0.0027906895
0.0045171976
0.00018537045
0.0013455153
1.7881393e-05
0.0029031038
0.0052297115
0.0032436848
0.0014998913
0.0031926632
0.0008312464
0.0016775131
0.0014795065
0.001499176
0.0027506351
0.005341649
0.0026378632
7.1525574e-07
0.0020085573
0.005469203
0.0019984245
0.006253481
0.007360816
0.0054627657
0.0053658485
0.003836751
0.00508368
0.004185915
0.0077142715
0.0017043352
0.0012688637
0.000906229
0.0030124187
0.000436306
0.0005669594
0.0040159225
0.00011909008
0.0015268326
0.0061911345
0.0019834042
0.005760789
0.002195716
0.0010088682
0.0043355227
0.0024696589
0.0029770136
0.0033056736
0.0031591654
0.00030124187
0.0017850399
0.0047849417
0.0019202232
0.002411604
0.0042907
0.009011865
0.0019030571
0.0041075945
0.0043774843
0.0018209219
0.0037419796
0.00052654743
0.0026718378
0.004216671
0.0039298534
0.0071442127
0.007575989
0.00088715553
0.0044984818
0.0034128428
0.00082218647
0.0040934086
0.0044556856
0.00562644
0.0029506683
0.0054426193
0.00050759315
0.0077239275
0.00082218647
0.0029217005
0.0051009655
0.002416253
0.0014002323
0.0060317516
0.00643301
0.00032746792
0.00011956692
0.0047940016
0.004988909
0.0024597645
0.003304243
0.0011646748
0.0060950518
0.0041669607
5.8054924e-05
0.0019667149
0.0014861822
0.0049072504
0.0023795366
0.009457588
0.00024366379
0.0013370514
0.00454998
0.0053492785
1.847744e-05
0.0056927204
0.0015727282
0.0034496784
0.0066154003
0.0040568113
5.51939e-05
0.0056425333
0.0037142038
0.0021138191
0.0015214682
0.0052102804
0.003024459
0.00042653084
0.0025321245
0.0060909986
0.0011945963
0.006352544
0.0006982088
0.003203988
0.004965067
0.004618764
0.0036945343
0.0042192936
0.004415512
0.0034159422
0.003738761
0.004799962
0.006811857
0.004203081
0.0011700392
0.001003027
0.00028693676
0.0026329756
0.0065779686
0.008084774
0.005240917
0.005560875
0.0049328804
0.0085555315
0.0034381151
0.002345562
0.0056755543
0.0031628609

0.002683878
0.0050401688
0.00366354
0.006875396
0.0051215887
0.004868984
0.0033107996
0.00477314
0.0047380924
0.00017237663
0.0041285753
0.0040676594
0.0015976429
0.0003963709
0.0058305264
0.0019071102
0.002149105
0.0007151365
0.0047186613
0.002999425
0.0021897554
0.0031814575
7.557869e-05
0.0044260025
0.0033341646
0.006142974
0.0040878057
0.0055971146
0.0049062967
0.0038027763
0.0050030947
0.0017184019
0.0017162561
0.006193161
0.0026806593
0.0029138327
0.0024436712
0.0025478601
0.0042586327
0.00045990944
0.0006978512
0.004357934
0.006158948
0.0019943714
0.0035214424
0.0021858215
0.0037978888
0.00038731098
0.002572775
0.005862355
0.002618432
0.002915144
9.417534e-06
0.005928874
0.0028915405
0.004211664
0.00060403347
0.0031368732
0.0035688877
0.007781625
0.00070273876
0.0057160854
0.005486965
0.00031030178
0.0032094717
0.0016584396
0.0058237314
0.0054012537
0.0022345781
0.0064777136
0.004847288
0.0037642717
0.0016541481
0.0021144152
0.00049066544
0.00014817715
0.00560236
0.006461978
0.0022078753
0.005543709
0.0024285316
0.0008111
0.00059580803
0.0023578405
0.00014090538
0.003701806
0.0002977848
0.007396221
0.0005632639
0.006596446
0.005004883
0.0023636818
0.0037595034
0.0040751696
0.0033216476
0.005578041
0.007844448
0.0041068792
0.005628109
0.0040587187
0.0009531975
0.0058373213
4.029274e-05
0.0055724382
0.0045559406
0.00025618076
0.0044751167
0.0013605356
0.0069885254
0.0025308132
0.00040483475
0.0030658245
0.0038850307
0.001013279
0.0013490915
0.00026118755
0.0005017519
0.002188921
0.0024000406
0.0055886507
0.001912713
3.5762787e-06
0.002486825
0.0025353432
0.0026034117
0.0043996572
7.390976e-06
0.0015114546
0.002724886
0.0002424717
0.0047436953
0.0021641254
0.003708601
0.002387166
0.00226748
0.00088346004
0.0046674013
0.008459568
0.005523443
0.0027968884
0.003150463
0.0061136484
0.0024694204
0.00092470646
0.003439188
0.002956152
0.0043274164
0.0032302141
0.003433466
0.006795764
0.0042580366
0.0062117577
0.0028107166
0.004601717
0.004282713
0.0053151846
0.0039479733
0.00012123585
0.0031533241
0.003990054
0.0039975643
0.0037528276
0.002518773
0.0075263977
0.005827546
0.00440681
0.00019085407
0.0031712055
0.0041685104
0.0035071373
0.0034621954
0.0036654472
0.004147649
0.0034409761
0.002655983
0.0035829544
0.0025043488
0.003958583
0.0045610666
0.0062377453
0.0032801628
0.0077016354
0.0047653913
0.002363801
0.0033951998
0.0041553974
0.0027326345
0.0053515434
0.0016050339
0.00016307831
0.0013244152
0.0034579039
0.0054819584
0.001283288
0.0030626059
0.004763007
0.0024322271
0.0011769533
0.0065044165
0.0066742897
0.00025093555
0.003423214
0.0053812265
0.002521634
0.0009225607
5.042553e-05
0.0029790401
0.0011564493
0.00362432
0.0037529469
0.0063142776
0.0038108826
0.0028573275
0.0052057505
0.0017442703
3.4570694e-06
0.0026049614
0.00223732
0.0019109249
0.002954483
0.003008604
0.0027799606
0.001817584
0.0040248632
0.0052399635
0.00931704
0.0021079779
0.008958459
0.0030248165
0.0057137012
0.002229333
0.0010627508
0.0030970573
0.0055662394
0.0022546053
0.004519582
0.0034242868
0.00024342537
0.004209399
0.0041567087
1.8954277e-05
0.004241705
5.1021576e-05
0.0009917021
0.00096178055
0.0053037405
0.0030378103
0.0005648136
0.0023149252
0.0031301975
0.0052125454
0.0041726828
0.0035104752
0.0058972836
0.0008202791
0.0021870136

0.0036388636
0.0011776686
0.0063102245
0.0034213066
0.0049848557
0.0043985844
0.004676819
0.0033282042
0.005155921
0.0029951334
0.004019618
0.005026579
0.003608942
0.0031460524
0.0030560493
0.0026677847
0.004110694
0.004572153
0.004977703
0.0021660328
0.0020397902
0.0036154985
0.005378127
0.0041879416
0.0046640635
0.0034284592
0.0009989738
0.004137635
0.003914118
0.0044362545
0.0044568777
2.2768974e-05
0.003058195
0.0038744211
0.0027116537
0.0034831762
0.00095176697
0.006742835
0.0041173697
0.004754305
0.0037219524
0.0005105734
0.0023360252
0.0022614002
0.009035349
0.0050963163
0.005036354
0.00021588802
0.0027935505
0.0035477877
0.0024615526
0.0033445358
0.00096154213
0.0014270544
0.0042545795
0.0030851364
0.0037088394
0.005023718
0.0043543577
0.0055208206
0.005125165
0.0013725758
0.0034956932
0.0049841404
0.0014594793
0.00027775764
0.0020816326
0.0019378662
0.0010136366
0.0047705173
0.002644658
0.0019004345
0.00017011166
0.0037196875
0.0011936426
0.0037947893
0.0018451214
0.004231572
0.0024933815
0.0027947426
0.0027538538
0.004309058
0.0033832788
0.00039613247
0.0035026073
0.0043553114
0.0010344982
0.0005457401
0.004604578
0.003679514
0.0048066378
0.0031758547
0.005427003
0.0042134523
0.0039618015
0.006026387
0.0060652494
0.0013539791
0.0011464357
0.0043771267
0.003499508
0.0015496016
0.0015186071
0.005574584
0.0040416718
0.00498271
0.0041645765
0.0038824081
0.0042090416
0.00066530704
0.0010551214
0.005742669
0.0003902912
0.0027003288
0.0015362501
0.0061011314
0.003581047
0.002805233
0.002050519
0.002965808
0.0014533997
0.0050281286
0.005669832
0.007653475
0.0034394264
0.0012836456
0.00090646744
0.00086402893
0.005656004
0.0012031794
0.0011811256
0.0075564384
0.0035523176
0.0056569576
0.0039699078
0.004640937
0.0039578676
0.0102187395
0.006189108
0.0016386509
0.0016655922
0.00026905537
0.0014975071
0.0017249584
0.0024151802
0.0016186237
0.0051891804
0.0028159618
0.001167655
0.002781272
0.0011855364
0.0005773306
0.0006592274
0.0033012629
0.0051459074
0.004835367
0.0032787323
0.0036683083
0.0019313097
0.00045013428
0.0047394037
0.0005236864
0.0011634827
0.0024118423
0.0038050413
0.006634474
0.0015035868
0.0052855015
0.004638791
0.0010259151
0.0039247274
0.0030682087
0.0027669668
0.006103039
0.0006289482
0.0023297071
0.0047854185
0.004645705
0.0012247562
0.0032417774
0.0036162138
0.0032049417
0.003528595
0.0038416386
0.00541842
0.0055086613
0.004212141
0.000844717
0.0052593946
0.0049191713
0.0011205673
0.0053622723
0.0057599545
0.0015362501
0.004405141
5.710125e-05
0.0042506456
0.0024619102
0.0060321093
0.0039690733
0.0037359
0.0017293692
0.0032052994
0.0029705763
0.006616473
0.002499938
0.0033673048
0.0021349192
0.004455328
0.00028038025
0.003017068
0.0054564476
0.0039391518
0.002776146
0.0047317743
0.0034207106
0.0021981
0.002620697
0.005399227
0.0020632744
0.001090169
0.0036168098
0.002704382
0.0063952208
0.0044413805
0.0014529228
0.004510522
0.0029344559
0.002748251
0.0025874376
0.00024211407
0.0021578074
0.0026322603
0.0027073622
0.0053044558
0.002021432
0.0027850866
0.0024865866
0.00492537
0.0050911903
0.007823706
0.0052303076
0.004038334
0.0025025606
0.004944682
0.0020725727
0.006368041
0.0042214394
0.00087070465
0.0033864975
0.0054872036
0.0021167994
0.001252532
0.00048172474
0.003251791
0.0005428791

0.0016337633
0.00096964836
0.001332283
0.0014330149
0.0013196468
0.0015581846
0.001614809
0.0011126995
0.00137043
0.0025417805
0.0023297071
0.0028424263
0.0019145012
0.0014723539
0.0018694401
0.00043082237
0.0022690296
0.00013780594
0.0013697147
0.0010253191
0.00033259392
0.0012873411
0.0017030239
0.00093734264
0.0020748377
0.00053834915
0.0018699169
0.0016264915
0.00086236
0.0014334917
0.0015305281
0.0012004375
0.0013798475
0.00050222874
0.0005583763
6.234646e-05
0.0012032986
0.00026488304
0.0019744635
0.0022431612
0.0014978647
0.002164483
0.0022176504
0.0024313927
0.0007791519
0.0010281801
0.001491189
0.0019490719
0.00065100193
0.0018761158
0.0036062002
0.0011909008
0.00038063526
0.0028290749
0.0022360086
0.0021218061
0.0017578602
0.0031666756
0.00030755997
0.0026111603
0.00276649
0.0014178753
0.0020161867
0.0014330149
0.0019795895
0.0008016825
0.0014373064
0.0019552708
0.0015655756
0.0021156073
0.0018651485
0.0021470785
0.0015952587
0.0011554956
0.0028305054
0.0005296469
0.0017701387
0.0027161837
0.001234889
0.0013548136
0.0014984608
0.0005800724
0.0020369291
0.00015354156
0.0025305748
0.00047910213
0.001998186
0.00045466423
0.0021615028
0.0022825003
0.00020623207
0.00048601627
0.0017898083
0.0002090931
0.0014877319
0.0021723509
0.0034371614
0.001957178
0.0014103651
0.00011944771
0.0007677078
0.0015090704
0.00070381165
0.0011066198
0.0019983053
0.001478076
0.0027376413
0.0004554987
0.0018955469
0.0013084412
0.0020571947
0.0008393526
0.0036804676
0.0014785528
0.0021945238
0.0033518076
0.0012850761
0.00069367886
0.00030577183
0.0009925365
0.0010173321
0.0016056299
0.0026777983
0.0016171932
0.003275752
0.0027382374
0.0006381273
0.0016753674
0.0008240938
0.0014894009
0.0012253523
0.0022256374
0.0014637709
0.0038545132
0.0018604994
0.0007966757
0.0009717941
0.0014036894
0.0021483898
0.0020855665
0.0019910336
0.0024098158
0.002205968
0.0005465746
0.0021592379
0.00060737133
0.0028550625
0.0024245977
0.0014585257
0.0019778013
0.0006580353
0.0014263391
0.00036358833
0.0018759966
9.655952e-06
0.0019923449
0.001933217
0.00047838688
0.0015220642
0.0006736517
0.0019488335
0.0013870001
0.0011566877
0.0009906292
0.0014423132
0.0018171072
0.0016450882
0.0019584894
0.0031130314
0.00053298473
0.0020161867
0.0013711452
0.0019731522
0.0020986795
0.0007123947
0.0018109083
0.0013943911
0.0005630255
0.0010589361
0.0008561611
0.0011159182
0.0033385754
0.0013712645
0.0018008947
0.0016818047
9.548664e-05
0.00053036213
0.0021178722
0.0009174347
0.0010735989
0.002305746
4.887581e-05
0.0015836954
0.001614809
0.0015287399
0.00047779083
8.749962e-05
0.0023839474
0.0015016794
0.0026289225
0.0010582209
0.0003324747
0.0017750263
0.00084006786
0.00012862682
0.0020843744
0.0020524263
0.0030224323
0.0018256903
0.0028444529
0.0008237362
0.0015797615
0.0031303167
0.0012807846
0.00028979778
0.00066268444
0.0023629665
0.0009543896
0.001065731
0.0021517277
0.0012434721
0.0010260344
0.0033409595
0.00085413456
0.00062179565
0.004327297
0.00111413
0.0019344091
0.000808239
0.0011936426
0.0017414093
0.00032866
0.0025702715
0.003448844
0.0008442402
0.0020637512
0.002693057
0.0018440485
0.0021175146
0.00065112114
0.0019325018
0.0013200045
0.0018117428
0.0023041964
0.0016208887
0.0013397932
0.0023930073
0.0014908314
0.0019859076
0.0018275976
0.0035165548
0.0005967617
0.0011053085
0.001986146
0.0022780895
0.002718687
0.0015928745
0.0011113882
0.0026664734
0.001237154
0.0019215345
0.0008883476
0.0014674664
0.0016070604
0.0004287958
0.0017781258
0.0029530525
0.0017499924
0.00038266182
0.0021893978
0.0026496649
0.0011398792
0.00076568127
0.0010873079
0.0019814968
0.0018622875
0.001127243
0.0026431084
0.0013988018
0.002380848
0.0023329258
0.0024946928
0.0028214455
0.0012942553
0.0016118288
0.0035420656
0.002399087
0.001470685
0.0025032759
0.0021369457
0.0017365217
0.003346324
0.0024971962
0.0025542974
0.0013182163
0.0013327599
0.0022183657
0.0022182465
0.0037699938
0.0010459423
0.0016922951
0.0014189482
0.0006867647
0.0006119013
0.00097465515
0.0017489195
0.00063085556
0.0015455484
0.0011811256
0.0012261868
0.0021500587
0.0020526648
0.0027339458
0.0019259453
8.177757e-05
0.0013889074
0.0028717518
0.0005619526
0.0038795471
0.0023596287
0.003117323
0.0008312464
0.00088858604
0.00080001354
0.0029193163
0.0014909506
0.0009317398
0.0022289753
0.0019575357
0.0021470785
0.0030882359
0.0005033016
0.0009467602
0.002384901
0.0017094612
0.00023758411
0.00041115284
0.001193881
0.0002194643
0.0022845268
0.00024843216
0.000108242035
0.001373291
0.0011240244
0.0018857718
0.0011256933
0.002150774
0.00071310997
0.002489686
0.0010434389
0.00083351135
0.0013172626
0.0020065308
0.002301097
0.002023816
0.0015013218
0.00057148933
0.00049853325
9.417534e-06
0.0008019209
0.0033779144
0.0012130737
0.0022195578
0.002848506
0.003030777
0.0028082132
0.0010201931
0.0008907318
0.002214551
0.0018391609
0.0018037558
0.0025049448
0.0027269125
0.0014387369
0.002272606
0.001324296
0.0012538433
0.0016380548
0.002060771
0.0004608631
0.0020935535
0.00095403194
0.0010988712
0.00047039986
0.003089428
0.0021021366
0.0032031536
0.00017976761
0.002604127
0.0026847124
0.0020005703
0.0024248362
0.0011191368
0.0010254383
0.0018213987
0.0026291609
0.0021643639
0.002369523
0.0019831657
0.00034546852
0.0016498566
0.0011485815
0.0005545616
0.0018193722
0.0013799667
0.0025035143
0.0017949343
0.0028495789
0.004588604
0.0031545162
0.0019583702
0.0030670166
0.0018035173
0.0023571253
0.00175488
0.0021730661
0.0034466982
0.0008867979
6.9618225e-05
0.0017948151
0.0016356707
0.0023459196
0.002061367
0.0027542114
0.00028419495
0.001937747
0.0016065836
0.0029469728
0.000985384
0.0012178421
0.0010174513
0.001285553
0.00037813187
0.0018651485
0.0024724007
0.0012482405
0.0023376942
0.00069105625
0.0019049644
0.0002503395
0.002144456
0.0011456013
0.0024495125
0.002069831
0.0011969805
0.0026494265
0.0025275946
0.0025697947
9.6321106e-05
0.0009405613
0.0016013384
0.0014232397
0.0023710728
0.0014145374
0.0023804903
0.0006943941
0.002743721
0.0017948151
0.00046408176
0.0025029182
0.00012087822
0.0021826029
0.0020142794
0.00082445145
0.0009826422
0.0013924837
0.0007121563
0.002466917
0.0011780262
6.914139e-06
0.0016782284
0.0029399395
0.0024700165
0.0018429756
0.0024996996
0.001630187
0.0011925697
0.0011223555
0.00031208992
0.0013633966
0.0016767979
0.0013210773
0.0019032955
0.0010437965
0.0017288923
0.0015252829
0.0020350218
0.0015336275
0.003950715
0.0002501011
0.00020802021
0.001881957
0.00028717518
0.0027549267
0.0008568764
0.00027775764
0.0025292635
0.00072073936
0.0014635324
0.0033830404
0.0021904707
0.0020154715
0.0014932156
0.002566576
0.00056374073
0.0005580187
0.0037209988
0.001967907
0.0010074377
0.0015785694
0.002835393
0.004132867

0.0020122528
0.0040619373
0.0040205717
0.0033528805
0.0003989935
0.00012874603
6.4373016e-05
0.0018674135
0.0030548573
0.0015619993
0.0011744499
0.00082063675
0.0032502413
0.0006277561
0.0025849342
0.003002286
0.0012049675
0.0012754202
0.0024824142
0.0022280216
0.0010602474
0.0010929108
0.0017703772
0.00029277802
0.00016069412
0.0023361444
0.0010303259
0.0036115646
0.00021982193
0.0017479658
0.0015536547
0.0008819103
0.0014600754
0.0019741058
0.0019574165
0.0006314516
0.00075495243
0.0015146732
0.0015825033
0.0006147623
0.0019506216
9.095669e-05
0.002847433
0.0006444454
0.001483798
0.0015990734
0.0014086962
0.002064228
0.002057314
0.0016736984
0.0010999441
0.0006785393
0.002269864
0.0007741451
0.0016720295
0.0011730194
0.0014140606
0.0009171963
0.0016508102
0.0022286177
0.0013774633
0.00045716763
0.0032141209
0.0019329786
0.00204885
0.00076293945
0.003281474
0.00019180775
0.002010107
0.0009776354
0.00071525574
0.0030897856
0.0019093752
0.00067448616
0.0019973516
0.002185464
0.00014197826
0.0025224686
0.0014736652
0.0010935068
3.707409e-05
0.0016818047
0.0024487972
0.001127243
0.002272129
0.001033783
0.0003581047
0.0017179251
0.0028173923
0.0022836924
0.00090539455
0.0017814636
0.0024174452
0.0013700724
0.00044572353
0.0021748543
0.0010397434
0.0012769699
0.0017142296
0.002038598
0.0030032396
0.0017725229
0.0034285784
0.0018484592
0.00078725815
0.0024155378
0.0005284548
0.0016992092
0.0022835732
0.0019664764
0.00068700314
0.0013551712
0.0008634329
0.0021084547
0.001865387
0.0014901161
0.0030214787
0.0008966923
0.001981616
0.0009995699
0.002831459
0.0010900497
0.0033060312
0.0013383627
0.0006892681
0.0014493465
0.0015575886
0.0011432171
0.0010155439
0.0031495094
0.001904726
0.0015186071
0.0015710592
0.00036680698
0.0016179085
0.0012513399
0.0022257566
0.0019818544
0.0014532804
0.00026726723
0.00028157234
0.00044572353
0.0010498762
0.0016272068
0.0018744469
0.00095903873
0.0012270212
0.0013952255
0.00088632107
0.0029234886
0.0008995533
0.0026124716
0.0021238327
0.002730608
0.0016368628
0.0012204647
0.0019360781
0.0016201735
0.0018115044
0.0012193918
0.0013536215
0.00064206123
0.000739336
0.0019387007
0.0014891624
4.541874e-05
0.00064229965
0.0007477999
0.0010527372
0.0011873245
0.0018576384
0.0022970438
0.0017551184
0.0014219284
0.0020881891
0.0017482042
0.002726078
0.0015728474
0.0019774437
0.003412962
0.00041115284
0.0010387897
0.002542615
0.001883626
0.00034475327
0.0005578995
0.0002207756
0.001989603
0.0014187098
0.0006494522
0.0018892288
0.0012351274
0.0005239248
0.0005310774
0.0027179718
0.0018383265
0.00276196
0.0021950006
0.0021482706
0.0014340878
0.0010969639
0.001885891
0.0028340816
0.00033211708
0.0020662546
0.002593398
0.0014793873
0.00018942356
0.0036246777
0.0036894083
0.0017311573
0.002136469
0.0010415316
0.0029028654
0.0034130812
0.002865076
0.0015108585
0.0017746687
0.001962304
0.00095939636
0.0018242598
0.000880003
0.0027486086
0.0010048151
0.00021731853
0.0020164251
0.0014847517
0.0013813972
0.0016475916
0.0022808313
0.0017516613
0.0007572174
0.0009557009
0.00026857853
0.0015072823
0.0014480352
0.0029034615
0.0008280277
0.001967907
0.00095665455
0.0016160011
0.002555132
0.004032612
0.0018724203
0.0016000271
0.0016387701
0.003208518
0.0004439354
0.0003478527
0.0028756857
0.0011205673
0.000649333
0.0021042824
0.0029524565
0.0009175539
0.0008773804
0.0033183098
0.0033413172
0.0025467873
0.0025600195
0.002537012
0.00327456
0.0018293858
0.0009149313
0.00062799454
0.0025347471
0.000526309
0.0011650324
0.0010887384
0.00047063828
0.00234437
0.001974821
0.0012851954
0.0007029772
0.0019294024
0.0030094385
0.0027124882
0.0011548996
0.0015077591
0.0027663708
0.0017551184
0.0010915995
0.0011103153
0.0030429363
0.0038471222
0.00021481514
0.0021826029
0.0022890568
0.0004994869
0.0027592182
0.001134634
0.001452446
0.0013018847
0.0018875599
0.0009249449
0.001740694
0.00059878826
4.4107437e-05
0.0012545586
0.0024014711
0.0024924278
0.0026109219
0.0008366108
0.0016344786
0.0024616718
0.00096178055
0.0014388561
3.671646e-05
0.0005991459
0.0015113354
0.0020854473
0.0019221306
0.0015722513
0.0017696619
0.0011866093
0.00074243546
0.0012406111
0.00123775
0.0007762909
0.000877738
0.0015853643
0.0021698475
0.0014052391
0.0029281378
0.0025265217
0.0006495714
0.0025074482
0.0045136213
0.0011194944
0.001406312
7.4625015e-05
0.0013008118
0.00056397915
0.0003629923
0.002636075
0.0026848316
0.0024760962
0.002543211
0.0013537407
0.0020202398
0.0020109415
0.0027149916
0.003104329
0.0021066666
0.0013277531
0.00030982494
0.0016798973
0.0017834902
0.0006490946
0.00042200089
0.0017358065
0.002082944
0.00073063374
0.0028607845
0.0006827116
0.0023887157
0.001598835
0.0003695488
0.0017139912
0.002275467
0.0017175674
0.00052785873
0.0022580624
0.0023559332
0.003564477
0.002033472
0.0023424625
0.0014238358
0.0021352768
0.0008736849
0.0025305748
0.002549529
0.0023236275
0.0026971102
0.00036609173
0.0014829636
0.0015856028
0.0021910667
0.0015711784
0.0022867918
0.0030521154
0.0019029379
0.000787735
0.0030152798
0.0024491549
0.0032199621
0.0016140938
0.0012909174
0.0020433664
0.0015734434
0.0016191006
0.0007355213
0.0015492439
0.0018720627
0.0032149553
0.0015878677
0.0016733408
0.00026249886
0.0013488531
0.0034227371
0.0019133091
0.001698494
0.00015616417
0.0018699169
0.0016400814
0.00027310848
0.0012333393
0.0014573336
0.0029410124
0.001802206
0.002229333
0.0013362169
0.00088858604
0.0011217594
0.0012296438
0.0020464659
0.0001680851
0.0013868809
0.0011194944
0.001778245
0.0007687807
0.0026410818
0.0011678934
0.0020575523
0.00087058544
0.0014224052
0.0018441677
0.00071930885
0.0028883219
0.0015949011
0.00212121
0.0012630224
0.000114917755
0.002473712
0.0017989874
0.0026937723
0.0013911724
0.0010670424
0.0028188229
0.0017442703
0.0008993149
0.0015887022
0.002788663
0.0038764477
0.0015382767
0.00073480606
0.0029851198
3.2663345e-05
0.00040519238
0.00062060356
0.0022000074
0.002321124
2.5749207e-05
0.0005773306
0.001892209
0.0006798506
0.0010784864
0.0018908978
0.0012638569
0.00051760674
0.0017542839
0.003975749
0.0010348558
0.00021588802
0.001182437
0.0014628172
0.0005674362
0.0020614862
0.0012698174
0.001380086
0.0025982857
0.0021836758
0.00043737888
0.0025172234
0.0008493662
0.0027618408
0.0012749434
0.0013284683
0.002945304
0.0010608435
0.00084650517
0.0014812946
0.00238657
0.00053715706
0.0012084246
0.0004464388
0.0015472174
0.0019208193
0.00097441673
0.0040946007
0.0018379688
0.00070011616
0.0013064146
0.0028247833
0.00048327446
0.00060224533
0.0008531809
0.0014919043
0.0027108192
0.0008084774
0.00062191486
0.00030767918
0.001992941
0.0015376806
0.0026214123
0.0015608072
0.0006452799
0.0008354187
0.0019990206
0.0018974543
0.0025253296
0.0015195608

0.0018866062
0.00091457367
0.0012983084
0.0042580366
0.001614809
0.0015989542
0.0010344982
0.0017786026
0.0027467012
0.0033376217
0.0015866756
0.0023658276
0.0017129183
0.0010809898
0.0026956797
0.00058555603
0.00055885315
0.0019448996
0.00043284893
0.0007941723
0.002794385
0.001806736
0.0017609596
0.0022511482
0.0020132065
0.00078451633
0.0022172928
0.006865263
0.0006622076
0.00010108948
0.0014520884
0.00078701973
0.0016665459
0.0036571026
0.00035107136
0.0027184486
0.0005955696
0.0066156387
0.0011675358
0.001742959
0.00048327446
0.003961444
0.0006455183
0.0006752014
0.0006709099
0.00023412704
0.001726985
0.0043058395
0.0003259182
0.00470829
0.002423048
0.00031518936
0.000100016594
0.004978776
0.001683712
0.00020956993
0.0012230873
0.0010617971
0.0001707077
0.0017155409
0.0026584864
0.0001540184
0.00056552887
0.002231598
0.0003633499
0.00026214123
0.0014687777
0.00016617775
0.0018928051
0.0033023357
0.004768133
0.0007953644
0.0008329153
0.0017449856
0.0013588667
0.0001052618
0.0009161234
0.0043467283
0.0016517639
0.0013313293
9.608269e-05
0.00044572353
0.00091552734
0.0011332035
0.0013793707
0.0005993843
0.00064861774
0.0021423101
0.004851699
0.0022951365
0.0014051199
0.0018035173
0.004121661
0.0039178133
0.0003941059
0.0023596287
0.001439333
0.0033068657
0.0011736155
0.0010581017
0.0008906126
0.00067281723
6.9618225e-05
0.0006750822
0.0016977787
0.0004401207
0.00019824505
8.1300735e-05
0.0031684637
0.001221776
0.0015701056
0.0027014017
0.00097095966
0.00043952465
0.005488515
0.00028777122
0.001501441
0.0027377605
0.00020897388
0.00055384636
0.0012995005
0.00087594986
0.0016011
0.0007350445
0.0043005943
0.00022804737
0.001029849
0.000991106
0.0035725832
0.0032596588
0.003108263
0.0048868656
0.0022681952
0.0006662607
0.0009236336
0.0003656149
0.0006272793
0.0015368462
0.00018942356
0.0031267405
0.0023189783
0.0007504225
0.0022763014
0.0036768913
0.003116846
5.698204e-05
0.0012584925
0.0010356903
0.0007275343
0.0014243126
0.003361106
0.002440095
0.0006990433
0.0011603832
0.00033795834
0.0015223026
0.0015478134
0.00048434734
0.0001244545
0.0013192892
0.0014095306
0.0003888607
0.004047036
0.0018203259
0.0014714003
0.002667904
0.00075030327
0.00029051304
0.00033533573
0.00096488
0.002000928
0.0012654066
0.0004581213
0.0044504404
0.0012079477
0.0010521412
0.0016875267
0.00066137314
0.00032126904
0.0004724264
4.2796135e-05
0.002834916
0.0015326738
0.00075030327
0.0013537407
0.0013213158
0.00088715553
0.0054354668
0.0029406548
0.00048434734
0.0005532503
0.0019296408
0.00067198277
0.00065517426
0.00019049644
0.0012425184
0.00017940998
0.0017734766
0.0012716055
0.00023114681
0.00025713444
0.0026279688
0.0001500845
0.0013635159
0.00035572052
0.0024297237
0.00064611435
0.00042057037
0.0010563135
0.0021574497
0.00081288815
0.00038278103
0.0011913776
0.0027695894
0.0058379173
0.0012456179
0.0038548708
0.00014042854
0.0015159845
0.00032949448
0.00023365021
0.0022271872
0.00064110756
0.00070512295
0.0013298988
0.00036418438
0.004433155
0.0039479733
0.0053834915
0.00036382675
0.0014286041
0.0040780306
0.0019053221
0.0023913383
0.0011789799
0.0010848045
0.001555562
0.00029969215
0.00038671494
0.0009268522
0.0032256842
0.0052443743
0.0007880926
0.00045502186
0.001986146
0.0015944242
0.0014513731
0.0033718348
0.001583457
0.00016701221
0.00039196014
0.0009750128
0.004292488
0.0012488365
0.000916481
0.00029587746
0.002121687
0.011664391
0.0002516508
0.00028979778
0.0016434193
0.001554966
0.0007330179
0.0009573698
0.0031677485
0.0001411438
5.018711e-05
0.0012154579
0.0030913353
0.0012284517
0.0014113188
0.000390172
0.0008624792
0.0015825033
0.0004607439
0.0009710789
0.002502203
0.0013182163
0.0013799667
0.0009685755
0.0009970665
0.0041378736
0.0011408329
0.00061142445
0.00084352493
0.0002706051
0.0014070272
0.0059098005
0.0014716387
0.00071179867
0.0001538992
0.002894044
0.0020836592
0.0006067753
0.00078189373
5.9604645e-07
0.0022125244
0.001994133
0.00012040138
0.0026911497
0.0030441284
0.00023174286
0.0033063889
0.002985239
0.0012729168
4.684925e-05
0.0003157854
0.0010472536
0.001198411
0.0025436878
0.0040353537
0.00020051003
0.0016539097
0.0017986298
0.00081276894
0.0016704798
0.0034000874
0.00022268295
0.00088989735
0.00034368038
0.0006866455
0.00024831295
0.0009588003
0.0005879402
0.00052678585
0.0014587641
0.0012286901
0.0011239052
0.00041413307
0.0010963678
0.00044465065
0.0008405447
0.0011279583
0.000572443
0.0002834797
0.0007959604
0.002775669
0.0009930134
0.0026369095
0.0010931492
0.0013409853
0.002171278
0.0012068748
0.0025469065
0.0005375147
0.0023258924
0.0011844635
0.0014710426
0.00022268295
0.00038576126
0.0006631613
0.0012224913
0.00053846836
0.0019693375
0.0011228323
0.004265547
0.0013285875
0.0006148815
0.005937934
0.001609683
0.00014126301
0.0015194416
0.0015021563
0.00011944771
0.000952363
0.00034821033
0.0016152859
0.0019439459
0.0004696846
0.0044727325
0.004594207
0.0013537407
0.00035989285
8.59499e-05
0.0026896
0.00696671
0.002713561
0.00026142597
0.002662301
0.00037384033
0.0032708645
0.0026177168
0.0021406412
0.00074505806
0.0048191547
0.00027120113
0.0023502111
0.002732873
0.00067818165
0.0007683039
0.0021170378
0.00066769123
0.0021209717
-1.513958e-05
0.0019636154
0.005797982
3.7789345e-05
0.00027298927
0.0010674
0.0014522076
0.0020817518
0.0015102625
0.000115156174
0.001149416
0.000238657
0.00060391426
0.00042760372
0.0012779236
0.005075097
0.0021723509
0.00025498867
0.0030441284
0.001683712
0.0018292665
0.0011316538
0.0008647442
0.0008933544
0.0012698174
0.0017830133
0.0010306835
3.6001205e-05
0.00354743
0.001842618
0.0023560524
0.0003632307
0.0060414076
0.0026257038
0.0059640408
0.00023818016
0.0009263754
0.0018342733
0.00093126297
0.00016200542
0.0004261732
0.0035398006
0.0013890266
0.0017504692
0.0007748604
0.00074899197
0.000736475
0.0016777515
0.0018911362
0.0011630058
0.0012353659
0.0024776459
0.002845168
0.000587821
0.00058579445
0.0011191368
0.0005276203
0.004314184
0.0049107075
0.000995636
0.0014978647
0.0024776459
0.0026700497
0.0023679733
0.0019522905
0.0013884306
0.0004644394
0.0009634495
0.00060236454
0.002229333
0.0009926558
0.00039362907
0.0002310276
0.0002837181
0.00020337105
0.0023390055
0.0003221035
0.0012760162
0.0014631748
0.001221776
0.0011101961
0.0012345314
0.0005527735
0.0031833649
0.00076937675
0.0003414154
0.0008043051
2.193451e-05
0.005260229
0.0009652376
0.0027749538
6.663799e-05
0.0033724308
0.000505805
0.00077700615
0.00077700615
0.00046229362
0.0022069216
0.0002886057
0.003045559
0.00062680244
0.00046944618
0.000113248825
0.00020337105
0.0037385225
0.0073685646
0.0032880306
0.001760006
0.0010516644
0.0018645525
0.007050514
0.0007523298
0.0056037903
0.0001758337
0.0008366108
0.0004800558
0.0041577816
0.00021708012
0.0025402308

0.00477612
0.00082850456
0.0019891262
0.0010912418
0.002507329
0.0014350414
0.0028620958
0.0027885437
0.0019687414
0.0016275644
0.003503561
0.0011167526
1.1920929e-06
0.000582695
5.877018e-05
0.0010207891
0.0004415512
0.002164483
0.002811551
5.00679e-06
0.0006994009
0.00084757805
0.0055226088
0.00026595592
9.870529e-05
0.000641942
0.0016177893
0.0022594929
0.0044697523
0.0019164085
0.0010912418
0.0023727417
0.0003194809
1.7881393e-06
8.261204e-05
0.0015765429
0.00023674965
8.2969666e-05
0.0024477243
0.0020440817
0.00026094913
0.0003504753
0.0008662939
0.00030732155
0.0010017157
0.0002490282
0.0017917156
5.5789948e-05
0.0027829409
0.00057315826
0.001095891
0.00068604946
0.0007698536
0.0040792227
0.00066149235
0.0048303604
0.00017607212
0.0039942265
0.0029451847
0.002073288
0.00031280518
0.0003837347
0.004147768
0.00050246716
0.00021803379
0.0006252527
0.0032702684
0.00061011314
0.0036228895
0.0016198158
0.0024383068
0.0038427114
0.0009253025
0.0024285316
0.0023195744
0.0007921457
0.0023956299
0.0026187897
0.0010838509
6.0796738e-05
0.0012506247
0.0012056828
0.0066370964
0.00016498566
5.9962273e-05
0.001450777
2.1338463e-05
5.6028366e-06
0.0052843094
0.0021935701
0.00021910667
0.00021636486
0.00089740753
0.0012161732
0.00014257431
0.001414299
0.0016874075
0.0014331341
0.0014189482
0.000111579895
0.0061905384
1.6570091e-05
0.0006186962
1.8119812e-05
0.00012218952
0.002490759
0.0036449432
0.00069105625
0.0018445253
-9.536743e-07
0.0005573034
2.8848648e-05
0.0011949539
0.0013991594
0.0012476444
0.0008780956
0.0017341375
0.0002592802
0.0035830736
6.818771e-05
0.0027081966
0.00020313263
5.38826e-05
0.00060629845
0.0019427538
0.002052784
0.0027712584
0.0020247698
0.00086152554
0.0007394552
0.0013568401
0.005280018
0.00024950504
0.004134059
0.00017392635
4.7683716e-07
0.0011364222
0.0009137392
0.0050514936
0.0004762411
0.0006685257
0.001318574
0.0020871162
0.0019756556
0.0022358894
3.361702e-05
7.593632e-05
0.00019109249
0.0013025999
0.00080156326
0.0009908676
0.0011116266
0.0013525486
0.0030254126
0.0005071163
0.0027867556
0.00063204765
0.00213933
0.0014919043
0.00029349327
0.0001783371
4.7683716e-05
0.00085031986
-6.67572e-06
5.2571297e-05
0.0020303726
0.0026940107
0.0030082464
0.0017821789
8.9645386e-05
0.00077950954
0.0016696453
0.00041091442
0.00039243698
0.004025221
2.4199486e-05
0.0020999908
0.00012040138
0.00045013428
0.00018501282
0.0017464161
0.0028440952
0.0028113127
0.0033414364
0.00043821335
0.0021520853
0.0010019541
0.0013576746
0.0025587082
0.0030958652
0.00088489056
0.00084269047
0.0017517805
0.00075519085
0.0012793541
0.00022900105
0.0019286871
0.0028135777
0.0023893118
0.005044937
0.0039469004
0.0008151531
3.671646e-05
0.0012234449
0.002121091
0.00055623055
0.001989007
0.0011552572
0.0011831522
0.0009379387
0.0004374981
0.0017316341
0.0018379688
0.00058090687
0.004904747
0.0023965836
8.070469e-05
0.0011479855
0.0004056692
0.007955074
0.005191326
0.00011456013
0.0011166334
0.0005221367
0.0018250942
0.0017303228
0.00023174286
0.001970172
0.000543952
6.687641e-05
0.00019061565
0.0037571192
0.0011285543
0.0010367632
0.00041043758
0.0016114712
0.0005732775
0.00016355515
0.00012648106
0.0029978752
0.00025987625
0.00030326843
0.0037119389
3.0994415e-06
0.00093472004
0.0022728443
0.0005905628
0.003211856
0.0005226135
0.00010967255
0.0006431341
0.000987649
0.0025084019
0.0014650822
0.0010479689
3.9458275e-05
6.175041e-05
0.0031579733
0.0011845827
0.00043940544
0.0011991262
5.9604645e-07
0.0014292002
0.00033402443
0.0022767782
0.00030386448
0.0008511543
0.0020594597
0.0008318424
0.0009340048
0.005627036
0.00043058395
0.0009884834
0.00019109249
0.0011636019
0.002816081
0.0008485317
0.00038826466
0.00010573864
0.0007483959
0.0005390644
0.00056922436
0.0014784336
0.008303523
0.0030356646
4.9233437e-05
-2.9802322e-06
0.0004028082
0.003567338
0.0012284517
0.0011531115
9.846687e-05
0.00016796589
0.0033341646
0.0051044226
0.0032662153
0.00044476986
1.0848045e-05
0.0043468475
0.00042712688
0.0010943413
0.0054211617
0.0027171373
0.0032664537
0.0011780262
0.0022412539
0.001896739
0.0015981197
0.0014206171
0.0010000467
0.002670288
0.0046209097
0.0023030043
4.0650368e-05
5.2690506e-05
0.0014432669
0.0040932894
0.0059295893
-4.7683716e-07
0.00055098534
0.0003683567
8.058548e-05
8.2850456e-05
0.0034797192
0.0011131763
0.0012698174
0.0023243427
0.00019443035
0.000505805
0.0032212734
0.0014098883
0.00014615059
0.0026230812
0.00021779537
0.0012142658
0.00070381165
0.001563549
0.0001257658
0.00049829483
0.0003566742
0.0011886358
0.0046892166
0.002579689
0.000857234
0.0017672777
0.0013896227
0.00028908253
0.00034224987
0.0011030436
0.0031943321
0.00090432167
6.830692e-05
0.0005457401
0.0017155409
0.0046247244
0.0049403906
0.001985073
0.0035312176
0.00096559525
7.843971e-05
0.0014975071
0.00043916702
0.00038957596
0.0007493496
3.4213066e-05
0.004302621
0.0024126768
0.0022631884
1.7881393e-06
0.0006130934
0.0013058186
0.0025782585
0.00018823147
0.0025646687
0.001637578
0.0028238297
0.007944822
0.00020873547
0.0020874739
0.00081300735
0.00026512146
0.004536152
0.003388524
0.0005607605
0.00028038025
0.0035055876
3.6478043e-05
0.00213933
0.0020062923
0.0016642809
0.0013438463
0.0023832321
0.002335906
0.0015656948
0.0023156404
4.3153763e-05
0.0025869608
0.002954483
0.0017443895
0.0021656752
0.0006071329
0.00091576576
0.002105236
0.00089895725
0.0033415556
0.0003272295
0.00028157234
0.0017305613
0.00035345554
0.00293684
0.0029439926
0.0018240213
0.0019927025
0.001413703
0.0020611286
0.00047552586
0.00019729137
0.00058841705
0.0027747154
0.00026142597
0.00053715706
0.0030622482
0.0008238554
2.7418137e-05
0.00077593327
0.0040920973
0.0011057854
0.0017476082
0.00054359436
0.0012835264
0.0017437935
0.0010832548
0.00026714802
0.0014488697
7.2717667e-06
0.0037235022
0.00021851063
0.0038318634
0.00020301342
0.0028527975
4.4822693e-05
4.053116e-06
0.00067555904
0.0015224218
0.001288414
0.0026564598
0.0007060766
0.0024216175
0.004291892
0.0011417866
0.0004593134
0.00052785873
0.0021646023
0.00039482117
8.904934e-05
0.00029945374
0.004868746
6.0081482e-05
1.2874603e-05
0.0011446476
0.0026390553
3.9577484e-05
0.00061023235
0.00050508976
0.0004284382
0.0002348423
0.0012123585
0.0016239882
0.0005351305
0.00043332577
0.00068748
0.0005249977
0.001521945
0.0004950762
0.00036275387
0.0031323433
0.0017226934
0.0016453266
8.893013e-05
0.0019533634
0.00033390522
0.0019801855
0.005725503
0.003078103
0.0028693676
0.0008277893
0.0005271435
0.00024795532
0.0003619194
0.0016109943
0.002242446
0.0008972883
0.0012506247
0.0004298687
0.0011693239
0.003443122
0.0004761219
0.0028499365
0.0013971329
0.0006136894
1.1205673e-05
0.00017106533
0.0025190115
0.0035494566
0.0034399033
8.34465e-07
0.0016422272
0.001029253
0.00039100647
0.00018119812
9.453297e-05
0.00080037117

0.0026812553
0.00033020973
0.0016533136
0.0031918287
0.0023630857
0.0018305779
0.0008212328
0.0007413626
0.0008224249
0.0018327236
0.00035488605
0.001352787
0.0017052889
0.0023363829
0.0016869307
0.0022519827
0.0017187595
0.0011450052
0.0008736849
0.0008301735
0.0021528006
0.0032685995
0.0014052391
0.0021294355
0.0020333529
0.0020571947
0.002681017
0.0018930435
0.002203703
0.0006096363
0.0022410154
0.0017238855
0.0009096861
0.0016582012
0.0037693977
0.0014531612
0.0005501509
0.00072288513
0.0013380051
0.0006673336
0.0010626316
0.0043816566
0.0012300014
0.0010516644
0.0009698868
0.0036680698
3.695488e-06
0.0009379387
0.0012602806
0.0025109053
6.0796738e-06
0.0012325048
0.000954628
0.00047421455
0.0012135506
0.0021574497
2.7775764e-05
0.0015368462
0.0005174875
0.003689289
0.00044858456
0.0010086298
0.0007929802
0.0032212734
0.0006175041
0.0015192032
0.00094771385
0.00020802021
0.0029724836
0.0028697252
0.001475215
0.0004823208
0.0016891956
0.001283288
0.0007468462
0.0013360977
0.0006158352
7.1406364e-05
0.0019072294
0.0028681755
0.0032274723
2.4795532e-05
0.0016105175
0.001128912
0.0031569004
0.0016107559
0.0027077198
0.0025508404
0.002285242
0.0016903877
0.001974821
0.00026762486
0.0016376972
0.0015329123
0.0019841194
0.0032788515
0.0031392574
0.0010910034
0.00079226494
0.0006878376
0.00063169
0.00018644333
0.0016126633
9.274483e-05
0.000119805336
0.00062668324
0.00034070015
2.6583672e-05
0.0030264854
0.002627492
0.0021169186
0.0011309385
0.0014215708
0.0018898249
0.0028092861
0.00040376186
0.001481533
0.0013873577
0.0011681318
0.0036978722
0.0014178753
6.711483e-05
0.00096070766
0.0024379492
0.0011920929
0.0020935535
0.0009675026
0.0021910667
0.0010040998
0.00033342838
0.001303792
0.0032817125
0.0010943413
0.0015541315
0.0016123056
0.0011885166
0.004410863
0.0017120838
0.0016924143
0.00012803078
0.0013394356
0.0033534765
0.0016251802
0.003216982
0.002228856
0.0015467405
0.00037634373
0.001989007
0.0017466545
0.0017356873
0.00040197372
0.0014096498
0.00094497204
0.0020577908
0.0009561777
0.00044584274
0.0012080669
0.0011923313
0.0015112162
0.00011861324
0.0016314983
0.0034064054
0.00037288666
0.0017662048
0.0023052692
0.0008918047
0.00013434887
0.002468586
0.000705719
0.0022405386
0.00029420853
2.3841858e-07
0.0014886856
0.0016674995
0.0014833212
0.0002619028
0.0016561747
0.00210011
0.0018098354
1.3113022e-06
0.0003142357
0.000562191
0.0010101795
0.0016264915
0.0011023283
0.0009993315
0.00061666965
1.2278557e-05
0.0026695728
0.0024769306
0.0006482601
0.00301373
3.8146973e-05
0.0018242598
0.0008583069
0.002261281
0.0005018711
0.0014605522
0.0010139942
0.0015202761
0.0019996166
0.00047791004
0.00094747543
0.0005091429
0.00044119358
0.002067089
0.0015341043
0.001185894
0.00043022633
0.00086832047
0.0021070242
0.0018848181
0.0019435883
0.00044214725
0.0026240349
0.003088355
0.0011351109
0.00070750713
0.0011247396
0.0009351969
0.0019325018
0.0024309158
0.0033352375
0.00031411648
0.0014668703
0.0012575388
0.0006753206
0.0007994175
0.0011793375
0.0011538267
0.00042927265
0.0036308765
0.0024118423
8.928776e-05
0.00026381016
0.0006645918
0.0009810925
0.0006173849
0.001450181
0.0025535822
0.004248619
7.104874e-05
0.0014797449
0.00031995773
0.004209876
0.0012974739
0.0009471178
0.001326561
0.0007607937
0.0013619661
0.0041451454
0.0028700829
0.0011332035
0.0013772249
0.0023463964
0.0017637014
0.0012072325
0.00041151047
0.00062441826
0.0015214682
0.0021777153
0.0018422604
0.0026676655
0.0009999275
0.0012998581
0.0028214455
0.0017396212
3.373623e-05
0.0013114214
0.0022656918
0.001531601
0.0013744831
0.002294898
0.00045526028
0.003933668
0.00047707558
0.0008459091
0.0011593103
0.0016280413
0.0004041195
0.0001475811
0.00077211857
0.00034332275
0.0014556646
0.0008535385
0.0021746159
0.0002360344
0.00027096272
0.00047647953
0.0011223555
1.4543533e-05
0.001819849
0.0012516975
0.0009824038
0.0012772083
0.0002374649
0.0016247034
0.00013136864
0.0005120039
0.003902316
0.0010676384
2.527237e-05
0.00070631504
1.13248825e-05
0.00071680546
0.0010478497
0.0016126633
0.0027250051
0.00082337856
0.0005611181
0.002896309
0.0014379025
0.0007317066
0.0017086267
0.0017752647
0.0011012554
0.001306653
0.0018264055
0.0017642975
0.0010540485
0.0020252466
0.0013643503
0.0014884472
0.0016021729
0.00070130825
0.0011703968
0.0009008646
0.0014181137
0.0013924837
0.002388239
0.0007711649
0.0015113354
0.002588749
0.0010365248
0.00058698654
0.0020352602
0.0010155439
0.0017263889
0.0016185045
0.001177907
0.0029950142
0.003038168
0.0017442703
1.04904175e-05
0.0010855198
0.003475666
0.00076782703
0.00077438354
0.0009713173
0.0019394159
0.000641346
0.00264287
0.0008920431
0.0018919706
2.1457672e-06
0.004505396
0.001431942
0.00015950203
0.0010738373
0.00084865093
0.0025721788
0.0022130013
0.0012471676
0.0004905462
0.0024946928
0.0010104179
0.004045844
0.0011562109
0.000562191
0.0017790794
4.7683716e-07
0.0019270182
0.0022509098
0.0015400648
0.00069224834
0.0004557371
0.00010704994
0.0011874437
0.001240015
0.0015048981
0.0025645494
0.0022425652
0.0012607574
0.0009893179
0.0015300512
0.004135728
0.0024483204
0.0028173923
0.0018776655
0.0009614229
0.0013465881
0.0017092228
0.00017166138
0.00046384335
0.00059199333
0.00065755844
0.0016350746
0.0009161234
0.00044071674
0.0016961098
0.0027018785
0.001762867
0.00039565563
0.0023517609
0.0013927221
0.0002645254
0.0013875961
0.004437804
0.0012654066
0.0012024641
0.003047943
0.0014121532
0.002571702
0.00029873848
0.0006374121
0.0017771721
0.003799677
0.001103878
0.00064218044
0.0010904074
0.0021243095
0.0019835234
0.0028195381
0.0020126104
0.0010633469
0.00078880787
0.0013803244
0.0010762215
0.002131462
0.00053715706
0.000978589
0.0021737814
0.001527667
0.0006661415
0.002275467
0.0012251139
0.0017188787
0.0041077137
0.0021877289
0.0010682344
0.00033044815
0.0011979342
0.0017614365
0.000792861
0.0017385483
0.0012060404
0.0032564402
0.0008198023
0.0012284517
0.0003502369
0.0005091429
0.00083458424
0.00013291836
0.0010546446
0.0013235807
5.0902367e-05
0.0008432865
0.0017815828
0.0017443895
0.0005553961
0.0016921759
0.00044476986
0.00094401836
0.00024402142
0.0008004904
2.1457672e-05
0.0030418634
0.0033783913
0.0012943745
0.0018308163
0.000111699104
0.0006593466
0.00041365623
0.0027394295
0.0025240183
0.0016649961
0.00014805794
0.0032240152
0.0027918816
0.0014528036
0.0016117096
0.000808239
0.0016154051
0.0011376143
0.0012880564
0.0032006502
0.0020676851
0.0017083883
0.0019109249
0.0037606955
0.0017008781
0.00033295155
0.0003862381
0.003627181
0.0027468204
0.0007556677
0.0033208132
0.0019068718
0.0017541647
0.00070881844
0.000118494034
0.0013436079
0.0011290312
0.001029253
0.00093734264
0.0006965399
0.00066685677
0.0020638704
0.0007580519
0.0012024641
0.0010809898
4.696846e-05

0.001147151
0.0005904436
0.0008774996
0.002772212
0.001221776
0.0011681318
0.0015397072
0.00060224533
0.0019404888
0.00091826916
0.00047194958
0.0022560358
0.0005068779
0.001824379
0.00044238567
0.0009508133
0.0020947456
0.0010294914
0.0012830496
0.005108714
0.0041031837
0.0023832321
0.000819087
0.0014026165
0.00053834915
0.00014328957
0.003511548
0.0010362864
0.002506733
0.001584053
0.0010319948
0.0014103651
0.0029331446
0.0022450686
0.001241684
0.0051892996
0.0036233664
0.0018413067
0.0009264946
0.0009148121
0.0023202896
0.0023401976
0.0017256737
0.0005916357
0.00044071674
0.0012938976
0.0020352602
0.002103448
0.0015733242
0.0019185543
0.00023317337
0.0007224083
0.0009913445
0.001975894
0.0011068583
0.0033761263
0.0017806292
0.00038945675
0.0005347729
0.0023941994
0.00048041344
0.0014151335
0.001401782
0.0024268627
0.0009797812
0.0011062622
0.0007542372
0.0026170015
0.0036592484
0.001229763
0.00032532215
0.00032293797
0.0025490522
0.00080025196
0.002732277
0.0016540289
0.0024302006
0.0007252693
0.00024366379
0.0017887354
0.0015813112
0.00096547604
0.0017271042
0.0017861128
0.0010396242
0.0026786327
0.0012094975
0.0007703304
0.0029782057
0.0010557175
0.0017468929
0.0015249252
0.0013753176
0.0017876625
0.0008944273
0.0012214184
0.0033363104
0.0021897554
0.00074338913
0.00021183491
0.00028836727
0.0011436939
0.002220869
0.001983285
2.1100044e-05
0.0027865171
0.0018179417
0.0012280941
0.0010068417
0.003550768
0.0021938086
0.0010648966
0.0013706684
0.001650691
0.001360774
0.0028489828
0.0003401041
0.002816081
0.0043691397
0.0025846958
0.0017690659
0.0013720989
0.0024895668
0.00267303
0.0014340878
0.0005046129
0.0028569698
0.000983715
0.00072193146
0.00083982944
0.0028681755
0.0005850792
0.002315402
0.0026402473
0.002424121
0.0031826496
0.0009944439
0.0011956692
0.002969861
0.0019996166
0.0021557808
0.0017864704
0.0039873123
0.0028122663
0.0012499094
0.0024613142
0.0020908117
0.00070273876
0.0034073591
0.00074744225
0.0004400015
0.00059759617
0.0018419027
0.001075387
0.0015155077
0.0012124777
0.00031387806
0.0013303757
0.0006560087
0.0002565384
0.0014019012
0.0016304255
0.002387762
0.0004771948
0.00020551682
0.0018891096
0.001277566
0.002637744
0.0022158623
0.0010024309
0.0011304617
0.0023123026
0.0007148981
0.0010206699
0.0020692348
0.0007760525
0.00023818016
0.000780344
0.0014035702
0.0022290945
0.001167655
0.001322031
0.00075018406
0.0016697645
0.0010787249
0.0014972687
0.0024808645
0.0010992289
0.0005502701
0.0021469593
0.000654459
0.00028955936
0.0013318062
0.0035119057
0.0011754036
2.3126602e-05
0.0030062199
0.0020292997
0.00036251545
0.0016752481
0.0006606579
0.0012829304
0.0006200075
0.0021111965
0.0012288094
0.0029036999
0.0008376837
0.0011059046
0.0004618168
0.000777483
0.0006740093
0.002420783
0.002363205
0.001411438
0.005362153
0.0016332865
0.0008149147
0.0025287867
0.0006893873
0.000890255
0.0009343624
0.00034475327
0.0013644695
0.0005503893
0.0022002459
0.0010018349
0.0014535189
0.00078701973
0.001883626
0.001376152
0.0019509792
0.00069606304
0.0026614666
0.0003068447
0.001418829
0.0025988817
0.0006016493
0.0013153553
0.0009251833
0.002935052
0.0010507107
0.0019785166
0.0009903908
0.00046229362
0.0006867647
0.0017222166
0.004065633
0.0015660524
0.0010265112
0.0020062923
0.0010181665
0.001706481
0.0012972355
0.0020700693
0.0012075901
0.0012834072
0.00066149235
0.0019840002
0.0013645887
0.002545476
0.0019192696
0.00093352795
0.0018496513
0.0017163754
0.0026489496
0.002299428
0.0030921698
0.0003234148
0.0016608238
0.002010107
3.5762787e-07
0.0036861897
0.0011261702
0.000641942
0.0002270937
0.0017831326
3.5643578e-05
0.00036644936
0.0016441345
0.0014083385
0.0012933016
0.001778245
0.0017879009
0.0012080669
0.0013264418
5.90086e-05
0.0006183386
0.0014309883
0.0025521517
0.0033855438
0.000882864
0.0022916794
0.00073826313
0.00164783
0.000113368034
0.0042250156
0.0026749372
0.0007638931
0.0017795563
0.00073337555
0.0018438101
0.0029964447
0.0019199848
0.0008200407
0.00054728985
0.0008453131
0.00045704842
0.0019625425
0.0044902563
0.0012367964
0.002316475
0.0011073351
0.0013055801
0.0011594296
0.0019325018
0.0016765594
0.0024865866
0.0010088682
0.00089788437
0.0006328821
0.0032451153
0.0014600754
0.0008794069
0.0025475025
0.0019750595
0.002513647
0.0014761686
0.00034928322
0.0013222694
0.0016143322
0.0020691156
0.0012907982
0.0017552376
0.0008710623
0.00052154064
0.00047159195
0.0011225939
0.0016082525
0.0009279251
0.0021967888
0.0028487444
0.00069105625
0.0019060373
0.00031375885
0.0010378361
0.0024914742
0.002511382
0.00042176247
0.0013412237
0.00084638596
0.0028144121
0.004005909
0.000346303
9.441376e-05
0.0010418892
0.0009754896
0.00081551075
0.0016918182
0.0025498867
0.0007162094
0.0029275417
0.001454711
0.0012298822
0.0011402369
0.0017665625
0.00019609928
0.0013247728
0.0012290478
0.00036752224
0.0005555153
0.0013612509
0.0017057657
0.0033253431
0.00073719025
0.0017316341
0.0019193888
0.0006569624
0.0028791428
0.001115799
0.0017293692
0.0019863844
0.0018948317
0.0020999908
0.0008786917
0.0020633936
0.0019067526
0.003133297
0.0013697147
0.002256751
0.0032931566
0.0036679506
0.00106287
0.0031702518
0.0018924475
2.670288e-05
0.0019255877
0.0036394596
0.0
0.00055348873
0.0016869307
0.0011662245
0.0010467768
0.001871109
0.0013029575
0.0007202625
0.0016211271
0.0010151863
0.00043570995
0.0019289255
0.0010466576
0.0028239489
0.0013471842
0.0008004904
0.0019540787
0.00020110607
0.00078880787
0.0017248392
0.004699111
0.0013560057
0.0023407936
0.0011297464
0.0012344122
0.0006312132
0.0022996664
0.0010817051
0.0025084019
0.0008792877
0.0022161007
0.002371788
1.7881393e-06
0.0005016327
0.0018851757
0.002598524
0.0009799004
0.001126647
0.0023862123
0.000177145
0.0028800964
0.0015352964
0.002395153
0.00015044212
0.0015655756
0.0006650686
0.0024844408
0.0008249283
0.0015609264
0.0005258322
0.0021128654
0.0031255484
0.00033295155
0.001565218
0.00043964386
0.0012845993
0.0014173985
0.0017186403
0.0010439157
0.0023171902
0.0012587309
0.0027518272
0.002184391
0.0008665323
0.0012803078
0.0028976202
0.0023468733
0.0021538734
0.0024899244
0.001863122
0.0011539459
0.001335144
0.0038331747
0.005609989
0.003948331
0.0006489754
0.0009303093
0.00076282024
0.002250433
0.00090932846
0.00059247017
0.00030505657
0.0012687445
0.0017921925
0.0006592274
1.4305115e-06
0.0029248
0.00030136108
0.0048650503
0.001329422
0.0007587671
0.0013854504
0.0009280443
0.0020074844
0.00067162514
0.0005902052
0.00085413456
0.0020468235
0.001227498
0.0035783052
0.00025224686
0.0011229515
0.0021749735
0.0005567074
0.0013655424
0.003328681
0.000854969
0.0019544363
0.0025331974
0.0011332035
0.00020289421
0.0008432865
0.000105023384
0.000713706
0.003291607

0.061891675
0.06058991
0.09080827
0.09117091
0.07723534
0.08992839
0.05730629
0.055750728
0.05686021
0.057646275

