0.99508077
1.3489734
1.265475
1.3236301
1.4666871
1.5861272
1.567274
1.1276827
1.6238613
1.4836824
1.3082552
1.7016081
1.4414666
1.1101288
1.7877874
1.517884
1.2312987
1.3928436
2.119118
1.2584934
1.6009231
1.4441884
1.5252066
1.6731528
1.5416079
1.6693432
1.5580392
1.2682726
1.8152485
1.3934665
1.3810778
1.3955576
1.692587
1.4185374
1.4808815
1.5396255
1.2246113
1.4914478
1.1516831
1.682487
1.5198835
1.7029557
1.4203774
1.912068
1.483647
1.4368372
1.6714703
1.5885066
1.604941
1.251035
1.5059329
1.4653535
1.312989
1.8305846
1.3347865
1.5340675
1.7710198
1.7402151
1.7429004
1.3611058
1.3815509
1.4911461
1.1300429
1.8521546

1.3754035
1.4582461
1.3126992
1.4419732
1.4327981
1.5012418
1.5435382
1.4380498
1.4487168
1.3842796
1.4710437
1.6016905
1.4511116
1.492838
1.4528162
1.4969192
1.5685434
1.4379829
1.4453092
1.4588529
1.460478
1.5416974
1.5377134
1.447758
1.5047337
1.5010293
1.5181528
1.3272067
1.6844012
1.4121455
1.5331768
1.4980888
1.5138564
1.546317
1.5853928
1.4875125
1.4948283
1.3718798
1.3958242
1.4283717
1.6204337
1.3931017
1.412685
1.5837251
1.5203781
1.512968
1.4826521
1.3486325
1.5423515
1.8331126
1.4724823
1.4132085
1.4398873
1.421435
1.5527934
1.3914078
1.5073385
1.7462286
1.4242852
1.6164781
1.4610186
1.4739531
1.5667369
1.4249427

1.3972969
1.4435978
1.4485857
1.4801944
1.4648128
1.3719809
1.4698915
1.4282559
1.437634
1.4162722
1.4513588
1.4028791
1.4691566
1.4318211
1.4604378
1.4819658
1.457414
1.4858822
1.4881458
1.3802162
1.4441812
1.3773894
1.436634
1.502718
1.4792516
1.5539769
1.3912456
1.5883116
1.4509767
1.5069752
1.4149362
1.5139337
1.3229432
1.4782553
1.4171332
1.4124095
1.4090184
1.4799067
1.4056178
1.4043623
1.4041688
1.4143976
1.4936391
1.4428036
1.449924
1.3674706
1.46159
1.3783885
1.4227295
1.3708365
1.4046395
1.4387692
1.5066565
1.5064682
1.4144765
1.5037066
1.4434016
1.4711884
1.3922827
1.4673121
1.5401164
1.4343761
1.4549326
1.4777728
1.437019
1.3802007
1.4637737
1.4569795
1.3403223
1.4754711
1.4703612
1.5243554
1.4115146
1.4356868
1.3809966
1.453093
1.4195964
1.5722921
1.4816915
1.428493
1.4221735
1.4763743
1.3967333
1.4805602
1.4354997
1.4342656
1.3881972
1.3891996
1.3850256
1.403846
1.3876104
1.4412233
1.388275
1.4091339
1.4507241
1.4884505
1.4938259
1.4087527
1.508995
1.3886293
1.443915
1.4226116
1.4575964
1.4316255
1.5028831
1.3893899
1.333252
1.4005924
1.3739198
1.5710254
1.4028986
1.4283531
1.474628
1.3526543
1.3909266
1.383038
1.463783
1.4646646
1.4987594
1.4459677
1.4129729
1.4627621
1.4863838
1.345141
1.446662
1.3913324
1.4449182
1.4657116

1.443219
1.5346013
1.4062471
1.4755437
1.4614418
1.3631369
1.46316
1.5090479
1.425946
1.4657866
1.4755844
1.4788086
1.4990419
1.4541129
1.4152511
1.4156572
1.439774
1.4446616
1.4684838
1.4760196
1.3913636
1.4901555
1.5039775
1.4493027
1.5307661
1.367217
1.5001494
1.4619926
1.4036092
1.4535781
1.4928967
1.4995344
1.4591289
1.3671099
1.4680196
1.4509563
1.4470747
1.432926
1.4637182
1.4966319
1.4646016
1.4181939
1.4366982
1.4480382
1.3855263
1.4920473
1.4313092
1.4679937
1.4368463
1.4041986
1.4759431
1.4017982
1.4211866
1.3773333
1.4175283
1.4847816
1.4347197
1.4610666
1.4741648
1.4539944
1.3708326
1.4583379
1.4463464
1.5176275
1.5185894
1.4236137
1.4384453
1.4848207
1.4146765
1.521821
1.4226369
1.5024792
1.4460951
1.4077827
1.371557
1.4475086
1.4393593
1.4827394
1.4253248
1.40011
1.40843
1.4250234
1.4954574
1.4355124
1.4814487
1.4367673
1.4840101
1.4552088
1.4212859
1.4319223
1.4653158
1.4501848
1.4361236
1.4516098
1.4886395
1.4256626
1.4668974
1.4698718
1.4660318
1.5233206
1.5000755
1.4199146
1.3829292
1.5200865
1.4449106
1.4034497
1.4328852
1.3495331
1.4400907
1.4134066
1.459718
1.4434388
1.5792162
1.4068302
1.5090533
1.3787633
1.477717
1.455038
1.4545423
1.3970388
1.3970888
1.4346765
1.3499222
1.4585451
1.4570549
1.500212
1.3829166
1.5062919

1.420818
1.4899703
1.44148
1.4363136
1.4547714
1.3924978
1.460317
1.394494
1.4391305
1.3664087
1.4468396
1.4320673
1.4194565
1.4311279
1.3879484
1.3888274
1.4146259
1.458141
1.4216408
1.3676562
1.4013168
1.3924111
1.4395285
1.451851
1.4525291
1.4301308
1.4739485
1.3821884
1.5107483
1.4500718
1.4001642
1.4525719
1.4821078
1.4698826
1.4317843
1.492353
1.3981271
1.3707513
1.3819737
1.3929409
1.4553401
1.4570837
1.418623
1.4048703
1.4018668
1.4717954
1.4751563
1.3526617
1.3909632
1.4297004
1.4598049
1.4410759
1.4054309
1.4708893
1.4057773
1.4454424
1.4449426
1.3836452
1.4130869
1.4184607
1.441996
1.3995887
1.4457033
1.5070647
1.4253359
1.4048915
1.4212476
1.4738737
1.4308261
1.4195787
1.4019222
1.4255273
1.490441
1.3860853
1.4722383
1.4467568
1.3944426
1.4032378
1.4360023
1.411238
1.3985049
1.4522392
1.4892629
1.4473194
1.3790367
1.4693035
1.4197285
1.4145845
1.4018363
1.4134377
1.3920654
1.3814335
1.4738415
1.4978197
1.4207692
1.4199747
1.428957
1.4112315
1.3885064
1.4763128
1.4461434
1.4845603
1.4610624
1.4252843
1.4159471
1.4348752
1.3923204
1.4075462
1.4697644
1.4410801
1.4345969
1.4568225
1.3881596
1.4196377
1.4229012
1.4178836
1.4414512
1.393285
1.406047
1.4152211
1.408755
1.4180422
1.4309416
1.3570609
1.4708569
1.495579
1.4230182
1.3816292
1.4359062
1.4035743
1.4901736
1.41275
1.4286851
1.4143387
1.4396619
1.4099324
1.4433261
1.4597822
1.4230814
1.4170579
1.3950937
1.4247463
1.4259595
1.424927
1.4585333
1.4743348
1.4564637
1.4396167
1.4779058
1.4381021
1.4327438
1.4357803
1.3785542
1.4029591
1.3477874
1.458115
1.36335
1.4480078
1.4318044
1.4780902
1.3929478
1.4328616
1.4062326
1.4384941
1.4441695
1.4324486
1.4076902
1.4302629
1.4466835
1.4307104
1.4239839
1.4563103
1.4250829
1.457117
1.4012877
1.4385831
1.4832232
1.4824357
1.4345242
1.4702356
1.3963506
1.4194102
1.5247722
1.342885
1.411132
1.4827794
1.4475926
1.4377608
1.4152712
1.3707049
1.4210389
1.4466795
1.4542611
1.4258982
1.4065932
1.5043863
1.4275702
1.4721746
1.3948487
1.5200727
1.4200916
1.460008
1.4575967
1.4176036
1.3776653
1.4282279
1.3818635
1.4416746
1.3863854
1.4533951
1.4486791
1.4460704
1.4619017
1.4690446
1.3848925
1.4485475
1.4179113
1.3960028
1.4508327
1.4875492
1.47574
1.4440811
1.3987625
1.3842614
1.421845
1.4272549
1.5055817
1.3503679
1.4127091
1.4028633
1.464202
1.4257402
1.3635699
1.5078379
1.3776916
1.436373
1.3723791
1.4490715
1.3931651
1.4804542
1.4481976
1.4431676
1.4424655
1.4100832
1.438027
1.4504129
1.4946083
1.4190893
1.3693954
1.4422811
1.4163177
1.4543184
1.4312474
1.4014585
1.3878044
1.4663999

1.4104173
1.460937
1.4303654
1.4651968
1.4504635
1.4709725
1.3992552
1.4355845
1.4574647
1.4347544
1.4720284
1.408911
1.4349375
1.45396
1.4207523
1.3875158
1.4283102
1.4271791
1.4210204
1.432408
1.3969885
1.4739068
1.4503596
1.4384304
1.4050804
1.4088404
1.4059939
1.4052789
1.4319886
1.4015203
1.4365078
1.4343631
1.3892742
1.4027306
1.4356308
1.4417431
1.4651295
1.4377627
1.433546
1.4037186
1.4618927
1.4705744
1.402524
1.4690945
1.4481504
1.4117136
1.4554759
1.4343764
1.4825566
1.4978068
1.3769964
1.464462
1.4103348
1.4628662
1.3959574
1.394946
1.4162989
1.4460272
1.4928435
1.403381
1.4027601
1.3979094
1.4447825
1.4329575
1.4026455
1.4499357
1.4440731
1.3834031
1.4373643
1.4510823
1.4505452
1.4043204
1.4171431
1.4211174
1.4282347
1.3915917
1.3962698
1.4367707
1.3880587
1.4522637
1.4220823
1.445335
1.4436679
1.3975308
1.460478
1.4597322
1.4303374
1.4335352
1.4437691
1.4379858
1.4340873
1.4171964
1.4140835
1.4319288
1.4457117
1.4165535
1.4539121
1.3977848
1.4695174
1.4485381
1.4708647
1.4331062
1.4725742
1.3665084
1.4450142
1.4356635
1.4146374
1.3654237
1.4489266
1.4130572
1.467106
1.4218949
1.4659069
1.4461634
1.4185951
1.4000794
1.4577334
1.4100211
1.4177061
1.4287279
1.4735154
1.4573361
1.3969343
1.4694456
1.4158295
1.4123538
1.4164894
1.4728819
1.3741231
1.3687761
1.4306321
1.4273415
1.3896409
1.4277047
1.4511902
1.4460913
1.4857094
1.4494345
1.4137305
1.4349099
1.4399976
1.4266233
1.4601464
1.3916478
1.4108716
1.4240239
1.4126304
1.4534183
1.4631385
1.4425935
1.4229996
1.4101169
1.4643265
1.4681683
1.4281344
1.4420093
1.414651
1.4417149
1.4137462
1.3905249
1.4096843
1.4150099
1.421442
1.425515
1.3948072
1.5130178
1.4295418
1.4053146
1.4437516
1.4182266
1.453731
1.4321228
1.4225909
1.4229497
1.4691471
1.4282638
1.4856521
1.4133075
1.4251119
1.4555658
1.421665
1.4577844
1.4549007
1.3887874
1.4461472
1.4448153
1.4523131
1.3986855
1.4446585
1.4416649
1.4462314
1.3696476
1.4123981
1.400428
1.4519863
1.4558599
1.4404478
1.4267564
1.4102483
1.4853516
1.4024225
1.462018
1.4187155
1.4063566
1.4313688
1.3840927
1.4865407
1.4739009
1.3819127
1.4024706
1.4173799
1.4248873
1.4438246
1.4548535
1.4484972
1.4465394
1.4417661
1.4298365
1.4311649
1.4399892
1.4571768
1.4630296
1.4396861
1.4306889
1.4506378
1.4262838
1.444802
1.3956244
1.428917
1.4482323
1.4274895
1.4402984
1.4360758
1.4011742
1.4743856
1.3828999
1.4546913
1.4615127
1.4230387
1.4366188
1.4768491
1.4331815
1.5068989
1.4219059
1.4457364
1.4949969
1.44219
1.4029602
1.4003645
1.4501482
1.4068637
1.4053458
1.442274
1.4179362
1.4050504
1.4056611

1.3939546
1.4657114
1.4036131
1.4591266
1.4403923
1.4948747
1.4524952
1.4441967
1.4544021
1.4640375
1.4115041
1.463833
1.4452446
1.4194264
1.4833187
1.4785368
1.3730805
1.4359322
1.4010947
1.4029896
1.4444581
1.4525667
1.3839676
1.4297135
1.414514
1.3895059
1.4602265
1.4145601
1.3797574
1.4406731
1.4262244
1.4286829
1.4041024
1.4240344
1.4631357
1.4598906
1.428103
1.3807195
1.4218984
1.428424
1.4278744
1.4458382
1.4534842
1.4686981
1.4778923
1.3994738
1.4174408
1.3918703
1.4235874
1.429645
1.4240651
1.3864603
1.4662424
1.4391816
1.4385045
1.4175025
1.4584098
1.4476845
1.3965477
1.445757
1.4445207
1.3905077
1.4198917
1.4079173
1.500757
1.4771398
1.4578204
1.4792881
1.4177619
1.4221723
1.3719186
1.3878307
1.3801948
1.4282817
1.3834379
1.4516747
1.446608
1.4295399
1.4494104
1.4015911
1.4578032
1.4579161
1.4679759
1.4047884
1.4510254
1.4245658
1.3800386
1.43083
1.4376308
1.4221283
1.3971542
1.4432573
1.4356072
1.4979479
1.3739004
1.4318036
1.4273714
1.4156015
1.4140598
1.4090745
1.4476144
1.4706861
1.4190401
1.4499192
1.4308642
1.406941
1.4212046
1.4316223
1.4324601
1.402493
1.4189237
1.3977633
1.4019251
1.4414717
1.4091716
1.4839998
1.4095008
1.4412628
1.4497916
1.4215685
1.4658657
1.4202713
1.4119604
1.4140744
1.4439434
1.4197015
1.453189
1.4426026
1.4426769
1.4365748
1.4659998
1.406844
1.4431921
1.3919433
1.417559
1.394694
1.4134796
1.4528028
1.4542623
1.4538429
1.3812354
1.4823294
1.4741547
1.4975587
1.4025189
1.4290841
1.4446164
1.4226595
1.4214873
1.4240148
1.3947276
1.4107091
1.4856323
1.3761721
1.4549321
1.4534793
1.4100772
1.384721
1.4131874
1.4549204
1.4715731
1.3781745
1.4464176
1.4186662
1.4441215
1.4249415
1.4189321
1.4418141
1.4468082
1.4373978
1.4233819
1.435345
1.4585674
1.4193376
1.4096807
1.3922476
1.4006325
1.4085166
1.4140476
1.4080635
1.4591371
1.4178036
1.3761623
1.4519644
1.439701
1.436021
1.3862842
1.3933403
1.4647336
1.4545797
1.432958
1.4699781
1.4307549
1.3970354
1.4375262
1.3967733
1.4648991
1.4248116
1.5322357
1.4185107
1.3826729
1.4203058
1.4104726
1.4287905
1.430113
1.4305732
1.4296551
1.4638584
1.4139131
1.4155296
1.4223382
1.3977181
1.4290748
1.4169254
1.401605
1.4480909
1.4290411
1.446051
1.4403657
1.5051582
1.4535464
1.4680643
1.4541575
1.3867741
1.4139867
1.4262955
1.4611808
1.482153
1.4182705
1.4170699
1.4093975
1.4642063
1.4468509
1.4059855
1.4253708
1.4652861
1.4242746
1.4338609
1.4344174
1.4090456
1.4022187
1.3893342
1.4491585
1.4126674
1.4354097
1.405907
1.4180994
1.4330189
1.445837
1.4400308
1.4534748
1.428351
1.4325526
1.4172633
1.4242147
1.4452772

1.4232979
1.4096856
1.4398535
1.4265743
1.3967364
1.4266812
1.3961335
1.472597
1.4464061
1.4295154
1.4295603
1.4127475
1.4034073
1.411854
1.4228504
1.4208632
1.4255427
1.4368138
1.3943974
1.3935683
1.4258522
1.4148853
1.4016113
1.4399604
1.4290214
1.4218504
1.392296
1.4069061
1.4200805
1.4275542
1.4487588
1.426726
1.413696
1.4363288
1.4235246
1.4381293
1.4514401
1.4067506
1.4369272
1.4468166
1.4290253
1.4286182
1.4297024
1.4145521
1.435311
1.4109827
1.3999609
1.4398217
1.4098368
1.4087375
1.3640176
1.4713352
1.4166603
1.4617769
1.3918027
1.4482148
1.477645
1.4252607
1.3660856
1.4343284
1.4189001
1.4360712
1.432004
1.42882
1.4483637
1.463764
1.4583645
1.4319111
1.4193475
1.4131701
1.3935757
1.4473134
1.4166214
1.4448906
1.3859427
1.4012411
1.3713197
1.4350305
1.4147924
1.4276792
1.4067079
1.3984506
1.4436313
1.4055102
1.4698409
1.4473308
1.4541533
1.3503537
1.4182107
1.4420091
1.3927102
1.4010552
1.4326342
1.4183484
1.4578602
1.4580513
1.4434733
1.47701
1.4104306
1.4298832
1.4678952
1.4473635
1.4286277
1.4067566
1.4188749
1.3683954
1.3947914
1.4394404
1.4334533
1.4009798
1.4206947
1.425945
1.4388294
1.4678771
1.4382955
1.445082
1.4098411
1.4792975
1.4304434
1.436597
1.4131297
1.3925829
1.3917043
1.4273579
1.4031252
1.4043281
1.4095794
1.4349197
1.4620587
1.4201663
1.4336852
1.4259064
1.4455721
1.4100121
1.4335546
1.3607339
1.4508638
1.4490845
1.4351116
1.3781229
1.4814152
1.3825929
1.4129444
1.4153523
1.4145479
1.4289718
1.4352324
1.3974354
1.3865868
1.3982959
1.424754
1.4525946
1.4059811
1.4060763
1.4198384
1.4199216
1.3938656
1.3701032
1.4500577
1.4458296
1.4279768
1.4570745
1.418306
1.3983003
1.443026
1.4493365
1.3789616
1.382149
1.4200274
1.434356
1.3937191
1.4336692
1.419701
1.3935541
1.4150002
1.4164715
1.3940217
1.4289112
1.446231
1.4228712
1.389461
1.4216789
1.4457775
1.4385215
1.4253125
1.4504386
1.4271876
1.4653314
1.4716909
1.4643006
1.4072396
1.4138134
1.4477358
1.4099222
1.4451768
1.4053496
1.3899297
1.4185178
1.3780012
1.4329219
1.4151586
1.4172256
1.4120885
1.4590623
1.4334869
1.4008386
1.4174188
1.4102658
1.4214687
1.4075679
1.4011503
1.4617946
1.4229348
1.4568816
1.4391496
1.4155197
1.4192413
1.444802
1.4382892
1.4154993
1.410968
1.3975532
1.4350355
1.3697646
1.4063586
1.4301727
1.3985571
1.370718
1.4194423
1.4488908
1.3912697
1.3915367
1.4377527
1.4002712
1.4223295
1.4759201
1.4643921
1.4430943
1.4106125
1.4422475
1.4112109
1.4369981
1.4523536
1.4598657
1.3510529
1.4677116
1.4471588
1.4070864
1.4493386
1.4122608
1.4273542
1.3980502
1.4003494
1.4176677
1.4191798
1.3981869
1.4084609
1.419261
1.4308294
1.4291755
1.4052624
1.4072317
1.4307454
1.3849729
1.4115698
1.4157066
1.4373856
1.4267279
1.4357773
1.4343919
1.4106331
1.423501
1.4177461
1.4196296
1.3801285
1.4212772
1.497719
1.4125401
1.3961747
1.3953462
1.4284961
1.4307026
1.4109316
1.4193233
1.4081099
1.455646
1.4647156
1.4333334
1.4077845
1.4360738
1.4108969
1.3892509
1.4487762
1.4041102
1.4127455
1.3895283
1.4440745
1.3763777
1.4243097
1.3982143
1.4152927
1.4208176
1.3509027
1.4531941
1.4089115
1.4063064
1.4274566
1.4795659
1.3992265
1.4608212
1.4249494
1.461777
1.450794
1.4077556
1.4062641
1.4274538
1.428746
1.3872181
1.4127609
1.4320327
1.4180309
1.4442054
1.4243045
1.4242214
1.4360498
1.4215106
1.401928
1.4662552
1.3988084
1.4289258
1.430543
1.4400338
1.3991246
1.4367313
1.4604297
1.4293083
1.4485302
1.4368855
1.4190843
1.41684
1.3899378
1.4412332
1.4249107
1.4043963
1.42265
1.3839098
1.4147648
1.4183589
1.397546
1.4558039
1.4122978
1.4613836
1.3997427
1.40792
1.4493618
1.4146985
1.3888388
1.4247524
1.4451401
1.3998687
1.4852304
1.4095446
1.4041487
1.40505
1.4020962
1.4573953
1.3928269
1.4185039
1.4229103
1.4021329
1.3997604
1.4340159
1.4196088
1.3749574
1.4176403
1.4140565
1.4390398
1.4157752
1.3865485
1.3940978
1.4413015
1.4370145
1.4335656
1.3894848
1.4339159
1.3910302
1.3941301
1.3874041
1.4355853
1.434864
1.4321629
1.4408076
1.3957598
1.4200659
1.4408592
1.4789809
1.3932548
1.4053278
1.4129369
1.3760895
1.4436697
1.408669
1.4335397
1.4271276
1.4220908
1.4478699
1.4347556
1.4373767
1.4395734
1.4752398
1.4358801
1.4125401
1.4492956
1.4563018
1.4294479
1.4169129
1.3979005
1.4363352
1.4284114
1.4179568
1.4225502
1.3851542
1.4386966
1.4460893
1.4307672
1.4011996
1.3991055
1.449201
1.4427079
1.432043
1.3888445
1.4328563
1.4095962
1.4172292
1.3978249
1.4912176
1.4144471
1.4866958
1.4523625
1.4300411
1.4363065
1.4164913
1.4452952
1.3925539
1.4165874
1.4024668
1.4164636
1.4284724
1.4079574
1.4643584
1.415736
1.4255232
1.4019237
1.4527625
1.400167
1.3919257
1.4040949
1.4227095
1.4199389
1.386287
1.4076343
1.4356551
1.4333181
1.4186623
1.4320481
1.4064957
1.4176553
1.4784558
1.4391025
1.506167
1.4216266
1.4296876
1.4329714
1.4187685
1.4324344
1.4377998
1.4047611
1.4483707
1.4247322
1.4155629
1.4344586
1.4218987
1.4612767
1.3800713
1.4288992
1.4149964
1.4077631
1.4018549
1.4317554
1.393122
1.4491609
1.3812152
1.4028729
1.3962216
1.3902925
1.391751
1.3987457
1.4122914
1.4287695
1.4266603
1.3841174
1.4398631
1.4258734
1.3868651
1.4338763
1.3636873
1.4425104
1.415715
1.3994744
1.4148908
1.4502624
1.4358531

1.4190458
1.412522
1.4254687
1.4403477
1.413769
1.4390352
1.4517639
1.4339963
1.4297396
1.4108934
1.4041195
1.4367089
1.4201636
1.409465
1.4392359
1.4193403
1.4746839
1.429652
1.4170207
1.4173416
1.4336767
1.430982
1.4062625
1.4295182
1.4553424
1.4279267
1.4179156
1.3925097
1.431533
1.4320279
1.4115928
1.4190747
1.4092295
1.4572396
1.4301444
1.4023211
1.4336247
1.3945811
1.450902
1.4403524
1.4126104
1.4415659
1.4110088
1.4065067
1.419334
1.4345486
1.4020467
1.412041
1.4079732
1.4348936
1.4099321
1.4247197
1.4184756
1.4413388
1.4515576
1.4305586
1.4579121
1.4016783
1.3984443
1.3930882
1.3920063
1.4298154
1.4316015
1.4190753
1.4067189
1.4272413
1.4045142
1.39778
1.3691887
1.3914248
1.4146191
1.4343628
1.3886286
1.4086949
1.4112235
1.4056293
1.3928888
1.410283
1.4419202
1.4289981
1.3966962
1.3696302
1.4217986
1.4405606
1.4366446
1.3970687
1.444465
1.4037
1.408532
1.4107765
1.4085661
1.4471222
1.4269023
1.4069617
1.4429657
1.40587
1.3917196
1.4100885
1.427692
1.4315239
1.4485656
1.4477037
1.4399813
1.4314684
1.4271479
1.41943
1.4311806
1.4248403
1.4145505
1.4085325
1.4050196
1.4491409
1.41291
1.4248847
1.4268467
1.4676389
1.419372
1.4088644
1.4323243
1.4097128
1.4336518
1.412142
1.4292033
1.4193571
1.4078003
1.4328051
1.4560767
1.4339389
1.4385551
1.4097252
1.3970814
1.4219464
1.4406304
1.4234492
1.4217057
1.4084665
1.4487287
1.3915083
1.4119879
1.4252316
1.4436637
1.4120029
1.4164262
1.4345939
1.4307543
1.4267086
1.4094876
1.4051856
1.4495682
1.425224
1.4326699
1.4038384
1.4662184
1.405099
1.4167683
1.4498632
1.4190016
1.4258618
1.4257796
1.4071343
1.4417632
1.4076171
1.3941329
1.4532173
1.4333082
1.417569
1.3897978
1.3921785
1.4247372
1.4264094
1.4574112
1.4317266
1.4244312
1.4260584
1.45536
1.4454172
1.3995017
1.4307518
1.4023169
1.3966389
1.4476293
1.4362922
1.4031665
1.4127581
1.4380796
1.424073
1.4335598
1.4339164
1.4155735
1.4185014
1.4455981
1.4293661
1.4241258
1.3907092
1.4346792
1.3866712
1.4203385
1.4470822
1.4264576
1.3944141
1.4430317
1.3926924
1.435798
1.4187088
1.4410484
1.3812747
1.4277313
1.4567096
1.4276649
1.4189472
1.4112841
1.3979952
1.3921126
1.4273462
1.4209077
1.4241837
1.414267
1.454564
1.3978947
1.4275026
1.4048747
1.4377717
1.441618
1.4397236
1.4270076
1.4220519
1.4223274
1.4354671
1.3948566
1.3924292
1.3920686
1.4130176
1.4115411
1.4190559
1.4292175
1.4269705
1.4137814
1.4330813
1.4365987
1.4186187
1.4301245
1.3727239
1.4307903
1.4179405
1.4266914
1.4286987
1.4267563
1.4412328
1.4456491
1.4408818
1.4150231
1.4331818
1.4236639
1.4325603
1.4357285
1.469235
1.3855728
1.407476
1.401473
1.4165037
1.4435558
1.407902
1.4285016
1.4143142
1.4221313
1.3787357
1.4535509
1.4026401
1.418739
1.4323847
1.4160718
1.4365523
1.4356431
1.4170367
1.4330974
1.4144833
1.4115121
1.4212046
1.4005786
1.3855971
1.4147754
1.4254723
1.4315449
1.422141
1.413569
1.4325707
1.415985
1.4337692
1.4307779
1.4213256
1.3939615
1.3853008
1.4075439
1.4435538
1.4304774
1.4194206
1.416053
1.4330336
1.4145019
1.4008648
1.4203324
1.447622
1.4273525
1.4244343
1.3977352
1.4227836
1.4078109
1.399513
1.419199
1.4331925
1.411877
1.4406799
1.4221187
1.4157047
1.4353122
1.3832415
1.4330392
1.4089619
1.4288149
1.4421891
1.4328732
1.4229115
1.4456336
1.4163502
1.4359745
1.4360981
1.3902216
1.4386545
1.4513476
1.4201488
1.4546759
1.4387424
1.4232568
1.4036838
1.3982412
1.4326696
1.3696543
1.4530002
1.4615194
1.4013078
1.4366903
1.4242547
1.4355136
1.4230598
1.4467556
1.4172053
1.4237812
1.4433169
1.4061418
1.4617211
1.4187875
1.4189104
1.4365073
1.431906
1.416557
1.4498706
1.3988187
1.4294068
1.4031031
1.4214817
1.4135238
1.4465573
1.3937325
1.4420569
1.4153305
1.4166871
1.3804277
1.4365815
1.4386239
1.4056553
1.3876954
1.4166491
1.4279498
1.4252145
1.4254771
1.4467828
1.4127035
1.4172999
1.4378904
1.4113274
1.4054847
1.4299955
1.4219699
1.460652
1.417138
1.3992939
1.4154607
1.4299244
1.412318
1.4080342
1.4372783
1.4254205
1.4310575
1.4239383
1.402817
1.4278581
1.4129804
1.4145002
1.4370296
1.4491117
1.4287444
1.43357
1.4135623
1.4250869
1.4257191
1.4313052
1.4250499
1.4368986
1.4120711
1.4095852
1.4209284
1.4381706
1.4232186
1.4170305
1.4227529
1.4060378
1.392445
1.4122441
1.4025728
1.4120386
1.4212315
1.4485931
1.4082916
1.4139125
1.4227281
1.4111001
1.4109372
1.4504037
1.4239779
1.467488
1.4049691
1.40813
1.3937646
1.4460015
1.409502
1.4181882
1.4483423
1.4540706
1.3925596
1.4117659
1.4505714
1.4282064
1.4212343
1.4388433
1.431248
1.4323223
1.4183637
1.4314148
1.413334
1.412334
1.4393128
1.44309
1.42843
1.4024714
1.4432925
1.4246073
1.4381633
1.4634682
1.4117119
1.4199085
1.4008163
1.4363123
1.410559
1.4380958
1.4103537
1.4070361
1.423687
1.4020681
1.4438312
1.4177803
1.4030902
1.4318402
1.3975801
1.3648523
1.4354941
1.4335836
1.4131453
1.4239429
1.4404722
1.4267579
1.4170654
1.430457
1.4403453
1.4115591
1.4653183
1.4003012
1.4167912
1.4468651
1.4211257
1.4146636
1.4125704
1.4712647
1.4117543
1.3926356
1.4177871
1.4607174
1.4303752
1.4373319
1.3984818
1.4113168
1.4481099
1.435746
1.4257798
1.4045925
1.4373407
1.3925508
1.4061787
1.4197637
1.4325038
1.4240878
1.4316118
1.4153233

1.4313543
1.434859
1.4217553
1.4131397
1.4198784
1.3952866
1.4202251
1.3777288
1.3828169
1.4253262
1.4121358
1.4342498
1.4540068
1.4318002
1.4164832
1.4396881
1.3962364
1.4216352
1.3941084
1.4452288
1.4085451
1.4114323
1.427341
1.3984007
1.380103
1.4461546
1.4106951
1.4407895
1.4428794
1.4645201
1.4086276
1.4211287
1.4087348
1.4649807
1.4314889
1.431238
1.4356488
1.4035711
1.4206623
1.4485873
1.432431
1.4049518
1.4564257
1.4185407
1.3967786
1.4246149
1.4259001
1.4524249
1.4276069
1.4292183
1.4219347
1.4183208
1.4223698
1.4108864
1.4415222
1.3995323
1.4069016
1.4073243
1.4136957
1.4023978
1.4497117
1.4426146
1.4305813
1.4049389
1.442975
1.4385554
1.4113154
1.3984075
1.4114826
1.4403561
1.4177991
1.430438
1.4296466
1.424394
1.416068
1.4284114
1.4113835
1.4532387
1.4210788
1.4485077
1.4129877
1.4240254
1.4229658
1.4272966
1.432966
1.4431325
1.4302026
1.4026579
1.42127
1.4419063
1.4422499
1.4397863
1.4303339
1.4313061
1.442098
1.4519197
1.4212899
1.4250901
1.4328902
1.4439787
1.3899082
1.4301212
1.4598292
1.4001735
1.4459125
1.427278
1.4198797
1.3965532
1.4058807
1.3843871
1.380677
1.404628
1.4134479
1.40768
1.4163268
1.4053344
1.4405806
1.4292575
1.4835091
1.4154818
1.4338124
1.4171779
1.41672
1.4442971
1.4063607
1.4224772
1.4202352
1.419112
1.4293554
1.4155906
1.440131
1.4072425
1.3971933
1.4220865
1.4313865
1.4285426
1.4085863
1.4369678
1.4174758
1.392751
1.4094805
1.4175348
1.4159907
1.4518461
1.4073269
1.4141456
1.4383757
1.4273852
1.4250515
1.430352
1.4025788
1.3906224
1.4413114
1.415811
1.4133515
1.3895859
1.4044118
1.4245642
1.436841
1.4208316
1.4264227
1.4363227
1.4045013
1.43143
1.4062828
1.4326551
1.4242599
1.4224237
1.4442589
1.4214423
1.39553
1.3959872
1.4194244
1.4219962
1.416877
1.4093614
1.421157
1.4187461
1.3928814
1.4132456
1.3933512
1.4147611
1.419869
1.4424855
1.4004647
1.391025
1.4134191
1.4047127
1.4557208
1.4165069
1.4469092
1.4260734
1.4400805
1.4204406
1.420205
1.4518162
1.4124498
1.4171258
1.4238042
1.4527798
1.410317
1.4055898
1.41344
1.3852953
1.4236882
1.4553714
1.4381071
1.4045453
1.4438555
1.4494711
1.4487551
1.3934342
1.4285442
1.4235599
1.4224157
1.4180366
1.4134728
1.4364271
1.4334104
1.4114274
1.4168135
1.440944
1.3974308
1.438475
1.4285108
1.4187932
1.4030647
1.4568908
1.4051855
1.4371562
1.4082239
1.3981997
1.4322817
1.4243089
1.3972883
1.4158119
1.4686991
1.4408293
1.4057102
1.4273149
1.4088976
1.4316288
1.42954
1.4244045
1.4025191
1.4017217
1.4056088
1.4188584
1.3963014
1.4089878
1.4510046
1.4135346
1.4410422
1.4322066
1.4203289
1.4126087
1.4201152
1.418373
1.4039291
1.4249399
1.4053917
1.4223282
1.4480587
1.4375137
1.4313456
1.4531682
1.4304794
1.4152298
1.4086443
1.3968366
1.4308926
1.4160198
1.414135
1.4264593
1.4203031
1.4121141
1.4329163
1.4135842
1.4137588
1.4459866
1.4350175
1.4224658
1.4242778
1.422731
1.4334148
1.4037484
1.4016577
1.4212946
1.4453526
1.4261405
1.42924
1.4365156
1.4193674
1.402199
1.4262012
1.3831748
1.4620035
1.4057176
1.4156225
1.4144737
1.4253151
1.4335871
1.4203411
1.4430854
1.4133627
1.4254346
1.4347035
1.4102243
1.444009
1.4278066
1.422846
1.4307287
1.4549187
1.4050442
1.4012996
1.4111041
1.4127245
1.4009773
1.4365892
1.4081048
1.4267641
1.4042375
1.4155611
1.3740472
1.44665
1.3978397
1.4258442
1.4185534
1.428251
1.4244016
1.433222
1.4109439
1.458392
1.4009042
1.422841
1.4117651
1.4224694
1.4231101
1.4271538
1.4282875
1.4394771
1.4212657
1.4323618
1.4419591
1.427199
1.4404757
1.3828912
1.4217107
1.4077418
1.41845
1.3913532
1.4402959
1.4492253
1.432685
1.4021733
1.436834
1.415031
1.4602233
1.4337143
1.4262595
1.4030176
1.4019771
1.4237002
1.4652009
1.4317274
1.429692
1.4291699
1.4033722
1.3998014
1.4061412
1.4296036
1.4318515
1.4245195
1.4006888
1.4118576
1.4181614
1.4024078
1.4474853
1.4689727
1.4145317
1.4394174
1.4134921
1.3820449
1.4486833
1.4253316
1.389038
1.4454098
1.4167843
1.3975663
1.4513842
1.3967031
1.4123573
1.4219762
1.4733729
1.4218493
1.4392942
1.4042946
1.4609599
1.4419445
1.4291203
1.4113735
1.4397646
1.4134376
1.4567533
1.4208566
1.4173576
1.431617
1.407769
1.4086125
1.4166582
1.4278451
1.4188561
1.4013903
1.4326823
1.4309037
1.4236871
1.4247686
1.4204971
1.4095458
1.4528233
1.4174324
1.4359283
1.4479011
1.4201385
1.4292397
1.4416978
1.4798218
1.4097898
1.3944238
1.4260168
1.4107147
1.4336892
1.4247905
1.4042786
1.4236339
1.4038447
1.4106113
1.4289789
1.4150219
1.4344043
1.4404905
1.3994063
1.4099419
1.4478168
1.4249763
1.4133446
1.4468774
1.4312336
1.4039786
1.3956375
1.4212105
1.4070646
1.4166018
1.4321645
1.4486212
1.4234564
1.4297067
1.4408627
1.4354078
1.424147
1.3849975
1.4113845
1.4249395
1.4329164
1.3975514
1.4061817
1.4571452
1.4097301
1.411671
1.403605
1.4263748
1.4274904
1.4438268
1.43383
1.4385996
1.4304955
1.4060786
1.4201728
1.439739
1.4382677
1.4063166
1.4021482
1.4327844
1.4077622
1.406787
1.4241731
1.4231199
1.434209
1.4106113
1.439432
1.4190493
1.4028358
1.4069065
1.413473
1.4266694
1.4059858
1.3904593
1.438863
1.4044907
1.4196154
1.4180799
1.4143871
1.4364209
1.406857
1.4184629
1.390744
1.4111958
1.397448
1.3933016
1.4614753
1.4058217
1.4200711

1.36638
1.418792
1.3979294
1.4274431
1.4197128
1.415849
1.3928635
1.3991629
1.4215536
1.3944839
1.4505447
1.4298047
1.4409422
1.4088595
1.4347198
1.425492
1.4183356
1.4242476
1.4292389
1.4326392
1.4288797
1.4412073
1.4287641
1.4284515
1.4276696
1.4168254
1.433213
1.4253217
1.4296291
1.4192883
1.4066464
1.4248309
1.4258924
1.4240332
1.4003917
1.4214733
1.4475265
1.4287279
1.4046952
1.4088696
1.432633
1.415444
1.4345027
1.393812
1.425093
1.4059494
1.4221181
1.4038785
1.4126844
1.4080123
1.4321879
1.446822
1.428423
1.4202366
1.4143934
1.4201263
1.4252604
1.4531718
1.4267389
1.4271965
1.4242903
1.4293386
1.4212582
1.4422476
1.4446096
1.4034394
1.4241089
1.4287521
1.4248573
1.480489
1.4292586
1.4038182
1.4379385
1.4458985
1.439949
1.4176894
1.4254712
1.4156934
1.4080406
1.4130893
1.4421278
1.4188179
1.4209687
1.4471319
1.4328567
1.3937776
1.4313762
1.4267843
1.4246061
1.4237096
1.4276688
1.4444404
1.4342338
1.4022253
1.4303685
1.4152437
1.4455143
1.4671385
1.3980333
1.4188837
1.4038846
1.4390906
1.454487
1.4343352
1.4210289
1.4166796
1.4133668
1.431972
1.4096955
1.4109287
1.4214278
1.4211785
1.4130139
1.4090874
1.3980901
1.4232725
1.4036864
1.446014
1.4146234
1.4500476
1.4318072
1.4456055
1.4278389
1.4219242
1.4176471
1.4401251
1.4250968
1.4260604
1.4265873
1.4351442
1.4189734
1.409459
1.4272074
1.4163405
1.4061003
1.4043086
1.3858719
1.4377263
1.4439031
1.4208931
1.4300623
1.4472834
1.4280571
1.4164306
1.4004804
1.4237481
1.4440573
1.4027635
1.3949666
1.4311907
1.4032532
1.4408158
1.423485
1.4171455
1.4160413
1.4375442
1.4271418
1.4166573
1.4538343
1.4125208
1.4269998
1.4227949
1.4160004
1.4598426
1.4256192
1.4350914
1.4322039
1.4231137
1.4089394
1.4168525
1.4194986
1.4313557
1.4455593
1.4376774
1.4308265
1.420696
1.4471515
1.4180353
1.4206218
1.417071
1.4380552
1.4083418
1.4364909
1.4090158
1.427165
1.3995826
1.4588823
1.4099597
1.4316208
1.4427016
1.425672
1.4139804
1.4018539
1.4319098
1.4164273
1.4070021
1.4209914
1.4180735
1.4421446
1.386176
1.426966
1.4396338
1.4292912
1.4696367
1.4148959
1.4279585
1.4080898
1.4221854
1.4170274
1.4261072
1.4044976
1.4021008
1.4250599
1.4455116
1.426373
1.381933
1.4100434
1.4036871
1.4142385
1.4272547
1.423025
1.4305221
1.4242815
1.3958321
1.4207681
1.4276803
1.4275724
1.4143044
1.4113226
1.4224741
1.4410088
1.3812662
1.429969
1.433529
1.4285907
1.3977298
1.436748
1.4192047
1.3922654
1.431056
1.4178897
1.4446197
1.403881
1.3831607
1.4395412
1.4360865
1.4405673
1.4472134
1.4332843
1.4026586
1.4435508
1.4293039
1.4530687
1.4099451
1.4075012
1.4264235
1.403497
1.4213884
1.4222071
1.42966
1.4127952
1.4046856
1.4188532
1.4131384
1.3956102
1.4102736
1.4341434
1.4109577
1.4331716
1.4044979
1.4177425
1.4350415
1.4142468
1.4392817
1.4344531
1.4314055
1.4286262
1.4167616
1.4131603
1.4292407
1.4342735
1.4200115
1.4232664
1.4054884
1.4041548
1.4207246
1.4227028
1.4128352
1.4165326
1.4382946
1.42413
1.4258476
1.4033306
1.4130007
1.4165891
1.3940349
1.445568
1.4077562
1.4112731
1.4095175
1.4149157
1.406679
1.4097351
1.4354776
1.4188786
1.4158565
1.405032
1.4146245
1.398502
1.4039855
1.420961
1.4190505
1.4149829
1.4299413
1.4372209
1.4167767
1.4006323
1.4483005
1.4628806
1.3768634
1.4426303
1.4111937
1.3948655
1.4255787
1.4446596
1.3946923
1.4122689
1.4487134
1.4595983
1.4441997
1.4409428
1.4243586
1.4590156
1.4515413
1.421547
1.4166491
1.4210247
1.4166896
1.437984
1.4521428
1.394344
1.4323039
1.4191496
1.436659
1.4311212
1.4031918
1.4323888
1.4342371
1.4246017
1.4207253
1.4225096
1.4429699
1.4309309
1.4367881
1.4327574
1.4237772
1.4246093
1.4198513
1.4271713
1.4205034
1.4067093
1.4371703
1.3931013
1.406261
1.4033027
1.3918427
1.4541771
1.4250759
1.4278696
1.4100655
1.4137281
1.4164414
1.4369528
1.4178653
1.4139234
1.4196738
1.4438144
1.4130288
1.4178256
1.4147267
1.4544983
1.3925673
1.4297205
1.4452972
1.4389352
1.4103801
1.3940842
1.3954434
1.4344803
1.4502738
1.4268174
1.4070097
1.3960408
1.4356021
1.4439425
1.439511
1.4089205
1.410154
1.4445841
1.4250209
1.4163254
1.4350868
1.4263824
1.4209536
1.4159945
1.4041532
1.458948
1.40529
1.4225702
1.4276057
1.4113532
1.4417838
1.4283445
1.3851994
1.4225286
1.4077611
1.4279739
1.4004465
1.4292957
1.4624046
1.4705275
1.4339209
1.4268734
1.4024353
1.4524288
1.4259081
1.4248929
1.4424123
1.4060498
1.4179428
1.4160534
1.4081745
1.4362059
1.3967181
1.4110351
1.4061859
1.4524685
1.4470882
1.4583426
1.4438397
1.4560666
1.393063
1.4348682
1.4305874
1.417378
1.405206
1.4147242
1.4488577
1.4180492
1.4679512
1.4353329
1.4193302
1.4149944
1.3923824
1.4267322
1.4076
1.4361986
1.4297374
1.4703443
1.4356799
1.4161578
1.435961
1.4619466
1.4013634
1.4034363
1.4120173
1.404027
1.4121647
1.390732
1.4209363
1.4208859
1.4367133
1.4047675
1.4300926
1.4033517
1.4232715
1.4300724
1.4150671
1.4335008
1.4194211
1.4213954
1.421305
1.4143195
1.4044726
1.3963791
1.435677
1.4433408
1.4177048
1.4398825
1.4438636
1.4059961
1.441793
1.434623
1.4149336
1.4181952
1.427539
1.4227797
1.392578
1.3974825
1.4181912
1.4305682
1.4223711
1.4253001
1.4273311
1.4188484
1.43302
1.4320064
1.4058269
1.408312
1.3995643
1.3918217
1.4121071

1.4047009
1.4225653
1.4329487
1.385967
1.42381
1.4472814
1.4128153
1.4208318
1.4283634
1.4260352
1.430868
1.3862727
1.4566555
1.4114892
1.399195
1.415054
1.4171355
1.4255817
1.4266301
1.4440693
1.4067997
1.4669423
1.4177063
1.4439919
1.438502
1.427194
1.4375876
1.464967
1.4417247
1.4287777
1.4280646
1.4548908
1.4324034
1.4266149
1.4402994
1.4352629
1.4547133
1.4269567
1.422011
1.4393644
1.3853495
1.4385006
1.4300736
1.391429
1.4241544
1.4573288
1.4467238
1.423755
1.4261485
1.4561483
1.4646485
1.4046493
1.4202123
1.3962677
1.4197018
1.4410377
1.4226004
1.4148431
1.4120269
1.4408876
1.4185612
1.4484973
1.4604295
1.4276003
1.4119444
1.3910269
1.4086329
1.4262078
1.4192375
1.3839173
1.3985286
1.433714
1.4071872
1.4197756
1.4122893
1.4196118
1.4226978
1.437227
1.4437973
1.4151496
1.4398698
1.4262782
1.4228588
1.410169
1.4138274
1.406175
1.4289478
1.4207467
1.4165754
1.4471089
1.42948
1.4085793
1.418077
1.4539069
1.4132253
1.4349272
1.426258
1.4297992
1.4330839
1.4165884
1.3831658
1.4065729
1.4190067
1.4010078
1.4376858
1.4402364
1.4391487
1.4019746
1.4309511
1.4124695
1.4236335
1.3952442
1.4106963
1.4619876
1.4154471
1.4127235
1.4165744
1.4355817
1.4352962
1.443233
1.4277952
1.4083432
1.4020003
1.4053323
1.4110087
1.3856578
1.4380864
1.4356616
1.4280677
1.4088427
1.4217011
1.4296148
1.4356426
1.4328057
1.4099576
1.441297
1.4618127
1.4080077
1.3895868
1.4417932
1.4417224
1.4184957
1.4183627
1.429471
1.4215006
1.4190378
1.4267926
1.400112
1.4200697
1.4241351
1.4287306
1.4321883
1.4095601
1.4317534
1.4326396
1.4320349
1.4208553
1.4321598
1.4000783
1.4301702
1.4174563
1.43453
1.4293468
1.4168665
1.417811
1.4032825
1.4261901
1.3903214
1.4306653
1.4253491
1.4516503
1.439832
1.4307519
1.4132203
1.4145476
1.4118804
1.4083827
1.4450305
1.410279
1.4140956
1.3950032
1.421736
1.4276178
1.4282643
1.422281
1.4246631
1.4170521
1.406973
1.4265939
1.4420651
1.4491047
1.4431535
1.4304456
1.4297798
1.4260857
1.4376291
1.4567953
1.4403362
1.4072224
1.4415902
1.421145
1.3874459
1.4197049
1.425599
1.4057264
1.4207699
1.4075954
1.4087833
1.4008601
1.439907
1.4672781
1.4248835
1.418224
1.4129919
1.4134159
1.4485658
1.433065
1.4117812
1.4205257
1.4342754
1.4367259
1.4074825
1.4051447
1.4230573
1.410538
1.4241481
1.394286
1.4589787
1.4304553
1.4281389
1.4186659
1.4532483
1.400787
1.4031521
1.4193071
1.4251267
1.4212241
1.4459543
1.4487631
1.4035928
1.4407959
1.4282285
1.4312472
1.4049171
1.3977598
1.4477551
1.4326096
1.4131746
1.4048353
1.4223535
1.4494213
1.410581
1.4114772
1.4342477
1.4211375
1.4201627
1.4161286
1.4095428
1.444105
1.4179298
1.4037654
1.420545
1.4261874
1.398427
1.4035443
1.4164668
1.433338
1.4162312
1.3973769
1.4521681
1.4048753
1.4091961
1.4638335
1.41835
1.4195559
1.4168694
1.4626977
1.3948298
1.4169711
1.4300492
1.4296318
1.4313083
1.420437
1.4067824
1.4113628
1.4228063
1.4086751
1.4132907
1.440007
1.4000645
1.4366076
1.4230742
1.4463819
1.4022768
1.4489037
1.4196495
1.4262296
1.4138445
1.4074169
1.3923905
1.4193914
1.3915327
1.4151967
1.4195635
1.4353515
1.4180627
1.4475006
1.4018328
1.4274896
1.4232435
1.420944
1.4130529
1.4443154
1.431555
1.4045091
1.4307107
1.3951985
1.4102001
1.4124238
1.4019207
1.4183495
1.384004
1.4235206
1.4485967
1.4210546
1.4101086
1.421561
1.4174348
1.4053464
1.4281989
1.4231758
1.3919637
1.4309475
1.4239141
1.4424033
1.4362988
1.4199891
1.4096303
1.4029682
1.4208391
1.4398128
1.4197197
1.4340872
1.4219283
1.4311088
1.4508183
1.4279101
1.4069765
1.4197147
1.4322581
1.435121
1.4093808
1.4300172
1.4197726
1.422288
1.4218003
1.4086334
1.419878
1.4376086
1.4393967
1.4265361
1.4273666
1.4623445
1.403965
1.4341767
1.4259938
1.4363161
1.4204991
1.4122784
1.426316
1.4271654
1.4156004
1.4393567
1.4116842
1.4138619
1.4200596
1.4216119
1.4068748
1.4122634
1.425847
1.4391632
1.3987992
1.424878
1.4274328
1.4258735
1.4084481
1.4535886
1.42796
1.4225714
1.3975372
1.4346305
1.4276017
1.4345685
1.41058
1.4257978
1.455868
1.395047
1.420698
1.4321145
1.4236517
1.4056239
1.4193726
1.452773
1.4321549
1.424516
1.4239147
1.4331424
1.3984108
1.4001082
1.4062881
1.4168375
1.4322141
1.4223258
1.4109017
1.424515
1.4099452
1.4339186
1.4074938
1.4231846
1.398856
1.4135244
1.4310751
1.4331906
1.4277326
1.4104159
1.4133177
1.4029206
1.4279643
1.4437877
1.4478887
1.429429
1.423184
1.4129643
1.4111768
1.4037263
1.4418842
1.3855338
1.4148521
1.4380491
1.4174845
1.4575268
1.4326024
1.4448035
1.4147216
1.4198014
1.4023327
1.405551
1.4228586
1.4838016
1.408045
1.4229271
1.4440148
1.4086456
1.4240551
1.4358938
1.4495918
1.4530998
1.4143842
1.4163438
1.4178392
1.4310031
1.4353503
1.4534781
1.4334887
1.4209754
1.4119793
1.4331304
1.441012
1.4037749
1.4238683
1.4289132
1.4416692
1.4310038
1.4309728
1.4176549
1.433047
1.4046031
1.4268067
1.4303259
1.4023355
1.4198545
1.3989395
1.4124018
1.4476422
1.427974
1.3965638
1.4216149
1.3967285
1.4196868
1.4279847
1.3879348
1.4358157
1.4137292
1.4214162
1.4256574
1.3928286
1.4395344
1.4251748
1.4376794
1.4089175
1.4468403
1.4178523
1.4022328
1.4349324
1.416789
1.4458523
1.3951219
1.4345733
1.4288342
1.4243747
1.447786
1.4067547

1.4512744
1.4291198
1.4300047
1.4394519
1.4428384
1.4030559
1.430828
1.414468
1.3947283
1.4160837
1.4284805
1.4221957
1.4219292
1.429591
1.4227567
1.4500818
1.4432336
1.3882613
1.4231093
1.4427358
1.4559972
1.3998088
1.4404744
1.4377021
1.4417279
1.4424523
1.4146627
1.415576
1.4390541
1.4405136
1.4272975
1.4380283
1.4217699
1.414956
1.3955715
1.401022
1.4120839
1.4022453
1.4122963
1.4223249
1.4338028
1.4226489
1.4605072
1.4387474
1.3960044
1.3964937
1.4435053
1.4287765
1.392051
1.442228
1.413176
1.4136595
1.392365
1.4378314
1.4281323
1.4291707
1.4133533
1.4181632
1.42186
1.4073994
1.4062848
1.4074811
1.3883905
1.4114828
1.4212447
1.4149797
1.4180324
1.4120286
1.4415914
1.4042197
1.4337416
1.4199823
1.4247763
1.4007801
1.4138638
1.4084227
1.4005195
1.4614706
1.428993
1.424486
1.4207852
1.4185159
1.4263875
1.4214641
1.4301409
1.409179
1.4067371
1.4536079
1.3967335
1.4375213
1.4445794
1.4116582
1.4284627
1.4121264
1.4096427
1.4148655
1.4607146
1.4189738
1.4248538
1.3959697
1.4147865
1.4009196
1.4175909
1.425655
1.4431365
1.4215647
1.4348363
1.4335134
1.4260027
1.4260756
1.423816
1.3813272
1.4320182
1.4331928
1.4286541
1.4214507
1.4265801
1.4173114
1.4340675
1.4254202
1.4219035
1.4059023
1.425136
1.436118
1.3942808
1.4382951
1.4340144
1.4263295
1.4386978
1.4350238
1.4383525
1.4459478
1.4314743
1.4183767
1.4410112
1.4182535
1.394792
1.4250529
1.4434456
1.4325802
1.4459469
1.409445
1.43271
1.423379
1.416523
1.4247009
1.4308889
1.4439768
1.4293058
1.4397517
1.4343085
1.4183031
1.4273249
1.444427
1.4567256
1.4192537
1.4081203
1.4406027
1.4309173
1.4284694
1.4372603
1.4083215
1.4359722
1.4407465
1.4090158
1.4225469
1.4257607
1.4514496
1.4272186
1.4088912
1.4686985
1.4153566
1.4585179
1.408763
1.4296627
1.4309063
1.3958421
1.4539785
1.4193114
1.4315702
1.3940612
1.4078661
1.392027
1.4480501
1.4161361
1.3903826
1.421077
1.4205912
1.4422219
1.4176252
1.4387661
1.4297876
1.4209952
1.4365865
1.4113894
1.4326258
1.4427571
1.4536601
1.4113125
1.4081384
1.4351066
1.4458656
1.4174608
1.4283452
1.4115105
1.4362117
1.396279
1.4170352
1.4197882
1.4025701
1.4103795
1.4263983
1.4184102
1.4503049
1.4427992
1.4366465
1.4518721
1.4243406
1.4250033
1.4128715
1.4443097
1.4367598
1.402345
1.4220535
1.4577354
1.428592
1.4103085
1.4062293
1.4018632
1.4170693
1.4464087
1.4542284
1.4152905
1.399323
1.4189925
1.4000083
1.4419847
1.409665
1.3933318
1.4403356
1.4294913
1.4407269
1.4494898
1.4232205
1.418734
1.4324846
1.4320048
1.4002744
1.4363152
1.4322757
1.4179316
1.3940016
1.4280807
1.4788681
1.4203539
1.413362
1.4423026
1.404205
1.4224592
1.4389428
1.4390618
1.4670025
1.4037672
1.4151267
1.4109861
1.4221246
1.4237487
1.4397658
1.4202155
1.4676872
1.4210596
1.4197243
1.4100627
1.4088901
1.4098574
1.4269023
1.4276782
1.4401522
1.412152
1.4641428
1.433198
1.4123503
1.4321619
1.4073443
1.4075893
1.432724
1.4064661
1.4420035
1.4253286
1.4188441
1.4403484
1.4167062
1.4057302
1.4155043
1.4081323
1.3993713
1.4259149
1.4210392
1.4331189
1.4427085
1.4137037
1.4172404
1.422644
1.4236295
1.4164269
1.4367716
1.3994555
1.4093467
1.4039243
1.4199591
1.4257499
1.403667
1.42592
1.4339896
1.4166627
1.412416
1.426464
1.444921
1.4324899
1.4222897
1.4232693
1.4049472
1.4328693
1.410753
1.4382905
1.4414755
1.4517894
1.4213222
1.4418305
1.4469255
1.4339103
1.4207149
1.4223132
1.4334947
1.4195243
1.4286585
1.4369153
1.4136335
1.415917
1.4195842
1.4250041
1.4213953
1.4026889
1.441441
1.4480758
1.4152956
1.413652
1.4317081
1.4285535
1.4136804
1.4150742
1.3974011
1.415976
1.4098783
1.4397937
1.419952
1.409708
1.4147861
1.4212677
1.4029332
1.4081833
1.4380627
1.4172502
1.4266099
1.4235865
1.4225563
1.4186383
1.4257605
1.3752633
1.4671336
1.4462719
1.394832
1.4098579
1.4193469
1.4056541
1.4393834
1.4304101
1.4009572
1.4329554
1.431461
1.4322805
1.4325234
1.4459943
1.4451197
1.4345187
1.4278786
1.426718
1.4474206
1.4148506
1.3986062
1.4247059
1.4215735
1.4039317
1.398525
1.4177755
1.4245427
1.4203769
1.409
1.4257634
1.4164526
1.4388343
1.4218256
1.4223204
1.4038526
1.4275029
1.4358352
1.4258349
1.4381691
1.3962375
1.4333793
1.3977334
1.4291399
1.3998932
1.4247222
1.4164488
1.4302418
1.406672
1.4211735
1.4165164
1.4257586
1.4261456
1.4272239
1.3907144
1.4147954
1.4320015
1.4256439
1.4181875
1.3954353
1.4217893
1.4201936
1.4121133
1.4358536
1.4423178
1.4127547
1.4047455
1.4222827
1.4306235
1.4315982
1.4435716
1.4334232
1.4297758
1.4308184
1.4296291
1.3836242
1.4126222
1.4023454
1.4352763
1.4388717
1.4166236
1.4016913
1.4366637
1.461446
1.4299749
1.4525868
1.396216
1.4312339
1.4444479
1.4308718
1.4088225
1.4177833
1.4439566
1.4100564
1.3931308
1.4429537
1.4133145
1.3920637
1.4313744
1.408131
1.420347
1.4372466
1.4125409
1.4322692
1.4278432
1.4389024
1.417376
1.4300205
1.4262826
1.4644612
1.4051437
1.4267563
1.4298681
1.4249195
1.4354737
1.4330727
1.424828
1.423199
1.4331236
1.4156462
1.4091668
1.3984936
1.4068236
1.432026
1.4059805
1.4188259
1.3904079
1.3986244
1.4261451
1.4218954
1.4250381
1.4366713
1.4189309
1.4226543
1.4348298
1.4253017
1.4210045
1.4306313
1.3875314
1.4006171
1.403855
1.4103912
1.4382428
1.401749

1.7781194
1.7709835
1.7198601
1.6737472
1.793793
1.7244728
1.7375456
1.722707
1.7289602
1.6894728

