0.0065585375
0.05163026
-0.07275069
-0.033330083
0.12870729
0.118106484
0.050228238
0.01909995
-0.012628555
0.10906637
-0.05271387
0.12757444
0.1390034
0.004198909
0.09608948
0.052203774
-0.019734263
0.08383715
0.46762538
0.0641377
0.08333862
0.042701364
0.13561428
-0.005130768
-0.000697732
0.21481788
-0.0430156
0.0001180172
0.36085665
0.0032157898
0.0068644285
-0.03534174
0.14124084
0.07802093
-0.057879448
0.07751334
-0.30377996
0.20209217
0.030287743
0.14671648
0.02173996
0.14640176
0.15765917
0.2960999
0.04136038
0.07678807
0.10949659
0.14044106
0.041377306
-0.015143514
0.0832181
-0.013906717
0.008716106
0.26891482
-0.13087022
0.14685655
0.10298979
0.18923438
0.026160479
0.051463604
0.0052036047
0.094963074
0.06510508
0.068550706

0.012938142
0.018376946
-0.0015470982
0.04456663
0.041194916
0.1018064
0.17682493
0.0056722164
0.027864218
-0.018932939
0.041151047
0.22288716
-0.01651311
0.007840037
0.048253655
0.09064019
0.15783668
0.05760622
0.038802028
0.04348743
0.05141735
0.1266284
0.0977602
0.02530396
0.109075904
0.10798025
0.108039856
-0.025579453
0.2817111
0.014872193
0.1396141
0.07213318
0.06866765
0.12023294
0.12891579
0.05346036
0.066366196
-0.0011335611
-0.052007437
0.062675714
0.21507752
0.04598081
0.0031849146
0.10849309
0.08384299
0.06574702
0.059612513
-0.014603138
0.17500973
0.3567363
0.07495868
0.011490107
0.029060006
-0.05256796
0.07684314
-0.03396213
0.08225429
0.27472496
0.004709959
0.19293714
0.017030478
0.061909676
0.09656322
0.036194444

0.02110231
0.046341658
0.020233035
0.03792417
0.014446259
-0.008072734
0.047032595
0.07235837
0.09406316
0.01721251
0.027097344
0.014617205
0.01889515
0.047697425
0.06052625
0.03382778
0.0415138
0.006834626
0.061542273
0.031026125
-0.010702252
0.0039709806
0.039595485
0.025309563
0.06271112
0.117643595
-0.008377314
0.062937856
0.01706171
0.10333526
-0.028266072
0.034045458
-0.020367622
0.026880145
0.017576456
0.038368702
0.03268242
0.092170954
0.023162723
0.027514696
0.0400846
0.013804078
0.096155524
0.05189693
0.06427503
0.0015407801
0.022074223
0.025966167
0.016458511
-8.2969666e-05
0.035157323
0.045520186
0.09284818
0.009319425
0.004536152
0.10266328
0.06287491
0.033057928
0.040080786
0.0454185
0.11914706
0.0035617352
0.06397128
0.051742435
0.020984054
0.006169915
0.021331906
0.045160294
0.0009835958
0.018029094
0.017232299
0.06826198
0.00939393
0.022782207
0.046740413
0.024657011
0.03346765
0.07482767
0.0018265247
0.0092202425
0.04321313
0.017988563
0.025025249
0.03669858
0.032454967
0.0005874634
0.029426932
0.023625135
0.011960387
0.010936141
0.03154421
0.022624016
0.021738172
0.056263924
-0.015173435
0.025704145
0.069803596
0.048386574
0.0708698
0.029566288
0.027341485
0.07297838
0.053237677
0.058193207
0.06268513
-0.008780599
-0.02646482
0.059093595
-0.00020861626
0.1270541
0.015327811
0.023981214
-0.009155393
-0.0026814938
0.050243855
0.01911509
0.01614964
0.086141825
0.029206038
0.03351891
-0.0059518814
0.06810653
0.07079005
0.023172975
0.10719824
0.006815672
0.03991556
0.019157887

-0.0067237616
0.10219276
4.6133995e-05
0.08066285
0.046150565
-0.026088834
0.024000049
0.073268175
0.0018436909
0.07396877
0.075816035
0.007923603
0.034808636
0.04027021
-0.0019772053
0.019292831
0.04941356
0.03483641
0.038979888
0.0919863
0.010948062
0.04485452
0.026166558
0.06399596
0.052662015
-0.0059423447
0.064545035
0.034072995
-0.0041764975
0.04570234
0.0322783
0.08763695
0.0029790401
0.00038075447
0.01388514
0.06488824
0.04316008
0.016566157
0.058182478
0.094768286
0.014042616
0.04676819
-0.009396911
0.04300022
-0.00610888
0.016519308
0.012300849
0.041910768
0.024050713
0.016379476
0.041921496
0.03870046
0.013604283
-0.0032894611
0.024462938
0.055284977
0.01211226
0.09637463
0.07828164
0.016838193
0.0024387836
0.007833481
0.03153777
0.09539139
0.075223446
0.025996923
0.020545363
0.04994726
0.047920227
0.06129551
0.0067225695
0.06407416
0.0247432
0.062347412
0.02458942
0.006126404
0.038722515
0.023221016
0.020595789
0.021194816
0.007933021
0.05013728
0.032368064
0.035628438
0.044011116
0.026361227
0.0619843
0.08584356
0.029841661
0.012352586
0.040923834
0.018334031
0.02257514
0.023743153
0.07849622
0.0032830238
0.039147735
0.012179375
0.0541898
0.080976605
0.06636429
0.00049471855
0.0057127476
0.054570913
0.08001351
0.013991237
0.05107248
-0.0036035776
0.038609028
-0.025974274
0.03617859
0.05129695
0.10704827
0.0033041239
0.09158659
0.0077422857
0.049187183
0.023877501
0.02379167
0.011906505
0.0039265156
0.017025948
0.0082604885
0.04947698
0.025078177
0.028490067
0.025773406
0.068335176

0.02328384
0.015690565
0.0026240349
0.0037230253
0.04594803
0.01762271
0.04182017
0.028684616
0.02488327
-0.00082445145
0.027529836
0.01931572
0.035212874
0.0033307076
0.018723011
0.005982876
0.014404297
0.012902498
0.022105098
0.004523754
0.0029530525
0.03536451
0.017730951
0.009601235
0.024819016
0.031828523
0.022546887
-9.298325e-06
0.061235785
0.003905654
-0.00045394897
0.021426558
0.018338561
0.012943983
0.020002723
0.02097714
0.016303778
0.012337327
-0.00015974045
0.01034677
0.0143460035
0.025788426
0.023894072
0.015231848
0.02240944
0.05882895
0.022183895
0.004447937
0.009619713
0.03852272
0.044191957
0.018855691
-0.002303481
0.009984732
0.026688933
0.012995839
0.02510941
0.019963741
0.039241552
-0.00044691563
0.03760469
0.0012327433
-0.0009804964
0.038805604
-8.1300735e-05
0.021074533
0.014510751
0.002673149
0.011191249
0.024011016
5.853176e-05
0.050248146
0.040906668
-0.013706088
0.01997006
0.03907621
0.014901042
0.00557518
0.0026358366
0.016741395
0.004501939
0.0060278177
0.024497867
0.041294217
-0.0003992319
0.033558607
0.0020025969
0.015625596
0.030013084
-0.016994119
0.0021446943
-0.024243712
0.02692175
0.035177946
0.0154082775
0.00040638447
0.0010621548
0.003108263
0.0035133362
0.050841093
0.002850771
0.021722078
0.0126930475
-0.011374116
-0.003186822
0.0064122677
0.019481301
0.0468477
0.056516886
0.017728448
0.02538979
0.04009497
0.000731349
0.0074744225
0.017549157
0.005218506
0.02012229
0.004807353
0.028698444
0.027386785
0.014677167
0.018413424
0.006934166
0.0046480894
0.037156343
0.066842675
0.0056346655
0.0046049356
0.03576219
0.0035239458
0.028718472
0.023001075
0.020215273
-0.0038969517
0.012968063
-0.0014951229
0.010650635
0.028701425
0.020282984
0.007175088
0.018718958
0.01696527
0.026258588
0.0084706545
0.03347099
0.056242943
0.011070609
0.0169729
0.01969719
0.012250066
0.0029150248
0.043575406
0.0139507055
0.024113059
0.013435245
0.0064707994
-0.024813056
-0.0018526316
0.019577742
0.048070192
0.008616567
0.012776852
0.0012589693
0.018514752
0.03911388
0.036905527
-0.0006623268
0.022963643
-0.00059223175
0.018911123
0.010986447
0.027287602
0.0008404255
0.030600905
0.0058511496
0.008512378
0.036824465
0.043681145
0.019546986
0.037795782
0.015188575
-0.0012156963
0.07292366
0.0014886856
0.02634859
0.016366124
0.027659178
0.028702617
0.030427933
0.004147887
0.021239161
0.033441305
0.037256956
0.0067774057
-0.009088039
0.036247253
0.017824411
0.004131794
0.039482117
0.019228816
-0.0057315826
0.010848761
0.022052288
0.00289464
0.0021400452
0.01528573
0.016658783
-0.0010421276
0.006802082
0.013008118
0.036897063
-0.00047016144
0.051416516
0.023408651
0.019034266
0.01576507
0.0090020895
0.007377386
0.029247046
0.026450276
0.04407382
0.0046283007
-0.0009008646
0.0101104975
0.0072665215
0.029322863
0.03113389
-0.010581374
-0.0042063
-0.011252284
0.0194273
0.004915476
0.010201454
0.043931127
0.0088813305
0.0031348467
0.00036478043
0.03784752
-0.00058686733
0.0034228563
0.03341818
0.025361776
0.011774659
0.008139253
-0.006777644
0.026180863
0.028729916
0.036558628
-0.005750656
0.062054634
0.010761142
0.030810714
0.00388515
-0.00060391426
0.021620035
0.024682522

0.0060908794
0.038636446
-0.0011050701
0.052238584
0.018246412
0.042461634
-0.001985073
0.0020804405
0.024174333
0.013678908
0.045921206
0.010517359
0.028181314
0.050430417
0.028300166
-0.0044054985
0.022645593
0.013537407
0.004779339
-0.006243825
-0.042957664
0.025568008
0.02110529
-0.0024540424
0.008099079
0.0077586174
0.018112302
0.003169179
0.014696717
0.021521807
0.02654028
-0.0035090446
0.0010590553
-8.893013e-05
0.015184522
0.023849726
0.019394755
0.037588358
0.0012003183
-0.00041091442
0.03803885
0.03952861
-0.00024950504
0.04791951
0.031866193
-0.001496315
0.028514504
0.025661826
0.0559541
0.07950771
-0.009399533
0.022186995
-0.002424717
0.015588045
0.0139353275
0.0033228397
0.01106441
0.023157716
0.048289776
-0.005249858
0.018067837
0.00604105
0.008210778
0.025510192
0.0013723373
0.027301192
0.017485023
0.0008350611
0.034242988
-0.00035226345
0.032117486
0.0073035955
0.018104315
0.011526465
0.025328875
0.016600609
0.015212417
0.017985344
-0.0072829723
0.039189458
0.012378573
-0.0003362894
0.014669538
-0.0018849373
0.03949535
0.030200362
0.0010114908
-0.011269212
0.026506066
0.018813133
0.00839138
-0.005705595
0.027177691
0.005437374
0.019750714
0.020065665
0.0035407543
-0.0007367134
0.024720311
0.013662815
0.030087829
0.0063614845
0.039809346
-0.016727805
0.028698683
0.023371935
-0.002381444
-0.0011804104
0.021365166
0.007936478
0.07190776
0.0023515224
0.026106596
0.02203703
-0.0110087395
0.009724259
0.025518656
0.0012338161
0.0045876503
0.033737063
0.020160079
0.03719759
0.0071558952
0.042291164
0.02420175
0.028390646
0.0054881573
0.041840434
-0.020501137
0.004766226
0.031945705
0.012371421
-0.016301632
-0.0008840561
0.028207302
0.033038378
0.027490139
0.02684021
-0.0035797358
0.024224877
0.04406774
0.020355463
0.02455008
0.009491205
0.01104629
0.014039636
0.0072295666
0.030077577
0.04583645
0.007607341
0.017748952
0.023939013
0.051331043
0.011393905
0.018684506
0.011288524
0.03396225
0.039677262
0.01501143
0.008110046
0.010032177
-0.004701495
0.013067603
0.027406573
-0.015087485
0.08549607
0.026917577
-0.00920701
0.00072288513
0.028659105
0.044432044
0.018458247
0.0027552843
0.0049575567
0.04589784
0.0033581257
0.059930205
0.0064172745
0.020643115
0.0027185678
0.043851733
0.03956473
0.029044747
0.005148053
0.02829361
-0.0014227629
0.006588936
-0.0050058365
-0.0021611452
0.032348394
0.025622725
-0.0160048
-0.0025509596
0.015514612
0.029088259
0.03066051
0.025645494
0.005388856
0.008775353
0.05538082
-0.00022912025
0.005702615
0.017455935
0.030290604
0.014135361
0.0014107227
0.04393971
0.026969194
0.003774047
0.031849742
0.015025258
-0.0001322031
0.006299019
0.0005863905
0.03590107
0.028318524
-0.0012557507
0.03619051
0.012407184
0.017772317
0.03165877
0.0306561
0.023432612
-0.0051265955
0.003960967
-0.008549929
0.05415082
0.0039761066
0.018224835
0.023594618
0.022925973
0.0016201735
0.022926927
0.0071086884
0.039708972
0.007997036
0.039756894
0.03301418
0.016092062
0.008832097
0.04338157
0.006674528
0.05998075
0.022830844
0.034291267
0.029334545
0.001856327
0.008907437
0.01152873
0.012639523
0.006186366
0.0017399788
0.017001748
0.015276194
0.0038774014
-0.0003912449

0.008768082
0.025186658
0.014235139
0.02378285
0.020448089
0.037160993
0.029846787
0.030100346
0.02421832
0.03296876
0.020983696
0.013573289
0.038092494
-0.005553007
0.056910157
0.0348531
0.026113868
-0.0057145357
0.01144743
-0.0062623024
-0.0038019419
0.03855455
-0.005851507
-0.0057356358
0.00051403046
0.01383841
0.047238708
0.00023663044
0.02487719
0.015010357
0.0049031973
0.030807376
-0.0029398203
0.007622719
0.018470645
0.07068288
0.046491385
-0.0012271404
-0.0050673485
0.03646016
0.033039212
0.037194848
0.03147924
0.027563691
0.033479333
-0.0044703484
-0.0059871674
0.0037801266
0.0072067976
0.02689457
0.015157342
0.015695214
0.02738285
-0.0015012026
0.0014903545
0.0054655075
0.031036496
0.03230548
-0.0068587065
0.00893712
0.013695598
0.008154869
0.013789654
0.015764594
0.043879867
0.07287574
0.048141956
0.0538733
0.0059324503
0.014546156
-0.016841054
-0.0049057007
-0.0053138733
0.03916216
-0.003369093
0.046983004
0.02308333
-0.004667878
0.013900042
0.004788995
0.024939895
0.04811871
0.02884543
0.036160827
0.026161551
0.018127918
0.00059473515
0.013609648
0.021455884
-0.0022678375
0.017308593
0.022826433
0.047583222
0.036610603
-0.006914854
0.021747231
0.010273695
-0.0042557716
0.011190653
-0.007258773
-0.002817154
0.031447053
0.016928077
0.041249394
0.04217124
-0.004586816
0.0017590523
0.041737318
0.042732477
0.008998156
0.024208426
0.0028434992
0.013367057
0.024567127
0.012462497
0.061285615
-0.0043154955
0.02897644
0.051099777
0.0074175596
0.04250455
-0.008501649
0.0077365637
0.022635937
0.043937206
-0.003111124
-0.00035631657
0.039106727
0.024920821
-0.0032434464
0.013916135
0.030198574
0.02728498
-0.0037903786
-0.0015463829
0.0071595907
-0.0040892363
0.04536605
0.013974905
0.037772775
-0.02570033
0.034757614
0.015412688
0.09018898
0.0010551214
0.04340911
0.02304852
0.0032747984
0.02589035
0.007467985
0.015340447
0.0032292604
0.0598644
-0.00095283985
0.013142228
-0.0017553568
0.0041458607
-0.008373022
-0.0026177168
0.019304752
0.04066825
0.004132509
0.030324697
0.018246531
0.020780325
0.037456155
0.017464757
0.036100864
0.011791348
0.02415669
0.0031758547
0.022497416
0.057947636
0.006983161
0.00053429604
0.0046156645
-0.010893226
-0.004983902
0.009796739
0.013688445
0.029385805
0.03773737
-0.01689291
0.008944511
-0.013831377
0.017133474
0.010045171
-0.006091237
0.030391097
0.0033085346
0.03144145
0.017600179
0.02829969
0.007920623
0.048668504
-0.0017347336
0.058000326
0.0004504919
0.07947385
0.028793573
0.0031579733
-0.003697157
0.017882228
0.026377082
0.007966161
0.034279227
0.004782796
-0.0030645132
-0.016851068
0.026781559
0.026694536
0.032409787
0.021100402
0.014363408
-0.008055568
0.039785266
0.010121822
0.014659047
0.015721679
0.09376931
0.013734579
0.053032875
-0.0036816597
-0.0117788315
-0.028474927
0.02674222
0.039307952
0.043191433
0.0011353493
0.008956909
-0.001740098
0.046248674
0.02835989
0.000705719
0.0075950623
0.02652657
0.004256606
-0.012101889
0.008127689
0.0041850805
-0.0059019327
-0.03200519
0.02364397
0.0073776245
0.01653409
-0.004340291
0.0034980774
0.0020936728
0.02472353
0.0035054684
0.04281771
0.034978986
-0.0025559664
0.0017536879
0.012400746
0.023213029

0.011197805
0.018229365
0.026599884
0.009317279
0.004184723
0.012513757
0.008357167
0.008388162
0.012879133
0.004429221
0.007322669
0.010059118
0.023308635
0.020318866
0.004729271
0.0047693253
0.019614458
0.0039013624
-0.011103153
0.00529778
0.013837695
0.018073559
0.002071619
0.007850528
0.007201433
-0.0022976398
0.0026735067
0.009925127
-0.0034822226
-7.557869e-05
0.027513504
-0.0018151999
-0.0020068884
0.018947244
0.009594917
0.018811345
0.01258409
0.020415664
0.010389328
0.012548089
0.001298666
-0.005845666
0.0070494413
-0.0067602396
0.009123921
-0.0022345781
0.006637931
0.01972425
0.0049461126
0.006671667
-0.007896781
0.013908148
-0.0047938824
0.0075514317
0.014234304
0.0155802965
0.018909097
0.0013359785
-0.0023143291
0.03804767
0.008570313
0.0053788424
0.024980903
0.021359324
0.018456936
0.029673696
0.018879175
0.010194302
0.006696224
-0.0031770468
-0.0038692951
0.013420105
0.018486023
0.025217652
0.013920784
0.0061998367
-0.000549078
0.016354442
0.011621356
0.0070883036
0.0069446564
-0.0045541525
0.027879477
0.011554122
0.048256397
0.015277147
0.0020776987
-0.00062286854
0.013363361
0.017994642
0.017763257
0.006892681
-0.004039645
0.014899015
0.010919452
0.01973784
0.018828154
0.02186966
0.012270212
0.011384606
0.015205026
0.0038529634
0.01191926
0.009362459
0.017379284
-0.014333725
0.00029671192
0.003145218
0.013218403
0.017902255
0.012161016
0.033100367
0.029554725
0.015029073
0.012529135
0.0047234297
0.023759007
0.014607906
0.0002616644
0.0121741295
-0.0066818
0.008810878
0.013594747
0.010672808
0.006484151
0.010236144
0.012108207
0.0030486584
0.018791556
0.029582858
0.011279702
0.02225697
0.0049437284
0.010051489
0.022283912
-0.008823276
0.00390923
0.0015406609
-0.008226752
0.0007355213
0.020089626
0.0019499063
0.0026259422
0.01726532
0.0061097145
-0.006790042
0.033501625
0.011415482
0.009160876
0.032344818
0.010197997
0.019853115
0.009277225
0.011737227
0.007827997
0.009523034
0.021462083
0.007386923
-0.0042215586
0.02010858
0.004384041
0.0104955435
0.0077813864
0.0055001974
-0.0057299137
0.0031285286
-0.005748272
0.0022439957
0.00037777424
0.0030128956
0.007845998
0.027724028
0.0088146925
0.008020878
0.002647996
0.0049495697
0.008017659
0.012443185
0.0098207
0.0028659105
0.007724166
0.017467141
0.019604325
0.0030989647
0.005269408
0.0074533224
0.034991622
0.01918888
0.0061974525
0.0036166906
0.0061323643
-0.0012396574
0.0145897865
-0.0050646067
0.024566531
0.020880342
0.007729411
0.0058062077
-0.0064918995
0.016608238
0.0020366907
0.0079962015
0.020920873
0.023052692
0.023787498
-0.0042130947
0.011709571
0.0037937164
0.0058226585
7.891655e-05
0.000259161
0.015493512
-0.0017957687
0.008609176
0.007013917
-0.0074517727
0.003501296
0.0090065
0.014002562
0.01315093
-0.01698649
-0.03249085
0.0007671118
-0.006648183
0.017224073
0.00056254864
0.0064781904
-0.010526061
-0.024513006
0.030106902
0.031861663
0.002829194
0.014360189
0.00910306
-0.00060510635
0.015205026
0.030227661
0.009770393
0.0006095171
0.0023128986
0.014413357
0.00023543835
0.023160934
0.018495798
0.0013518333
0.018642783
0.011754632
0.005347848
0.008283973
0.009614825
0.012723923
-0.005882263
-0.0047632456
0.0037904978
0.018588424
0.0105137825
0.017329574
0.00708735
0.0055553913
-0.0011754036
0.0064071417
0.011924863
0.0054870844
-0.0058830976
0.0068041086
0.0048981905
-0.0016957521
0.008171439
0.018862128
0.031330347
0.01826799
0.0060327053
0.0031461716
0.019536972
0.0067851543
0.0062310696
0.019780636
0.0054508448
-0.0058321953
0.007483721
0.019558549
0.020396471
0.0059257746
0.00609076
0.015556335
0.030826092
0.008560419
0.00662148
0.0058705807
0.02036047
0.000101685524
0.009047508
0.009673953
0.0023138523
0.0054752827
-0.008671284
0.020217538
-0.016923904
0.011700988
0.0030962229
0.0072393417
0.009408474
-0.0067037344
-0.0126366615
0.024718523
-0.00070762634
-0.0028663874
0.026111364
0.00624907
0.016511679
0.019465804
0.0021873713
0.036349297
0.0067077875
0.00033795834
0.02098918
0.0024015903
0.014145732
0.0071092844
0.009835005
7.998943e-05
0.023133755
0.013612866
0.00807178
0.006507516
0.008711219
0.0050976276
-0.0025327206
0.002093792
0.011484146
-0.012008786
0.016372085
0.01560235
0.022746444
0.019976497
0.019859195
0.012285829
0.005354047
0.026372552
0.022889018
0.0026096106
0.025631547
0.034150243
-0.0026233196
0.014232039
0.002389431
0.00638783
0.009516358
0.0036115646
-0.00034463406
0.0006520748
0.02433741
0.0035580397
0.0087480545
0.008230329
0.003957033
-3.349781e-05
-0.005737543
0.01775515
-0.00072419643
0.0005917549
0.0073422194
0.0090658665
-0.006602764
0.0034899712
-0.002094388
-0.0044465065
0.0022480488
-0.0059627295
-0.0071036816
0.0024415255
0.018396497
0.011775732
0.005765438
0.008847952
0.008358121
0.0058008432
0.0127494335
0.008885145
0.013890862
0.016008139
0.0199821
0.020874023
-0.0034793615
0.015563607
0.0021555424
0.026701093
0.007211089
0.021804333
0.0056447983
0.011672616
0.0075763464
0.005886078
0.0016816854
0.001406908
0.020311356
0.003019333
0.0002759695
-0.0028789043
-0.0039545298
0.014877677
0.005518198
0.007305026
0.005874753
0.008025408
0.02636671
0.016967297
0.027083755
0.013190389
0.0253402
0.0046424866
0.0011973381
0.01292634
0.016823292
0.0155700445
0.014036536
-0.005149722
0.021189809
0.005717516
0.018004537
0.0055342913
0.0009781122
0.015853167
-0.00071668625
0.0013948679
0.00057017803
0.011134386
0.006559372
0.017944217
0.004165411
-0.00034868717
0.0022672415
0.001352191
0.005151868
-0.0007545948
0.013199925
0.009234548
0.01786995
0.03197217
0.0125722885
0.013368249
0.00044453144
0.0087144375
0.010750771
0.01696515
0.005807042
-0.012514114
0.0042084455
-0.00479424
0.02726531
0.0030065775
0.007493615
-0.0027091503
-0.0028654337
-0.0006774664
-0.012547374
0.016807556
-0.0018386841
0.017102718
0.0065153837
0.0022825003
-0.0032337904
0.008384228
0.0030173063
0.01223278
-0.0028326511
0.003388524
-0.0010666847
0.0048781633
0.038380027
0.0018987656
0.025977492
0.009630084
0.006192088
0.0051743984
-0.010085225
0.0006494522
0.015087485
0.010220885
-0.00025475025
0.017011285
0.02556932
0.0059860945
0.0072057247
0.0053026676
-0.010902405
-0.0031807423
0.0013058186
0.00998497
0.01963234
-0.0061411858
-0.00045502186
0.004441023
0.008103371
-0.0036907196
0.0042485
0.010598421
0.0066816807
0.006504655
0.0067840815
-0.011106849
-0.002261877
0.0005444288
0.006363988
0.020104289
-0.028392315
0.007852554
0.008346677
0.009521604
0.012027383
0.018947959
-0.0015423298

0.0103440285
0.00059890747
0.0032080412
0.0013632774
0.004760742
0.0017185211
0.008721828
0.008831859
0.009054065
0.009902239
0.009480476
-0.00080406666
0.0024745464
0.0015950203
0.020408511
0.018064022
0.030207276
-0.0020549297
0.018703103
0.023720622
0.011126518
0.007205844
0.0008547306
0.006474018
0.026656985
0.005337
-0.00036358833
0.007812738
0.015793681
0.012263656
0.007976413
0.0053400993
0.014364481
0.0133218765
0.024126291
0.0069953203
0.004820943
0.0067350864
0.029533029
0.01133275
0.0055419207
0.006752968
0.012741804
-0.0008329153
0.015228391
0.018084764
-0.0023185015
-0.008205414
0.009431481
0.003947258
0.0006221533
0.011399865
0.0035979748
0.00776875
0.019623876
0.009190559
0.016282678
0.0021599531
0.0015288591
0.0034829378
0.0052434206
-0.001573205
0.01972878
0.0024141073
0.011041641
0.0088477135
-0.009716392
0.0086945295
-0.0031855106
-0.009251595
0.017852783
0.0029296875
-0.0041821003
0.0015147924
0.01170826
-0.006039977
-0.0050195456
0.010591865
0.016695857
0.0062259436
-0.0070108175
-0.0005403757
0.011806488
0.012646437
0.0054466724
-0.0036634207
0.008669734
-0.006698966
0.0030249357
0.0065892935
-0.0024665594
0.017564178
0.006929755
-0.00089657307
0.006354451
0.0019207001
0.001980424
0.006483674
0.00979805
0.0025939941
0.014469385
0.012260556
0.011124492
0.015960097
0.0131042
0.001735568
0.011526823
-0.0007548332
0.011127353
0.017418385
0.0009983778
0.020931125
0.02067089
0.0050578117
0.007913828
0.016008615
0.014881015
0.0048601627
0.009134173
0.0009908676
0.0036065578
0.005385995
0.012548685
0.0029454231
0.01494503
0.021060586
0.014383554
0.012784243
0.01659751
0.0206846
0.0073285103
0.005007863
0.023836732
0.026862383
-0.0019985437
0.0067896843
0.003861785
0.0018912554
0.0029370785
0.0042413473
0.002657175
0.0063579082
0.013970017
0.016888738
-0.0034550428
0.022431016
0.00049448013
0.0070431232
0.024080992
0.011687517
0.018136978
0.012396932
0.033988714
0.020367742
0.014428973
0.022590637
0.0038753748
0.014953494
-0.003295064
0.00013005733
0.02577126
-0.0007419586
0.0033626556
0.010221481
0.0002487898
-0.006683469
-0.00023031235
0.005891919
0.00603354
0.008579373
0.02013123
0.0046052933
0.019497514
0.0036340952
0.027845383
0.010203838
-0.0027632713
0.00058591366
0.0034509897
-0.013882041
0.006447196
0.018646479
0.0120368
0.017466664
0.0068717003
-0.0023525953
0.0009486675
0.023548722
0.014111042
0.0042704344
0.030712485
0.007737279
0.0052411556
-0.008758426
0.01982522
-0.009485722
0.004542947
0.01875043
0.019426107
6.258488e-05
0.02370131
-0.015218735
0.009320378
0.0039117336
0.027876735
-0.000621438
0.00027430058
0.020403385
0.0087810755
-0.0057600737
0.0009819269
-0.0005362034
-0.002214551
0.019429445
0.01617539
0.0039237738
0.011463404
0.031073809
0.005654931
0.011965632
0.0151462555
0.0011256933
0.01767397
0.013084054
0.018450737
0.0038318634
-0.00051414967
0.009003282
0.0076777935
0.005490899
-0.004436612
0.006397009
0.00033330917
0.010020256
0.00950551
0.0005759001
-0.0020530224
0.009218931
0.021937132
-0.0005671978
0.016888618
0.0024722815
0.03546834
0.003853798
-0.00034332275
0.012156248
0.013180971
0.010677695
0.024730802
0.019505024
0.0015647411
0.013035178
0.01452291
-0.00046563148
0.025625944
0.0014402866
0.0030485392
0.019808054
0.0066503286
0.019697666
0.0045665503
-0.0070078373
0.00859499
0.015507221
0.010309219
-0.009418726
0.02550888
0.0024160147
0.0017139912
0.01901102
0.0022736788
0.028501749
-0.0011219978
0.005662918
0.011651397
0.015535355
-0.0016679764
0.0018560886
-0.0013113022
0.0062662363
0.0027998686
0.011583924
0.014221668
0.011121392
0.016314268
0.0054605007
0.008728862
0.0030966997
0.008666396
0.00013887882
0.009868503
0.004559636
0.017011404
0.00018835068
0.0014660358
0.0051555634
0.003303051
0.015695691
0.002606988
-5.7458878e-05
-0.005039215
0.026890755
0.022896886
0.0026271343
0.019559145
-0.0036190748
0.0020910501
0.00071263313
-0.0004144907
0.0169065
-0.0015058517
0.009827971
0.024659753
-0.0057013035
0.005776882
0.0021474361
0.0139859915
0.008087158
0.0040040016
0.02242744
0.012240529
0.009064436
0.022374034
0.0031586885
0.02492547
-0.0016291142
-0.0029565096
0.025574803
0.011957407
0.0035479069
0.017645359
0.008979559
0.0027390718
0.004946828
-0.0065950155
0.003079772
-0.00152421
0.022108316
0.008961201
0.006737232
0.015555263
0.0020736456
0.01521337
0.007660389
0.009460568
0.00095522404
0.014001012
0.03018701
0.012451887
0.014816046
0.0061228275
0.013312936
0.014151692
0.016200185
0.0061939955
0.018304825
-0.00040459633
-0.0017050505
0.0018805265
0.011459112
0.0018652678
0.017243862
0.006413579
0.003727913
0.008258581
0.0143687725
0.0067807436
0.012834191
0.01788354
-0.0038315058
-0.001085043
0.005260229
0.00070524216
0.021515965
0.00063586235
0.021495461
0.004375696
0.0059155226
0.009033442
0.0010033846
0.0013562441
-0.0008877516
0.019308329
0.010181665
-0.0069710016
-0.00056159496
0.008773804
0.022894502
0.00911963
0.0067441463
0.016451716
0.0018948317
0.02363336
0.0011395216
-0.0037134886
0.020105839
-0.00068306923
0.007846236
0.010768533
0.015697718
0.022071123
0.023267388
0.0017758608
0.01190567
0.008966684
0.016531825
0.013112307
0.019646168
0.0008999109
0.007044077
0.006359577
0.010316491
0.013275385
0.0053880215
0.012872338
0.0009074211
0.0051347017
0.029795408
-0.0012294054
-0.0017491579
0.004737735
0.026198268
0.0041843653
0.02199018
-0.00074636936
0.0031907558
0.0023862123
0.017673016
-0.00077712536
0.033509135
0.019356847
-0.002419114
0.005145669
0.019312024
-0.0033870935
-0.005232811
0.0057792664
0.006239891
0.005022168
-0.0041931868
0.017721057
0.02307856
0.012624383
0.016835451
0.019539595
0.0071653128
0.018146992
0.008795142
0.0064839125
-0.004470706
0.013652325
0.0030329227
0.000816226
0.0003311634
0.014707565
0.004919648
0.024896502
0.042904377
0.004080534
0.00053346157
-0.00070238113
0.018942714
0.00088346004
0.036123514
0.0017629862
0.0055075884
0.012824535
-0.0009496212
0.0021461248
-0.0020641088
0.016110659
0.0017629862
0.009770274
0.012379527
0.00027668476
0.022532582
0.003522873
0.0021408796
0.02750361
-0.010065675
0.024698138
0.01420033
0.013645649
0.008354425
0.020258069
0.002688408
0.0054312944
0.018520474
0.005756974
0.0035940409
0.013016939
0.018396735
0.0029696226
-0.0048413277
0.0046571493
0.0007504225
0.012646437
0.020965576
-0.00089132786
0.005768299
0.012581348
0.008416772
0.0049448013
-0.0051225424
0.0096699
-0.009183288
0.009711981
0.008114815
0.015468359
0.010724902
0.018413782
-0.0026005507

0.011714935
0.0108914375
0.03150177
0.024060726
0.005474925
0.00154531
0.0016974211
0.0043991804
0.0053557158
0.0050708055
0.0010864735
0.04052639
0.020539045
0.0075045824
-0.009242415
0.019983292
0.00815475
0.020708323
-0.0018895864
0.013135314
0.0094252825
0.008485436
0.02016735
0.0018514395
-0.0005977154
0.013274312
0.025716305
0.019521117
0.01795113
0.015908003
-0.0035767555
0.0022543669
0.023900151
0.041725397
0.018834233
0.007366538
0.010406017
0.0036171675
0.0004529953
0.011182904
0.013497591
-0.0024603605
0.01613295
0.004364729
-0.008726597
0.016962886
0.008474588
0.03612256
0.012788653
0.022295713
0.009764671
-0.0004899502
0.013959765
0.003804803
0.02358079
0.005955696
0.0052218437
0.0052735806
0.013985395
-0.00071680546
0.009119511
0.015204191
0.005233884
-0.000114798546
0.011843681
0.012437463
-0.0042710304
0.0026649237
0.0003709793
0.02168107
0.004699707
0.0016156435
-0.003668189
0.010141134
0.005529046
0.0047038794
0.0085814
0.022405386
0.020092964
0.02016604
0.0016655922
0.0043485165
0.002523303
0.010742784
0.0048565865
0.0034618378
0.0046356916
0.0052337646
0.015734315
0.0029226542
0.025681019
0.0034585
0.0063819885
0.011160612
0.012823105
0.034858704
0.0057382584
0.0019439459
0.006077647
0.00330472
0.0073885918
0.009928346
0.022500634
0.0122772455
0.0061326027
0.006901741
0.004298806
0.0037709475
0.002716899
0.008065224
0.0030796528
0.004550457
0.0020605326
0.0065660477
0.0011148453
-0.00020503998
0.007515669
0.0037802458
0.039061427
0.010793686
0.0008022785
0.008227587
0.005494356
0.014647961
-0.0036575794
-0.0043501854
0.004802704
0.001251936
0.017341852
0.008922815
0.0056676865
0.01730299
-0.0022611618
0.0075843334
0.02462864
0.01045382
0.01084125
0.0015280247
0.008586049
0.0047250986
0.0058227777
-0.0032030344
0.004783869
0.0064759254
0.0057299137
-0.00069987774
0.008901954
0.003180623
0.014154673
0.019932866
-0.0008215904
-0.0007369518
0.0072226524
0.0016486645
0.0005698204
-0.0012972355
0.0022095442
0.0031198263
0.014581203
0.011062741
-0.003127575
0.0054678917
0.00083589554
0.028644562
0.0050059557
0.019519567
0.0154953
0.0017892122
0.012853265
0.0056586266
-0.002141714
0.005194068
0.00627923
0.014590263
0.0047063828
0.004221916
0.0028780699
0.0066378117
0.0067528486
0.0047091246
-0.005518317
0.0069437027
0.0142560005
0.0055505037
0.0106521845
0.0024151802
0.007267952
0.005907297
0.01184237
0.0014197826
0.00977838
0.008113027
0.010388255
0.01616466
0.011365533
0.018689752
0.0008779764
0.0054085255
0.012467623
0.020074964
0.008934736
0.0032434464
0.0016157627
0.003764391
0.0013712645
0.0049380064
0.0066986084
-0.00011861324
0.027757525
0.018535972
0.00944519
0.0064481497
0.005945444
0.0018445253
0.008501291
0.0057474375
0.0019283295
0.02203679
0.0030088425
0.010697842
0.0006121397
0.010008097
0.0059551
0.0019654036
0.015995264
0.007159114
-0.004921913
0.010760784
0.0012215376
0.015818238
0.002051115
-0.0054181814
0.0058107376
-0.00397563
-0.0039488077
0.0038181543
0.03997457
0.010194421
0.0006364584
0.00685966
0.0020779371
0.0025075674
0.004442334
0.00070917606
0.00059974194
0.0033677816
0.0046417713
0.0018014908
0.0020051003
0.009837151
0.036248684
0.006284952
0.002806902
0.012695551
0.013938308
0.00027441978
0.02319324
0.0062384605
0.0039731264
0.012626171
0.005939126
0.015188813
-0.0018305779
0.0084017515
0.011147499
0.021094799
0.0009725094
-0.0007760525
-0.00016903877
0.0066667795
0.013532162
0.0032662153
0.009718776
0.014156461
0.007396698
0.006728053
0.014413476
0.008080244
0.0074523687
0.015319705
0.010729313
0.0042061806
0.01423192
0.0047801733
0.0062087774
0.00014841557
0.0023890734
0.0017648935
0.0061467886
0.0116432905
-0.0003142357
0.018748164
0.010239005
0.0027954578
0.00076675415
-0.0004618168
0.041012406
-0.00045382977
0.008042455
0.007804036
-0.0012745857
0.014800429
0.011903644
0.013486743
0.005955577
-0.001152873
0.011119008
0.010599375
0.0066428185
0.0012811422
-0.0005786419
0.026587963
0.015126705
0.018884301
-0.0007711649
0.00888741
0.013482809
0.004005909
0.014178872
-0.005096197
0.0054172277
0.0012983084
0.007172227
0.0041624308
0.021065116
0.00032877922
0.016353965
0.003338933
0.009201407
0.012299061
0.0067101717
0.0018486977
0.022708178
0.0020399094
0.0016145706
0.0041576624
0.0062919855
0.015830636
0.004475832
0.007503867
0.0065875053
0.013772726
0.0060702562
0.012970209
0.008857846
0.010221958
0.0063513517
0.0017588139
0.011582375
0.015565395
0.0046856403
0.007640362
0.019482732
0.014941573
0.008555174
0.006714821
0.0026837587
0.025842547
0.003622055
-0.00016760826
0.0018785
0.014974833
0.017894268
0.028584838
0.0051164627
0.0065728426
0.0055680275
0.011356831
0.0064418316
0.0044025183
0.0044983625
0.01485002
0.010299444
0.0038933754
0.00015449524
0.011137366
0.011909723
0.033480287
0.03839755
0.0030403137
0.0034989119
0.0063135624
0.0003376007
0.015905142
0.0010256767
0.0057207346
0.008098125
0.0077061653
0.0040522814
0.016378164
0.0018570423
0.005703807
0.0063591003
0.028051138
0.013303876
0.013518691
0.004255891
0.03175533
0.006142378
0.015854001
-0.00052666664
0.009929895
0.006708622
0.0073109865
0.018198371
0.008610606
0.0018684864
0.0036138296
0.007452965
0.004789114
0.008750081
0.0027339458
0.013628006
0.007652998
0.016686559
0.013704777
0.009527326
0.0037710667
0.0029947758
0.03754902
0.0037788153
0.014115214
0.013306141
0.014751673
0.0012898445
0.005800009
0.027241468
0.019106865
-0.0006451607
0.0064712763
0.0059068203
0.004607916
0.0023180246
0.012680888
-0.0026775599
0.0034823418
0.0060299635
0.0061631203
0.00635159
0.021260738
0.028913975
0.009238124
0.017968416
0.019290924
0.019717932
0.0050975084
0.01015079
0.009657502
0.0007866621
0.012753844
0.0055434704
0.0023462772
0.00987792
0.021965384
0.0072698593
0.01911211
0.014319181
0.002132535
0.014641166
0.005211234
-0.0015254021
0.0033447742
-0.0007209778
0.008251548
-0.00332582
-0.0012626648
0.021713853
0.016125202
-0.00553298
-0.004486203
0.004396081
0.022621512
0.019499063
0.023217082
0.008487105
0.020272493
0.0032336712
0.011335611
0.040061355
0.021004677
-7.581711e-05
-0.00279212
0.023733854
0.00546968
0.02041936
0.0037851334
-0.0021315813
0.0069423914
0.00029683113
0.0049978495
-0.0008188486
-0.0010046959
0.00049066544
-8.702278e-06
0.0111887455
0.007125497
-0.0012947321
0.007675171
0.011150479
0.0061205626
-0.0034885406
0.009006143
0.014608502
0.008242488
0.01659441
0.0039418936
0.002157092
0.00223732
-0.0011336803
0.030512452
0.0050008297
0.0035963058

0.00061297417
0.0053031445
-0.000295043
0.028752327
0.016147375
-0.0017172098
0.0079523325
-0.00038075447
-0.00056517124
0.002313614
0.021698594
0.0007343292
0.0014518499
0.002524376
0.0052559376
8.368492e-05
0.003890276
0.007747054
0.007872105
-0.0007292032
0.012383461
0.0029956102
0.017905235
0.0009788275
-0.0007697344
0.009451389
0.010914445
0.0023111105
0.005519271
0.01151216
0.012087464
0.018134952
0.0011607409
0.011310577
0.0050079823
0.0021767616
0.0075142384
0.018191934
0.004089117
0.002421856
0.004383087
0.0018863678
0.009905338
0.00036215782
0.00089776516
0.0003182888
0.0134010315
0.0014892817
0.01976335
0.00081300735
0.0017426014
0.03349352
-0.00060009956
0.0021128654
0.002628088
0.0143646
0.0040922165
0.013942599
0.01717639
0.006574273
0.0063933134
0.012166262
0.0027234554
0.015803814
0.017631173
-7.83205e-05
0.008135319
0.021569967
0.0076885223
0.013624072
0.01027298
-0.00037491322
-0.00036907196
0.0028557777
0.008659005
0.017890811
0.00021648407
0.008041739
0.011190057
-0.00076425076
0.011352062
0.006075144
0.003815055
0.013601065
0.009478569
0.00036132336
0.0037294626
0.010458231
0.0061006546
0.01768136
0.006078124
0.011044264
0.0006353855
-0.00010275841
0.020303607
0.017770529
0.017668843
0.0272609
0.0037082434
0.0016765594
-0.00034677982
0.005513668
0.016867042
0.004473448
-0.00064587593
0.009973884
0.0038195848
8.761883e-05
-0.00031971931
0.0011783838
0.0010012388
0.00888896
0.0040113926
0.0045005083
0.004516363
-0.0006814003
0.001987934
0.008416295
0.0052546263
0.001437068
0.018087864
0.017761588
0.00131464
0.009028554
0.0023127794
0.009289503
0.014817476
0.009645343
0.0088841915
0.018325925
0.013827205
0.0040673018
0.010011911
0.0041042566
0.0016829967
0.012491941
0.00056540966
0.0051249266
0.01130271
0.0028178692
0.016685367
0.021369219
0.004666567
0.007006049
0.0056271553
0.0014816523
0.009186387
0.00540483
0.0032439232
0.006735325
0.00047373772
0.0021320581
0.0010137558
0.0076590776
0.017600179
0.005788207
0.014268994
0.00202322
0.024134874
0.007602811
0.01256609
0.0057718754
0.011514425
0.03629744
0.006138921
0.0068161488
0.006900549
0.0051903725
0.012138844
0.004475355
0.018332362
0.014377713
0.033048153
0.00816679
0.020038128
0.013567448
0.022616267
0.0038006306
0.0114091635
0.015791774
0.0133605
0.00036275387
0.011700988
0.0026495457
0.016331553
0.0062686205
0.02598083
0.0106960535
0.0041382313
0.01821351
0.00027930737
-0.00074899197
0.0012704134
0.01392591
0.003504634
0.0009959936
0.005325198
0.0020859241
0.011090755
0.0027196407
0.00046610832
0.013556242
0.0017899275
0.029756427
0.0024414062
0.018003345
0.007115841
0.0076901913
0.011516333
0.019895911
-0.00041735172
0.003535986
0.014153004
0.021178365
0.012668014
0.009911537
0.0081419945
0.0027472973
0.0040079355
0.0063738823
0.016527295
0.0045278072
0.0028380156
-0.0012341738
0.0022941828
0.01999557
-0.0011099577
0.002563119
0.0017211437
0.0019382238
0.009946585
0.005671501
0.012729168
0.0063444376
0.0013512373
0.00052273273
0.005705714
-0.00084245205
0.006528616
0.025118709
0.004608631
0.021011353
0.0037337542
0.010807157
0.009746432
0.017695546
0.013276577
0.02296257
0.016964674
0.0021982193
0.013074636
0.013661265
0.030650377
0.005531788
0.02798438
0.0052336454
0.001091361
0.004245043
0.0052728653
0.0029684305
0.01708591
-0.0010451078
0.0072818995
0.009311795
0.0012336969
0.00019979477
0.01224184
0.0145094395
0.008024335
0.003438592
0.01593721
0.010328531
0.0066361427
0.005252123
0.010068893
0.0286932
0.008699417
0.003684163
0.014678836
0.025189161
0.0033313036
0.013363957
0.011258125
-0.0004799366
0.0022249222
0.009368777
0.0051749945
0.0053174496
0.00030899048
0.0005224943
0.0061169863
0.032896996
0.00600183
0.016861916
0.013107419
-0.00011909008
0.010114193
0.0005913973
0.003246069
0.0040020943
0.0038237572
0.015354514
0.0020172596
0.009212494
0.0030456781
0.0026786327
0.006104827
0.005166054
0.0069031715
0.0018907785
0.0071104765
-0.0013923645
0.0018550158
0.007850766
0.01292932
0.0074669123
0.0031443834
0.032886624
0.031081438
0.0023616552
0.019345999
-0.0014488697
0.00095152855
0.0062043667
0.020304084
0.00292027
0.0015900135
0.018720984
0.032365203
0.01158011
0.006889224
0.0012917519
0.04886639
0.011186838
0.0031366348
0.0012375116
0.0075138807
0.006054282
0.027605534
0.025816083
-0.00042176247
0.008770943
0.0012803078
0.0021241903
0.0015774965
0.003517747
0.01668191
-0.00030994415
0.0023231506
0.010796189
0.029595375
0.03401804
0.00017642975
0.015680552
0.010174274
0.010468483
0.012743235
0.009378076
0.0022255182
0.0054204464
-0.00072312355
0.007142067
0.0066251755
0.005014658
0.008502126
0.0021631718
0.020705104
0.00049996376
0.007180214
0.008041501
0.0014847517
0.011548638
0.012043476
0.006559968
-0.0003771782
0.0003771782
0.02502656
0.0019123554
0.00020456314
-0.002212286
0.013164163
0.0049089193
0.0031208992
0.022728562
0.018916607
0.009328842
-0.0006002188
0.0022019148
0.00028514862
0.01848054
0.004184842
0.005902171
0.0034736395
0.027941585
0.010597944
0.016162157
0.0037015676
0.0049624443
0.020336032
0.0055770874
0.004729867
0.0016989708
0.003263235
-0.00040018559
0.005142808
0.0069833994
0.016028881
0.0071878433
0.002159834
0.0037767887
0.00090670586
0.00900054
0.0020666122
0.0005823374
0.016840816
0.0024114847
0.021566868
0.00062441826
0.00012278557
0.016986132
0.010451913
0.024544954
0.0075479746
0.0002449751
0.012142897
0.009705305
0.00070393085
0.0015724897
0.002379179
0.010062218
0.0016661882
0.010052562
0.00893712
0.002406001
-0.00015163422
0.0033146143
0.023578644
0.028167248
0.013563871
0.013939142
0.027762175
0.0022031069
0.00033318996
0.013549447
0.0034126043
0.006038308
0.009566188
0.024857998
0.022351027
0.045598865
0.03293705
0.00066161156
0.004899025
0.006019473
0.013870239
0.0065066814
0.004200816
0.013689995
0.024033904
0.017468214
-0.0010926723
0.014685035
0.010252595
0.0024268627
-0.000664711
0.0009638071
-0.0010055304
0.0058231354
-0.0014749765
5.2690506e-05
0.024089575
0.028621554
0.0050343275
0.011417508
0.0039094687
0.0038596392
0.006171584
0.0016233921
0.027138948
0.0011254549
0.0036606789
0.00025260448
0.008243322
0.005713105
0.010612488
0.019867897
0.016069293
0.001568675
0.017572284
0.020707965
0.0065835714
0.013209343
0.01609385
0.008689761
0.010650396
0.000330925
-0.00066900253
0.0006879568
0.0069230795
0.001969099
0.0035110712
0.014318228
0.013009548
0.009034157
0.007730484
-0.00074744225
0.021886349
0.011479497
-0.00023698807
0.0005543232
0.00474298
0.010927081

0.0059643984
0.0062488317
0.018447042
0.0021973848
0.005306244
0.017564178
0.0024894476
0.008223653
0.0013412237
0.0063533783
0.00011074543
0.010318041
0.01362586
-7.7962875e-05
0.00014483929
0.0068154335
0.007949233
0.010489464
0.0069434643
0.015485287
0.01903224
0.0032149553
0.007502079
0.01437211
0.008641481
0.006701708
0.003726244
0.0021333694
0.010899782
0.0016056299
0.010333657
0.0172863
0.015091062
0.008772135
0.010272622
0.004279375
0.008097649
0.019992948
0.011039615
0.0114456415
0.008160353
0.017402172
0.0032721758
0.0074317455
0.008709788
0.005449772
0.018755436
0.0028682947
0.005240798
0.022823334
0.013515234
0.0035613775
0.0035338402
0.007014513
0.00714159
0.01201582
0.0047676563
0.0013707876
0.0073627234
0.0060454607
0.001829505
0.017404914
0.011585355
-2.9563904e-05
0.0068347454
0.0041006804
0.0043652058
0.011815429
0.0063625574
0.0006828308
0.002502203
0.011748433
0.0029634237
0.0003193617
0.009873867
0.02191782
0.009916186
0.008213401
0.01055491
0.0031878948
0.008036375
0.0051546097
0.012827039
0.0051590204
0.011316776
0.009590626
0.004572034
0.029729366
0.003476739
0.021577
0.019562125
0.0015622377
0.0053557158
0.0058591366
0.008131623
0.001491189
0.022313595
0.008069038
0.004981637
3.33786e-06
0.0008587837
0.008328199
0.014313936
0.004945159
0.0072051287
0.012237191
0.0110087395
0.0060106516
0.024601698
0.009288788
0.0038497448
0.004548073
0.006688237
0.00035715103
0.012691021
0.020759702
0.008383393
0.008282661
0.015816212
0.004552126
0.004266143
0.004044175
0.0011621714
0.009558558
-0.00013005733
0.01065588
0.0033020973
0.013164878
0.006747246
0.010346413
0.007286787
0.0040745735
0.0043052435
0.01703012
0.0009804964
0.018235207
0.013198733
0.0043776035
0.017219186
0.01213491
0.0135445595
0.0050348043
0.001028657
0.016632318
0.0051443577
0.003919482
0.0075376034
0.0035668612
0.020149231
0.009752512
0.0087605715
0.01452446
0.0032474995
0.0012688637
0.0018527508
0.0074310303
0.0030583143
0.00978899
0.0061609745
0.009346604
0.009441733
0.007564664
0.0019644499
0.0039918423
0.012935519
0.006235361
0.011839509
0.004333377
0.009685516
0.0021511316
0.012152076
0.012710094
0.008280039
0.013810277
0.009625316
0.01068449
0.009258747
0.019175768
-0.00013458729
0.008555174
0.0031683445
0.011882186
0.012321115
0.0058392286
-0.0006811619
0.013211966
0.010756493
0.009413481
0.0047448874
0.017601252
0.0113271475
0.009272814
0.015394926
0.007649064
0.0118403435
0.015558958
0.0103183985
0.013256073
0.009093761
0.0035674572
0.0074129105
0.012426972
0.0056302547
0.014479876
0.00031518936
0.007442951
0.00842917
0.00952363
0.004958391
0.012342095
0.017530918
0.008931637
0.0062360764
0.0024318695
0.0098257065
0.008065462
0.008095026
0.010658383
0.0031546354
0.0067960024
0.010451198
0.002023816
0.009618759
0.0045992136
0.012850642
0.0012153387
0.0021539927
0.015190005
0.015100479
0.0021226406
0.0038000345
0.006286621
0.0075342655
-0.0001502037
0.003666997
0.0036826134
0.0013506413
0.0027529001
0.017144322
0.0004117489
0.016653895
0.012460828
0.020372748
0.004081011
0.0022280216
0.037660718
0.003876686
0.0048271418
0.014846921
0.005738616
0.028108597
0.009118795
5.221367e-05
0.0049716234
0.010770798
0.011356473
0.014235854
0.00277555
0.013555765
0.008409619
0.0028027296
0.011767507
0.013424039
0.0058825016
0.009719729
0.010541081
0.010353804
0.0066566467
0.016087532
0.0026046038
0.008288145
0.0020633936
0.0008671284
0.011764288
0.008331537
0.010796189
0.0062344074
0.011771679
0.0069862604
0.013520479
0.007282138
0.015018702
0.01460278
0.006018162
0.0041873455
0.010460854
0.0067210197
0.009824872
0.0037318468
0.0035698414
0.0071007013
0.00068199635
0.006128669
0.0033775568
0.016368985
0.0064259768
0.01604104
0.008886218
0.0077012777
-0.00020611286
0.0053533316
0.0010756254
0.0009485483
0.011819243
0.0056763887
0.0009047985
0.022961259
0.015790582
0.01070559
0.017527223
0.014405966
0.00064992905
0.0057173967
0.0028789043
0.015875816
0.013564229
0.007445574
0.0026812553
0.0002323389
0.00020134449
0.016941905
-0.00016868114
-2.3961067e-05
0.0066691637
0.010343671
0.0038385391
0.018624306
0.0032562017
0.007281184
0.012809753
0.0041701794
0.0071976185
0.0053470135
0.0032912493
0.012423992
0.011147618
0.0226022
0.00416255
0.01513648
0.0091074705
0.013610363
0.010399342
0.01149261
0.0006619692
0.01078248
0.021120548
0.010299444
0.010404587
0.0029741526
0.0053994656
0.0009572506
0.007907271
0.017249346
0.0010635853
0.017288566
0.0008780956
0.011888623
-0.00046610832
0.011781216
0.013381004
0.0015041828
0.01717496
0.008171439
0.010688543
0.0027573109
0.004094839
0.008520961
0.0023474693
0.014905572
0.013417244
0.013102293
0.0071748495
0.003415227
0.0075312853
0.014920592
0.008696675
0.003158331
0.0034483671
6.818771e-05
0.011357069
0.0033552647
0.006156683
0.004613638
0.003084302
0.0044618845
0.008170724
0.008464098
0.01377368
0.0007017851
0.0019284487
0.013816118
0.007909179
0.0011161566
0.0013313293
0.009537816
0.010094881
0.007062793
0.02000928
-5.722046e-05
0.0014272928
0.007521987
0.0032726526
0.0123769045
0.016886473
0.002308488
0.013005495
0.01403749
0.0020551682
0.0038790703
0.012827992
0.003281474
0.016089916
0.010541558
0.007018447
0.009651542
0.010538459
0.012109041
0.003912568
0.013689995
0.010172725
0.012328386
0.0117919445
0.004269719
0.018805265
0.008977056
0.0134727955
0.011641383
0.02054429
0.009161949
0.011482716
0.0017726421
0.015166044
0.013910651
0.0016087294
0.008862615
0.011060238
0.0030065775
0.00881815
0.005492449
0.00057816505
0.009287357
0.014539361
0.011462569
0.00466156
0.01235795
-0.00028395653
0.005815506
0.009708762
0.034846663
0.0047585964
0.007276416
0.013968825
0.008855104
0.0121798515
0.014151812
0.0063358545
0.0048627853
0.009417772
0.009465694
0.011597395
0.015307188
0.002974987
0.022260308
0.0123336315
0.022067666
0.0032542944
0.016062498
0.020044327
0.003551364
0.0064070225
0.011608124
0.0032401085
0.0015619993
0.007610321
0.00810194
0.009102225
0.0047596693
0.0071895123
0.008016944
0.010053754
0.009183168
0.009960294
0.005531311
0.019805789
0.0036299229
0.0039428473
0.0030128956
0.008213997
0.017790437
0.011653066
0.0030126572
0.0078014135
0.004799247
0.0017888546
0.0070991516
0.002788186
0.0136111975
0.005399585
0.003739357
0.008371949
0.00962317
0.012694597
0.012777448
0.015730262
0.00073206425
0.0055873394
0.0051003695
0.006310582
0.009455323
0.010421157
0.016959667
0.013719559

0.023316622
0.002451539
0.017175674
0.017671704
0.0033255816
0.0068696737
0.006344795
0.0030026436
0.006828785
0.0064195395
0.004061222
0.002094388
0.00016069412
0.009809971
0.007703185
0.019234776
0.017621279
0.004753113
0.01031518
0.015820742
0.02595222
0.005211711
0.00016868114
0.0041987896
0.0060293674
0.010500908
0.0049699545
0.021620631
0.018784285
0.007917404
0.0075796843
0.00987041
0.016694546
0.0058186054
0.003668785
0.001507163
0.00093114376
0.0023692846
-0.0005351305
0.01451838
0.00983274
0.0055431128
0.017446518
0.008004308
0.0046807528
0.0073314905
0.012067676
0.008373857
0.002101779
0.015338659
0.006718874
0.0073987246
0.0032845736
0.0014404058
0.009016514
0.008392334
0.010147333
0.012658
0.004769087
0.002434373
0.00040602684
0.005233884
0.004468918
0.0049021244
0.0049848557
0.0154531
0.0017790794
0.00088083744
0.015962481
0.007306814
0.0058908463
0.008174419
0.0058556795
0.0011553764
0.009355187
0.0027172565
0.013875127
0.018823981
0.0025149584
0.004164219
0.004608035
0.00821054
0.011475563
0.0058631897
0.025166035
0.0063501596
0.010015607
0.01726973
0.016520262
0.013228297
0.008440018
0.007444024
0.002583146
0.004223585
0.0040404797
0.005057931
0.020038843
0.01214087
0.0023002625
0.0063580275
0.010194778
0.005465269
0.000119805336
0.018380642
0.018885016
0.009384513
0.016606092
0.011808753
0.018290043
0.01067853
0.0035191774
0.0018720627
0.006099224
0.004640937
0.015364289
0.009156704
0.008062363
0.018829942
0.008298993
0.0068280697
0.0013096333
0.007144809
0.0059480667
0.019323707
0.0013537407
0.016627073
0.005687952
0.009378552
0.01405406
0.0037593842
-0.0006389618
0.0013830662
0.0011707544
0.0173769
0.007645488
0.003892064
0.0006148815
0.019283652
0.0053219795
0.018351555
0.013733745
0.0070456266
0.0057525635
0.00038063526
0.004845977
0.004305482
0.013153672
0.008072495
0.0016926527
0.0064857006
0.0079603195
0.010687351
0.007540226
0.019622326
0.016168594
0.011733651
0.006020069
0.008504987
0.002503872
0.006127119
0.005048394
0.020486116
0.014265299
0.018360257
0.0028406382
0.0035233498
0.003627777
0.006910205
0.0031882524
0.011324286
0.008707166
0.0039207935
0.015305519
0.0012310743
0.00934875
0.009448171
-0.0012358427
0.017748952
0.0026072264
0.012371063
0.0005842447
0.0069562197
0.0021193027
0.020325065
0.010722876
0.0042374134
0.02035284
0.015521765
0.016340613
0.013675332
0.010371327
-0.0016627312
0.003562808
0.0034413338
0.003182888
0.010185361
0.010087013
0.011872411
-0.0005015135
0.0015416145
0.004788995
0.012917995
0.001816392
0.013454676
0.024274588
0.007180929
0.002707243
0.007360816
0.0039867163
0.02387619
0.007571101
0.00925231
0.010764718
0.018263102
0.005051136
0.015628219
0.010767698
0.00844574
0.004575491
0.00040090084
0.016664743
0.029261708
0.009098649
0.013690591
0.014429688
0.0080753565
0.003255248
0.0055481195
0.0044800043
0.00396204
0.022009492
0.020131946
0.0047922134
0.0039417744
0.0063482523
0.0109421015
0.011466503
0.005180955
0.0070739985
0.006713152
0.008853078
0.00725317
0.0052559376
0.009933472
0.014151454
0.0049859285
0.0017323494
0.0036205053
0.022865891
0.003962159
0.0013536215
0.00031006336
0.005093217
0.019213438
0.0010502338
0.01748252
0.019883156
0.010125995
0.009630799
0.015982509
0.011577845
0.040378332
0.0012265444
0.011358738
0.005979657
0.0027399063
0.013821602
0.0099954605
0.011701822
0.0144485235
0.0071343184
0.012111068
0.007359028
0.0150069
0.012193799
0.004508972
0.007967114
0.0018662214
0.0073508024
0.0351578
0.0035640001
0.0046577454
0.014001608
0.0049546957
0.0026528835
0.001134038
0.0030938387
0.018141866
0.01729536
0.0067151785
0.010258198
0.00414145
0.0075680017
0.0032263994
0.00416708
0.00183177
0.013391256
0.00640285
0.012660623
0.011762738
0.0024662018
0.020234108
0.0021847486
0.0030825138
0.008988261
0.016280413
0.0056120157
0.0015428066
0.0026429892
0.0038932562
0.0111249685
0.018485785
0.02054584
0.012751341
0.007378459
0.010328174
0.015932202
0.005554557
0.026674509
0.004703164
0.011659026
0.011308908
0.008949161
0.0007712841
0.009450316
0.0058356524
0.015215993
0.0040363073
0.00940907
0.011325598
0.01105845
0.006139636
0.0003581047
0.015873909
0.008463383
0.00420022
0.0123871565
0.0040163994
0.007921338
0.009127378
0.0019398928
0.006522417
0.004241109
0.0036041737
0.0028561354
0.0046635866
0.017300844
0.005676627
0.0017389059
0.010458708
-0.00065004826
0.0006607771
0.008565187
0.0020961761
0.015161991
0.0072454214
0.0012490749
0.0058977604
0.016364455
0.004974246
0.0059382915
0.0051699877
0.00820291
0.007979155
0.0073316097
0.0063943863
0.006681323
0.0011665821
-0.0014723539
0.025704265
0.025792003
0.0044635534
0.018760443
0.011188388
0.0049010515
0.007102847
0.013216257
0.007686615
0.00661242
0.00367105
0.021655798
0.020564914
0.023431063
0.0035128593
0.016555429
0.008478045
0.0070648193
0.008553505
0.003215909
0.010002494
0.012434363
0.0054198503
0.0029946566
0.0048624277
0.0056409836
0.015613198
0.00952673
0.013682127
0.0054512024
0.008792162
0.01706791
0.003170848
0.0058493614
0.0045562983
0.013738275
0.000108003616
0.009066224
0.014310718
0.009122133
0.0011401176
0.0044887066
0.0067970753
0.0016710758
7.259846e-05
0.0042233467
0.0047650337
0.00872004
0.017002702
0.006508708
0.0017342567
0.013854027
0.0055863857
0.0038882494
0.00338912
0.009330273
0.0044316053
0.0032702684
0.0022346973
0.0012489557
0.009017587
0.0036201477
0.015477061
0.017942548
0.010506988
0.00470531
0.0022748709
0.0077109337
0.0071166754
0.017068624
0.0077267885
0.0060983896
0.005425215
0.009905696
0.0012835264
-0.00030970573
0.005659342
0.023646355
0.010225296
0.010553241
0.0022839308
0.008418202
0.008429766
0.010736942
0.027968049
-0.0010808706
0.011064529
0.019835591
0.007102847
0.0035370588
0.012888432
0.0056009293
0.0032283068
0.0025271177
0.004200816
0.0014511347
0.0073857307
0.01050365
0.0001950264
0.011667728
0.005229473
0.015111089
0.00341475
0.016821742
0.010670781
0.010510087
0.005633235
0.003341198
0.019944191
0.012616634
0.002858162
0.0013452768
0.0032681227
0.021447182
0.0036209822
0.0013787746
0.013383865
0.013021469
0.0036615133
0.0041977167
0.008319616
0.009343386
0.005792141
0.014459014
0.009956002
0.006449342
0.00574255
0.0163759
0.007247567
0.003368497
0.0033359528
0.004881263
0.0017938614
0.005123973
0.004764557
0.006060958
0.016675472
0.0044955015
0.011323452
0.005310774
0.010953903
0.008408666
0.011234164

0.38388216
0.31734395
0.31848383
0.28434587
0.30416965
0.26200235
0.27671146
0.36210942
0.36246407
0.31125915

