0.008159876
0.06746125
0.050229907
0.0028662682
0.0723902
0.064692974
-0.0045735836
-0.0039004087
0.014969707
0.055146933
0.013175368
0.014821768
0.08805299
0.017714381
0.005864978
0.016828895
0.0030446053
-0.033544898
0.01588428
0.046531677
0.03313756
0.0478518
0.0524261
0.026524425
0.03573966
0.04010272
0.022185564
0.012646675
0.04076481
0.013400078
0.051302075
0.026841044
0.07658291
0.020619035
0.0048122406
0.027392149
0.06110823
0.017336726
0.026578426
0.0611763
0.041843653
0.018424988
0.10267413
0.007799506
0.03486657
0.019428968
0.03612113
0.031438828
0.0750581
0.044757366
0.08809376
0.014494538
0.07078469
0.03080535
0.04926443
0.032240033
0.059076905
-0.0091148615
0.022551179
0.01878345
0.033257127
0.013380647
0.03165114
0.16200912
0.005840063
0.026159167
0.04337001
0.14942527
0.0748353
0.10635996
-0.061887264
0.009572506
0.024513602
0.07779062
0.006526828
0.082861066
0.029770732
0.018547654
0.043367505
0.01647532
-0.023599863
0.06886792
0.017728567
0.02407062
0.042311907
0.010589004
0.020947218
0.08205235
0.004098177
0.026283503
0.088300586
-0.010710955
0.067549944
0.08549774
0.014343619
0.018016577
0.043674707
0.029079914
0.06092179
0.05207467
0.04581988
0.04085517
0.030032396
-0.03096366
0.022409678
0.04036355
0.00540936
0.01245451
0.020582795
0.015101671
0.034439683
0.06640768
0.033959985
0.05934763
-0.0066365004
0.01505971
-0.00039315224
0.05062282
-0.007431507
0.018127084
0.027990341
0.013453722
0.005934596
0.015283585
0.04695964
0.0032924414
-0.012265921
0.09310055
0.04935038
-0.0030421019
0.07652581
0.04088843
0.0627799
0.016302586
0.03798473
0.012203097
0.012167454
0.012476206
-0.012748599
0.02854836
0.08549917
0.013472199
0.04482889
0.24837494
0.019954443
0.012038112
0.019872546
0.017211795
0.10327804
0.031220675
0.10986447
0.007972717
0.024837375
0.0124310255
0.09184432
0.0414207
0.032203674
0.07754338
0.024485826
0.0898931
-0.004923582
0.09699333
0.068594575
0.09052539
0.020401835
0.044557095
0.09887576
0.0043418407
0.026657939
-0.0005991459
0.07280755
0.046477914
0.08044171
-0.012089372
0.084394336
0.0018751621
0.025423408
0.016045928
0.035641313
0.008735776
0.01873827
0.08817172
0.026664734
0.0045206547
0.03149712
0.018078208
0.041145086
0.04067111
0.022537112
0.040881276
0.088813305
0.05288875
0.042126656
-0.0021457672
0.052939773
0.011564255
-0.001321435
0.071918726
0.0020116568
0.02713561
0.036852717
0.028459191
0.041606426
0.020508766
0.026404738
0.050768495
0.042344213
0.042262077
0.028038263
-0.024821281
0.002829671
0.024593592
0.037148476
0.11234105
0.006938696
0.011988401
0.090621114
-0.017955303
0.012711406
0.010409355
0.044511795
0.06560731
0.034885883
0.031454206
-0.026999116
0.041600466
0.003861785
-0.004813075
0.015189052
0.018016577
0.034185052
0.043038487
-0.00042665005
0.01225853
0.1107012
-0.009001613
0.04356742
0.079625726
-0.0038467646
0.0019134283
-0.01813972
0.018511653
0.02462411
0.046914577
0.020889163
0.010994673
0.039226532
-0.00078105927
-0.021853566
0.0010802746
0.1140964
0.023960948
0.035666227
0.057988524
0.016614556
0.014542341
0.01446557
0.019289374
0.0147925615
0.056509495
0.023744226
0.017445564
0.054416776
0.0769335
0.05718422
0.032156825
0.0042356253
0.106218934
0.015555739
-0.006245613
0.003595233
0.01030004
0.0062981844
0.105318666
0.014120579
0.058715582
0.021722913
0.022558808
0.0013096333
0.022604585
0.07287693
0.035765648
0.050804257
0.0090636015
0.03730321
0.026343584
0.02803433
0.052277207
0.014057279
0.059958458
0.009357452
0.011896491
0.0432595
0.02536869
0.049493313
0.030824423
0.041300774
0.0073839426
0.04169333
0.0044596195
0.07156932
0.0027375221
0.03609228
0.045446277
0.026198268
0.07181656
0.027209997
0.025239825
0.04623604
0.012144327
0.03761208
0.04064274
0.009258747
0.0855
0.0387156
-0.069501996
0.011869907
0.0824703
0.025553942
0.10226071
0.061922908
0.018603802
0.03503549
0.036402464
0.027455688
0.04274106
-0.00051128864
0.034736037
0.06217265
0.013135433
0.027868152
0.07633579
0.10147488
0.020203233
0.053034782
0.03044188
0.013221383
0.07375884
0.035913944
0.07236612
0.03520155
0.007771015
0.046240807
0.005615592
-0.020289779
0.07283056
-0.03405595
0.007779002
0.021277547
0.023589492
0.06391311
0.00040650368
0.030285954
0.043296933
-0.002935052
0.021140337
-0.0007916689
0.014951587
0.005515933
-0.00016927719
0.093470216
0.08307326
0.07840431
0.004061699
0.011203051
0.00022089481
0.051032662
0.0051112175
0.047188282
0.010089159
0.07978153
0.11160457
0.0110343695
0.06930864
0.035523415
0.055258155
0.04161048
0.0007574558
0.1570493
0.018157005
0.059833646
0.047216535
0.09834087
0.013129115
0.005511999
-0.0085709095
0.069615126
0.0048913956
0.056524634
0.15877557
0.18285131
0.00912261
0.08514595
-0.00498271
0.07128739
0.0874114
0.025145173
0.07348752
0.07537389
0.04306817
0.08023906
0.019833088
0.00096714497
0.018046856
0.07427609
0.032237887
0.009580612
0.033304334
0.05592549
0.015059829
0.07349312
0.05671835
-0.0077974796
0.013227582
0.01827526
0.017694354
0.073491454
-0.0040072203
0.0105570555
0.014106631
0.02504015
-0.006136775
0.002714157
0.060943604
0.06624186
-0.027046084
0.016628146
0.08089566
0.035274982
0.0016832352
0.011414766
-0.00026857853
0.014234424
0.014526367
0.03585744
0.022452235
0.101834655
0.002602458
0.05078566
0.027775764
0.28103697
0.08341348
0.09777546
0.03434813
0.011119485
0.017867088
-0.022614121
0.061593175
0.009359717
0.058799148
0.2700752
0.07364869
0.023332357
0.03134656
0.017519355
0.07539117
0.062175512
-0.015416503
0.08337259
0.09097564
-0.006189704
0.048041224
0.038001895
0.28573072
0.14034712
0.062081814
0.08080542
0.041955948
0.046886683
0.07992232
0.029584885
0.019829392
0.02660036
0.034339666
0.06291914
0.09151268
0.09399629
0.02682519
0.047553897
0.000106453896
0.036673546
0.03137231
0.14680338
0.02754116
0.041037202
-0.004233122
0.0041754246
0.013534784
0.044527054
0.0691793
0.11182356
0.0063780546
0.025874138
0.013788581
0.040561676
0.02049315
0.05513704
0.047175765
0.018380165
0.029147387
0.024794817
0.0391953
0.017183185
0.010379195
0.021474361
0.0018421412
0.028896093
0.02795291
0.05756688
0.039322495
0.050949097
0.06332576
0.049935102
0.012028217
0.008270025
0.023445725
0.052030683
0.044919133
0.075431824
0.034403563
0.07669079
0.016261816
0.051734447
0.02554059
0.034370422
0.057302594
0.040330052
0.056388497
0.08363032
0.018739939
0.089259386
0.013058305
0.09203625
0.046144128
0.072838545
0.04849577
0.010863662
-0.000998497
0.02242744
0.02470088
0.05556345
0.042719483
0.037507176
0.009755492
0.045598984
0.025420666
0.014739037
0.085095644
0.06078875
0.028679252
0.037390828
0.046368957
0.025788188
0.13548732
0.009801745
0.011343479
0.022834301
0.02633822
0.071056485
0.016062737
0.043641448
0.25422215
0.11155367
0.012725711
-0.014009833
0.03252721
0.0014380217
-0.0036708117
0.007182598
0.11560655
0.045310378
0.009828448
0.050831676
0.016882181
0.0021482706
0.0707885
0.06003189
0.036180615
-0.013574004
-0.0024776459
-0.014543176
0.02829659
0.029880762
0.045952797
0.06301379
0.03146839
0.06845641
0.06457865
0.019274116
0.03091979
0.023231149
0.010535479
0.008169889
0.17621863
0.016850471
0.017457843
0.031018853
0.16786289
0.049506664
0.03751135
0.07711828
-0.01565206
0.021288753
0.010493755
0.022256017
0.051765084
-0.0060343742
0.022872329
0.06447303
0.07214582
-0.014773011
-0.010803223
-0.010721207
0.06820881
0.077034116
0.018304825
0.020745397
0.027126908
0.023300886
0.015708208
0.07905173
0.06816137
0.0031651258
0.021559834
0.022107124
0.021345496
0.031150937
0.057457685
0.011193752
-0.011464
0.06942618
0.008516669
0.042169213
0.015928626
0.026445031
0.025573492
0.016240358
0.036702394
0.037163734
0.027483344
0.021752
0.03148234
0.038218975
0.059518576
0.042209387
-0.003579855
-0.005934119
0.021868348
0.019129753
0.032810092
-0.016039133
0.056812525
0.024256587
-0.004784584
0.0489794
0.072898746
0.06375456
0.055526733
0.010541439
0.11162996
-0.016693711
0.07575965
0.00997591
0.04869604
0.011978984
0.006749034
0.04043305
0.09970915
0.07297695
0.012423277
0.032426238
0.011317968
0.013203502
0.028131723
0.05695021
0.029336333
0.0269382
0.027436018
-0.010836601
0.012890935
0.015588164
0.02161336
0.023058414
0.06289327
-0.01170671
-0.018801332
0.037566066
0.025410771
0.012779355
0.03042221
0.053686142
0.047821283
0.02947259
0.048964024
0.019027948
0.019697666
0.046036005
0.12928629
0.015782952
0.20448565
0.047855496
0.032244444
-0.023729324
0.068863034
-0.007849574
0.06811166
0.046576023
0.026476502
0.040025473
0.025185823
0.021683097
-0.018460035
0.025215387
0.046010613
0.11930108
-0.010489225
0.03628826
0.010415554
0.031572342
0.004706502
-0.003612399
0.02341628
0.040967226
0.0063927174
0.039491057
0.04858172
0.041552782
0.0015881062
0.04092014
0.017578602
0.029161215
-0.007985592
0.0018254519
0.0055384636
0.049156785
0.0513283
0.07444346
0.04181111
0.011440039
0.010963082
0.052042365
0.027015805
0.047376513
0.037041903
0.0058248043
0.06903434
0.03996992
0.042859554
0.00028431416
-0.018234015
0.11499858
0.0042284727
0.0152237415
0.0037480593
0.014980793
0.012758732
0.031481624
-0.018771768
0.106693625
0.031128764
0.0013262033
0.054258823
0.011636853
0.036263585
0.026973724
0.01347208
0.11550188
-0.009950638
0.22030199
0.036165237
0.12462318
0.009679794
0.057402372
-0.034096837
0.0001385212
0.030473351
0.009479523
0.09862852
0.03461325
0.0163908
0.04582882
0.086241126
0.033868194
0.04753399
0.08521366
0.041678667
0.022252798
0.041962624
0.10326815
0.030123353
0.029850006
0.16063929
0.00063335896
-0.0014640093
0.06971526
0.08233154
0.015596032
0.00030136108
0.01226294
0.034248948
0.017016888
0.014867902
0.010731459
0.03446281
0.03282249
0.06804335
0.030852795
0.060557365
0.008760095
0.014574885
0.005416751
-0.0050001144
0.04180646
0.06630051
0.030589819
0.06497049
0.088546395
0.030113816
0.03482759
0.16147077
0.06547403
0.027451754
-0.0027495623
-0.00053322315
0.04176128
0.034618735
0.028327584
0.0061895847
0.045018077
-4.887581e-05
0.023275137
-0.031179667
0.05887389
0.10598898
0.021398664
0.012070656
0.0014259815
0.110643744
0.017470121
0.048207283
-1.5497208e-06
0.034154058
0.093527675
0.01281333
-0.0012352467
0.012795687
0.05243063
0.05059421
0.23109221
0.033693552
-0.010543227
0.031364083
0.02745843
0.01427269
0.03464091
0.16787243
0.04044664
0.07323861
0.026036263
0.0029591322
0.018411517
0.02156043
0.042054534
0.061434865
-0.019010186
0.06344521
0.032153845
0.010132909
0.07523942
0.09941828
0.023100495
0.019761443
0.070551276
0.13583994
0.081646204
0.025457382
0.02043581
0.055251718
0.016667724
0.00016570091
0.024498105
0.07485151
-0.010195255
0.035652757
0.04027009
0.14643908
0.01735127
0.030257344
0.02644527
0.10472798
-0.0013713837
0.027048945
0.049958944
0.0759244
0.005900383
0.028276443
0.018636227
0.030095816
0.04633379
0.01185751
0.021855116
0.10615325
0.036321163
0.047410846
0.019312143
0.039077878
0.04501927
0.027231216
0.06675005
0.014450192
0.0064712763
0.043180704
0.008534908
0.02297616
0.021879196
0.026835203
0.017662525
0.07100749
-0.00090408325
-0.012572646
-0.0059182644
0.03460288
0.00508821
0.048648477
0.0198946
0.032069802
-0.013543606
0.13187802
0.072726846
0.07826483
0.027959347
0.044794798
0.01884222
0.00825429
0.008789182
0.040809155
0.13520193
0.04458034
0.00043690205
0.030750275
0.034861565
-0.026127577
0.06998336
0.016867995
0.04295075
0.08765042
0.031766057
0.05131328
0.043370724
0.0059479475
0.025504947
0.0120664835
0.020144463
0.0018419027
0.0074715614
0.02994597
0.008001208
0.03490877
0.028715134
0.039991856
0.03567314
0.07697344
0.10607636
0.035992026
0.036325574
0.0049694777
0.025596976
0.037345886
0.058163643
0.12425494
-0.012847185
0.06810629
0.031906843
0.031517744
0.031122565
0.0491091
0.02036488
0.01913786
0.016825795
0.12150538
0.072541356
0.007694721
0.017199516
0.06215632
0.07552433
0.03592372
0.04888916
0.029269457
0.11292815
0.073868394
0.02245593
0.02531588
0.07281089
0.020083547
0.00804913
-0.004166007
0.014882326
0.030462384
0.019990087
0.017781138
0.0036872625
0.12152648
0.1200006
0.082354665
0.09229946
-0.006557822
0.039752364
0.01001215
0.07615948
0.028533697
0.007113099
0.0048615932
0.14836597
0.02563262
0.07404995
0.08328557
0.011229515
0.02531159
0.037150383
0.08228278
0.021446347
0.12867427
0.0670774
0.0936209

1.5933965
1.7305677
2.0483344
2.2304468
2.279663
2.2560616
1.7427344
2.103709
2.1576571
2.374031

