0.014800787
0.014894724
0.007738471
0.007314205
0.013535142
0.007952571
0.003123045
0.009837627
0.017423391
0.00767684
0.012752295
0.013787985
0.0055611134
0.014115095
0.017941236
0.020026684
0.0055253506
0.006896138
0.024239898
0.018841267
0.0019330978
0.01625204
0.0018137693
0.0016368628
0.0122510195
0.0103776455
0.007895231
0.021160007
0.0068724155
0.0130496025
0.009209394
0.01614213
0.010823369
0.016948104
0.0052933693
0.009084702
0.012833357
0.0062628984
0.0056467056
0.008609414
0.0026046038
0.0018255711
0.011111617
0.057017684
0.009889603
0.010968566
0.00093495846
0.012437701
0.008432865
0.016339898
0.002325058
0.013354659
0.016397834
0.0042170286
0.005637765
0.0029764175
0.0064553022
0.0069384575
0.0032536983
0.013366938
0.0041377544
0.01755023
0.0099749565
0.0064173937

0.017541647
0.020533323
0.0067589283
0.005064726
0.02822411
0.058252692
0.014723539
0.004613757
0.007949829
0.007790208
0.0048578978
0.011970401
0.02701044
0.0023759604
0.00077307224
0.047577977
0.004245043
0.019379735
0.017401934
0.0066480637
0.03214121
0.011313319
0.0098365545
0.000108242035
0.0029114485
0.014063239
0.011578202
0.00073862076
0.0027309656
0.023891449
0.0013421774
0.004912734
0.02815473
0.01905322
0.010008454
0.009997129
0.007306695
0.02284956
0.009596229
0.013181806
6.711483e-05
0.013995886
0.010975003
0.000502944
0.0025097132
0.013779879
0.010796905
0.009898186
0.029473782
0.004032016
0.0029456615
0.011364102
0.012111783
0.031129599
0.0045309067
0.0076982975
0.009509087
0.006148815
0.0135324
0.009768486
0.015247345
0.0018429756
0.0033283234
0.018748164

0.013682485
0.00840199
0.0033621788
0.009212613
0.008125782
0.00080370903
0.001527071
0.0023767948
0.013406515
0.011565685
0.0043023825
0.0020611286
0.0063307285
0.0036168098
0.015100002
0.0015262365
0.00063478947
0.008392692
0.010968566
0.0074453354
0.0064891577
0.007527709
0.0034425259
0.0065660477
0.0013432503
0.0012414455
0.002435565
3.7908554e-05
0.00496459
0.0060071945
0.0055396557
0.009711623
0.006325245
0.0020221472
0.012478232
0.0049021244
0.010376811
0.026025772
0.0022159815
0.006540656
0.0058773756
0.01305902
0.0023372173
0.01760137
0.004298687
0.007254243
0.0034530163
0.0060788393
0.0072546005
0.0065689087
0.003652811
0.0047602654
0.011072516
0.005182147
0.013041139
0.004505515
0.0058219433
0.0053356886
3.9815903e-05
0.0038166046
0.0088762045
0.0021065474
0.002741456
0.0030685663
0.009061813
0.0014853477
0.008103371
0.00516665
0.0067447424
0.009676337
0.007378936
0.00128901
0.008820891
0.008330941
0.0031876564
0.0016503334
0.009004712
0.003431797
0.0011292696
0.006734729
0.0072681904
0.00829792
0.0062007904
0.0048166513
0.0025229454
0.0011109114
0.007968903
0.0014499426
0.013421774
0.007867694
0.0033718348
0.010738015
0.005138874
0.002656579
0.005861163
0.009606004
0.0047990084
0.00082814693
0.0073473454
0.007051587
0.00338912
0.0053321123
0.008326054
0.00412488
0.005240202
0.0074043274
0.002545476
0.003548026
0.0057715178
1.5258789e-05
9.453297e-05
0.000957489
0.003865838
0.003972411
0.009647846
0.00087857246
0.0042328835
0.00024569035
0.0075986385
0.0050371885
3.4332275e-05
0.0011945963
0.012429118
0.006246805
0.0029995441
0.009498
0.009449244
0.011586428

0.0047273636
0.002049923
0.0065665245
0.006964445
0.004291415
0.006409049
0.006364107
0.00978148
0.0032548904
0.006172061
0.010550737
0.003041625
0.016598701
0.006169677
0.006040454
0.007919908
0.004172802
0.004432678
0.011330724
0.004886389
0.007024288
0.0061490536
0.0014997721
0.010292649
0.004997015
0.0034252405
0.0061517954
0.003861785
0.009023666
0.0058487654
0.010379553
0.0003503561
0.0060510635
0.0024096966
0.013950944
0.005137682
0.0018304586
0.0024504662
0.004294634
0.011580348
0.0066874027
0.0038819313
0.00855279
0.0069128275
0.0059434175
0.010878682
0.007606864
0.0035095215
0.0039937496
0.0017563105
0.009833813
0.0073132515
0.009668827
0.0009945631
0.0037361383
0.008385062
0.0019766092
0.0005286932
0.009750128
0.0006028414
0.013370633
0.0063900948
0.015763283
0.0010333061
0.007452011
0.009353042
0.010354638
0.00069344044
0.0070067644
0.008505225
0.0035670996
0.0003528595
0.0053174496
0.0075182915
0.0038403273
0.008769989
0.0012410879
0.004299164
0.0034871101
0.0047461987
0.0028488636
0.0071030855
0.008854985
0.005135536
0.009645224
0.004492283
0.0037642717
0.004750252
0.0019094944
0.0010687113
0.0075001717
0.0073593855
0.0053681135
0.006140709
0.005693674
0.005540967
0.010347128
0.0017271042
0.015412331
0.0025655031
0.005007863
0.011140108
0.0054041147
0.001170516
0.009405136
0.010579467
0.0023231506
0.0001604557
0.010463238
0.0070109367
2.3841858e-07
0.0055162907
0.0069955587
0.0055630207
0.0041128397
0.00628829
0.009818077
0.002954483
0.0022078753
0.008186817
0.009546995
0.005156994
7.748604e-05
0.00631094
0.003411293
0.007348299
0.0049384832
0.0026824474

0.004279852
0.0010728836
0.0033006668
0.0046721697
0.0012362003
0.0026893616
0.0014842749
7.736683e-05
0.003369093
0.0028948784
0.004376769
0.0012760162
0.003979087
0.003788948
0.004599929
0.0021061897
4.7683716e-07
0.002701521
0.0016149282
0.001693964
0.002068758
0.002891302
0.002456665
0.003445983
0.0014681816
0.0019179583
0.0034610033
0.0037031174
0.004262686
0.0032833815
0.00087320805
0.004728079
0.004383564
0.0016022921
0.0004963875
0.009317756
0.0034470558
0.0010477304
0.0024762154
0.0023021698
0.0023872852
0.004562974
0.003005743
0.00090765953
0.0012670755
0.0007992983
0.00010693073
0.0024542809
0.0030477047
0.0030961037
0.006779909
0.004910469
0.00023841858
0.0013028383
0.006769538
0.0046474934
0.0026288033
0.0042045116
0.0018042326
0.00400424
0.0020071268
0.002184987
0.0011324883
0.0026345253
0.0014897585
0.0032775402
0.0010256767
0.0019524097
0.003119111
4.3153763e-05
0.0037788153
0.0026055574
0.0003578663
0.0017712116
0.0021755695
0.0032612085
0.0013971329
0.0038673878
0.002051711
0.0038383007
0.005767226
0.0035218
1.513958e-05
0.0036969185
0.0039423704
0.005380392
0.000995636
0.0035338402
0.0016450882
0.0054564476
0.0016710758
0.0033490658
0.003693819
0.00414896
0.0005275011
0.0046926737
0.0019773245
0.004273176
0.0053869486
0.0020039082
3.6001205e-05
0.002511382
0.0016338825
0.0018205643
0.0031903982
0.0032099485
0.003533125
0.005510807
0.0010659695
0.0024989843
0.002812624
3.8027763e-05
0.0023657084
0.00030994415
0.0025675297
0.0027378798
0.0029940605
0.0006841421
0.0023678541
0.0009874105
0.0010428429
0.00039064884
0.0017513037
0.0023300648
0.0047130585
0.0029082298
0.00015795231
0.0015949011
0.004282713
0.0011781454
0.0056729317
0.0053628683
0.0049809217
0.0054672956
0.0041344166
0.0038341284
0.0028076172
0.006371498
0.00300169
0.0026487112
0.0006798506
0.0012902021
0.0008327961
0.00022852421
0.0034798384
0.00043785572
0.001711607
0.005269766
0.0030081272
0.005018592
0.002230525
0.0018539429
0.0028836727
0.0034267902
0.0045627356
0.0030999184
0.0030224323
0.00032246113
0.0015897751
0.0046070814
0.002560258
0.001330018
0.002874732
0.00641191
0.00200212
0.0029821396
0.004910946
0.0006707907
0.004684806
0.0014287233
0.0024428368
0.0030652285
0.0025321245
0.0045962334
0.0071629286
0.00020289421
0.0047734976
0.0032640696
0.00046408176
0.0044858456
0.003868699
0.0035967827
0.0032314062
0.0037715435
0.0006890297
0.0054973364
0.00065648556
0.001770854
0.0037209988
0.003937602
0.0013036728
0.0041451454
0.0042663813
0.0005953312
0.00017857552
0.004760623
0.0042637587
0.0016281605
0.002834797
0.0011610985
0.0048770905
0.004039645
0.00017356873
0.0027546883
0.0012335777
0.0039469004
0.002059579
0.0084866285
2.2530556e-05
0.0012820959
0.005256176
0.00635159
0.00023412704
0.0066484213
0.0026557446
0.0025244951
0.0052559376
0.004215598
2.026558e-05
0.005299449
0.0018211603
0.002574563
0.0025681257
0.0033534765
0.0023441315
0.0009305477
0.00227952
0.0064514875
0.00042057037
0.005932212
0.0022444725
0.0031189919
0.004451275
0.0037781
0.0038141012
0.0026566982
0.0042999983
0.002210617
0.0035002232
0.0037199259
0.005995035
0.0021656752
0.000901103
0.0013489723
3.159046e-05
0.0015884638
0.005191326
0.0076436996
0.00566566
0.002176404
0.006823182
0.005561471
0.004182577
0.0024776459
0.0041856766
0.0030622482

0.0012458563
0.0038169622
0.003775239
0.0057628155
0.003960371
0.005007148
0.0048964024
0.0036110878
0.0053300858
0.0004272461
0.004900813
0.0039260387
0.0014187098
0.00048804283
0.0054855347
0.0013363361
0.0018157959
0.00078880787
0.002503395
0.0027842522
0.0012292862
0.0036811829
2.2292137e-05
0.003250122
0.0011684895
0.004839897
0.0052917004
0.0035283566
0.0027452707
0.003250122
0.004998088
0.00087559223
0.0011204481
0.0050863028
0.0030059814
0.003803134
0.00292027
0.0031592846
0.004982114
0.00072443485
0.0005302429
0.00209558
0.004951954
0.0013923645
0.0033310652
0.0013241768
0.0034242868
0.0013461113
0.004217863
0.004224658
0.0052711964
0.0017865896
7.987022e-06
0.003680706
0.0034439564
0.002892971
0.0011761189
0.0030802488
0.004027486
0.00616467
0.001553297
0.0039770603
0.0040471554
0.0021351576
0.00236094
0.0014097691
0.0054000616
0.0049004555
0.0040062666
0.004709959
0.0044339895
0.0046874285
0.0006787777
0.0010462999
0.00016105175
0.0007646084
0.0062787533
0.004594803
0.001185894
0.0025681257
0.0035518408
-1.66893e-06
0.00040590763
0.0017302036
0.0005732775
0.0044831038
0.0004528761
0.0052524805
0.0014898777
0.006218314
0.0053830147
0.0032315254
0.0032250881
0.004028797
0.002694726
0.004287958
0.003920555
0.0022485256
0.002847433
0.0022155046
0.000569582
0.0072983503
0.0017832518
0.004379034
0.0041201115
3.0755997e-05
0.0017309189
0.0014121532
0.0062026978
0.005446553
0.00088489056
0.0028153658
0.0019751787
0.00024008751
0.002231717
0.00027561188
0.0007390976
0.0025801659
0.002199173
0.0047272444
0.00042784214
0.0021617413
0.002260685
0.0013302565
0.0013566017
0.0067590475
0.00020706654
0.00268054
0.0033978224
0.0009762049
0.0030333996
0.0016539097
0.0015558004
0.0033613443
0.0010262728
0.001380682
0.0039474964
0.003939748
0.004700899
0.0024210215
0.0016163588
0.0048007965
0.0020735264
0.0006773472
0.005279422
0.0027822256
0.002683282
0.0020354986
0.0031570196
0.004450798
0.0032367706
0.0059313774
0.0014384985
0.0040034056
0.0022791624
0.0051882267
0.0047035217
4.8995018e-05
0.0032243729
0.002087593
0.0045382977
0.0051100254
0.0010592937
0.0055841208
0.005163789
0.0039743185
1.0967255e-05
0.0018782616
0.003771782
0.004125595
0.0025180578
0.003041029
0.0029156208
0.0036181211
0.0020025969
0.004024744
0.002631545
0.0038006306
0.003358364
0.0039151907
0.003145218
0.004585862
0.0048457384
0.002147913
0.0030001402
0.0036357641
0.0043640137
0.0051876307
0.0014988184
1.5974045e-05
0.0021437407
0.0032503605
0.0036513805
0.0013279915
0.0013827085
0.0054740906
0.002678156
0.0023715496
0.004277587
0.0048615932
0.0013258457
0.004099965
0.0054808855
0.0024212599
1.7523766e-05
0.00037062168
0.0015113354
0.00084495544
0.0027463436
0.0032051802
0.0038349628
0.0020734072
0.0035939217
0.00416553
0.0014086962
0.00073063374
0.0024460554
0.0036290884
0.001490593
0.0026073456
0.002523899
0.0018106699
0.00067067146
0.0038717985
0.0042881966
0.0102005005
0.0012885332
0.006827116
0.0026211739
0.0032885075
0.002250433
0.002853632
0.0035034418
0.0044351816
0.0012665987
0.0037494898
0.0026146173
9.357929e-05
0.003633976
0.0036935806
0.00025570393
0.0028868914
1.3113022e-06
0.0020709038
0.0009251833
0.005629182
0.0028942823
0.0015696287
0.0020711422
0.0035847425
0.004728675
0.004218459
0.0051732063
0.0017390251
0.0006953478
0.0020103455

0.0034155846
0.00040316582
0.005297303
0.0014436245
0.0040558577
0.0025867224
0.004922509
0.002943635
0.004629135
0.0026175976
0.0043781996
0.005054593
0.006710291
0.0012487173
0.003417015
0.0033963919
0.0027617216
0.0028961897
0.0035892725
0.002728939
0.00083982944
0.0019646883
0.004430175
0.0045614243
0.0036149025
0.002289176
0.0004774332
0.004348755
0.0032141209
0.0024112463
0.0023459196
0.0011079311
0.0014263391
0.003102541
0.0023801327
0.0027685165
0.00051796436
0.0032110214
0.0021880865
0.0038967133
0.0033304691
0.000893116
0.0034179688
0.0025801659
0.0076215267
0.0038416386
0.0062890053
7.9751015e-05
0.003206253
0.002699256
0.0012750626
0.0037685633
0.0019601583
0.002149105
0.003071785
0.0034348965
0.0028510094
0.005760193
0.0048983097
0.0044379234
0.0027041435
0.0028740168
0.0040677786
0.005319357
0.001060009
0.00036239624
0.004835844
0.0013619661
0.00023663044
0.0044635534
0.0008364916
0.0033744574
0.00035369396
0.0019785166
0.0011248589
0.0051003695
0.0024222136
0.0038895607
0.0018218756
0.0017172098
0.0032207966
0.0025296211
0.0030152798
0.0006324053
0.003902316
0.0042939186
0.000957489
0.0007736683
0.0039542913
0.002961874
0.0048698187
0.0023237467
0.0050742626
0.0039298534
0.005002618
0.005564332
0.0037494898
0.00024855137
0.0004452467
0.0030876398
0.003254652
0.0019155741
0.0018292665
0.0030491352
0.0022420883
0.005215168
0.0039429665
0.0033310652
0.0016622543
0.0006483793
0.0029833317
0.0040385723
0.0009562969
0.0030466318
0.0017052889
0.0049669743
0.0020407438
0.0019134283
0.0011560917
0.0032163858
0.0006928444
0.0041935444
0.004688263
0.004403472
0.0020571947
0.0016461611
0.0010875463
0.0011401176
0.0038614273
0.0004980564
0.00038802624
0.006371379
0.0038619041
0.0054587126
0.0031343699
0.0028654337
0.0031533241
0.0043079853
0.004386902
0.0039362907
0.0030790567
7.176399e-05
0.00041401386
0.0008071661
0.005082965
0.00075280666
0.0046958923
0.0011886358
0.0020458698
0.0030010939
0.0006865263
0.00021338463
0.00044679642
0.005471468
0.006549597
0.0035039186
0.0033717155
0.0041708946
0.0022472143
0.0002452135
0.0046577454
0.0004515648
0.0010248423
0.0025640726
0.00474751
0.0053299665
0.0008237362
0.0041536093
0.0057649612
0.00029695034
0.0032978058
0.0016306639
0.004002571
0.0038757324
0.00054454803
0.0015420914
0.0023750067
0.003639102
0.00051760674
0.0038204193
0.0038107634
0.0020571947
0.0015761852
0.0038288832
0.0065990686
0.0053907633
0.002241373
0.00089633465
0.0041122437
0.0029393435
0.00043010712
0.0037469864
0.0051550865
0.0014517307
0.0031505823
0.000166893
0.0033307076
0.0021107197
0.005427122
0.0041855574
0.00480175
0.0023798943
0.0033234358
0.0033570528
0.0069311857
0.0037209988
0.0029010773
0.002662778
0.0012511015
0.0001872778
0.0018265247
0.005620837
0.0047756433
0.0033028126
0.0035635233
0.0037043095
0.0026414394
0.0021719933
0.005407095
0.0039577484
0.00012981892
0.00379467
0.0039173365
0.002272725
0.003026247
0.0011671782
0.005319357
0.0034749508
0.0017590523
0.0024311543
0.0011330843
0.0006209612
0.002084136
0.0022398233
0.0041195154
0.002579689
0.0014431477
0.0015206337
0.0041817427
0.0034162998
0.0072830915
0.0046151876
0.0054347515
0.0030184984
0.0030899048
0.0030778646
0.0040706396
0.004107356
0.001680851
0.0019513369
0.0042637587
0.0021643639
0.0013713837
0.00028157234
0.0024445057
0.00093209743

0.0016026497
0.0019072294
0.0018638372
0.0008337498
0.000872612
0.0008406639
0.0012704134
0.00076174736
0.0025911331
0.0015493631
0.0027273893
0.0023914576
0.0017205477
0.0016640425
0.0018558502
0.0010765791
0.0016807318
0.0017154217
0.0014382601
0.000557065
0.0011918545
0.0007289648
0.0018883944
0.00076043606
0.0017491579
0.00065791607
0.0014157295
0.00093209743
0.0015479326
0.0015015602
0.0013686419
0.0006877184
0.0016802549
0.0011826754
0.0013394356
5.042553e-05
0.0012118816
0.00042665005
0.0022372007
0.0015918016
0.0008109808
0.001642108
0.0023807287
0.0021387339
0.0006147623
0.0006059408
0.0012693405
0.0012748241
5.054474e-05
0.0015594959
0.002034545
0.0013725758
0.001240015
0.0018373728
0.0024182796
0.0019022226
0.0012819767
0.0014207363
0.00035595894
0.0015610456
0.0028059483
0.0018246174
0.0022454262
0.0015002489
0.0016977787
0.001067996
0.0008108616
0.0021799803
0.0015343428
0.0028517246
0.0032343864
0.0014035702
0.0012853146
0.0017712116
0.0021482706
0.00088107586
0.0008043051
0.0008556843
0.0014392138
0.0015546083
0.0017170906
0.0005990267
0.0025519133
0.00010049343
0.00258255
0.00039196014
0.0014184713
8.9764595e-05
0.001453042
0.0013448
0.0005027056
8.571148e-05
0.0019857883
0.00021338463
0.0017954111
0.0018248558
0.0024906397
0.0010428429
0.0012311935
0.0006543398
0.0010570288
0.0021826029
0.0008826256
0.0010932684
0.0015902519
0.00089764595
0.0019029379
0.0007779598
0.001485467
0.0014147758
0.0018540621
0.000852108
0.0016713142
0.0010282993
0.001116395
0.001318574
0.0014468431
0.00082695484
0.00020480156
0.00056898594
0.00056409836
0.0018154383
0.002467513
0.0020763874
0.0017319918
0.0031218529
0.00073611736
0.0021244287
0.0019663572
0.0021162033
0.0006222725
0.0020626783
0.00081944466
0.0021629333
0.0020525455
0.00061166286
0.0012261868
0.0004813671
0.0019097328
0.0011360645
0.0019944906
0.0018140078
0.0015220642
0.0007426739
0.0022426844
0.0007264614
0.00243783
0.001958847
0.0018109083
0.0017154217
0.0009871721
0.0011379719
0.0001707077
0.0015822649
0.00026142597
0.0013760328
0.0013364553
0.00044345856
0.0014591217
0.00085914135
0.0015381575
0.001245141
0.0010935068
0.00074493885
0.001437664
0.001388669
0.0018332005
0.0023424625
0.0023241043
4.4822693e-05
0.0012770891
0.00040090084
0.0018793344
0.0013252497
0.0010445118
0.0023454428
0.0007983446
0.00096189976
0.00075769424
0.0009391308
0.0012509823
0.002098322
0.0014542341
0.0018556118
0.0023821592
0.0002654791
-2.1457672e-06
0.0026243925
0.001201868
0.00081932545
0.0018804073
0.00017118454
0.001075983
0.00066792965
0.0016649961
0.0007660389
0.00037014484
0.00060772896
0.0019385815
0.001801014
0.0020048618
0.00036346912
0.0016938448
0.0010262728
0.0010703802
0.0021072626
0.0011223555
0.0023697615
0.0011899471
0.0017071962
0.002445817
0.0013850927
0.0021380186
0.0010770559
0.0009330511
0.0007110834
0.0023889542
0.0007530451
0.0010998249
0.0016965866
0.0013244152
0.0011669397
0.001881361
0.0005301237
0.00024676323
0.0012364388
0.000487566
0.00084888935
0.00073850155
0.0011459589
0.001083374
0.0010848045
0.0022301674
0.00082731247
0.0015730858
0.0013011694
0.0019099712
0.002462387
0.0026624203
0.0012550354
0.0014578104
0.001701951
0.0017114878
0.0025901794
0.0011788607
0.0016192198
0.002385378
0.000600338
0.0023756027
0.0018742085
0.0019737482
0.0010099411
0.001488924
0.0018327236
0.0016696453
0.0031461716
0.0015060902
0.0011466742
0.0021324158
0.0013240576
0.0024635792
0.0008443594
0.0011109114
0.0014026165
0.0011575222
0.0016669035
0.0018469095
0.0020655394
0.00017297268
0.0010447502
0.0021618605
0.0019271374
0.0010188818
0.0016700029
0.0023895502
0.001883626
0.0014690161
0.0024323463
0.0024750233
0.0028859377
0.0034723282
0.0021675825
0.0020748377
0.00031411648
0.0016866922
0.0020164251
0.0013643503
0.0023816824
0.0018986464
0.0017617941
0.002018571
0.002200842
0.0015492439
0.0023450851
0.0013450384
0.0022672415
0.0013518333
0.0031050444
0.002092719
0.0017387867
0.0013673306
0.0012930632
0.00053715706
0.00052154064
0.0020215511
0.00069248676
0.0008406639
0.0017597675
0.0011790991
0.0017415285
0.002922535
0.0009949207
0.0024670362
0.0017825365
0.00033545494
0.0011974573
0.0011614561
0.0006875992
0.0023305416
0.0027438402
0.0016466379
0.0011043549
0.00046157837
0.0007805824
0.0021500587
0.0019872189
0.00079500675
0.0025094748
0.0021926165
0.00078618526
0.00157547
0.0011484623
0.0008134842
0.0020588636
0.0017278194
0.00027751923
0.0008401871
0.00028455257
0.00010049343
0.0011879206
0.00013124943
3.504753e-05
0.0010924339
0.0017418861
0.001770258
0.001069665
0.0012444258
0.0010108948
0.0018002987
0.0015144348
0.0010770559
0.0014520884
0.0012079477
0.0018025637
0.0019401312
0.0014024973
0.0004196167
0.000644207
4.7564507e-05
0.001937747
0.002342701
0.00015950203
0.0017455816
0.0015966892
0.0017659664
0.0022952557
0.0011252165
0.00078976154
0.0006734133
0.0016326904
0.0010770559
0.0018808842
0.0018100739
0.0011466742
0.0017662048
0.0016149282
0.001732111
0.0022705793
0.0020933151
0.00052404404
0.0020262003
0.00043976307
0.001652956
0.001344204
0.0019811392
0.0026470423
0.0036758184
0.00019073486
0.0013740063
0.0013108253
0.0016046762
0.002384305
0.00038290024
0.0013881922
0.0016777515
0.001604557
0.0025053024
0.0023317337
0.0016107559
0.00030851364
0.0017607212
0.0012700558
0.00076556206
0.0013667345
0.00090253353
0.0020500422
0.00080144405
0.0017703772
0.0022819042
0.003003955
0.0018963814
0.0023252964
0.0009559393
0.002072692
0.0014675856
0.0014611483
0.003404975
0.0020427704
0.00016272068
0.0025355816
0.0012565851
0.0012495518
0.002008438
0.0017079115
0.0008237362
0.0017865896
0.002409339
0.0027455091
0.0022753477
0.0012402534
0.00078999996
0.0008672476
0.00037026405
0.001584053
0.0015314817
0.0016233921
0.0010385513
0.0007184744
0.0026066303
0.0003811121
0.0013215542
0.0006984472
0.0013370514
0.001642108
0.001629591
0.0014213324
0.0021377802
0.0032662153
0.0011603832
0.0010293722
0.0010617971
0.0016927719
0.0024437904
0.001023531
0.001304388
0.0002297163
0.002307415
0.0014430285
0.00095927715
0.002366066
0.0006353855
0.0029183626
0.0028128624
0.002681017
0.0010131598
0.0009328127
0.001245141
0.0015407801
0.00065624714
0.00035953522
0.001034379
0.0021953583
0.0020631552
0.0012595654
0.0012577772
0.00094389915
0.0010695457
0.0015946627
0.00041162968
0.0008068085
0.0014621019
0.0007542372
0.0014840364
0.0011165142
0.0019506216
0.0007658005
0.0017567873
0.0021275282
0.00271976
6.330013e-05
0.00060641766
0.0016855001
0.00013303757
0.0021150112
0.00074005127
0.0005723238
0.0026596785
0.00087320805
0.0017153025
0.001210928
0.001386404
0.001719594
0.001534462
0.002139926
0.000682354
0.0006315708
0.0021270514
0.0023059845
0.0010744333
0.0009163618
0.0012423992
0.0023261309

0.0012338161
0.0021301508
0.0018981695
0.0022313595
0.0004093647
0.00047028065
0.00033044815
0.0008171797
0.0020536184
0.00195539
0.0007724762
0.0016034842
0.00095045567
0.0020697117
0.0014910698
0.0016440153
0.00078856945
0.0015825033
0.001940012
0.0016257763
0.0013679266
0.0015150309
0.0017045736
0.0014024973
0.0011334419
0.0016628504
0.0011190176
0.0013530254
0.0009676218
0.0010740757
0.0008877516
0.0005495548
0.0010627508
0.0019712448
0.0024166107
0.00058054924
0.00042557716
0.002060175
0.00081014633
0.00072050095
0.0016384125
0.00018537045
0.0029540062
0.0012699366
0.001516819
0.0015901327
0.0031769276
0.0009096861
0.0016754866
0.001547575
0.0019016266
0.0007789135
0.00086927414
0.0015628338
0.002347827
0.00038528442
0.0008312464
0.0015615225
0.0010703802
0.001221776
0.0017385483
0.000305295
0.0014392138
0.0015352964
0.001670599
0.00092995167
0.0016943216
0.0006815195
0.0015971661
0.0019198656
0.00093340874
0.0017720461
0.002183199
0.0016326904
0.0015157461
0.0026242733
0.0004593134
0.0021065474
0.0017557144
0.00045084953
0.0005044937
0.0011615753
0.0011628866
0.0007991791
0.0018829107
0.0012589693
0.0009099245
0.001253128
0.0008407831
0.0017199516
0.0013029575
0.0023901463
0.0013450384
0.001116395
0.00080645084
0.0019931793
0.0014220476
0.0010309219
0.0007573366
0.0013568401
0.0013713837
0.0009891987
0.00258708
0.0018974543
0.0016769171
0.0015255213
0.0005608797
0.0014058352
0.0014723539
0.0023357868
0.0016020536
0.0037962198
0.0007464886
0.0012147427
0.0015766621
0.0014623404
0.0024067163
0.001345396
0.0022076368
0.0013533831
0.001801014
0.0017272234
0.0016224384
0.0017243624
0.0014640093
0.0020811558
0.0016477108
0.00040721893
0.00025308132
0.001836896
0.0010910034
0.0016382933
0.0009821653
0.0018737316
0.0012494326
0.0007324219
0.002407074
0.0014104843
0.0015769005
8.8214874e-05
0.0011469126
0.0022081137
0.0018510818
0.0018535852
0.0018339157
0.0004917383
0.0007286072
0.00053596497
0.00047016144
0.002482295
0.0009750128
0.0011250973
0.0015016794
0.0012272596
0.0010330677
0.0015528202
0.00092327595
0.0013964176
0.0017745495
0.00076568127
0.0015351772
0.001388073
0.0007582903
0.0011343956
0.0022798777
0.0009125471
0.00037896633
0.0010422468
0.002190113
0.0010902882
0.0013872385
0.0021418333
0.0006146431
0.0006622076
0.0015001297
0.0017613173
0.0029176474
0.0008471012
0.0007696152
0.0016663074
0.00079894066
0.0009800196
0.0014497042
0.0016686916
0.0012255907
0.0012652874
0.00023829937
0.0011832714
0.0013270378
0.0014203787
0.0028568506
0.00031161308
0.00013387203
0.0014259815
0.0018745661
0.00043928623
0.0008929968
0.0030761957
0.00091946125
0.00087559223
0.0015583038
0.0011029243
0.0019677877
0.0006221533
0.0006605387
0.0024755
0.00094246864
0.00092434883
0.002335906
0.0020461082
0.0022132397
0.0017318726
0.0009857416
0.002158165
0.002353549
0.0019181967
0.002219081
0.0020953417
0.0018520355
0.0015661716
0.0017904043
0.00084352493
0.003505826
0.0021705627
0.00063467026
0.0021976233
0.0010070801
0.0011839867
0.0009368658
0.0019315481
0.0012972355
0.0007531643
0.001003623
0.0007686615
0.0009750128
0.00065112114
0.0022441149
0.0010329485
0.0012440681
0.0009492636
0.0013388395
0.0020335913
0.0034530163
0.0014265776
0.0006723404
0.001301527
0.002209425
0.00044059753
0.0005862713
0.0006889105
0.0011128187
0.0015512705
0.00116992
0.0022809505
0.00037169456
0.0008548498
0.0035073757
0.0045410395
0.0027689934
0.0013276339
0.0026940107
0.0021826029
0.0012851954
0.0006790161
0.000119805336
0.0020216703
0.0013766289
0.0010108948
0.00034856796
0.0018030405
0.0016855001
0.001904726
0.001711607
0.0014204979
0.00212121
0.0015509129
0.0013554096
0.001565814
0.0021750927
0.0024790764
0.0017381907
0.0017309189
0.0010999441
0.0023024082
0.0010883808
0.000289917
0.0003324747
0.0040261745
0.0009133816
0.0024592876
0.0004210472
0.0016043186
0.00078547
0.0011525154
0.0024831295
0.0015331507
0.00089097023
0.0015151501
0.0011581182
0.0017819405
0.0015398264
0.002806425
0.0010156631
0.0012052059
0.0012719631
0.0012950897
0.0010490417
6.4611435e-05
0.00057315826
0.0015803576
0.0023530722
0.0013543367
0.0006055832
0.0020253658
0.00089907646
0.0008119345
0.0021463633
0.0016765594
0.0003361702
0.001914382
0.0016652346
0.0016307831
0.0017082691
0.0015133619
0.0018024445
0.0019029379
0.0018554926
0.0027076006
0.0015177727
0.0016474724
0.00019276142
0.00086033344
0.00055491924
0.0021213293
0.00072813034
0.0012241602
0.0007727146
0.0009737015
0.0013096333
0.0013415813
0.0013684034
0.002406478
0.0010125637
0.0017745495
0.0011603832
0.00031864643
0.0021327734
0.0025867224
0.00024998188
0.001172781
0.0009189844
0.0016722679
0.00013005733
0.001926899
0.0011675358
0.0018646717
0.001511097
0.00024604797
0.0017523766
0.0013957024
0.0024715662
0.0014936924
0.0014597178
0.0036848783
0.0016753674
0.0014119148
0.0014231205
0.0006144047
0.0016807318
0.0009379387
0.0024659634
0.0011008978
0.0016821623
0.003139615
0.0009396076
0.0015851259
0.0015981197
0.002166748
0.0020507574
0.0027935505
0.0024391413
0.0027729273
0.0008237362
0.0022114515
0.0011618137
0.002622962
0.0011510849
0.0016628504
0.0019530058
0.000844121
0.0018588305
0.0005968809
0.0011783838
0.0018428564
0.0033266544
0.0016108751
0.002022028
0.00040519238
0.0019534826
0.0025186539
0.0023089647
0.0014666319
0.000854373
0.0018708706
0.0023758411
0.0005297661
0.0014247894
0.00066161156
0.0014111996
0.0014579296
0.0019133091
0.0008174181
0.0009791851
0.000833869
0.0032206774
0.0014711618
0.00051152706
0.0012772083
0.0009353161
0.0013399124
0.0005556345
0.0032361746
0.0020468235
0.0021320581
0.0014733076
0.0012922287
0.0010648966
0.000108242035
0.002380848
0.0010330677
0.001653552
0.001618743
0.00043809414
0.002077341
0.0011526346
0.00092852116
0.00093483925
0.00078976154
0.0021572113
0.0012512207
0.00091171265
0.00290668
0.0026971102
0.003507018
0.0017724037
0.00026071072
0.00077557564
0.00027501583
0.0007710457
0.0004156828
0.0011149645
0.0023088455
0.00026118755
0.0011217594
0.0023610592
0.00016367435
0.0009925365
0.0017693043
0.0011638403
0.0012843609
0.003263712
0.0018123388
0.00064074993
0.00032889843
0.0012130737
0.0017859936
0.0018405914
0.003027916
0.0011274815
0.0011297464
0.00149405
0.0009236336
0.0004274845
0.0018453598
0.002669096
0.0007760525
0.0014903545
0.0018184185
0.0027592182
0.0012624264
0.0005581379
0.0014083385
0.001667738
0.000646472
0.0017813444
0.0010308027
0.0015224218
0.0011092424
0.0020451546
0.001812458
0.0016697645
0.0011842251
0.0012667179
0.0022963285
0.00031340122
0.0011336803
0.0006221533
0.00046920776
0.0016103983
0.0032361746
0.00081181526
0.00034606457
0.0018897057
0.0011198521
0.0018343925
0.000664711
0.00067567825
0.0015752316
0.0024135113
0.0012974739
0.0031362772
0.001930356

0.0013464689
0.0005095005
0.0029366016
0.0032340288
0.0010122061
0.0018643141
0.00041389465
0.0013942719
0.001963973
0.003240347
2.861023e-06
0.0026003122
0.0005452633
0.0020769835
0.00095927715
0.0005258322
0.00045096874
0.0013194084
0.0004929304
0.0006982088
0.0031416416
0.004103899
0.004307866
0.0006355047
0.002855301
0.0016875267
0.0027030706
0.0031574965
0.000264287
0.0004388094
0.0015678406
0.0008455515
0.0007915497
0.0033035278
0.0004374981
0.00028812885
0.0014747381
0.00172925
0.0013180971
0.0023670197
0.0007740259
0.0025252104
0.0007009506
0.0004606247
0.00041270256
0.0010404587
0.0025224686
0.0015431643
0.00085544586
0.0059900284
0.007597089
0.0022950172
0.0010608435
0.001719594
0.0011587143
0.0002926588
0.0007477999
0.00081789494
0.00035989285
0.0021089315
0.0014163256
0.00094914436
0.000516057
0.00051927567
0.0006197691
0.00022244453
0.0007388592
0.000108242035
0.0002964735
0.002481699
0.0013464689
0.0013874769
0.0009827614
0.0024933815
0.0012874603
9.6440315e-05
0.003471613
0.0026439428
0.00029575825
0.00094890594
4.196167e-05
0.0007035732
0.000510931
0.00096201897
0.0015757084
0.001011014
0.0004003048
0.0011985302
0.0031089783
0.0018616915
0.0009121895
0.0020329952
0.002447009
0.0015896559
0.00071156025
0.0039856434
0.001982689
0.0029752254
0.0013648272
0.0010272264
0.0013310909
0.0007677078
0.00020062923
0.00042939186
0.0007082224
0.00076794624
0.0013341904
3.9219856e-05
0.001432538
0.000662446
0.0017031431
0.003107667
0.001655221
0.0010067225
0.0040006638
0.0010851622
0.0037913322
0.0050638914
0.00019359589
0.00035881996
0.0005015135
0.0007559061
0.0024433136
0.00049495697
0.0019466877
0.001006484
0.0012341738
0.001168251
0.0019555092
0.0024963617
0.003847003
0.00471282
0.0006763935
0.0038728714
0.00024366379
0.00026774406
0.00076186657
0.0025207996
0.0005578995
0.0012813807
0.0012478828
0.0003464222
0.00067830086
0.0030275583
0.0026376247
0.00022852421
0.00051164627
0.0009483099
0.0009685755
0.003908038
0.002865076
0.0015130043
0.00082051754
0.00042021275
0.0007857084
0.0005658865
0.0007828474
0.0008776188
0.000233531
0.0018222332
0.0017076731
0.0010480881
0.0028232336
0.0009856224
0.000308156
0.0026726723
0.0005674362
0.00076949596
0.00076138973
0.00044763088
0.001557827
0.0026898384
0.0010839701
0.0061918497
0.00020170212
0.0025049448
0.0016753674
0.00023269653
0.00070905685
0.0002938509
0.0003027916
0.0029189587
0.0018935204
0.0012692213
0.001572609
0.0017874241
0.00080633163
0.0022306442
0.003995657
0.00023925304
0.0012639761
0.001902461
0.0010188818
0.0007158518
0.0007213354
0.0004798174
0.00036871433
0.0010892153
0.0002475977
0.00064611435
0.0014753342
0.0018874407
0.00016915798
0.00046551228
0.00059497356
0.0012904406
0.00056421757
0.0012671947
0.0015045404
0.0011708736
0.00042521954
0.0002708435
0.0010380745
0.0024188757
0.0062065125
0.0013947487
0.0010297298
0.0008033514
0.0007724762
0.00016343594
0.000618577
0.0019682646
0.0006130934
0.0010910034
0.00094759464
0.002114296
0.0041743517
0.0011458397
0.002734661
0.00019848347
0.0007082224
0.0037003756
0.0016225576
0.002252102
0.0008620024
0.00042629242
0.0013370514
0.00082838535
0.0006930828
0.00075638294
0.0012539625
0.002064824
0.0003464222
0.00020134449
0.0011136532
0.00094401836
0.001454711
0.00048792362
0.002153039
5.6028366e-06
0.00020253658
0.0016328096
0.0025097132
0.0004709959
0.0008583069
0.00035476685
0.0007814169
0.006554246
0.0014821291
0.00021338463
0.00080406666
0.0014461279
0.0028492212
0.002109766
0.004508376
0.00041484833
0.0001296997
0.0015268326
0.003929019
0.0013027191
0.0013341904
0.000906229
0.0010169744
0.003261447
0.0004171133
0.00095283985
0.0030754805
0.00037574768
0.0013449192
0.0008689165
0.0007081032
0.00293684
0.0035254955
0.0008627176
0.00038528442
0.00022494793
0.0021926165
0.0019212961
0.0009819269
0.0016880035
0.00047898293
0.0023405552
0.0014032125
0.005573392
0.0014053583
9.179115e-06
0.00031530857
0.0054545403
0.00076305866
0.0012567043
0.0022900105
0.00028586388
0.001588583
0.002263546
0.00029349327
8.2969666e-05
0.0009959936
0.00031459332
0.0006824732
0.00066435337
0.0059211254
0.00088715553
0.0005801916
0.0005297661
0.0014982224
0.0007857084
0.002969265
0.000207901
0.00052177906
0.00093126297
0.0023646355
0.00031125546
0.0019022226
0.0022838116
0.0008472204
0.0004595518
0.000826478
0.0020654202
0.0008766651
0.0015392303
0.00026381016
0.0020825863
0.0014332533
0.0010441542
0.000114798546
0.0016752481
0.0012315512
0.00047504902
0.0016840696
0.0014041662
0.00053811073
0.003191352
0.0015076399
0.00089752674
0.0030540228
0.0030133724
0.0013734102
0.0012452602
9.441376e-05
0.0008763075
0.00074350834
0.0023519993
0.0007022619
0.0036457777
0.00043857098
0.00097489357
0.0007792711
0.00031459332
0.004467845
0.0011820793
5.2332878e-05
0.0018051863
0.00039470196
0.00028967857
0.0008224249
0.0002641678
0.002606511
0.00084507465
6.234646e-05
0.002805829
0.0019818544
0.0009968281
0.00019490719
0.0010280609
0.001662612
0.005549073
0.0010677576
0.0007710457
0.0013819933
0.0011626482
0.0015747547
0.0013577938
0.00035822392
0.0018919706
0.0028220415
0.0004287958
0.0015105009
0.00015735626
0.00038921833
0.00044953823
0.0022271872
0.0005842447
0.00076651573
-6.556511e-06
0.0010045767
0.0023317337
0.00023508072
0.000869751
0.0013660192
0.0011187792
0.0014079809
0.0010720491
0.00071167946
0.00011229515
0.00039696693
0.001049757
0.00047016144
0.00096035004
0.004747033
0.00080370903
0.0007030964
0.001652956
0.001981616
0.0019338131
0.0027240515
0.00044357777
0.0008122921
0.0036832094
0.0021010637
0.0016146898
0.00025737286
0.008109927
0.0010533333
0.0022667646
0.00028562546
0.0033837557
0.0015136003
0.0029793978
0.00057947636
0.00036525726
0.0003787279
0.0006735325
0.00019001961
0.00088477135
0.0039964914
0.000749588
0.00060915947
0.0018283129
0.00034940243
0.0011819601
0.0015376806
0.0025023222
0.0016415119
0.0014641285
0.00063860416
0.0008468628
0.0036907196
0.0010652542
0.0012165308
0.0012414455
0.0032775402
0.006050229
0.0024564266
0.0020580292
0.0037088394
0.0008575916
0.0018529892
0.0013700724
0.0011193752
0.00019848347
0.0016608238
0.00027692318
0.006497383
0.0006392002
0.00033795834
0.00062811375
0.00030314922
0.0017870665
0.0005694628
0.0005915165
0.0004595518
0.0009211302
0.0022631884
0.0018086433
0.00011360645
0.0012252331
0.0030181408
0.00031793118
0.00174582
0.0016231537
0.0001001358
0.0034617186
9.858608e-05
0.0018391609
5.4717064e-05
0.0020167828
0.0005118847
0.00036621094
0.0007878542
0.00040519238
0.0005571842
0.00023567677
0.0033400059
0.00025248528
0.00050365925
0.0007240772
0.00068736076
0.0027176142
0.0025268793
0.0017044544
0.0017566681
0.00058817863
0.0007480383
0.0056226254
0.00046658516
0.004606724
0.00044727325
0.0026472807
0.0011492968
0.0024917126
0.0010623932
0.0014045238

0.0035791397
0.00222373
0.003327608
0.0015486479
0.0034605265
0.0008120537
0.0025410652
0.0044287443
0.0013023615
0.0029506683
0.0010445118
0.001696229
3.695488e-06
0.00076186657
0.00017309189
0.0022964478
0.00012362003
0.0011198521
0.0018823147
2.7298927e-05
0.00048053265
0.0007201433
0.0029364824
0.001373291
0.00027644634
0.00037395954
0.00023770332
0.0016849041
0.0032702684
0.0028368235
0.0006879568
0.0011173487
0.0005531311
1.4305115e-06
0.00014698505
0.0029084682
0.00016462803
0.0002297163
0.0014868975
0.0017102957
0.0016418695
2.9802322e-06
0.0011584759
0.0006494522
0.0018080473
0.00045764446
0.0012757778
3.6001205e-05
0.0018123388
0.0007443428
0.0009913445
0.001128912
0.0013982058
0.004633069
0.0011203289
0.004652858
0.00010871887
0.0038825274
0.0029697418
0.0007441044
0.0007305145
0.0004876852
0.0010316372
0.00059628487
0.00082314014
0.00024688244
0.0033135414
0.0005931854
0.0029201508
0.00047695637
0.0010831356
0.004310608
0.0021435022
0.0008636713
0.0015413761
0.000875473
0.0014971495
0.00387609
0.0016554594
4.4822693e-05
0.0023109913
0.0009357929
0.003984213
0.0005290508
0.00011372566
0.0014241934
1.5497208e-05
1.5735626e-05
0.003789544
0.0007542372
0.0004043579
0.00019180775
0.0012847185
0.002334714
4.9114227e-05
0.0010843277
0.0007636547
0.002638936
0.0027803183
0.00038695335
0.0056283474
7.2717667e-06
0.00021731853
0.00010275841
0.0021150112
0.0025404692
0.002743125
0.00022101402
0.0017381907
-7.1525574e-07
0.00013685226
4.7683716e-07
0.00018763542
0.0024001598
0.0014396906
0.0006592274
0.00053083897
0.0003144741
0.0032725334
1.013279e-05
0.001122117
0.00025486946
0.00018084049
0.00081813335
0.0020401478
0.0011488199
0.00151968
0.0021305084
0.0010870695
6.9856644e-05
0.0015312433
0.006638527
0.00044810772
0.0016782284
0.00018525124
5.4836273e-06
0.0010795593
0.0011570454
0.002607584
0.0014603138
0.0023670197
0.002203226
0.0019291639
0.0008455515
0.0044640303
0.0014058352
0.00045394897
0.00078845024
0.0014578104
0.00016725063
0.00069499016
0.0016999245
0.0005491972
0.002781868
0.00074744225
0.0024602413
0.0006644726
0.0039271116
0.004043579
9.88245e-05
0.00030219555
1.9311905e-05
0.0009133816
0.0007151365
8.666515e-05
0.001026392
0.004044056
0.0030629635
0.000754714
1.4066696e-05
0.00085020065
0.0008062124
0.00015962124
0.00012850761
0.0015330315
0.000572443
0.0011096001
0.00026750565
0.00010585785
0.00030112267
0.00064754486
0.0009666681
0.00066530704
0.0024642944
0.00022768974
0.0021492243
0.0004606247
0.0011789799
0.0028693676
0.0015646219
0.0033339262
0.0014349222
0.0008749962
0.00033271313
0.00093758106
0.00033032894
0.0011198521
0.0016497374
0.00091969967
0.0037676096
0.005572319
7.7962875e-05
3.695488e-05
0.004240513
0.0030326843
0.0007855892
0.0024883747
0.0010467768
0.0005624294
0.0012792349
0.0005708933
0.0022389889
0.0018138885
0.00038063526
0.004087925
0.0031584501
0.00021994114
0.0009931326
0.00050771236
0.0054301023
0.00235641
3.5762787e-06
0.0006432533
0.0005944967
0.00214684
0.0007402897
0.0002812147
0.002427578
5.221367e-05
6.747246e-05
0.0006387234
0.005764127
0.0024849176
0.0005865097
0.0009970665
0.0020438433
0.0022431612
0.00046932697
6.92606e-05
0.003292799
0.00023412704
0.0008312464
0.0032331944
0.00022089481
2.4795532e-05
0.00034081936
0.0017874241
0.0030891895
0.0002475977
0.00096189976
0.00021624565
0.0005824566
0.004995942
0.002417326
0.0010483265
4.053116e-06
0.00043797493
0.0027441978
0.0017968416
8.916855e-05
0.0017818213
3.8146973e-06
0.000115036964
0.002130866
0.0018540621
0.00056004524
0.0012803078
0.0012010336
0.0013090372
0.0010236502
0.0045622587
0.00055217743
0.0013706684
0.00026929379
0.0001320839
0.0045979023
0.0011606216
0.0005751848
2.7418137e-06
0.00019478798
0.0005592108
0.0006735325
0.0022894144
0.0067163706
0.0033804178
1.7166138e-05
3.8146973e-06
0.0011150837
0.0027757883
0.000197649
0.0016098022
0.00025081635
0.0006108284
0.0020947456
0.004126787
0.0019068718
0.00078725815
6.198883e-06
0.00477612
0.0010505915
0.0026370287
0.0041817427
0.00251925
0.0016269684
0.0014423132
0.0010077953
0.0019197464
0.0014888048
0.0008611679
0.0004247427
0.00096797943
0.0022598505
0.0026103258
0.00046253204
0.00018906593
0.002870202
0.0022758245
0.0025794506
1.5735626e-05
0.0007022619
0.00024688244
3.0994415e-06
0.0005081892
0.004054427
0.0016772747
0.00054204464
0.0031719208
4.339218e-05
0.00037491322
0.0031539202
0.00070893764
2.8371811e-05
0.0015147924
0.0002757311
0.0018097162
0.0016862154
0.00086808205
2.5510788e-05
0.0003733635
0.0005220175
2.7894974e-05
0.0026683807
0.00056028366
0.0002759695
0.0023697615
0.0013836622
0.0014753342
0.00039100647
0.0011641979
0.0021208525
0.0005508661
0.00033795834
0.00016605854
0.001429081
0.005001545
0.008738756
0.002374053
0.002088666
0.003086567
0.0005495548
0.0007392168
0.00033652782
0.0009702444
0.0010854006
2.0384789e-05
0.0036284924
0.0003991127
0.0018140078
-1.1920929e-07
3.6478043e-05
0.0016424656
0.0028476715
0.0006738901
0.0024300814
0.0019744635
0.002503872
0.008959413
0.00081825256
0.0017166138
0.0036182404
0.00020682812
0.0027911663
0.0024698973
0.001185894
0.00059115887
0.0021327734
8.1419945e-05
0.00119555
0.00086927414
0.0011708736
0.0005540848
0.0024887323
0.004109025
0.002224803
0.0017161369
8.070469e-05
0.0026556253
0.0019174814
0.0024766922
0.0014986992
0.0022084713
0.0004594326
0.0019646883
0.0024142265
0.0025782585
9.405613e-05
0.0012176037
0.0013766289
0.00020456314
0.0008401871
0.0033509731
0.0032788515
0.002690196
0.000505805
0.004764557
0.00097191334
5.173683e-05
0.000829339
0.0024921894
0.00060379505
0.00094628334
0.0019778013
0.0004169941
0.00039303303
0.0015038252
0.0022515059
0.0010443926
0.0010771751
0.00051414967
0.0013834238
0.0031696558
0.0031579733
0.00012934208
0.0016002655
0.00014770031
0.004252553
0.0010976791
0.0027700663
0.00026977062
0.0019088984
5.1259995e-05
-7.1525574e-07
9.727478e-05
0.0011459589
0.0021599531
0.0023237467
0.00089120865
0.0007953644
0.001368165
0.0032577515
0.0002808571
0.001098752
0.0020056963
0.0002951622
0.0006763935
0.0009797812
0.0031973124
2.4676323e-05
2.336502e-05
0.0009865761
0.0026515722
0.00048673153
0.00081408024
0.0017051697
0.0010509491
0.00022447109
0.0003592968
0.0007812977
8.916855e-05
0.00046634674
0.00024437904
0.0010859966
0.00083613396
0.0014550686
0.00061142445
0.0028717518
0.00071156025
0.00034475327
9.8109245e-05
0.0010106564
0.0015466213
0.00083756447
0.0048650503
0.0019978285
0.0017445087
0.000308156
0.00017154217
4.9710274e-05
0.0009057522
0.0023012161
0.0020104647
0.0008299351
0.0006184578
0.0011223555
0.0027902126
0.0041099787
0.000567317
0.0037199259
0.0010883808
0.0007122755
2.1457672e-06
0.00049853325
0.0023776293
0.0021162033
0.0067949295
4.887581e-05
0.003186822
0.0013159513
0.00081038475
0.0001449585
0.0005226135
0.0010197163

0.0015107393
0.00031399727
0.0020103455
0.0036269426
0.001136899
0.0022108555
0.00079381466
0.00043582916
0.0013557673
0.0012290478
0.0009418726
0.001318574
0.0018312931
0.0028003454
0.0018419027
0.0016191006
0.0012911558
0.0011925697
0.00070011616
0.0012760162
0.0028079748
0.0033842325
0.0016940832
0.0012871027
0.0021688938
0.0014334917
0.0019624233
0.0012887716
0.0017101765
0.0005494356
0.0027184486
0.0012091398
0.0008214712
0.00088489056
0.0021215677
0.0011758804
0.00020956993
0.0006457567
0.003058672
0.0012806654
0.0010436773
0.004210353
0.0015107393
0.0011512041
0.0014153719
0.0025177002
3.7431717e-05
0.00059735775
0.0019375086
0.0025359392
-3.5762787e-07
0.0013124943
0.0009754896
0.0015307665
0.00097584724
0.0018404722
0.000118136406
0.0012214184
0.00068700314
0.0032619238
0.0009561777
0.0013934374
0.0004324913
0.0026972294
0.0013917685
0.0015656948
0.0016587973
0.00020039082
0.0016126633
0.002352357
0.0015736818
0.0009907484
0.0013991594
0.0004813671
0.0001860857
0.0015681982
0.00038206577
0.0010910034
0.002054453
0.0021190643
0.0020353794
0.0005339384
0.0013946295
0.0012434721
0.002497077
0.002285242
0.0025092363
0.0020859241
0.0013568401
0.0016163588
0.0019330978
0.0003373623
0.0017288923
0.00075280666
0.0024404526
0.0027844906
0.0024878979
0.0006916523
0.0008984804
0.0010654926
0.0012898445
0.0005400181
0.0013024807
0.0012207031
0.00056505203
0.000890255
0.0001578331
0.000461936
0.003510952
0.0022159815
0.0019137859
0.00088465214
0.0017971992
0.0027720928
0.001727581
0.0009537935
0.0018749237
0.0015664101
0.0011262894
0.0032097101
0.001906395
1.847744e-05
0.00082552433
0.0017315149
0.0014238358
0.0012265444
0.0005965233
0.0014888048
0.000852108
0.0006518364
0.0006443262
0.0032749176
0.0009986162
0.0021452904
0.0011826754
0.0012447834
0.0025084019
0.001817584
0.0020526648
0.0008151531
0.0014365911
0.0033547878
0.0014413595
0.0021266937
0.002657771
0.0021686554
0.0002001524
0.0016866922
0.00091457367
0.0021728277
0.00043475628
0.001019597
0.001364708
0.0021083355
0.0017659664
0.00046432018
0.0011745691
0.0008444786
0.002023816
0.00055372715
0.002228856
0.0031080246
0.00016224384
0.00051021576
0.0024707317
0.0018794537
0.000341177
0.0031375885
0.000400424
0.0025619268
0.0013768673
0.00025427341
0.0015741587
0.0009961128
0.0009150505
0.0004491806
0.001455307
0.001693368
0.0025829077
0.00047385693
0.00018131733
0.0012243986
0.00087821484
0.0018187761
0.0011837482
0.0026003122
0.0008177757
1.0728836e-06
0.0019551516
0.0016336441
0.0017617941
0.002514124
3.3974648e-05
0.0017727613
0.0017926693
0.0028498173
0.0017076731
0.0010461807
0.0011445284
0.0019643307
0.00063943863
0.00024151802
0.00072205067
0.0017179251
0.00011944771
0.0025277138
0.0016644001
0.00072574615
0.0003618002
0.00082075596
0.0014961958
0.00082695484
0.0021945238
0.00032615662
0.0026777983
0.0020788908
0.0014035702
0.0012260675
0.0009691715
0.001685977
0.0010792017
0.0015249252
0.0027941465
0.00036168098
0.0013307333
0.0018730164
0.00038862228
0.0015482903
0.0013712645
0.0011210442
0.0012360811
0.0031505823
0.0018738508
3.528595e-05
0.00025236607
0.00089871883
0.0018581152
0.0010100603
0.0013846159
0.0028004646
0.002912879
0.0002439022
0.0016248226
0.00024402142
0.0038899183
0.0020916462
0.0008337498
0.0019562244
0.0006223917
0.0013047457
0.0032553673
0.0022087097
0.0008559227
0.0016745329
0.0021281242
0.0018661022
0.00094115734
0.0013518333
0.00080001354
0.0015664101
0.0021682978
0.0019054413
0.0014271736
0.0005489588
0.0024750233
0.0030794144
0.0022473335
6.067753e-05
0.0010362864
0.0019363165
0.0012911558
0.0022922754
0.0014798641
7.224083e-05
0.0045205355
0.00066554546
0.000790596
0.0015864372
0.00182271
0.0010744333
0.00022411346
0.0009611845
0.00071823597
0.0013872385
0.0014380217
0.0022794008
0.0005837679
0.00022447109
0.0009915829
0.0010794401
0.00034582615
0.0018589497
0.0009846687
0.0013319254
0.0025817156
0.0012674332
0.001224041
0.00035119057
0.0004029274
0.00283885
0.0013458729
0.00040709972
0.001011014
4.506111e-05
0.0013014078
0.0010908842
0.0022405386
0.0015592575
0.00033283234
0.00076556206
0.0034341812
0.0011435747
0.0011150837
0.0023064613
0.00129807
0.0007921457
0.0008016825
0.0020141602
0.0017085075
0.0010625124
0.0016363859
0.0011476278
0.0017312765
0.0015779734
0.0013768673
0.0006824732
0.000826478
0.0013234615
0.0011050701
0.0038770437
0.00073719025
0.0018103123
0.0016717911
0.001190424
0.0010765791
0.0013768673
0.0010961294
0.0018028021
0.001524806
0.0018553734
0.0022501945
0.002637744
0.0008466244
1.6331673e-05
0.00046646595
0.0015995502
0.00069093704
0.00071287155
0.0015742779
0.0012414455
0.0010911226
0.0021092892
0.0014557838
0.0020343065
5.1259995e-06
0.0035399199
0.0009396076
1.1920929e-07
0.0011556149
0.00097215176
0.0022976398
0.001650095
0.0013530254
0.00037646294
0.0035598278
0.00047278404
0.004219651
0.00061535835
0.0008671284
0.0016454458
3.9339066e-06
0.0016576052
0.0010170937
0.0012483597
0.0007274151
0.0015655756
0.0006811619
0.0009895563
0.0016251802
0.0011365414
0.0017055273
0.002212882
0.0011249781
0.0019811392
0.0011581182
0.002619028
0.002169609
0.0030254126
0.0015699863
0.0013393164
0.001231432
0.0016118288
0.00017976761
0.0006201267
0.0008597374
0.0010182858
0.0014555454
0.000598073
0.00048696995
0.0016385317
0.0024924278
0.0015268326
0.00020170212
0.0014224052
0.00068449974
0.00059854984
0.0017607212
0.004004717
0.0021363497
0.0015782118
0.0026687384
0.0013591051
0.0022736788
0.00041246414
0.00073480606
0.0010296106
0.0030909777
0.0010162592
0.00037014484
0.0006788969
0.0019086599
0.0030514002
0.002614975
0.0027273893
0.0011349916
0.00076520443
0.001301527
0.0011123419
0.002952814
0.0009212494
0.00078332424
0.0023815632
0.002555132
0.0016645193
0.0009660721
0.00091564655
0.0027633905
0.002617836
0.0019853115
0.001467824
1.1920929e-07
0.0012407303
0.0016912222
0.0011453629
0.001688242
0.00083065033
0.0013796091
0.0009713173
0.000749588
0.00040769577
0.0005363226
0.0021463633
6.580353e-05
0.0012164116
0.0013945103
0.0008187294
0.0021240711
0.00086832047
0.0016198158
0.00041139126
0.0015548468
0.0007187128
0.00093626976
0.0010851622
0.0011459589
6.6280365e-05
0.0025367737
0.0027290583
0.0016676188
0.0004440546
0.0008097887
0.0016094446
0.00014472008
0.0030092
0.0023905039
0.0021680593
0.00044083595
0.0034774542
0.003490448
0.001216054
0.0018671751
0.0011911392
0.0013979673
0.0005863905
0.0011674166
0.0039075613
0.0014774799
0.0013251305
0.0015845299
0.0022771358
0.0015271902
0.00030136108
0.00063610077
0.0025482178
0.0026084185
0.0005573034
0.0024362803
0.0023041964
0.0014359951
0.0013706684
0.00056374073
0.0011554956
0.0021002293
0.0010421276
0.0020062923
0.00036382675
0.00087058544
0.0022256374
0.00075650215
0.0010561943
0.00092434883
0.0006554127

0.0008274317
0.0008665323
0.0009799004
0.0025885105
0.00096690655
0.00068187714
0.0013062954
0.00070250034
0.0018062592
0.0005213022
0.0007799864
0.0018111467
0.00064480305
0.001388073
0.00032269955
0.0010848045
0.002797842
0.001157403
0.0012744665
0.003636837
0.0036125183
0.0019813776
0.00048828125
0.00116539
0.0005966425
0.000111460686
0.0027403831
0.00081419945
0.0020276308
0.0006239414
0.0010908842
0.0016121864
0.0022753477
0.0022338629
0.0023037195
0.0039924383
0.0028585196
0.001270771
0.0009588003
0.0007971525
0.0019737482
0.0014880896
0.0016192198
0.0011123419
0.00035333633
0.00085163116
0.0016524792
0.0018671751
0.0013194084
0.0017580986
0.0005527735
0.00059723854
0.0009689331
0.0013971329
0.0012273788
0.002625227
0.0016257763
0.0006606579
0.00057816505
0.0023194551
0.00052809715
0.0011811256
0.0012315512
0.0027161837
0.00070893764
0.0009499788
0.00089490414
0.0023667812
0.00336349
0.0016173124
0.0005401373
0.00034976006
0.0013860464
0.0005607605
0.002521038
0.0015503168
0.0020561218
0.0006695986
5.9604645e-06
0.0020962954
0.0011968613
0.000846982
0.0018445253
0.0017360449
0.000893116
0.0029367208
0.0011712313
0.0007703304
0.0029336214
0.0011202097
0.0017774105
0.0011256933
0.0013332367
0.0013421774
0.00077819824
0.00078082085
0.0021797419
0.0021300316
0.00071787834
0.00022041798
0.00010192394
0.0010646582
0.001111865
0.0016286373
-1.1920929e-07
0.001914978
0.0021697283
0.0015312433
0.0010772943
0.0038945675
0.0024050474
0.0007878542
0.0023304224
0.0018525124
0.0011119843
0.0024536848
0.0005264282
0.0024186373
0.0032515526
0.0020490885
0.0021162033
0.0015062094
0.0016343594
0.002063632
0.001699686
0.0006389618
0.0025908947
0.002340436
0.0005902052
0.0004671812
0.0019412041
0.00063169
0.002203226
0.002681613
0.0026532412
0.0026913881
0.0007394552
0.0012902021
0.0031889677
0.0017126799
0.001221776
0.0015934706
0.003610611
0.0023488998
0.00096929073
0.0015265942
0.0011475086
0.0012245178
0.0027614832
0.0006150007
0.0011427402
0.00068056583
0.0014955997
0.0014747381
0.0010973215
0.0013567209
0.00045585632
0.0005301237
0.0014791489
0.00025188923
0.0010347366
0.0014531612
0.0025537014
0.00057017803
0.0003039837
0.000667572
0.0013279915
0.0025129318
0.0019718409
0.0007497072
0.0016043186
0.0018573999
0.00067961216
0.0014612675
0.0021018982
0.0007766485
0.0007197857
0.0010721684
0.0013110638
0.0017858744
0.001378417
0.001222372
0.0011240244
0.001809597
0.0013980865
0.0010573864
0.001917839
0.0009227991
0.0006445646
0.0017056465
0.0013321638
0.0006558895
0.0012873411
0.0033564568
0.001060605
1.3828278e-05
0.0021828413
0.0016860962
0.00051379204
0.001693964
0.00097584724
0.0015817881
0.0011290312
0.0015993118
0.0014315844
0.0021994114
0.0014916658
0.000808239
0.00050747395
0.00085520744
0.0005848408
0.0028469563
0.0020278692
0.001434803
0.004214287
0.0014961958
0.0006494522
0.0013251305
0.0008471012
0.0009661913
0.0009148121
0.00063693523
0.002156496
0.0009419918
0.0019977093
0.0008625984
0.0012407303
0.00088739395
0.0016983747
0.0010789633
0.00195086
0.0002387762
0.0015304089
0.00040471554
0.0012221336
0.0025658607
0.0002477169
0.0010652542
0.0009943247
0.00254035
0.00094771385
0.0014622211
0.002205968
0.00035250187
0.00057435036
0.0015734434
0.0031523705
0.0016021729
0.001126051
0.0019797087
0.0
0.0017857552
0.0011677742
0.0019584894
0.0011864901
0.0012174845
0.0006252527
0.0016304255
0.0012592077
0.0015921593
0.0017917156
0.0010545254
0.0013340712
0.0016354322
0.0020736456
0.0028897524
0.0009703636
0.00028169155
0.0014915466
0.0016982555
0.0
0.0041635036
0.0018457174
0.00080883503
0.00091934204
0.003744483
0.00018703938
0.00049459934
0.0014026165
0.0014717579
0.00095546246
0.0018472672
0.0016063452
0.0009843111
0.0011837482
0.0
0.0011222363
0.0015228987
0.0016052723
0.0032215118
0.0010610819
0.0018526316
0.00086283684
0.0011675358
0.00018286705
0.0040524006
0.002359271
0.00065886974
0.0008561611
0.0008046627
0.0021202564
0.0025599003
0.0012581348
0.0011136532
0.0008146763
0.0015814304
0.0006557703
0.0015169382
0.00350976
0.0020126104
0.001023531
0.0006393194
0.0014814138
0.0007852316
0.0018615723
0.00224936
0.001794219
0.0013908148
0.0010675192
0.0007637739
0.0030113459
0.0010863543
0.0008659363
0.0015739202
0.0026562214
0.002593875
0.0016784668
0.00027298927
0.0014843941
0.0031614304
0.0018072128
0.0011943579
0.0025371313
0.0008966923
0.00063967705
0.00042247772
0.0016099215
0.0016313791
0.0005260706
0.0018244982
0.0026051998
0.0009037256
0.002184987
0.00041651726
0.0014230013
0.0018196106
0.0028674603
0.0009949207
0.0017260313
0.00092995167
0.0021725893
0.0030434132
0.0003927946
-1.1920929e-07
0.0009230375
0.0008468628
0.0010322332
0.0015548468
0.0026439428
0.0009511709
0.0024403334
0.0022832155
0.0011281967
0.0008735657
0.0015506744
0.00079751015
0.001150012
0.001126647
0.000659585
0.0007003546
0.0012507439
0.0012097359
0.0028595924
0.00059092045
0.0016784668
0.0018765926
0.0010285378
0.0027298927
0.0010918379
0.0013794899
0.0021761656
0.0010899305
0.0025943518
0.0008291006
0.0011894703
0.0018959045
0.0024852753
0.0014721155
0.0018615723
0.002620697
0.0023952723
0.0011200905
0.0026175976
0.0020228624
4.6133995e-05
0.0012580156
0.0037683249
0.0
0.00053977966
0.0023486614
0.0026854277
0.00095009804
0.0017551184
0.0010160208
0.00073981285
0.0012694597
0.0011228323
0.00033843517
0.0016576052
0.0006045103
0.0019783974
0.0013440847
0.00070774555
0.002326727
0.0002952814
0.000713706
0.0016648769
0.0021255016
0.0017750263
0.0020036697
0.0010384321
0.0008164644
0.0011533499
0.0013469458
0.0010858774
0.001832366
0.0008574724
0.0027867556
0.0015113354
1.0728836e-06
0.000264287
0.0016696453
0.0021857023
0.0008342266
0.0005978346
0.0014761686
0.00052022934
0.002459526
0.0016063452
0.0022513866
0.00013411045
0.001999259
0.00061678886
0.0016982555
0.0010750294
0.00096488
0.00074505806
0.0018050671
0.0024596453
0.0005337
0.0013970137
0.0005645752
0.0007901192
0.0009455681
0.0018414259
0.0011543036
0.0015137196
0.0015544891
0.0025808811
0.0024654865
0.0009535551
0.0012729168
0.0020179749
0.0020422935
0.0017182827
0.0022939444
0.002248764
0.0010000467
0.0012637377
0.0035704374
0.004697919
0.0026029348
0.0007442236
0.00068724155
0.00076663494
0.0019067526
0.0007612705
0.00069379807
0.00024533272
0.0014944077
0.0019408464
0.0009151697
-3.5762787e-07
0.0024898052
0.00041484833
0.0032522678
0.0010538101
0.0012376308
0.0011267662
0.0006644726
0.001851201
0.0007175207
0.00064992905
0.0010459423
0.0018205643
0.0013844967
0.0026824474
0.0012413263
0.0011922121
0.0019999743
0.00058496
0.0019360781
0.0024545193
0.0012607574
0.0015904903
0.002374649
0.0011152029
9.739399e-05
0.0005264282
0.00030374527
0.0006672144
0.0021350384

0.027677774
0.0233742
0.03625202
0.039443135
0.032700777
0.032759547
0.02254796
0.025897145
0.02644372
0.027717113

