1.0051303
0.67468274
0.2314148
0.77912664
0.64779055
0.9190588
0.8838177
0.9139662
1.0476677
0.56895316
0.66781104
0.9233515
0.90294075
1.2242472
0.7445264
0.8068136
1.3578396
1.2043183
1.3035908
0.7898023
1.0727654
0.95440364
0.89889884
1.450731
0.8410146
1.2549129
1.2619579
0.6977184
0.6584879
0.4910878
0.9345269
0.8041705
0.9683237
0.9825597
0.23145425
0.7472391
0.385118
0.8761227
0.6714295
1.8980634
1.1256075
0.557165
1.6170325
0.49963808
0.40067303
1.3255243
0.5992
0.92184424
0.4034288
1.2000415
0.7211056
1.233118
0.99331355
0.5264764
1.1283078
0.6998819
1.5173342
0.5859499
1.7464375
0.8956182
0.8693191
0.87767494
1.4229827
0.66681874
0.9156847
0.23559654
0.77353835
0.6677023
0.6295155
0.86430335
1.1272423
0.7952018
0.89054143
0.55691946
1.3197882
0.6616986
0.68234956
0.52539814
0.57527566
0.85686994
0.6040194
0.6216444
0.6207299
0.46287203
1.1976211
0.94896054
1.1913342
0.88485026
0.8278365
0.53944683
0.8266933
0.7676047
1.2536049
0.7429471
1.1422513
0.45955908
1.3506198
0.6627579
0.10976553
0.6260582
0.5124543
0.29258108
1.8795574
0.5509335
0.81735754
0.78727293
1.1119046
0.94208896
1.0822198
0.86492074
0.4840938
1.6279464
0.5830132
0.7688054
2.4947054
1.2871721
0.8492311
1.7070272
0.8874066
0.49743497
0.6217849
0.91157293
0.84516287
0.67288995
0.47393405
0.90233433
0.3431462
1.1712513
1.3818059
0.9251065
1.1546929
0.6425704
0.53584385
1.0201824
0.83542144
1.0580611
1.1727998
0.87460756
0.4462607
1.1621335
0.9311166
1.478555
0.267529
0.85232115
1.0364287
0.43785203
1.015245
1.2264657
0.61409664
1.187434
1.2622399
0.8502488
1.0329933
1.3665354
0.7720214
0.77203214
0.45253932
0.40674675
0.87251115
1.0191839
0.7564428
1.3144326
1.4320765
0.67175233
0.677343
0.45072222
0.76532817
0.97624373
1.1469576
0.58939254
0.57641447
1.0123186
0.87891674
0.8783941
0.8604233
0.647292
0.7051518
0.5780922
0.8948957
0.6035963
0.61305964
1.0520308
0.5244479
1.1760533
0.7927766
0.7952466
0.7763339
0.5549115
0.9900403
1.4502325
0.9564414
0.9053402
0.7785914
0.90623856
0.69701195
1.003845
0.52348375
0.6883162
0.79674876
0.777846
0.6852896
0.7030016
1.096458
0.6276319
1.7548835
0.782176
0.7580941
0.66246426
0.34297264
0.7736194
0.29440093
0.6870928
0.5919633
0.40169406
0.46828365
1.2606411
1.0276933
1.1816745
1.0056415
0.90983033
0.8768363
1.1483705
1.1310971
0.4242339
1.5900702
0.52373564
0.9309964
1.2645121
0.824533
1.1791115
0.5150608
0.17257142
0.6647434
1.0515113
0.5785819
1.404835
1.1715679
1.4177837
0.8194803
0.8456162
1.1414886
0.6596879
2.0095203
0.6909323
0.49136686
1.0669687
0.8486116
1.5158901
0.64528966
0.5981803
0.51501644
0.69260025
1.3308744
0.9763341
0.43919218
1.1697142
1.0925858
1.0514343
0.87120295
0.94200397
1.5490053
0.5336007
1.0067861
0.64068866
1.1991348
1.148339
0.5945066
0.8938205
1.4517388
0.7484751
0.98226213
1.2113087
1.5568755
0.37435234
0.9965384
0.53416646
1.6731098
1.3092089
0.9755111
1.0634882
1.7350171
0.16903186
0.57301617
1.2449493
0.7843697
1.2790751
0.52640486
0.650882
0.7900113
1.131038
0.47254944
1.089071
0.3917899
0.9018203
1.3263392
0.9327612
0.74493635
0.8039584
0.9828825
0.2435093
0.9322126
0.38933372
0.8643515
1.1996517
1.8570116
0.82632494
0.96433973
0.48121846
1.6773214
0.69628394
0.6079079
1.9304082
0.5290748
0.7337562
0.67560554
0.7953967
0.8449714
1.2385001
1.1139164
0.44187272
0.57329106
1.1542008
1.1248915
0.9779582
0.6992569
0.8539376
0.37874115
0.85456705
0.7614783
0.8517631
1.3733289
0.15687597
0.7104305
0.54098916
1.5744462
0.7798346
0.43733215
0.31548774
0.013815165
0.7858845
1.1096838
0.79781556
0.58070016
0.26251304
0.5651823
0.37224698
1.2769728
0.77242565
0.34924924
1.5586236
0.45446324
0.6857457
1.0712695
0.8736911
0.8016505
0.7470391
0.9031682
0.5568484
1.0517447
1.0675328
0.8963897
0.42422175
0.66153467
0.80225646
1.3874009
0.7096596
0.8388274
0.5496086
0.91559553
0.5666462
0.7410672
2.033143
1.3829834
0.82361364
0.8311534
0.41749024
0.5367775
0.44309413
0.3069011
0.39729726
0.39482844
0.5249773
0.77451825
0.93562603
0.5174769
0.6205095
0.78855014
0.8458142
1.0872443
0.5467789
0.8419738
0.9953642
0.46448696
0.2611767
0.7885165
1.3543017
0.47335815
0.79419327
0.543674
0.64421797
0.9794128
0.59554374
0.4256029
0.5677916
0.71582186
0.47403598
1.1356544
0.63773215
1.2840383
0.53829753
0.7682674
1.0591486
0.86311674
0.67320895
0.67326725
0.77991724
0.9614141
0.5093273
0.9294219
1.0832541
0.891449
0.73785377
0.9481971
0.8084116
1.1308448
0.50968814
0.73298407
1.243988
0.20635104
0.86421907
0.61465955
0.70801306
0.77775776
1.5962698
0.67062366
1.2409201
1.2242548
1.1335089
1.1104498
0.80894065
0.4062351
1.2137773
1.0933926
0.5059762
0.63169813
0.68536556
0.20536542
1.061686
0.63358414
0.8637116
1.0527239
0.49595606
0.86947536
1.1885643
0.9195783
0.53725386
0.25221336
0.65909207
1.0828257
1.4112647
1.0551443
1.5450218
0.7050592
1.2068396
0.77144396
1.0815067
0.66687214
0.7136406
0.22300267
1.0185697
1.2700291
1.2656562
0.8125932
0.87352085
0.9747932
1.3873129
0.83031154
0.9717345
0.6238835
0.7190558
0.5986644
0.72352505
1.1453636
0.72075236
0.6801419
0.5487163
1.1653085
1.2689757
1.3689194
1.583426
0.95826936
0.9699836
1.3507719
1.3845844
1.0856514
0.59206676
0.7238085
0.32943606
1.2516124
0.5686945
0.8025081
1.2392616
1.0676978
0.963084
0.59648955
0.23963106
0.20049715
0.94711375
1.2812283
0.6209191
0.3062513
0.5604919
1.0167744
0.92315745
1.1877613
0.8943026
0.8844712
1.0357239
0.8685124
1.0729012
0.9016955
1.555532
0.7337451
0.7691015
0.22578943
0.8123088
0.43943655
0.6314546
1.8231544
0.6587069
1.1827261
0.72394216
1.091464
1.5570138
0.75229883
0.78680766
0.7706175
0.3428985
0.35703874
1.0206953
0.7663845
0.47407937
0.92995024
1.4887602
0.59628093
1.1114159
0.60620844
0.77584803
1.4174881
1.1199605
1.041851
0.89324474
0.46693528
1.2154856
0.28314245
0.8567574
0.6770289
0.9294374
0.77437663
0.9589695
0.2362442
0.74199057
0.6103604
1.0340724
0.756325
0.46029806
1.0668914
1.0658789
0.729758
0.89447546
1.0456758
1.0509858
1.3359435
0.43864775
1.433929
0.64181376
0.6640239
1.1748378
0.63245773
0.7812872
0.23809266
0.9404118
1.0799644
0.5030359
0.9992132
0.31836796
0.6516665
0.5887673
0.8463725
0.8079643
0.90761495
0.70588434
1.4753566
0.9563124
0.811792
0.9783459
0.4842087
1.2043626
0.60432124
0.9591832
0.752278
1.132477
0.40936208
1.3266118
0.45968354
0.71308386
0.32531595
0.7634275
1.2659025
0.6115562
0.9663768
0.68677497
0.7632252
1.0337453
0.9499333
0.25445008
0.9844575
0.63578725
1.08743
0.572525
0.861526
0.79453206
1.1699476
0.0044277906
1.5233848
0.10610747
0.6214721
1.3517969
0.82759035
0.85257065
0.2472167
0.574677
0.5129876
0.45398617
1.3771403
0.93301535
0.7899337
0.059389353
0.8167949
0.307796
1.1455753
0.5804758
0.57723117
1.5460565
0.7498963
1.6553814
0.31690693
1.056371
0.64618003
0.82476044
0.84472775
0.57986474
1.1060779
0.66981256
0.98142934
0.71310186
0.526436
0.9304563
1.0938971
0.5668675
1.1137242
1.3492143
0.920176
1.0014901
0.60762084
1.2526054
0.8010819
0.7870257
0.6715907
0.7846867
0.8980143
0.6170263
0.747368
0.7103493
0.658504
0.3073486
0.6605675
1.6870086
0.07513511
1.0382009
0.36913943
0.81029034
1.2869949
1.200083
1.0029163
0.66405654
0.83827305
0.52273774
0.33191466
0.625442
0.64896286
0.9757917
0.8202851
1.1830225
1.1864607
0.88051534
1.2362785
1.4231534
0.7256752
0.75811803
1.3860414
1.1422937
1.7424245
0.625348
0.84822226
0.75522125
0.64298415
1.1461351
0.90140486
0.62808716
0.38942313
1.3261774
0.5658313
0.54287994
0.50013256
1.4784379
1.0852993
0.49873996
0.73774385
1.1059039
0.47809458
0.7955456
0.21530461
0.21330559
0.19372249
0.83131385
0.99938154
0.7167721
2.1699548
1.230459
0.56116533
0.50357306
1.2107766
1.1395423
0.8490417
0.9324491
0.7889463
1.417043
0.91402245
0.7618135
0.89741826
1.0205219
0.42091548
1.1999965
0.6793014
1.3990877
1.3631887
1.3862255
0.8361747
1.1630397
0.85045576
0.6292608
0.588223
1.1672103
0.20055342
0.9499202
0.25423765
0.40534604
0.23573077
1.856138
0.50451624
1.0550892
0.5841962
0.8558786
0.8813579
1.0991869
0.7040527
0.049436927
0.7309351
0.47462976
1.0395939
0.6325817
1.2888911
0.62937784
1.2177489
1.3296545
0.43012643
0.88707244
0.48132086
0.31766152
0.7319633
1.2011831
0.49051642
0.7384304
1.3284228
1.3391628
0.66096115
0.7834828
1.8389845
0.9160595
1.8094864
0.6475365
1.0492258
1.3179841
0.68686795
1.0308604
1.2602134
0.71055615
0.8269553
0.15920603
0.65155315
0.44840384
1.1666918
0.36888242
0.9676454
1.1506636
0.61471117
1.1270623
0.92559075
0.6574539
0.8714125
0.4639386
0.96952987
0.47087884
0.8442478
0.69649184
1.1841078
1.1977036
0.7826377
0.95787513
0.7503518
1.2416892
0.19714785
0.7481743
0.7883916
0.7444992
0.7260233
0.7947062
0.70817924
0.79764557
0.6079805
0.65132785
1.4143481
1.0598722
0.4554478
0.84592056
1.3722355
0.6168275
0.7394426
0.5286639
0.5020368
1.1085284
0.48183358
1.0228972
0.9583566
0.9404943
0.8741641
0.0030015707
0.8612702
0.30796683
0.71038973
0.8460207
1.0914271
0.583071
0.15802574
1.4864569
1.0724413
0.8836614
0.42097867
0.82385707
0.9423404
0.81088877
0.6232525
0.676056
0.741408
1.319222
0.75305593
0.7721442
0.7512448
0.88909864
0.87093234
0.7839589
0.9716635
1.074861
0.80994725
1.9138064
0.2528857
0.6696634
0.31018233
0.81251085
0.8207617
0.06008339
0.60167277
0.20607734
0.6875769
0.8544736
0.8417051
1.5121303
0.37738955
0.7256503
1.018507
0.93180466
1.4587231
0.8015888
0.56656003
1.2147834
0.7914655
0.4413749
1.0693908
0.40658998
0.45015347
1.4099841
0.60527384
0.96451426
0.8361747
1.1212652
0.831305
1.324045
0.9982612
0.24209356
0.4269507
0.67035997
0.5180242
0.3600844
0.9594617
1.0096076
0.04073143
0.9149451
0.9340308
0.57040465
0.030318618
0.8712038
0.7714137
1.0311246
1.2867959
1.1167483
0.87251186
0.9126692
0.5161314
1.5750105
0.50992095
0.5843762
1.2258735
0.92376065
0.5088706
0.4455005
1.4221356
0.48980296
1.0232196
0.4748193
0.64656067
0.69714534
0.50013924
0.16822386
0.5779637
0.77556515
0.73416734
0.7790134
1.3775282
0.467605
1.560988
0.73955464
1.46774
0.72652483
0.91568995
0.75803614
0.33766878
1.060776
1.3861668
0.5834274
0.9747546
0.71492016
0.58868337
0.27674174
0.9239955
0.22691512
0.60695875
0.8719146
1.0694108
1.0061326
0.9304552
0.10288143
0.739555
1.2608273
0.5457097
0.46548367
0.48353934
0.489123
0.62948203
0.20507348
0.65977
0.5956371
0.8324759
0.38728356
0.6695068
0.38262713
0.6344906
1.7409723
0.9447949
0.2732861
0.73468924
0.994195
0.8083379
0.9770231
1.2009215
0.58245623
1.0602531
0.872923
0.7624768
0.5652392
0.8307476
0.9338243
0.9748266
0.5437349
0.2205714
0.6973671
1.2703898
0.6804888
0.82306933
1.4619789
0.5374454
0.2742201
1.2397692
0.55955803
1.3777921
0.98270154
0.66488934
0.3288318
0.31815338
1.099668
1.7234695
0.40757954
0.7662678
1.0724232

8.457583
10.360228
11.230611
11.760558
11.389641
11.400566
9.682326
11.731463
12.097813
13.252386

