2.3240452
2.5411556
2.7365353
2.4621408
1.5641314
3.4965684
2.6263225
1.9184167
3.253155
2.6708765
2.6942804
2.9070718
4.0682616
2.100934
1.4229859
2.2398462
3.483603
2.349632
2.2384834
1.8858242
2.9887812
3.5637422
2.4272103
2.2363791
2.9346638
3.7527962
3.056269
2.6251118
2.2989848
1.827065
3.844894
2.6445422
3.4672248
2.0958667
2.2574785
1.8293684
2.1440105
2.829089
2.9126425
3.7999976
2.658177
1.8798944
2.7250776
2.4622328
2.6926208
3.2584386
3.7626088
3.138455
3.695337
3.1777496
3.7691798
3.0023775
3.511219
2.1392748
2.9187431
3.4843736
3.7045763
2.6231937
2.7035122
1.7325778
2.5454955
2.0282643
2.425522
4.5022407
2.639807
2.3150275
2.7767508
4.5875764
3.5932155
3.5774553
2.9351656
3.1663306
2.4979866
3.0427446
1.8894261
3.2066834
2.2898479
2.8876867
2.737096
1.7789541
2.681579
3.7359447
2.5333543
2.4079592
2.2362988
4.027583
2.5474966
2.8682387
2.6781435
1.9226091
3.7847352
1.8846251
4.328315
3.2528133
2.5525494
2.848177
3.1956892
2.44834
2.4809384
2.4213395
3.7390401
3.2439303
3.3776379
1.8101
2.757789
2.38327
2.7391078
3.525084
2.4026728
3.0951886
3.0017617
3.4806259
3.0499945
3.8495557
1.9602194
2.8796625
2.5297177
3.0576122
2.028064
2.4448614
2.3070304
2.005551
3.5972404
2.7150686
3.0365071
3.237499
2.4667304
3.6125488
3.635178
2.6001155
2.062851
2.3386261
2.6856258
2.7864723
2.830156
2.5418794
2.9389603
1.8230854
2.0766182
2.3336926
3.722207
2.6031852
3.0652163
4.4403496
1.9248862
2.625087
1.8081694
2.933419
3.0576897
2.7597167
3.7462718
2.239561
2.7099254
2.1348267
3.2788491
2.6267033
2.9948106
3.754431
1.9630128
4.1723013
1.9000372
3.796439
3.333274
3.625319
2.0359237
2.7515712
3.7334125
2.6635277
2.8639576
2.4553638
2.7373388
3.2828567
3.0626132
2.11015
3.2304285
3.3991075
2.7889962
2.622401
2.127622
2.642419
2.1710963
3.6943097
2.6303632
2.4486773
3.3426785
3.5261118
2.2581325
3.0935571
2.776341
2.6991675
3.9744513
2.837025
3.3048747
2.8416953
2.9322588
2.0665433
2.6165347
2.7764878
3.9349375
3.101504
2.6457746
2.3705988
3.9224133
1.9213108
3.0817552
3.394693
3.0037658
2.9607549
3.7447042
2.6138947
3.1964052
3.052358
2.429224
4.2225285
1.552298
4.3492975
3.4383335
2.122238
2.2313757
2.2796009
2.2201755
3.7934773
4.1494975
3.243318
2.7732534
2.9014208
2.2536352
2.374891
2.9689121
2.3956604
2.7796612
2.0859222
3.1008239
1.6163181
4.7326074
2.3007305
2.4662619
3.5202186
1.7025272
3.146715
2.8556068
2.0101182
2.2370384
2.5552588
2.2064745
2.5193794
2.6556768
2.2633836
3.790119
2.2890663
3.6117961
2.2364416
2.5934587
4.0345726
2.323771
2.0105379
1.9573753
2.5373192
2.241091
2.7988098
3.8098664
2.0086331
2.898557
3.0572476
2.8079531
3.4423048
2.4962003
3.5916867
2.7606692
2.9008782
2.2121341
2.2426171
3.9235241
3.6875074
1.7878225
2.783562
2.6200187
2.6314816
2.1544092
1.7468134
3.182673
2.1198564
2.950915
1.9477257
2.2670152
2.973693
2.5528934
2.8057773
3.6584895
3.4567072
2.8317804
1.8686376
3.428802
2.4990861
2.296611
2.8671284
2.5536778
3.4242601
2.858307
2.265341
3.352359
1.4268568
2.4020126
2.521201
2.1971254
4.3279414
2.2162983
3.149386
2.9751558
2.4811566
2.9597876
2.9822474
2.2719448
3.1723564
3.5225456
2.7415771
3.1048934
3.0876007
3.0163867
3.8806515
3.0700934
2.9516191
2.6123083
2.8565037
2.532014
3.8268628
2.4154587
3.2266386
3.7970514
2.2097363
3.0583096
3.0442936
3.3963816
1.831989
3.1079226
2.9229069
1.7310914
3.1423857
1.85263
3.8324597
2.8886409
2.4178932
2.4913776
3.8394225
2.0359979
2.6771324
2.5111415
3.1816866
1.6869189
1.9432487
3.422392
3.1732328
2.6165998
2.9071844
3.0934408
1.8185229
3.141892
2.6810436
3.2879918
1.5674057
3.3015263
4.205314
3.9308875
3.062261
1.6283263
2.8921459
3.0365357
2.8774402
3.110883
4.2552776
3.6151435
3.734068
2.2666535
3.5602183
2.4602222
3.3482041
2.8297713
2.272604
3.4810762
2.566265
3.0629842
2.6404648
3.9620395
2.06881
2.606854
1.7479821
3.2851977
3.2851772
2.6852167
3.7499328
4.5486555
1.6153996
2.7775073
2.7026184
3.8492696
3.0767987
2.9998426
3.2563808
2.840477
2.8007848
3.6115043
2.6802144
2.2245204
2.605306
3.6050394
2.7486057
2.8762212
3.137172
2.9274235
2.3210738
2.922183
3.2984335
1.9350351
2.5637708
2.4603314
2.2787027
3.0299494
2.9300516
2.7666495
2.1882854
2.0560029
1.9067569
2.4507914
3.4275076
4.2975802
1.7339417
2.0091758
3.503649
3.383977
1.5548378
2.3457854
4.2074537
2.7203543
2.455631
3.063652
2.4983866
4.788587
2.1137934
3.151997
3.8396893
5.4918957
4.3222623
4.154682
2.288284
3.1038187
1.9172313
2.8874385
3.4013524
2.8025727
2.524923
6.2958713
3.4861672
3.0471346
2.6089113
2.3416276
3.2325878
2.4458039
2.9574478
2.64061
3.909388
2.217588
3.0006528
2.6607604
5.3132353
3.7760658
3.4441216
2.112232
1.9213132
2.9899566
3.962413
2.4718835
2.7340307
2.39125
2.17022
3.1796532
2.7401578
2.921377
3.3014398
3.2769175
2.3144996
2.2644265
2.3713267
3.0083213
2.9826689
1.7954508
2.075726
1.8044593
3.20678
2.628227
3.7373424
3.5961144
1.8217673
2.7457824
2.9171407
2.407836
2.2702231
2.3223822
2.9368956
2.8648129
2.910475
3.2761767
2.3661423
3.3561096
1.8496537
3.2400455
2.6788864
2.368423
3.336499
2.54033
3.6906543
2.8597684
3.3746104
2.4798565
1.6685984
1.5863262
1.6629121
2.5027952
2.69639
2.932652
2.7852268
3.0686176
1.8442945
3.606747
2.5555897
2.599317
2.7694292
3.09024
3.998003
3.0707166
3.5129662
3.2770333
2.6017907
2.626041
3.1513994
2.4332044
2.7610745
2.4275515
2.537303
2.0411384
2.8496008
2.999333
3.2260377
2.5274117
1.7363049
2.3879693
2.643753
3.3628254
4.2437305
2.240631
3.3974428
2.7925072
3.2218633
2.8804977
4.036925
2.160202
2.3030992
2.1265934
1.7116244
3.6078768
2.7742553
2.8543773
4.002222
4.949175
2.428589
2.5035138
2.1896272
2.752605
2.2841084
1.5208907
4.2546554
2.6815884
2.7720537
3.162395
1.7914873
2.492684
3.176014
3.6254587
2.3665729
4.23794
2.6862345
1.818216
2.6017327
2.5459285
2.2250726
2.9678614
1.9779382
2.9441476
2.825733
2.7868538
3.8687508
2.4202595
3.501778
3.1642606
4.4161954
2.4693935
1.9970944
2.5355186
4.9382405
3.8795054
3.1727757
3.5285835
2.8439715
2.3807292
3.4279304
3.5098956
3.1663241
2.4368117
2.6297505
2.9347124
2.947934
2.0437193
2.1232693
2.1958425
3.290333
3.114527
3.507711
1.9457377
2.68277
2.595199
1.6519265
3.9721158
5.025923
2.269143
2.353501
2.8211403
1.7648981
2.4606323
3.0900164
2.5507407
2.3669314
2.849198
2.1427433
2.6555932
3.7851303
2.3564057
2.7946415
2.1536376
2.4739213
2.7968678
2.4803915
1.8516301
2.722129
1.9812535
3.6286817
2.628369
2.341078
2.0428586
3.5787125
2.4402275
2.9162455
3.9921553
2.9881952
2.0922096
1.9347924
3.017381
3.038934
2.788444
2.778757
2.8445807
3.3714373
2.7509875
3.099561
2.9781425
3.3829865
2.3550448
2.4560292
3.1651752
3.8352385
2.7795324
2.5788267
2.4268205
2.3770502
2.274091
2.7272136
2.7840712
2.0091472
2.1349564
2.8115785
2.845852
1.9297345
2.1856792
2.778006
2.7502952
4.0868993
2.0409794
2.986401
3.6226752
2.7557497
1.7515622
3.1087372
2.8460057
2.6041849
2.3300393
3.5537274
1.7111348
3.360177
3.2771895
4.7149487
2.2657554
4.82917
3.2557423
2.5033762
1.9774396
3.068352
2.666799
3.292363
3.7035396
2.3563452
3.0165737
2.5495498
2.7765484
2.1072116
3.4428384
3.7368844
3.0919795
1.6606475
2.16339
2.1001968
2.8375056
2.076775
2.454606
2.3512611
3.3812714
2.9188452
3.7371395
1.6586113
4.24981
2.575721
2.6444812
2.415756
3.7717726
2.2223318
2.1837027
2.042476
2.9337199
2.6148653
3.0816057
3.5689504
1.528586
1.6025774
3.0262933
2.6011534
3.0095267
2.6638052
2.4701235
3.519929
2.6836772
2.4524155
2.6037564
2.2486491
3.2704577
2.966317
2.5864143
2.736981
1.9949976
2.2606156
2.5113764
1.9293138
4.118671
1.7853217
2.5761347
2.6313117
4.356068
1.9063311
2.5644903
1.9648356
4.390431
3.4383433
5.2753754
2.232023
4.1713977
2.844425
2.850693
2.0043423
1.969929
2.7950625
2.3409
4.0510144
3.1275203
2.3595185
2.9363945
2.8769784
2.7233717
2.9767709
3.3393362
2.2238724
2.763475
2.4615376
4.378892
2.0416834
4.6072793
4.334284
2.174436
2.460856
2.660335
3.790199
2.4380772
2.0396194
2.6846368
2.471066
2.8852556
2.3505325
1.9401101
1.7716694
2.741059
2.6246257
2.115829
3.0280256
2.9757805
2.403168
2.8126903
2.0234523
2.6497154
3.5746932
2.702287
2.666416
3.5544834
3.152776
2.540289
2.801991
2.428351
2.5694778
2.4790003
1.9827973
3.052816
1.8622077
2.7151625
4.102506
3.7455366
2.6207016
3.4676049
3.3013146
2.5907645
3.1121159
2.3269064
2.5812225
2.4640326
3.1572862
2.0556865
2.950014
2.2052104
2.3185678
3.277356
2.0932922
2.4775753
1.9594448
2.173523
3.2443504
5.154487
2.4922762
3.770599
2.441198
3.1960685
2.1659462
2.594765
4.416385
3.0904582
2.8065763
3.5257924
1.7203805
2.648514
2.1166837
2.68788
2.5984113
2.249438
4.0687985
2.3873103
1.5713916
2.8664372
3.4106967
2.4703166
2.5958152
2.4720302
4.9973226
3.495768
3.1983356
2.6231117
3.3186636
2.3951044
2.724929
2.1302772
2.4305222
2.0128348
2.8843815
3.6248584
4.053098
2.572869
2.4218583
2.8686116
4.7405267
2.2594225
2.53554
2.6509259
3.1258922
2.755305
2.4545183
3.1373925
3.2646918
2.2604644
2.530353
2.7908428
3.2651007
2.7410293
2.6872988
2.7461202
3.180306
2.8490245
2.8629587
2.9727068
2.5776844
2.7374382
3.567747
2.4795578
2.576088
2.5231407
2.4012089
2.6896703
3.0321717
1.8490855
2.3174913
2.1465852
4.528775
1.9144932
2.3400304
3.7220702
3.8970504
2.4949028
3.888135
3.08275
3.117231
3.5483062
2.4524386
2.879644
2.5697417
3.1758504
3.0341253
4.265572
3.411665
2.3762798
2.4725153
2.5281184
2.455718
3.1608944
2.9114888
3.2486386
3.3959017
3.1526616
2.7129996
2.480799
2.8160017
2.1521473
2.1689565
2.5998225
2.3610582
2.469185
3.3819633
2.3591487
2.3385723
2.9370613
3.15169
3.001701
3.7600486
3.7608795
2.2806711
2.6391609
2.848175
3.2023523
3.0845804
2.795016
4.289329
2.2830303
3.2900229
4.4895396
2.923489
2.1389549
3.0482516
2.9094887
1.6874174
1.7334504
3.9988909
3.6747932
2.3195558
2.6276975
3.3896563
4.2940593
3.4456937
2.5935965
2.4482033
4.455706
2.497251
2.0436473
1.7992786
3.8718688
2.2405956
2.3859925
2.420184
2.4553986
2.5059166
2.0302765
2.068193
2.8044086
4.3948407
4.1758175
3.217021
2.9124792
1.9435508
2.1849058
2.7254357
3.3112118
1.4761665
2.879169
1.6441625
3.5600443
2.5020907
2.7224264
3.6816766
2.6007965
2.3309476
3.3875034
3.3959634
2.8456132
3.3112261
3.2476616
3.0932896

19.456312
23.348087
25.528296
26.535786
26.000278
26.08558
22.119387
26.547997
27.283373
29.810047

