0.80972564
1.0007342
1.1601768
1.0065659
0.022547483
1.9324257
1.1452229
0.49692512
1.7296096
1.1875455
1.2392422
1.3483454
2.4599297
0.6430824
0.0044136047
0.7139137
1.9498894
0.8436427
0.7396604
0.2912866
1.4718578
1.9319614
0.8912995
0.8260466
1.4563179
2.111212
1.5135697
1.1218342
0.828905
0.37228298
2.2569585
1.1469678
1.8357686
0.60801387
0.7788228
0.34998953
0.69626164
1.4189959
1.4059317
2.176734
1.1224877
0.41671765
1.206233
1.0495057
1.2180402
1.6982015
2.1261747
1.5980855
2.0299215
1.6186635
2.1270356
1.5128429
1.987198
0.66609716
1.3318954
1.9569254
2.0599017
1.1191959
1.2133551
0.2573644
1.0473295
0.60805416
0.87998044
2.6480684
1.183567
0.8365214
1.2562106
2.8231807
1.9563323
2.0243685
1.3567028
1.6041043
0.9894502
1.5000976
0.44978774
1.6326506
0.8317963
1.3765541
1.1961403
0.35270357
1.11743
2.1273549
1.0644081
0.9130721
0.7390202
2.3944526
1.0413096
1.3188046
1.1640909
0.47135627
2.122778
0.48288083
2.6782684
1.6726604
1.0909227
1.3811674
1.6093726
0.95472944
0.91590357
0.8987539
2.1264038
1.7325222
1.8516265
0.34041226
1.2290267
0.8641294
1.2051393
1.974367
0.8805945
1.5963672
1.4601222
1.9400557
1.5008248
2.2770655
0.5409453
1.394704
1.0850743
1.5117899
0.54633594
0.9484706
0.7465012
0.54389215
1.9989657
1.1705706
1.5107193
1.7188512
0.94257605
2.0348525
2.0792038
1.1212227
0.5718825
0.84412086
1.1924919
1.3254943
1.3265952
0.9946127
1.4539452
0.3279953
0.5983044
0.83337307
2.1070092
1.1186857
1.5718734
2.7768166
0.4716673
1.0948519
0.35324955
1.4763235
1.436711
1.2834452
2.118802
0.7418488
1.2054614
0.6569698
1.7310071
1.1292816
1.4770962
2.1359167
0.49614203
2.5750384
0.43652833
2.1275258
1.7208395
2.0371366
0.60917056
1.2772449
2.1632223
1.157407
1.3652886
0.9400492
1.2238021
1.7231448
1.561638
0.6585345
1.6672009
1.8636705
1.2199042
1.0551907
0.7113445
1.1682297
0.71067965
2.1065354
1.1584392
0.9354565
1.7092909
1.8956224
0.7875557
1.5625415
1.2632793
1.1594037
2.3437428
1.3203481
1.767222
1.3132638
1.3812884
0.5699855
1.189798
1.232104
2.3546505
1.6329694
1.053979
0.8462932
2.3076715
0.45952773
1.5826715
1.8830668
1.539252
1.4105327
2.1747952
1.120945
1.6537242
1.5197679
0.96074736
2.5593853
0.1127485
2.7044582
1.8644792
0.67424357
0.75770473
0.740188
0.73610866
2.2142003
2.5920854
1.7202355
1.320971
1.3669804
0.78600764
0.94948375
1.4444611
0.9069177
1.2799386
0.6048478
1.5146136
0.22733426
3.1583714
0.847057
0.9321289
1.9832205
0.29607582
1.5961386
1.3493302
0.5435451
0.7554493
1.1058646
0.7482213
1.0667126
1.1109791
0.74024916
2.1899028
0.91611445
2.0362253
0.77910495
1.1356122
2.4555202
0.83596146
0.5651554
0.5020939
1.0782095
0.78352726
1.297293
2.1339447
0.54176676
1.3073148
1.4989603
1.2845912
1.9270004
1.0102433
2.0156755
1.2614008
1.3775254
0.790851
0.81878924
2.2610085
2.0939536
0.36544466
1.2352911
1.1110779
1.1027123
0.63616717
0.23447669
1.6485558
0.68303835
1.3757023
0.53004324
0.7851255
1.4402244
1.0885053
1.2825636
2.0590885
1.9148743
1.3479941
0.48580503
1.825981
0.97829425
0.83929825
1.4365629
1.0293103
1.8842763
1.348417
0.8011961
1.6976751
0.014898181
0.9189347
1.0421416
0.7351359
2.6767097
0.8063419
1.6475986
1.4434988
0.9984273
1.4625437
1.4074067
0.85848904
1.6060692
1.9373183
1.232038
1.5786121
1.5412779
1.4473251
2.251474
1.5268228
1.4361815
1.1421943
1.313344
1.0931243
2.262477
0.9154506
1.6722472
2.188335
0.72952914
1.5614169
1.4414223
1.7816182
0.37452185
1.5485326
1.4402261
0.30640388
1.5645362
0.3699355
2.2536411
1.3233345
0.926237
0.9718071
2.2538683
0.58139277
1.1377562
1.057547
1.6561203
0.22031403
0.4783461
1.9319183
1.6020571
1.0300813
1.4521608
1.581712
0.35891318
1.633058
1.1873567
1.7135783
0.20557535
1.771581
2.5433774
2.3195343
1.5298215
0.19658339
1.3455824
1.4753361
1.3860716
1.5147352
2.6581984
2.0134401
2.1204739
0.773064
1.9319952
0.9885709
1.754641
1.3214338
0.79084206
1.8280257
1.0486861
1.5163798
1.1082146
2.3084435
0.6447263
1.169802
0.24200976
1.7099725
1.8277019
1.173181
2.168076
2.8215895
0.20728707
1.2413491
1.2599787
2.2780168
1.518311
1.5595226
1.6895975
1.2454566
1.3174044
2.0031514
1.2431059
0.8134917
1.0599738
2.000573
1.2016717
1.3912212
1.6040875
1.420664
0.9089062
1.4086071
1.7154654
0.48573887
1.0685296
0.9881121
0.8153269
1.4715666
1.4777024
1.25897
0.8166082
0.5868981
0.5122168
1.0299197
1.8346137
2.65838
0.28388202
0.45369887
1.8106517
1.8320616
0.10799396
0.8413367
2.5632684
1.2472425
0.9665786
1.5066983
0.9830549
2.989362
0.69742346
1.6305687
2.189331
3.669621
2.6135337
2.5084295
0.7693857
1.5650463
0.4855882
1.4098883
1.8460218
1.2639642
0.99381614
4.3434567
1.9569712
1.5187145
1.0647874
0.8624718
1.6511331
0.9962665
1.3997229
1.1223772
2.241953
0.7453841
1.4596088
1.1382248
3.4801447
2.1504989
1.8505722
0.6546838
0.4130777
1.433814
2.302722
0.97699916
1.2990268
0.9092829
0.7532053
1.6593214
1.173004
1.3889647
1.7245482
1.6844397
0.8602513
0.7644545
0.8648298
1.4137224
1.5283954
0.33213067
0.65733624
0.3601036
1.690311
1.1389194
2.1782086
1.9584569
0.4282993
1.2620199
1.3932532
0.91703033
0.8033806
0.7913425
1.4044776
1.3057901
1.4068489
1.6567721
0.86164343
1.8254809
0.3583001
1.6690062
1.2106308
0.9348314
1.7533445
1.0345782
2.0090666
1.33819
1.8045567
0.99216366
0.23427904
0.16368258
0.21430218
1.0090858
1.1919479
1.3072085
1.2876838
1.4793333
0.44310212
2.1034982
1.0543108
1.1476253
1.3037323
1.5433869
2.3798547
1.537184
1.9812005
1.6691787
1.1052347
1.0999261
1.6246738
0.87685597
1.2556801
0.9672096
1.1087481
0.6504495
1.3244435
1.4696097
1.6611555
1.0346138
0.31329346
0.88654315
1.1436471
1.7696012
2.6456327
0.7224566
1.8166484
1.2555795
1.6508813
1.37229
2.3468688
0.646142
0.72637653
0.7111871
0.23971581
2.0489416
1.2151216
1.3704897
2.2271185
3.1697404
0.9633192
1.0131385
0.75081575
1.326475
0.79692125
0.047380447
2.4998608
1.1683433
1.3293238
1.5939529
0.31804955
1.0179974
1.6284764
2.0460837
0.8623414
2.618368
1.1826218
0.3885249
1.0986872
1.1227198
0.70588815
1.4131213
0.47999
1.3793424
1.3191793
1.2682885
2.2998898
0.92564106
1.961544
1.62978
2.6144655
0.9525709
0.59773326
1.0571012
3.145832
2.2710624
1.6492412
1.861602
1.3558098
0.8602365
1.971703
2.0164585
1.5700476
0.95809543
1.0854385
1.3442906
1.3122246
0.6229054
0.6913767
0.7140479
1.7349136
1.5407459
2.0266843
0.48795533
1.1877543
1.0390915
0.19194555
2.3046172
3.2393894
0.8062407
0.8490981
1.3623998
0.38072932
0.95152247
1.4745643
1.0629462
0.87852573
1.3101429
0.7130672
1.1434623
2.2089639
0.8673872
1.2772368
0.7362524
1.0063964
1.3185476
0.94103694
0.44453776
1.2690032
0.5216224
2.0005152
1.1048664
0.93627024
0.5388588
1.9436389
0.92500603
1.4265733
2.2607985
1.4310828
0.6916406
0.48043478
1.4624716
1.4765272
1.221989
1.2906426
1.3499441
1.7436059
1.2451919
1.5464962
1.479337
1.8457677
0.9044572
1.0165511
1.6320814
2.3305712
1.2438717
1.1220138
0.9338846
0.8825511
0.76876175
1.2237794
1.2244693
0.52326584
0.6956229
1.219174
1.28312
0.476035
0.7073237
1.242959
1.2831974
2.40655
0.6469073
1.4517214
2.1182814
1.315439
0.35941803
1.5516254
1.2764261
1.108642
0.82085633
2.026218
0.257702
1.8346823
1.7242882
2.9579272
0.8136848
3.1238623
1.7451878
0.99332035
0.52988696
1.4963162
1.1613948
1.7903513
2.1017072
0.9530591
1.5159432
1.0558585
1.277824
0.6080097
1.8650857
2.1656399
1.4548103
0.24937558
0.7345593
0.60657465
1.391806
0.6319158
0.9829619
0.89257884
1.869091
1.4362698
2.1633308
0.15113795
2.500815
1.1488825
1.169182
0.932588
2.1131103
0.809302
0.67863846
0.5752629
1.3863338
1.1083622
1.5300746
1.9918319
0.11481655
0.18246281
1.4951735
1.1547468
1.4776083
1.1580731
1.038561
1.9311905
1.1938503
0.96433115
1.0784531
0.83699894
1.6713045
1.4873537
1.1234416
1.2416517
0.5914397
0.7331722
0.99724376
0.4469204
2.457328
0.32879996
1.0515853
1.1201183
2.7599254
0.26799726
1.0304173
0.55453813
2.6902595
1.8639112
3.4120398
0.7334852
2.4524708
1.3597502
1.2954959
0.60090446
0.53477335
1.2920712
0.84138787
2.4977913
1.6123037
0.8392862
1.3581015
1.3268214
1.2656677
1.5147096
1.7720839
0.7673551
1.2475569
0.93070316
2.6812615
0.5661998
2.822651
2.64289
0.7127621
0.9498519
1.1071198
2.1789267
0.9516908
0.5833541
1.1726722
0.99756944
1.408898
0.8815763
0.48137033
0.32281196
1.2787703
1.0940489
0.6683425
1.5132014
1.4197729
0.8906393
1.3198882
0.6065564
1.0578252
1.9711808
1.224329
1.1120166
1.8724418
1.557345
1.0431935
1.1741242
0.93758917
1.0859534
0.99198043
0.54179907
1.5967588
0.4371642
1.1982008
2.549804
2.1819892
1.0973449
1.8179281
1.732314
1.0804037
1.5655736
0.88095987
1.0816867
1.0303276
1.5983894
0.5624789
1.4149112
0.7171395
0.8063947
1.6877975
0.58968604
1.0580933
0.57644093
0.7244041
1.6965718
3.3114185
0.9841145
2.0401015
0.9279995
1.6055487
0.7010623
1.1680585
2.639406
1.5829102
1.2950778
2.0043101
0.2987584
1.1283836
0.6393956
1.1650999
1.0308728
0.86028945
2.4698792
0.9055934
0.15389025
1.3488477
1.8382208
1.016396
1.1372491
0.96491635
3.2495296
1.8890009
1.6886045
1.1351147
1.7222898
0.90695417
1.1812792
0.6058333
0.89173055
0.5991143
1.4193221
1.9867469
2.4602385
1.1201323
0.9360051
1.4026091
3.1064987
0.8916801
1.080837
1.1675572
1.5871333
1.2483783
1.0116282
1.6348877
1.7392561
0.74185944
1.0198281
1.3449147
1.625742
1.1919816
1.2104341
1.178801
1.6972234
1.2613269
1.3948532
1.396166
1.1160035
1.2395526
2.0256076
1.0246282
1.1009184
1.0045385
0.9123453
1.2127311
1.4318479
0.39077377
0.8761207
0.67472553
2.8848448
0.48711956
0.8526783
2.1440763
2.3765583
0.99998164
2.1683607
1.5568106
1.5720878
1.9111887
0.93656147
1.3980969
1.0402
1.6601292
1.5009067
2.646326
1.9004215
0.9360857
1.016403
0.96916366
0.9764695
1.5706116
1.4665447
1.6694633
1.7606127
1.6679795
1.1611453
0.9934224
1.2387278
0.7327328
0.659116
1.1194097
0.8659004
0.98975
1.8316888
0.8685523
0.87038624
1.3997577
1.6584095
1.4782896
2.0917587
2.1683817
0.82310665
1.1156119
1.3467764
1.7176864
1.5002419
1.2503055
2.6350448
0.80418193
1.7785918
2.781032
1.4538641
0.65909374
1.4993231
1.3901035
0.2824279
0.27789664
2.3025374
2.117738
0.8768369
1.1469703
1.8065048
2.6045969
1.9031315
1.1145496
1.0020537
2.6885266
0.94116807
0.4795351
0.36532342
2.256466
0.73657763
0.99871397
0.99603224
0.98400974
1.0522873
0.5982933
0.55723596
1.2968003
2.696782
2.5344768
1.707764
1.3767402
0.49232793
0.6513758
1.1702548
1.7348522
0.0069458485
1.3669446
0.1886499
1.9251083
0.9806726
1.1865437
2.1048217
1.1282643
0.88528645
1.8197055
1.7979559
1.3466338
1.7162775
1.7539352
1.5647427

15.958803
19.785542
21.493315
22.440466
21.68912
21.864655
18.428154
22.500902
23.205055
25.532713

