1.6369061
1.5775571
1.4565412
1.0938803
1.7802639
1.3177409
1.3819419
1.2465937
1.6783446
1.418928
1.5727782
1.6742368
1.4508368
1.3289293
1.6276114
1.7292025
1.444955
1.3709513
1.610697
1.7641066
1.3734115
1.6712555
1.4559784
1.4527615
1.3566644
1.3103706
1.2411149
1.6382599
1.3266414
1.8971423
1.3211493
1.4950099
1.51299
1.5425148
1.5450875
1.7460588
1.3705589
1.4531196
1.2576293
1.7110772
1.3859363
1.1094412
1.8873031
1.9595015
1.4162055
1.396156
1.1941694
1.5114971
1.50246
1.7477326
1.1867901
1.6170189
1.6728681
1.1654726
1.1468185
1.2037325
1.5337621
1.2960136
1.103298
1.5381049
1.314126
1.4923266
1.7054483
1.5035462

1.8721982
1.750709
1.5440844
1.501448
1.6383691
2.1601803
1.6981572
1.3764664
1.6019759
1.6112573
1.4920133
1.7246777
1.6945804
1.4525084
1.5135489
2.0970998
1.487586
1.6835145
1.6524655
1.6934936
1.718445
1.6505579
1.4770308
1.5289471
1.5298783
1.5632523
1.6450313
1.5145658
1.4524146
1.989258
1.5814644
1.4987093
1.6288643
1.6987615
1.549513
1.5567377
1.5869719
1.8132006
1.5498526
1.7293491
1.3410759
1.601106
1.538911
1.4938077
1.4707488
1.6994355
1.6457272
1.7188984
1.7076938
1.5295249
1.5244566
1.6338974
1.5447501
1.6326531
1.6210483
1.5259699
1.4846162
1.5743335
1.6560307
1.6442161
1.5860132
1.5621251
1.477507
1.8067881

1.7115898
1.4926823
1.5081129
1.5823596
1.5937809
1.4418855
1.4279753
1.4927388
1.6303867
1.6371936
1.5017202
1.4903848
1.5769765
1.5164206
1.6247872
1.5709835
1.5006881
1.526862
1.676139
1.5592562
1.5733863
1.5029875
1.4530497
1.5001419
1.4350153
1.4309696
1.4486444
1.424007
1.561511
1.5305547
1.466587
1.5839641
1.5389066
1.4666996
1.6174443
1.4715184
1.570574
1.6424246
1.4546943
1.5122138
1.4600337
1.6149682
1.5466131
1.6085111
1.6459095
1.516088
1.5004362
1.5341299
1.5940408
1.5172113
1.5079445
1.5851325
1.6050433
1.4445901
1.5428493
1.5258276
1.5928363
1.5740666
1.4661812
1.5223042
1.5508115
1.487005
1.4503698
1.5375465
1.5428147
1.4823854
1.555899
1.4844804
1.4828224
1.5905874
1.5597674
1.4340291
1.6115656
1.4806195
1.5515971
1.5061296
1.4796265
1.5438306
1.4754275
1.4641017
1.62433
1.496564
1.5390822
1.5872529
1.4910187
1.4644283
1.5638084
1.4438186
1.5472865
1.4881973
1.4956486
1.541605
1.46681
1.4356562
1.5570673
1.6124005
1.5401641
1.4579251
1.522888
1.5578313
1.4738007
1.4939594
1.4664688
1.5424917
1.536127
1.5198218
1.4375869
1.4632405
1.5331732
1.430468
1.4693732
1.495707
1.5647093
1.548267
1.4918654
1.469157
1.5402553
1.4164233
1.5292153
1.5231037
1.4715408
1.4675288
1.6445692
1.4905138
1.399998
1.5231959
1.5508142
1.5738282

1.6172346
1.5289742
1.5915884
1.5267222
1.5724794
1.5402892
1.5723947
1.6516179
1.5213134
1.5654399
1.667571
1.5131762
1.7269396
1.5568845
1.6083184
1.543186
1.5785792
1.6095023
1.6632637
1.4827787
1.5617094
1.5181098
1.4595039
1.6646632
1.6052933
1.5013978
1.5672152
1.5136636
1.5723299
1.6223662
1.5763733
1.4142123
1.5319734
1.4239074
1.6718861
1.5154037
1.507745
1.5324824
1.5510162
1.6682242
1.625522
1.559692
1.5762073
1.5368977
1.5399547
1.6403503
1.6208906
1.5719545
1.5558054
1.4467571
1.5744494
1.6084313
1.5655173
1.4962364
1.5407163
1.6058329
1.5509992
1.450885
1.5854591
1.4083186
1.5489786
1.5088335
1.571092
1.4001985
1.6138476
1.6062059
1.571986
1.449948
1.6076516
1.6185992
1.515326
1.4147874
1.5181179
1.57186
1.526429
1.535649
1.4215554
1.5819976
1.4667444
1.5776502
1.5169474
1.5274081
1.6422161
1.4797614
1.5649605
1.570635
1.518329
1.5513172
1.5335808
1.4502853
1.6378351
1.6732922
1.5031941
1.6019897
1.5164536
1.5799459
1.6085544
1.4970707
1.7170627
1.4892612
1.5371976
1.688392
1.550564
1.424529
1.5884053
1.6292174
1.5582294
1.3960172
1.5722181
1.5955385
1.4086087
1.5998242
1.5300355
1.5488486
1.5578083
1.5573493
1.6029615
1.4989396
1.5562079
1.6681149
1.5241098
1.5455002
1.4004571
1.617643
1.6337807
1.5481533
1.5686285
1.4265445

1.5463455
1.5059288
1.5321033
1.5429794
1.4769428
1.5295823
1.4337305
1.3909899
1.5433112
1.4968315
1.5191736
1.4382766
1.5098352
1.5361528
1.553069
1.515165
1.4186122
1.5272822
1.563072
1.3992815
1.5429075
1.5743785
1.4535701
1.508111
1.4206012
1.4848822
1.5177519
1.5256447
1.6044067
1.4582239
1.4246044
1.5632472
1.6063479
1.4155153
1.431952
1.6049342
1.48572
1.4647797
1.4390373
1.4856011
1.5307838
1.5680572
1.5360541
1.5110136
1.4674042
1.4383926
1.4559239
1.5323982
1.4898194
1.5279608
1.5130762
1.5497351
1.4084858
1.4106582
1.5662953
1.5471456
1.4388473
1.5783595
1.4797857
1.5938895
1.4578412
1.4748484
1.4213259
1.505212
1.4038092
1.4928423
1.5354291
1.4994386
1.4594475
1.4058676
1.5110766
1.5399522
1.3763828
1.4723557
1.4647942
1.5217799
1.5226984
1.5320491
1.4737816
1.5423336
1.5141324
1.5409305
1.4008398
1.5726146
1.5195044
1.5607595
1.4501601
1.5063748
1.4729394
1.575845
1.4858699
1.5143111
1.5448409
1.5429639
1.504765
1.5452805
1.4716836
1.5045855
1.5052463
1.489561
1.4178869
1.5162146
1.4827844
1.5107976
1.5261261
1.4829422
1.4818757
1.571141
1.4926206
1.4398452
1.5451363
1.3998169
1.4130543
1.4161034
1.4763737
1.5302244
1.5443321
1.4135002
1.4864324
1.4811704
1.4200361
1.4841672
1.4839383
1.4603446
1.5812235
1.541637
1.4113356
1.4799954
1.5124242
1.4884871
1.5275573
1.5436016
1.5696129
1.5655264
1.526508
1.4970222
1.4758159
1.5853829
1.5242009
1.5431187
1.4908829
1.5450976
1.4483141
1.383379
1.5685709
1.4241459
1.4748061
1.5258486
1.4096013
1.5851063
1.4834034
1.5624342
1.5126727
1.5154345
1.5219023
1.4928023
1.5541642
1.4424702
1.4968654
1.565535
1.4461881
1.4442245
1.528821
1.5667113
1.4901801
1.5452175
1.5226735
1.4757941
1.4937432
1.4792662
1.5312785
1.5349311
1.4951818
1.4312882
1.6403126
1.4516
1.6215203
1.4727019
1.4319792
1.5502284
1.5220162
1.4986051
1.5344979
1.5704502
1.4668802
1.5280135
1.4033308
1.5357137
1.5416381
1.5244827
1.4518678
1.4943213
1.5317763
1.468039
1.4052694
1.4940795
1.5145988
1.4731629
1.4903411
1.422251
1.4779779
1.5240575
1.4387515
1.4767292
1.513606
1.5742953
1.4881951
1.6105875
1.3908657
1.4909842
1.5784649
1.6168851
1.4289483
1.4975234
1.5076208
1.5136701
1.6199255
1.5853807
1.4258525
1.5423194
1.4538633
1.5384266
1.5205008
1.5472575
1.4966987
1.508076
1.4688206
1.5248653
1.4126873
1.5512273
1.5462123
1.5722339
1.5321476
1.574961
1.6093432
1.5974029
1.5406432
1.479661
1.5228722
1.5756354
1.4899775
1.4940764
1.4713466
1.5003675
1.4176043
1.487415
1.6178921
1.5762587
1.5171375
1.509697
1.5628234
1.5556332
1.5624416
1.4521954
1.5560727
1.5572504

1.4689181
1.5820087
1.5927603
1.5805027
1.6096578
1.6385636
1.5426166
1.5674756
1.5336927
1.4199218
1.532773
1.5820655
1.4249053
1.4598194
1.5703427
1.4652084
1.4637876
1.5417899
1.5925413
1.5219663
1.452994
1.5243413
1.445498
1.5771699
1.5031393
1.6008488
1.6474468
1.6031833
1.5900456
1.5796491
1.5607167
1.5084742
1.5674663
1.6776804
1.5689127
1.5840504
1.4691595
1.5017216
1.6036451
1.4636002
1.392567
1.5657938
1.5966948
1.5021222
1.531249
1.4763258
1.4948039
1.4658483
1.546305
1.5773568
1.549056
1.5613008
1.3900707
1.6368287
1.6545068
1.5453568
1.5126941
1.4725363
1.6188288
1.6608301
1.5090383
1.6643374
1.5986267
1.4682577
1.5742528
1.425775
1.6050831
1.5540885
1.5349654
1.6000159
1.5762861
1.5870724
1.4401438
1.4380982
1.4390284
1.4716399
1.6098824
1.6118808
1.4549335
1.5661006
1.5867724
1.4305892
1.5653719
1.5807762
1.4154816
1.5894587
1.5393163
1.5843494
1.4566435
1.6340141
1.6603602
1.5389941
1.5622
1.5825434
1.4898219
1.6272986
1.588738
1.5639408
1.6112301
1.5436276
1.4831076
1.5947133
1.4693817
1.6618527
1.5782936
1.4846461
1.5502553
1.4990013
1.6155593
1.5726253
1.4734164
1.5341852
1.5759296
1.4301018
1.5522414
1.5150021
1.4621283
1.5551144
1.5867794
1.5988456
1.5287527
1.4369379
1.5176396
1.4874278
1.5167615
1.6400357
1.4234256
1.4753643
1.5247954
1.505563
1.5831627
1.5621637
1.4965817
1.6255239
1.4647447
1.5069084
1.5089355
1.5202823
1.5494372
1.5338515
1.4941659
1.5701588
1.5190405
1.4976984
1.6150643
1.5995758
1.600743
1.5060397
1.6066782
1.653576
1.5352156
1.6242882
1.5525883
1.5639961
1.505385
1.6173944
1.530519
1.3871759
1.5407089
1.5940623
1.6003948
1.5588796
1.539472
1.6326087
1.5981417
1.6098864
1.4315025
1.5266432
1.5589554
1.5689118
1.5842072
1.493509
1.5859988
1.5726315
1.4895428
1.5699064
1.5319635
1.607774
1.5718979
1.5895905
1.5725327
1.5815144
1.581357
1.5074649
1.5756024
1.5517924
1.5914133
1.5088739
1.579039
1.4360249
1.453333
1.5757512
1.5837004
1.4555448
1.5717224
1.6014993
1.5085876
1.5290256
1.5858098
1.6631718
1.4936191
1.5436969
1.5918177
1.4930464
1.4945751
1.4556912
1.526018
1.4577107
1.5662483
1.5780567
1.6395566
1.4869592
1.5710577
1.5738082
1.4980059
1.4292941
1.5330423
1.5641645
1.46263
1.5681872
1.5949384
1.4912249
1.512072
1.601557
1.5988678
1.628498
1.5151491
1.6276292
1.5442822
1.5672233
1.4722857
1.4797667
1.6173124
1.5934001
1.4549608
1.5679514
1.5692371
1.4218755
1.5671883
1.5794791
1.436787
1.5175942
1.4236162
1.4519217
1.4417875
1.6080478
1.5057796
1.4802338
1.5007257
1.5520307
1.5814583
1.4748639
1.5408123
1.6041355
1.4521306
1.5626467

1.5951495
1.476573
1.6593604
1.4675907
1.6405177
1.5831102
1.6020871
1.5817342
1.6346272
1.5313854
1.5650246
1.6428406
1.7224226
1.5016779
1.5867871
1.5990494
1.5202773
1.5485625
1.6415287
1.6027629
1.4741395
1.6092024
1.6553068
1.6465256
1.5740206
1.6246921
1.5368276
1.6793021
1.6231923
1.5651933
1.6352884
1.4575055
1.508102
1.5995114
1.6325237
1.5294911
1.473395
1.6642065
1.6103045
1.6345696
1.5402741
1.492313
1.6703978
1.5626986
1.7128191
1.6555786
1.6069422
1.5074743
1.5849136
1.5442859
1.5572612
1.6030214
1.4980946
1.5588267
1.5869497
1.4806736
1.6068839
1.7180524
1.6497673
1.6166834
1.5510371
1.4586052
1.6403943
1.5605707
1.5171435
1.4404801
1.622784
1.4817628
1.42437
1.6585423
1.6007199
1.5899758
1.4236759
1.5634111
1.4187719
1.6119497
1.6025265
1.5287429
1.5453775
1.6004233
1.6564746
1.5416282
1.5782504
1.455705
1.5210668
1.6290432
1.4905056
1.4569317
1.6273023
1.5460249
1.7043251
1.5737056
1.6307702
1.6284245
1.6145674
1.573797
1.6223484
1.4689412
1.4554824
1.6359206
1.6418837
1.5262146
1.5082067
1.5753021
1.5838954
1.6321776
1.6653461
1.6091108
1.466751
1.4287707
1.5387713
1.639038
1.4914563
1.5483214
1.5401517
1.5783408
1.4802127
1.534102
1.5331821
1.5796741
1.4478997
1.6136171
1.6855527
1.6677194
1.576956
1.4916377
1.4781516
1.4918153
1.5948623
1.4852526
1.5204494
1.6963028
1.6089147
1.6546102
1.6151315
1.6198627
1.5623288
1.6425496
1.6705958
1.5447736
1.6169722
1.4732529
1.5457057
1.4892602
1.6336948
1.529859
1.6844964
1.5637211
1.563917
1.5546714
1.4813112
1.4257993
1.4371912
1.6279938
1.6670672
1.617096
1.5443423
1.6644851
1.5017109
1.4523407
1.6022359
1.470588
1.5656011
1.55761
1.6799495
1.685083
1.4653459
1.635905
1.6323755
1.430631
1.5651596
1.5556419
1.5793765
1.6063784
1.4502819
1.576979
1.526476
1.6088626
1.4444175
1.5418891
1.573331
1.5469002
1.5320228
1.5873237
1.6403326
1.6375303
1.5619047
1.4861466
1.606856
1.6464633
1.5009398
1.5986274
1.6107848
1.483133
1.6091036
1.4665581
1.602964
1.5995786
1.6180665
1.6325428
1.6259474
1.4742968
1.6655837
1.5717142
1.7403381
1.5213913
1.6081347
1.6003063
1.4893608
1.4656142
1.5872164
1.6379534
1.6243892
1.6121887
1.6393775
1.5538198
1.4982362
1.5451674
1.608358
1.5561621
1.4686241
1.540575
1.5914059
1.6146784
1.6212536
1.4454634
1.4953432
1.6032295
1.5453762
1.6292241
1.4691873
1.5150281
1.5609704
1.6313493
1.6284362
1.524047
1.535718
1.5438727
1.6327707
1.6842548
1.6425589
1.6156942
1.6356796
1.5884932
1.4464751
1.4976664
1.6312345
1.5746557
1.4790245
1.4893175
1.7430364
1.4480175
1.5286251
1.4518487
1.5822672
1.4573493

1.4630514
1.5108083
1.4580808
1.5386232
1.4569565
1.4932637
1.4718755
1.4890089
1.5441464
1.5845233
1.5419133
1.5558649
1.5415481
1.4473217
1.5552913
1.4557257
1.5272588
1.4428358
1.4408792
1.479926
1.4604766
1.5134692
1.5770545
1.5435827
1.5578645
1.4948494
1.5395691
1.5200868
1.4998634
1.5491464
1.4345076
1.4143025
1.5242395
1.4863002
1.477533
1.41908
1.5056871
1.4059039
1.4798695
1.4560996
1.4917083
1.5221517
1.5623618
1.53248
1.4708936
1.4516851
1.4867772
1.510033
1.4303914
1.5695411
1.5237178
1.5063429
1.4549358
1.5306764
1.5340639
1.5681635
1.5166334
1.5312
1.4339219
1.5490149
1.5568895
1.5204309
1.5325581
1.5543288
1.5776119
1.4518127
1.4714018
1.5823271
1.4934043
1.504116
1.5570834
1.54324
1.5829502
1.5319939
1.5838441
1.4429034
1.513148
1.4880356
1.4718136
1.4757161
1.5515532
1.4396659
1.5695
1.4480333
1.5541396
1.4142574
1.5098715
1.4233345
1.5407784
1.5583509
1.4508672
1.4328742
1.5518255
1.4209638
1.4787867
1.5807378
1.5215753
1.5448045
1.5252724
1.425533
1.4712567
1.4805984
1.4569793
1.4891188
1.5228366
1.49412
1.521529
1.442302
1.5407474
1.5373546
1.5275855
1.4929937
1.5117854
1.502308
1.5469588
1.5202541
1.4988419
1.4621987
1.4243385
1.4368159
1.4070393
1.5309051
1.5622611
1.4845697
1.4659818
1.5736784
1.4827073
1.5153071
1.4641123
1.5183066
1.4925473
1.5142814
1.4518082
1.5352253
1.553773
1.4800707
1.498789
1.4727848
1.4783801
1.5086241
1.5362873
1.5222186
1.5498481
1.4797133
1.5263603
1.5036483
1.541676
1.5772551
1.5170592
1.4943382
1.4468343
1.4779488
1.4906503
1.4963963
1.4094636
1.4806323
1.5668728
1.4455476
1.5040152
1.4553751
1.4637412
1.4757916
1.4881393
1.515023
1.4535241
1.484867
1.4885694
1.5347737
1.6067066
1.4039315
1.4718715
1.4435084
1.4327984
1.4700114
1.45346
1.5252388
1.4551308
1.4485748
1.4653939
1.4046487
1.4898335
1.5505266
1.5202358
1.5305157
1.4823775
1.4341881
1.4344836
1.5057073
1.4821695
1.4680632
1.5447855
1.3798257
1.4920899
1.4454378
1.5082579
1.4695803
1.4224622
1.5289168
1.5535777
1.5328445
1.5013825
1.4472481
1.5270238
1.5056746
1.4766829
1.5466051
1.5523206
1.509252
1.526238
1.5350738
1.4942458
1.5161444
1.4970113
1.4738152
1.509733
1.4927033
1.53746
1.4472735
1.4851837
1.5075017
1.4525326
1.4755586
1.4803118
1.5043057
1.4342062
1.5629009
1.4591919
1.4664575
1.4750702
1.4819443
1.522521
1.4643078
1.5252862
1.5085945
1.4468979
1.5254296
1.5079274
1.5170907
1.5409787
1.5167574
1.4816155
1.5481266
1.533765
1.5086356
1.4863286
1.4592727
1.5375661
1.4559807
1.4817055
1.5109977
1.5471758
1.477632
1.5671186
1.4689931
1.5246218
1.5710818
1.541824
1.4276973
1.4713585
1.4554927
1.550928
1.4515352
1.52153
1.5366385
1.4424256
1.4647882
1.5280063
1.5228894
1.400885
1.5408369
1.4941102
1.4976553
1.5392535
1.493446
1.5601622
1.5611285
1.4760712
1.4767002
1.513609
1.5431768
1.5453421
1.5457853
1.5578423
1.4972953
1.5398661
1.5880573
1.5272806
1.533298
1.5680522
1.5756707
1.5495688
1.5267351
1.5610427
1.482582
1.5204264
1.5155542
1.5467931
1.5331988
1.5431108
1.4574722
1.5126057
1.5137788
1.4476428
1.4669278
1.4542564
1.450176
1.4493382
1.4831647
1.4971206
1.5381246
1.5469407
1.5122119
1.5568008
1.5227016
1.4266603
1.4770458
1.5147994
1.4205024
1.5490016
1.5710522
1.5714171
1.4804238
1.4374957
1.4202437
1.5438194
1.5673512
1.4242504
1.5701728
1.5505291
1.5335536
1.5284393
1.4485728
1.4853415
1.5497814
1.553733
1.4429747
1.4097652
1.5127931
1.3914742
1.5626807
1.405422
1.4448372
1.5350862
1.5356895
1.4479952
1.4912186
1.4547338
1.4258022
1.5413433
1.5351431
1.4660408
1.4956017
1.5097601
1.4849684
1.578322
1.5015651
1.4411075
1.4706776
1.4229667
1.4506516
1.5448428
1.4680192
1.5085744
1.5132791
1.555626
1.5906111
1.475661
1.4646924
1.4573779
1.5289736
1.4782236
1.5279771
1.5704672
1.4811406
1.5467678
1.6115957
1.4994118
1.5284412
1.5356407
1.4427785
1.516644
1.4586959
1.5091094
1.5187497
1.527534
1.5652766
1.5700313
1.4241179
1.4976976
1.5628707
1.518853
1.5622622
1.4999497
1.4729165
1.4978617
1.5106926
1.4901648
1.5068494
1.5080575
1.4532655
1.5209111
1.498219
1.4565431
1.577788
1.4757295
1.5356756
1.5332363
1.5927166
1.5958228
1.5476944
1.4850901
1.5164762
1.4841098
1.4992739
1.4916704
1.5220871
1.5703351
1.5178663
1.4329009
1.5264342
1.5206457
1.5324565
1.5663865
1.5130696
1.4084411
1.5618948
1.5595798
1.6053324
1.5737985
1.4437279
1.5565087
1.5134387
1.4127004
1.48052
1.572711
1.4626876
1.4903752
1.4485209
1.5690831
1.4189599
1.5097994
1.4810007
1.5103272
1.518848
1.4891913
1.5270245
1.5428969
1.5546695
1.5089236
1.4749806
1.4637527
1.5538903
1.5903662
1.5257767
1.5147026
1.4286894
1.5256903
1.462342
1.374812
1.5793644
1.454899
1.5316939
1.55162
1.5846236
1.473537
1.4520154
1.465624
1.5249441
1.490427
1.4184064
1.4785379
1.5808682
1.5471513
1.5473711
1.479806
1.4680849
1.5549874
1.4539657
1.4172655
1.4896514
1.5406225
1.4546827
1.5652968
1.4684147
1.4680122
1.4998095
1.4962848
1.5434115
1.5639988
1.4556865
1.4929142
1.5317887
1.4351002
1.5596709
1.4509097
1.4564441
1.5412365
1.485516
1.5240196
1.567294
1.5583776
1.4658566
1.472175
1.5859958
1.5255405
1.464589
1.5675833
1.5694903
1.5156112
1.5300578
1.5550328
1.5072075

1.5776621
1.5621381
1.5592377
1.5925196
1.404167
1.436176
1.4609978
1.5048336
1.5997072
1.4887152
1.4898248
1.557739
1.5184215
1.5335536
1.5160594
1.5238136
1.5249472
1.5410438
1.5702187
1.5024976
1.5273949
1.5015398
1.5459837
1.4434938
1.4384514
1.5438832
1.5075804
1.5665175
1.4816308
1.5560591
1.4616231
1.4989727
1.5354362
1.492834
1.5940201
1.4755902
1.432108
1.5713966
1.481213
1.5085293
1.4746866
1.4658457
1.556982
1.4409688
1.5034101
1.5556352
1.5744107
1.5678887
1.5050982
1.5053412
1.5624193
1.459601
1.4895557
1.5324365
1.5495635
1.5391167
1.573206
1.5142833
1.4826877
1.563337
1.504797
1.4265677
1.5763981
1.5423963
1.5608116
1.5313201
1.5661786
1.4175689
1.5736412
1.4678129
1.572764
1.558087
1.5291104
1.5820796
1.5552934
1.4958708
1.4467587
1.5703726
1.5338639
1.4657648
1.4097818
1.4760205
1.5623046
1.4599668
1.5509579
1.5133232
1.4761031
1.5807164
1.5233481
1.4989405
1.5664469
1.4732401
1.531686
1.56095
1.4336889
1.5404398
1.5423013
1.569762
1.535114
1.5159466
1.5037148
1.5547081
1.5354215
1.5082287
1.5275773
1.5597591
1.4796622
1.5327958
1.5356438
1.5576007
1.4622371
1.5354134
1.5205951
1.5333188
1.4983631
1.4891752
1.5855001
1.5505618
1.5205472
1.4299029
1.5369653
1.5790619
1.57882
1.5640537
1.5036495
1.5094779
1.561925
1.4905593
1.4603945
1.5470372
1.5622021
1.572977
1.4852198
1.511702
1.5690752
1.4656551
1.5862167
1.4782383
1.5432519
1.4480293
1.513431
1.5191463
1.4510674
1.5179508
1.5503814
1.4962754
1.517784
1.4789437
1.4811121
1.5514429
1.459805
1.4973878
1.4911441
1.492372
1.568688
1.5540884
1.4869424
1.584391
1.5273477
1.5029864
1.5594352
1.5205538
1.5361764
1.5133
1.5920528
1.4736527
1.4451964
1.5161494
1.5646286
1.5407034
1.4855254
1.5528595
1.4439065
1.5345399
1.5937613
1.5451338
1.5881057
1.4431353
1.5040473
1.595259
1.4544798
1.5163707
1.5242102
1.544121
1.4842213
1.4613993
1.4337862
1.5290552
1.5107114
1.5293655
1.5626144
1.4378344
1.4760766
1.5356302
1.5932188
1.5621657
1.512702
1.5684841
1.5017052
1.5059887
1.5343109
1.4880924
1.5410931
1.5130168
1.4893981
1.5346706
1.5230048
1.4310701
1.5815792
1.5327187
1.5324724
1.5277615
1.5633017
1.564311
1.5708051
1.5567974
1.5656844
1.5873342
1.5022819
1.5868202
1.5531669
1.508968
1.5796784
1.5240042
1.4158267
1.53846
1.5304981
1.494099
1.533906
1.5399398
1.4496504
1.5114027
1.4660505
1.4484478
1.5470406
1.4429553
1.5704523
1.4794952
1.528463
1.5273211
1.5499357
1.5418742
1.4994278
1.5938773
1.4914881
1.4542458
1.58982
1.440981
1.4473898
1.543998
1.5126468
1.4572315
1.5041538
1.5847898
1.5064801
1.456803
1.5873061
1.6170781
1.5564973
1.5114918
1.5400348
1.5666746
1.4966354
1.4804163
1.4731933
1.5728434
1.481982
1.4588053
1.4669887
1.5087888
1.5637164
1.5003735
1.5156621
1.454039
1.5991637
1.5239073
1.5487856
1.5019672
1.488574
1.6109463
1.5243849
1.5186728
1.5183461
1.4985509
1.5299792
1.4294962
1.4874226
1.5807067
1.4288402
1.6035216
1.5346329
1.5316788
1.5892636
1.4635156
1.5503376
1.5613177
1.48918
1.5006163
1.4531276
1.5879158
1.5383769
1.5599796
1.472763
1.5368698
1.547513
1.5384883
1.4657454
1.4095881
1.4937558
1.5352886
1.5070295
1.5491179
1.5209528
1.5266987
1.4769149
1.5060117
1.5844322
1.5912012
1.4723998
1.5183526
1.4862405
1.5713487
1.5340953
1.5312748
1.5312836
1.4745499
1.54198
1.5408888
1.4763491
1.5339401
1.4828981
1.584192
1.4813644
1.4418215
1.4762194
1.5593795
1.5065974
1.5433756
1.5116004
1.5955933
1.5171334
1.5997131
1.5393691
1.5604806
1.5204272
1.4451507
1.5343974
1.5097182
1.4047467
1.4406048
1.505981
1.5889615
1.4757416
1.54678
1.451545
1.537893
1.4984071
1.4479488
1.5733497
1.5445752
1.5426006
1.5480406
1.5670494
1.5463624
1.5620798
1.5151148
1.5460061
1.4860288
1.5658665
1.4095733
1.570789
1.4807259
1.4959573
1.5019968
1.437532
1.501955
1.5157082
1.4909168
1.594689
1.6155726
1.5569127
1.4591686
1.486698
1.6034017
1.4663769
1.5350553
1.5625234
1.5920297
1.5016805
1.4509944
1.547598
1.5370817
1.5126029
1.5584401
1.5922706
1.556555
1.5760636
1.4416537
1.5025162
1.5638459
1.5574359
1.5451754
1.5405787
1.5746127
1.5061643
1.4488288
1.5214783
1.5099406
1.5745233
1.5295594
1.5869671
1.5254288
1.5155609
1.5433867
1.4834062
1.5709745
1.4380176
1.4779769
1.4990836
1.5695274
1.4756216
1.561621
1.4823658
1.5826705
1.5584326
1.481468
1.5294429
1.4772993
1.5208718
1.4817469
1.557943
1.5988892
1.4296526
1.5504419
1.5097268
1.4843688
1.4853286
1.4720706
1.5953882
1.4963615
1.491735
1.5442814
1.560165
1.6021532
1.5522791
1.4707619
1.5260627
1.4490029
1.4573538
1.5591106
1.5595255
1.5551116
1.4370621
1.5255896
1.5393951
1.4145277
1.4942471
1.5479393
1.4875672
1.5528343
1.5307851
1.5517222
1.4786469
1.4604274
1.5523207
1.5620944
1.4063451
1.5741818
1.5476688
1.5111068
1.5537021
1.4831779
1.50955
1.5140464
1.5668939
1.503836
1.5630293
1.5126493
1.5619718
1.5236266
1.485505
1.5015012
1.5309156
1.4255539
1.554992
1.4387839
1.4823282
1.6047671
1.5314442
1.5504773
1.4645958
1.454949
1.5004724
1.5487034
1.4635202
1.5217679
1.4890867
1.5090796
1.590124
1.4807537
1.4695039
1.4220705
1.5284827
1.5334991
1.5568815
1.4839149
1.5050995
1.4663751
1.4980687
1.547925
1.5637251
1.5139625

1.5880102
1.4547971
1.4952679
1.5274893
1.5489247
1.4427295
1.4165028
1.4768201
1.6638426
1.6005994
1.4240999
1.5154964
1.494329
1.5393747
1.4084023
1.5003059
1.4739697
1.5055909
1.4578724
1.4670584
1.5585802
1.5772603
1.5263854
1.4797482
1.5679085
1.5098188
1.5655123
1.6136469
1.4531115
1.4160963
1.5407966
1.4763491
1.4883479
1.5469778
1.4776562
1.4886302
1.5196047
1.5430256
1.5107175
1.5972371
1.4667386
1.6243697
1.4692335
1.4460001
1.4948536
1.5064001
1.4611998
1.5733521
1.4569992
1.5145768
1.6298426
1.5082809
1.5066957
1.5202287
1.4872385
1.4674841
1.4933578
1.4727844
1.4574896
1.6077754
1.5339361
1.4510539
1.5191326
1.4301462
1.5286036
1.4389215
1.4509641
1.420498
1.4846283
1.6729432
1.5312138
1.4800707
1.5491743
1.5527987
1.4745764
1.4605006
1.5131223
1.6462536
1.4445387
1.5545149
1.423897
1.4503018
1.4904894
1.4753673
1.4571694
1.5128388
1.4664165
1.5198246
1.6087735
1.4620636
1.6356024
1.5080814
1.5516287
1.4401692
1.4297587
1.4945678
1.6062945
1.5533926
1.5060649
1.4540182
1.5380989
1.4498937
1.4519528
1.4769194
1.5391577
1.4837993
1.5293012
1.419769
1.4649572
1.4580595
1.577035
1.5361515
1.5418181
1.5524758
1.5655323
1.5342555
1.6134932
1.5486951
1.4531239
1.4456278
1.4551598
1.4490845
1.4667139
1.4462663
1.5570054
1.4912691
1.4627553
1.4451127
1.4143851
1.6437527
1.6370518
1.5667654
1.4755313
1.4696503
1.559713
1.4723604
1.4368919
1.5332823
1.4475441
1.487742
1.4610521
1.4797717
1.5229305
1.6684841
1.6071273
1.4207124
1.5228957
1.522338
1.5110055
1.5829318
1.5880554
1.5447862
1.4240271
1.4595054
1.4947395
1.494395
1.4685543
1.5032699
1.4520804
1.455326
1.5011923
1.5215598
1.6433057
1.5883436
1.4102559
1.5703806
1.5373666
1.4284887
1.4549702
1.474218
1.4591401
1.5078297
1.4517937
1.4630767
1.4470325
1.4874393
1.4923582
1.4701668
1.4714369
1.4543564
1.4271755
1.6161529
1.4988407
1.4642599
1.4945459
1.4985002
1.4503962
1.5342766
1.5311327
1.4345326
1.5509202
1.5156265
1.4588046
1.4576787
1.4467767
1.4372146
1.457402
1.5100732
1.4685626
1.4871564
1.4819735
1.5547174
1.4956033
1.4875375
1.4779885
1.5128901
1.4676799
1.4602593
1.4206023
1.4806907
1.4835275
1.4739871
1.5048614
1.5804713
1.5262518
1.4699944
1.512156
1.4451536
1.4137696
1.4588261
1.427625
1.5470586
1.4673939
1.4657137
1.4839754
1.553604
1.6085123
1.517424
1.5317141
1.4556284
1.4777792
1.629996
1.492968
1.508207
1.4759432
1.482834
1.4931026
1.5105703
1.5254371
1.4960473
1.5388056
1.5535972
1.4190941
1.4391757
1.5233613
1.5659474
1.4867235
1.4669888
1.5881294
1.532086
1.4479207
1.4545773
1.6187737
1.4458473
1.4560788
1.5416981
1.5731608
1.5631655
1.5118387
1.4784681
1.458122
1.5164869
1.5200864
1.5298176
1.4832803
1.413583
1.428325
1.5404053
1.5262759
1.5210042
1.5385793
1.4538814
1.4467139
1.5871221
1.4599532
1.4436332
1.5376066
1.4836258
1.4959111
1.4993922
1.4584969
1.5330641
1.4643162
1.4597961
1.4833726
1.4606444
1.4431467
1.6169186
1.4603815
1.4864762
1.4483365
1.4301943
1.502958
1.6056598
1.4886456
1.4142747
1.471596
1.534507
1.509395
1.5193129
1.5382017
1.4794261
1.5499188
1.4995918
1.4933541
1.4486157
1.5015624
1.4735993
1.570093
1.4937062
1.5067093
1.4838418
1.4241418
1.4850904
1.454365
1.480653
1.5320184
1.4637467
1.467178
1.4881214
1.5288618
1.46428
1.4612997
1.577243
1.4581699
1.4674993
1.567749
1.4593034
1.4734582
1.4710797
1.4703122
1.4874815
1.5289971
1.5156862
1.4531157
1.4953697
1.5629606
1.4612015
1.5396284
1.4426136
1.4395024
1.4742409
1.5590265
1.5087451
1.4619725
1.4896057
1.443982
1.4606199
1.4356829
1.5293853
1.4637142
1.5277032
1.523003
1.5877372
1.4669175
1.5215213
1.494026
1.4356534
1.5010295
1.4109166
1.4565946
1.5242554
1.617998
1.5031744
1.4302965
1.415818
1.5758146
1.6282566
1.4340024
1.5167072
1.6338408
1.4712219
1.44581
1.5070895
1.5247893
1.6737647
1.4844923
1.4568436
1.5954925
1.4573872
1.5393268
1.481868
1.5308981
1.4496645
1.5310485
1.5137757
1.4840301
1.4828566
1.469333
1.494568
1.5027188
1.5105367
1.5335755
1.4198427
1.5049901
1.5211158
1.4969515
1.4687996
1.4860133
1.4847825
1.4946787
1.4957587
1.4947708
1.5046204
1.45906
1.5095974
1.4465909
1.4788666
1.5233042
1.474999
1.4887795
1.4775869
1.5220718
1.5393568
1.481095
1.461146
1.4931448
1.4938791
1.5947788
1.5104035
1.4172053
1.5562538
1.5293959
1.5454124
1.4558877
1.651758
1.5718791
1.5471545
1.4375291
1.5179405
1.484246
1.4244773
1.4575437
1.4743077
1.5272472
1.472092
1.4785655
1.4666823
1.4446197
1.4873505
1.5584769
1.5100008
1.5039247
1.503221
1.4572136
1.6011848
1.565596
1.4392216
1.5457578
1.4423809
1.5159285
1.5384177
1.549825
1.5079976
1.5434111
1.4622948
1.5742248
1.4889486
1.4366126
1.4764034
1.4763424
1.4413946
1.5409609
1.4414823
1.4437282
1.4822519
1.4327956
1.4393239
1.5035088
1.4604508
1.4543355
1.5232427
1.4572217
1.5175426
1.4232105
1.456245
1.6678909
1.515319
1.4768926
1.4677854
1.4163357
1.5490834
1.4846429
1.4522744
1.4429166
1.5327909
1.4438399
1.462877
1.464844
1.4571005
1.5525273
1.491464
1.6038274
1.4366685
1.4832804
1.4524623
1.4582969
1.5713478
1.6577598
1.6471732
1.4940825
1.5082849
1.4830167
1.6840873
1.4870849
1.6088058
1.4633777
1.4422265
1.4758765
1.6028107
1.4367888
1.5544084

1.4790524
1.4313959
1.4299428
1.4547898
1.4828992
1.4411466
1.5053746
1.4932557
1.4624025
1.4668875
1.4503909
1.4696354
1.4404598
1.4465272
1.4069476
1.457413
1.4632337
1.45769
1.4973841
1.4178194
1.4541999
1.4262441
1.4887382
1.4351898
1.4083782
1.4410131
1.438457
1.4585319
1.4604477
1.4826642
1.4557161
1.4417586
1.4529359
1.4278185
1.4438777
1.490482
1.4265901
1.4302076
1.4453436
1.4381646
1.4248413
1.4006081
1.4257556
1.4321539
1.390828
1.4495369
1.5029914
1.4227484
1.5088841
1.4599392
1.4335257
1.4660463
1.4261786
1.4670192
1.4309776
1.4786768
1.4237312
1.4391198
1.4766924
1.4706361
1.4263824
1.414008
1.45779
1.4422574
1.4524478
1.4769769
1.4968436
1.4018762
1.4800327
1.4249818
1.4466146
1.51006
1.4559984
1.5021805
1.4931979
1.4284273
1.4144777
1.4517255
1.4555283
1.4071264
1.4707248
1.4750903
1.5148003
1.4535861
1.4037756
1.467867
1.4343529
1.3773112
1.4533741
1.4407121
1.4743048
1.4314071
1.4695126
1.4503646
1.4423263
1.4225059
1.439519
1.4156264
1.4470639
1.4361972
1.4874775
1.4092335
1.436019
1.4131567
1.4204683
1.4850132
1.4781562
1.4370377
1.5015574
1.430592
1.3980881
1.4128671
1.4273132
1.4971449
1.4475609
1.4251195
1.4298527
1.4380609
1.4535798
1.4466023
1.4564446
1.4322544
1.4333365
1.4148871
1.436956
1.4339029
1.4659044
1.4541081
1.4328542
1.4175164
1.4477453
1.5155104
1.4275806
1.470507
1.4220881
1.4223264
1.4394398
1.4311941
1.439477
1.4546418
1.4239242
1.4657218
1.4747491
1.4557145
1.4681197
1.4053384
1.427599
1.460653
1.4413568
1.4446629
1.4481965
1.4539481
1.4254674
1.4734619
1.4045887
1.4537959
1.4554657
1.436272
1.4843802
1.4011631
1.4688435
1.4264214
1.4569006
1.4166344
1.4079858
1.415685
1.5019829
1.4649365
1.4141767
1.3894615
1.424611
1.4411595
1.3997694
1.4426955
1.4231638
1.4319825
1.4526478
1.4236267
1.4281993
1.4039968
1.4293035
1.4042073
1.4465331
1.4904767
1.4405005
1.4720519
1.459199
1.4517307
1.4559714
1.5002879
1.4821088
1.5041904
1.4685749
1.4418128
1.4353682
1.4129313
1.4404807
1.4702938
1.4768987
1.489953
1.4216886
1.4389547
1.424775
1.4333243
1.4482418
1.4689844
1.4988526
1.4200226
1.4288096
1.4465365
1.4349198
1.4478686
1.446033
1.4296479
1.4908903
1.4993445
1.4333744
1.4507484
1.4307266
1.5107726
1.4629903
1.4254123
1.467518
1.4284079
1.4347057
1.4175445
1.3911841
1.4643453
1.3997742
1.4454772
1.4227427
1.4995465
1.4602823
1.4848135
1.4348937
1.4264067
1.4406602
1.4109093
1.4076378
1.470049
1.443604
1.4519951
1.4915333
1.4077506
1.4221263
1.4284592
1.4595625
1.4745129
1.4358474
1.4259652
1.4351007
1.4417415
1.4921857
1.4549173
1.4491409
1.4058906
1.4057367
1.4790401
1.4108483
1.4269086
1.5075243
1.391719
1.4044336
1.4888777
1.4922898
1.4056257
1.4500468
1.445223
1.4683291
1.4380138
1.4578816
1.4344715
1.4580548
1.4319453
1.3951962
1.4594564
1.3980792
1.4570775
1.4397762
1.4287347
1.4535464
1.4192498
1.4712689
1.4542203
1.4697013
1.3749526
1.4198874
1.4529095
1.4814128
1.4640447
1.4320848
1.4215915
1.4249371
1.4345099
1.4813597
1.4630252
1.4582705
1.4131335
1.4534758
1.4614553
1.4289979
1.5324677
1.45664
1.4626327
1.4507155
1.443905
1.4622736
1.4491642
1.4531126
1.4424407
1.4380665
1.476985
1.4487777
1.4254231
1.4403414
1.4717683
1.4777321
1.4953735
1.4267728
1.4261996
1.3946621
1.4349179
1.4585106
1.4470869
1.4652056
1.4520631
1.439413
1.4412162
1.4411273
1.4779761
1.4779242
1.4311855
1.4786403
1.4215258
1.4264957
1.4631602
1.4417219
1.4213731
1.414115
1.4323555
1.4363538
1.4829847
1.4683628
1.4522743
1.4422961
1.4600027
1.4397993
1.442149
1.4259136
1.4594418
1.4375737
1.4377823
1.4432994
1.4689385
1.496938
1.4894879
1.4972928
1.5056368
1.4668463
1.4566473
1.4054294
1.4286927
1.4722136
1.4857657
1.4084277
1.451221
1.4768947
1.4537326
1.4090014
1.4388255
1.4244293
1.4342259
1.4622359
1.4969392
1.4495515
1.4434891
1.4898502
1.4362538
1.4377521
1.4865987
1.3981494
1.4783444
1.4471921
1.4668353
1.4174179
1.4495347
1.4481989
1.4534696
1.4413525
1.4393376
1.4496511
1.4856185
1.494135
1.4261693
1.4454391
1.4220974
1.4578725
1.4680897
1.4929011
1.4678898
1.4665326
1.4395859
1.4610074
1.4770267
1.4754457
1.4356958
1.4651498
1.4430437
1.4358227
1.4385433
1.4608992
1.4474195
1.4549437
1.4426242
1.49963
1.4568859
1.421313
1.5013933
1.4858925
1.4177675
1.4275278
1.4756364
1.4163047
1.4128401
1.4624827
1.461616
1.41286
1.4119992
1.4215388
1.4286205
1.4676592
1.4491796
1.4451959
1.4394373
1.4159669
1.4771444
1.4204617
1.4398384
1.4142187
1.4876338
1.4127445
1.4226074
1.4427942
1.4247984
1.4400153
1.4378799
1.4599975
1.4463254
1.462344
1.4466136
1.4147028
1.4249287
1.4571664
1.4402038
1.4451338
1.472446
1.4994326
1.4191308
1.4093604
1.4379942
1.4485846
1.4179835
1.4350047
1.4513171
1.4813769
1.4267304
1.4208488
1.4924781
1.4377161
1.3923895
1.4252574
1.4161975
1.4271877
1.4294791
1.4295884
1.4619375
1.4211493
1.4732515
1.4325113
1.4189979
1.451199
1.4632245
1.4495227
1.4417138
1.4437258
1.4414111
1.451526
1.4242843
1.4477472
1.4649787
1.4666467
1.4393904
1.4402025
1.4312598
1.5059544
1.4648438
1.4617288
1.4844155
1.4340311
1.4768896
1.4182254
1.4008987
1.4745303
1.463144
1.4796245
1.415863
1.4388636
1.4977239
1.4445206
1.4193708
1.405352
1.4630014

1.455346
1.4147741
1.4456835
1.4612072
1.466846
1.4207945
1.4135358
1.4187893
1.4259558
1.4357488
1.417782
1.4140342
1.4297336
1.4556701
1.4554825
1.4438453
1.4403234
1.4251032
1.4218507
1.4255314
1.4205489
1.4264752
1.4539368
1.429262
1.428206
1.4762033
1.4387399
1.4230937
1.4501331
1.4202793
1.4512049
1.4363691
1.4179925
1.422959
1.459886
1.4437746
1.3985701
1.4135654
1.4147581
1.3917062
1.43117
1.4849663
1.424083
1.4228091
1.4672735
1.4416307
1.3896536
1.4229599
1.4072278
1.4214914
1.4261806
1.4209186
1.4355209
1.4515451
1.4421262
1.4036968
1.4249711
1.4579965
1.4289556
1.4539208
1.3946414
1.4155384
1.4360172
1.4663002
1.4266938
1.4440193
1.4418099
1.4211394
1.4697295
1.4486339
1.4074161
1.4314929
1.4474071
1.4077668
1.3931103
1.4253746
1.4435542
1.4282863
1.4390016
1.4096688
1.422519
1.4308554
1.4503714
1.4239724
1.4449488
1.4235489
1.4377977
1.4343708
1.4363959
1.429163
1.4593158
1.4263734
1.4322503
1.4511758
1.445282
1.4699683
1.4034636
1.4246318
1.4191779
1.4313138
1.4194703
1.4427673
1.4628136
1.4335831
1.4274316
1.4064592
1.4134477
1.4181964
1.4271265
1.4732659
1.4164536
1.4253939
1.4164803
1.4284539
1.4553692
1.4338293
1.4162055
1.4417714
1.4342268
1.459964
1.4298166
1.415147
1.4311604
1.4479166
1.4297538
1.4543986
1.4303688
1.4305698
1.4441692
1.4159441
1.4139462
1.4562658
1.4097673
1.4356971
1.4637083
1.4437467
1.4371716
1.4443314
1.4301772
1.4128488
1.4316632
1.4330341
1.4265074
1.4708962
1.4578847
1.4546909
1.4112251
1.4272583
1.3902495
1.4364208
1.4414704
1.4636544
1.4386351
1.4581665
1.4208897
1.4001521
1.4486237
1.4043125
1.4461374
1.4423131
1.4660913
1.4399215
1.4106593
1.4245073
1.4565363
1.4295198
1.4404964
1.4465423
1.3929883
1.4243957
1.4665767
1.4144661
1.4208205
1.4112978
1.4367107
1.4295805
1.4520894
1.4068933
1.4443681
1.4129986
1.4030443
1.4052942
1.4194974
1.414627
1.43245
1.4504119
1.4599397
1.424212
1.4266976
1.4242842
1.4395021
1.4560838
1.4100053
1.4102062
1.4236583
1.4409144
1.4207705
1.443758
1.4092088
1.4124099
1.4014575
1.4036072
1.4133106
1.4318758
1.4241749
1.423951
1.425855
1.4346024
1.436261
1.3972404
1.4348127
1.4259485
1.4553152
1.4417144
1.4322151
1.4324646
1.4300538
1.4268548
1.4384514
1.4522806
1.4176337
1.4064507
1.4644952
1.4165373
1.4050105
1.4131027
1.4178765
1.4419286
1.4506903
1.4345176
1.4166713
1.4454075
1.4158207
1.4258232
1.4072788
1.3986956
1.4380234
1.4371836
1.4328008
1.447462
1.4479104
1.4163321
1.4148432
1.4325225
1.4196956
1.4436159
1.4254041
1.4342608
1.4295416
1.4323913
1.4436556
1.426932
1.4322788
1.4148762
1.459163
1.4208866
1.4375534
1.4192724
1.4530424
1.4439936
1.4470316
1.4247848
1.4442627
1.4310472
1.433538
1.4432929
1.4151582
1.4104035
1.4239836
1.4416568
1.4339087
1.4341615
1.4219556
1.3941302
1.4265347
1.4181215
1.3993593
1.4334414
1.4391335
1.4175612
1.4559302
1.4212909
1.4039439
1.4311816
1.4372452
1.4462601
1.4049537
1.4083768
1.4471384
1.4121537
1.4213829
1.4339385
1.4345074
1.4518402
1.4360168
1.4227929
1.4296442
1.4659967
1.4550478
1.4569668
1.4420394
1.4341971
1.4450911
1.3866278
1.4260639
1.4281645
1.4690963
1.4587234
1.425859
1.4290866
1.4350854
1.4320155
1.4310708
1.435956
1.4388762
1.4250401
1.4307892
1.4116172
1.3965243
1.4377661
1.4211707
1.4386293
1.4312409
1.4186884
1.4309229
1.4165521
1.4583583
1.412434
1.4457308
1.4475464
1.4284757
1.4054289
1.4585798
1.4409072
1.444015
1.4317278
1.4176372
1.4545242
1.4342002
1.4167063
1.4271448
1.4454756
1.4412256
1.4061728
1.4109391
1.4533068
1.425264
1.417182
1.4097109
1.4348445
1.4605746
1.4488847
1.42404
1.4334729
1.4143156
1.4536868
1.4462925
1.391182
1.4190503
1.4269605
1.4346809
1.4169142
1.4451036
1.4140109
1.464949
1.4217535
1.4531235
1.4100003
1.4031459
1.4557915
1.4287467
1.4269576
1.4622658
1.4292617
1.4275732
1.4130412
1.4278301
1.4554193
1.4449676
1.4489971
1.4191474
1.4280926
1.4566702
1.4492391
1.4633796
1.4712135
1.4415085
1.4367864
1.4302856
1.4221691
1.4131682
1.4185983
1.4246037
1.451742
1.444516
1.4222428
1.4340615
1.4439807
1.4576789
1.4201639
1.4301217
1.4416764
1.441641
1.433317
1.4109449
1.3966942
1.4502685
1.4391276
1.4131261
1.4415253
1.4411743
1.4238698
1.4384218
1.4320663
1.4067476
1.4205807
1.4121503
1.4022441
1.4202203
1.4437484
1.4423815
1.4452733
1.462869
1.4357355
1.4024286
1.4335177
1.4232756
1.3986275
1.4429661
1.4383597
1.4625462
1.4242849
1.457596
1.4090143
1.4528376
1.4488382
1.418476
1.4727653
1.4370891
1.4528735
1.4209372
1.4164028
1.4249971
1.449083
1.4476527
1.4268006
1.4441853
1.4078808
1.3905925
1.4067669
1.4611222
1.4366385
1.4098717
1.428301
1.4348052
1.4380287
1.4192259
1.4221423
1.4374503
1.4335474
1.436027
1.4069293
1.4201877
1.4395044
1.4259007
1.4145312
1.4469048
1.4565095
1.434934
1.4474964
1.4265208
1.4090452
1.4243923
1.4709171
1.4539074
1.4236463
1.4154849
1.430088
1.4559094
1.4192951
1.4492455
1.432302
1.4614401
1.4348841
1.427766
1.4481031
1.4031281
1.4481052
1.4261957
1.4592745
1.4244893
1.424421
1.4301851
1.4738666
1.4828008
1.4213481
1.4469556
1.440444
1.4342022
1.4093909
1.4221658
1.4208868
1.4044778
1.4375103
1.42696
1.4174895
1.4514635
1.3901452
1.4210212
1.4375914
1.4623679
1.395344

1.4177758
1.423376
1.4127141
1.4555618
1.4197271
1.4228389
1.4501534
1.4277735
1.4112154
1.4157728
1.44078
1.4447018
1.4152925
1.396646
1.4356489
1.4057047
1.4387856
1.4218124
1.4303905
1.4431492
1.4349955
1.4169714
1.439098
1.4394509
1.4385539
1.3940401
1.4357022
1.4445841
1.4251049
1.4128412
1.4118661
1.4244978
1.4436619
1.4285965
1.4287193
1.470062
1.4180682
1.4317454
1.405661
1.4185224
1.4015528
1.4342103
1.4523065
1.4095652
1.4051192
1.4320774
1.4118203
1.4578829
1.4203143
1.4086517
1.4165441
1.4307055
1.4412067
1.4259804
1.4228432
1.4437052
1.4452016
1.4605925
1.4136722
1.3993338
1.422354
1.4152321
1.4423246
1.4299196
1.4026018
1.4186901
1.4183425
1.4246029
1.452245
1.45605
1.4343854
1.4259557
1.4151372
1.4121984
1.4488308
1.4244765
1.4403841
1.4181879
1.3890204
1.4257101
1.4201459
1.4160761
1.4344398
1.430106
1.4354857
1.4262072
1.4249355
1.4300704
1.4543298
1.4343956
1.4297459
1.4275388
1.4586008
1.4203036
1.4354719
1.4241719
1.4298826
1.4357308
1.4107187
1.4048047
1.4015192
1.4072446
1.4375838
1.4646341
1.4135433
1.4137455
1.4397658
1.4206581
1.4285264
1.4733719
1.4564484
1.4277413
1.4338316
1.4614476
1.4262507
1.4222617
1.4070289
1.4464451
1.4481983
1.4355569
1.4361597
1.4442968
1.4554391
1.4410506
1.4285079
1.465418
1.481155
1.4233255
1.418215
1.4169025
1.4343232
1.4092262
1.4379133
1.4414358
1.4303486
1.4148921
1.4393382
1.4208001
1.47262
1.4347931
1.4289755
1.4385929
1.4630916
1.4441365
1.409492
1.4352132
1.4439446
1.4453765
1.4711689
1.4412943
1.4327911
1.4061885
1.432353
1.4211031
1.4175993
1.4345621
1.3947736
1.4032574
1.4083229
1.4261897
1.4160231
1.412806
1.4512392
1.4443638
1.383746
1.4236158
1.4336681
1.4437236
1.4387251
1.4093536
1.4050643
1.4287595
1.4220724
1.4107202
1.4468274
1.4177929
1.424079
1.4231429
1.4258264
1.4160256
1.4352516
1.4026992
1.4353408
1.4285473
1.4282328
1.4406453
1.4344909
1.446643
1.4417182
1.4339148
1.4101318
1.4304637
1.427426
1.4565144
1.4093168
1.404129
1.4286324
1.4268497
1.4447511
1.434563
1.4279096
1.4504046
1.4141064
1.4411392
1.4272598
1.394813
1.4272573
1.4013422
1.4348686
1.433096
1.4125117
1.4412539
1.4210701
1.4257886
1.451818
1.4114889
1.4349523
1.4377518
1.4276764
1.4352309
1.4594189
1.421746
1.440441
1.4132006
1.4447954
1.4294431
1.4482089
1.4230174
1.4414507
1.4507519
1.4303942
1.3871343
1.4455804
1.3981273
1.4288725
1.4292785
1.4038945
1.4419435
1.4229243
1.4410071
1.4259131
1.4037377
1.4334599
1.4226472
1.3956127
1.4416603
1.4588437
1.4547747
1.4284068
1.4377143
1.4208521
1.436262
1.4441066
1.4034356
1.4262207
1.3953424
1.4137754
1.453725
1.376813
1.4048688
1.4165051
1.4469305
1.4391983
1.4381186
1.4191927
1.4388777
1.4333243
1.3907179
1.4518493
1.4316798
1.4172311
1.4753269
1.4343851
1.4385401
1.4160223
1.4526225
1.4294327
1.4142642
1.4361013
1.4123918
1.3939838
1.43664
1.4301567
1.4392141
1.4209645
1.4043292
1.386901
1.4389269
1.4301757
1.4367902
1.4261576
1.4561899
1.3978184
1.450038
1.4139816
1.4340761
1.420028
1.4460086
1.4222317
1.4016747
1.4313233
1.4343966
1.4579115
1.4155724
1.4383652
1.4316663
1.4192493
1.44526
1.4747393
1.4506806
1.4287426
1.41422
1.4649079
1.4226674
1.4400467
1.4597229
1.4425349
1.4495417
1.4223446
1.4231951
1.4362864
1.4189317
1.4155513
1.4033967
1.4319531
1.46188
1.4408644
1.4534156
1.4354258
1.4486212
1.4285882
1.4095252
1.4529097
1.4629264
1.4171114
1.4277593
1.4336209
1.448647
1.4075844
1.4469925
1.4444968
1.4326897
1.4359636
1.3921437
1.4031923
1.433748
1.4571465
1.419035
1.4259827
1.3977709
1.4339806
1.445518
1.3955404
1.4187102
1.4176741
1.4327047
1.4264758
1.4178083
1.4539828
1.4099988
1.4447304
1.4519957
1.4186949
1.3846856
1.4102178
1.4205772
1.4444184
1.39569
1.4011419
1.4412621
1.4176735
1.4187839
1.4476999
1.4302508
1.4368995
1.442297
1.416969
1.4652562
1.4083205
1.4428272
1.4569495
1.4364529
1.451457
1.4410269
1.4383334
1.4313825
1.4459925
1.4460438
1.4643158
1.4436154
1.4393479
1.4410307
1.4314321
1.4228009
1.4274873
1.4304315
1.4243993
1.387119
1.4306481
1.4639907
1.4632857
1.42267
1.4378896
1.4130046
1.426487
1.4299027
1.4379243
1.414174
1.4183757
1.4042401
1.4614649
1.424947
1.4270042
1.4394691
1.4304172
1.410832
1.4544652
1.4560375
1.4224602
1.413474
1.4120963
1.420152
1.4433025
1.4479444
1.4209208
1.4345986
1.4255757
1.4495806
1.4233792
1.432016
1.4070544
1.430666
1.4660966
1.4219455
1.4253174
1.4246389
1.4200815
1.422342
1.4245272
1.4278011
1.4176371
1.4583708
1.4266268
1.424144
1.4185154
1.4340395
1.429383
1.4325973
1.4188958
1.4272461
1.428061
1.4239361
1.423416
1.4213878
1.4521875
1.4025272
1.4458575
1.4484925
1.4316578
1.451428
1.4075375
1.4444647
1.434827
1.4480346
1.44119
1.4289744
1.4135147
1.4496223
1.4099613
1.4497708
1.4565026
1.4330906
1.4164232
1.4693034
1.4384546
1.4278497
1.4201224
1.419848
1.4050664
1.4466361
1.4454352
1.3966806
1.4146556
1.4143555
1.4201124
1.4496219
1.4329252
1.4218982
1.4188738
1.4144249
1.4058644
1.4048303
1.4220674
1.4293159
1.4293962
1.4465528
1.4444389
1.4115833
1.4456577
1.4325608
1.404201
1.423143
1.459641
1.4391177
1.4507078
1.4190258
1.4322069
1.4128665
1.4085991
1.4168996
1.394739
1.4071424

1.9650369
1.883244
1.9180775
1.8735092
1.9264623
1.8934108
1.9327749
1.9026865
1.8895558
1.8541723

