0.19882631
0.015346527
0.1017673
-0.050084352
0.17037332
0.10711563
0.07084143
0.08436072
0.07951927
0.08344197
0.13893259
0.15883708
0.056243777
-0.02023983
0.03809285
0.10246849
-0.03248954
0.18571031
0.2221415
0.12134349
0.08685672
0.09328139
0.017608523
0.07103634
0.13391125
0.039995432
0.05900097
0.12622607
0.16091526
0.071321845
0.1504122
0.18609405
0.11056936
0.008606195
0.095086694
0.1161716
0.060418487
0.053306103
0.04273939
0.14095211
0.039114356
0.012591124
-0.016490817
0.3136698
0.10308683
0.17926037
-0.03635049
0.15924764
0.06673503
0.21160316
-0.052143812
0.10551536
0.12591529
-0.075573444
0.110587835
0.07503927
0.083138704
0.090648055
0.030371428
0.15934086
-0.03722918
0.15429997
0.099089146
0.20057702

0.42008734
0.3189535
0.07327354
0.10977602
0.22238457
0.7006011
0.28397083
0.024098873
0.16340113
0.23239696
0.09106338
0.28889918
0.24614668
0.069990516
0.046648145
0.69964004
0.06392968
0.2316482
0.22127724
0.277326
0.28792655
0.16126394
0.10023022
0.04299414
0.14245915
0.14622796
0.24338162
0.03496194
0.12006807
0.5323957
0.18310595
0.09558368
0.22539032
0.26416683
0.11936927
0.1218791
0.20169437
0.309296
0.150532
0.240973
0.0017435551
0.18477952
0.14938664
0.059579134
0.093009114
0.26057172
0.14350963
0.29642427
0.33560133
0.11155105
0.037843227
0.1827575
0.16323483
0.17689264
0.08109927
0.10928929
0.08728957
0.1949004
0.252046
0.19205308
0.16542542
0.05912733
0.098906755
0.35648966

0.23703527
0.10473859
0.11590111
0.12074685
0.14333856
0.05141747
0.031664968
0.039610505
0.19627142
0.19119513
0.0808624
0.05456102
0.14336038
0.07529557
0.1738801
0.10713172
0.03691387
0.08951998
0.18521667
0.14015412
0.17131984
0.08792436
0.03656268
0.11278343
0.027203798
0.02704537
0.06860888
0.0023491383
0.084658265
0.09046769
0.061904073
0.14695191
0.13027167
0.025854468
0.13616419
0.036970735
0.14443219
0.17409205
0.041946292
0.11530483
0.08012223
0.21304631
0.070031166
0.19836569
0.115229964
0.14014435
0.10237503
0.103651404
0.15101612
0.11524117
0.09113312
0.109386206
0.19037437
0.087303996
0.15610027
0.13033187
0.13283503
0.12251663
0.006536603
0.08950794
0.15554953
0.013045073
0.060860038
0.054673553
0.117323875
0.054041624
0.14726675
0.10739434
0.08507478
0.15018272
0.10566974
0.08257234
0.19298744
0.11668861
0.114582896
0.08270013
0.098005295
0.073253036
0.013381362
0.08891475
0.15138233
0.16148424
0.16050899
0.15214121
0.06616497
0.07164633
0.16102791
0.036628842
0.1820333
0.14051068
0.0751698
0.12488997
0.11740208
0.0539999
0.14868176
0.12017822
0.08596623
0.020342588
0.12914407
0.11084235
0.08740854
0.09575498
0.13492393
0.06872618
0.09723759
0.16100192
0.02218461
0.03146851
0.10033262
0.0003336668
0.01026535
0.028920054
0.12618482
0.09935737
0.108766675
0.018034816
0.068923116
0.008125544
0.09327364
0.12622058
0.0073025227
0.074778676
0.22559834
0.120483994
0.02305317
0.14608848
0.12618148
0.16284502

0.13339472
0.11317396
0.12889802
0.12795389
0.14539933
0.13300216
0.1793518
0.18880665
0.12058997
0.13163924
0.24475455
0.089472055
0.2330823
0.12607145
0.179937
0.17275882
0.19635534
0.17720139
0.20915449
0.0316329
0.18512857
0.11796594
0.06835544
0.23564875
0.20389831
0.08200216
0.15628004
0.11927056
0.17081118
0.18071699
0.16752517
0.028872252
0.13850832
0.032878637
0.22359478
0.15477848
0.07478905
0.101679325
0.12900138
0.21374285
0.17858922
0.14674592
0.15921187
0.13203955
0.1367917
0.20788252
0.14735675
0.17740703
0.08490372
0.020117521
0.17862284
0.16970754
0.15507436
0.08028233
0.074572206
0.16783965
0.11833477
0.013810873
0.19481528
0.017240167
0.16869795
0.07817221
0.18216205
0.016690254
0.1900773
0.19649148
0.14988208
0.023746967
0.17337275
0.19662178
0.12560618
0.014175177
0.14375484
0.12828004
0.13276851
0.11202645
0.0115094185
0.19469309
0.111795425
0.1776545
0.091391206
0.14486563
0.19200969
0.08570349
0.1894592
0.18918562
0.1260525
0.14739549
0.10708535
0.044290304
0.23522675
0.21064794
0.107931495
0.13948357
0.16912007
0.14880347
0.21173155
0.07049215
0.3020867
0.078846455
0.14303279
0.22797859
0.15953171
0.036754847
0.16402006
0.2173891
0.14214277
0.0063010454
0.13943791
0.1309607
0.020111084
0.15508449
0.08881307
0.16321337
0.14985442
0.13350117
0.17183173
0.07823455
0.109135985
0.17760813
0.15806723
0.11073744
0.016480565
0.16730094
0.20088983
0.17113912
0.10450816
0.05732417

0.10004485
0.057156205
0.109547615
0.14264786
0.07971001
0.07905507
0.030467033
0.029687881
0.11678922
0.105039
0.11822629
0.015225053
0.09075928
0.11406267
0.08983219
0.08147502
0.0018395185
0.105169654
0.1134516
0.023489714
0.13146603
0.10537183
0.07885027
0.09058964
0.030834079
0.09342337
0.101101875
0.1115402
0.17368495
0.0973686
0.086337924
0.16797733
0.15428519
0.012711048
0.004451394
0.14416778
0.052880287
0.024021626
0.094791174
0.07543588
0.13557279
0.13848042
0.12479961
0.06983876
0.04216945
0.051328897
0.028192401
0.09821212
0.102427006
0.15856373
0.16316354
0.15844572
0.0051908493
0.044596314
0.1174525
0.12730527
0.07292318
0.16992688
0.03418815
0.15469337
0.09059286
0.1122123
0.038108706
0.11285186
0.03484404
0.109532714
0.10017407
0.057629347
0.061457157
0.005778432
0.112148404
0.10188222
0.015628219
0.06006372
0.060123324
0.13952768
0.08534312
0.12794983
0.04927802
0.16263318
0.11151874
0.07811594
0.0021016598
0.12280142
0.11335361
0.1349417
0.02921331
0.052204013
0.043181896
0.18609881
0.07629967
0.11911619
0.12111819
0.153952
0.08534491
0.14468348
0.07758796
0.1152401
0.124516964
0.066741586
0.011582255
0.10576892
0.04178393
0.08294129
0.1106838
0.09501207
0.10940206
0.13147974
0.08158624
0.07413292
0.12542486
0.0005198717
0.03505099
0.03344488
0.100286484
0.11064768
0.06056583
0.01904893
0.08645475
0.020393848
0.018968225
0.06026733
0.081875205
0.088253975
0.11872852
0.1267736
0.0029622316
0.032247424
0.10336685
0.06482482
0.13936889
0.16536081
0.13054967
0.110759735
0.11724806
0.12107694
0.12649095
0.1675986
0.086651206
0.11379695
0.09202647
0.09703362
0.022866845
0.002573967
0.115014195
0.005774379
0.027120829
0.08836782
0.05111718
0.1375773
0.066521764
0.11604619
0.10130143
0.11121106
0.11472261
0.0936892
0.12486422
0.0050222874
0.055988908
0.121864796
0.072042584
0.023673296
0.100910425
0.12143886
0.024792075
0.13743126
0.096977234
0.027011275
0.09205842
0.047222137
0.09771061
0.11843228
0.099585176
0.05669093
0.15753615
0.03600931
0.16490984
0.11155856
0.014208674
0.11767709
0.14930367
0.1376853
0.13045788
0.122975945
0.025218844
0.13347518
0.0077005625
0.10878134
0.12631476
0.13330233
0.07551217
0.14236009
0.13666034
0.017919421
0.0021420717
0.124158144
0.15528727
0.08283472
0.09924424
0.044487238
0.10432291
0.11090529
0.010704517
0.05840397
0.07586408
0.106695294
0.065743685
0.17723179
0.0018057823
0.048691988
0.15720582
0.1712637
0.03525603
0.09720111
0.055348873
0.10831559
0.15557683
0.17180312
0.0020356178
0.13791525
0.08153188
0.11897111
0.07248068
0.14523494
0.07296324
0.061062098
0.0945704
0.14890075
0.0045063496
0.1344477
0.08678222
0.13010693
0.08977854
0.13408792
0.112487435
0.115198016
0.1175518
0.07247698
0.087341666
0.11993396
0.12599766
0.11625838
0.04805243
0.06565368
0.0021032095
0.063242674
0.16311228
0.19709003
0.107861996
0.10452008
0.10902715
0.12176776
0.11044276
0.081721306
0.112422585
0.09366989

0.057728767
0.15444613
0.1826899
0.15826225
0.20721233
0.20962644
0.15340865
0.14989328
0.14241683
0.011912584
0.15820825
0.16874707
0.025794148
0.05527711
0.15618098
0.053853035
0.039073467
0.12452412
0.16287708
0.12025058
0.02796495
0.122825265
0.018140197
0.16122091
0.112428665
0.17396224
0.17214954
0.19996858
0.1690203
0.15322816
0.15042448
0.056558847
0.1490953
0.24065137
0.16216993
0.15213859
0.045868516
0.13371706
0.18358159
0.013185859
0.037558556
0.1588471
0.16582799
0.09044063
0.13752449
0.056865692
0.07972884
0.046028733
0.14567924
0.18347323
0.14633572
0.1612904
0.0070786476
0.19847882
0.2026844
0.14470422
0.07539654
0.107313395
0.19533336
0.22287214
0.073405385
0.2287687
0.17478848
0.06117165
0.16064084
0.014427781
0.19736731
0.15948343
0.14832199
0.17749512
0.18276894
0.1760943
0.04384315
0.043410063
0.038914084
0.026856184
0.18743253
0.14489758
0.04507315
0.16957664
0.15810955
0.0051311255
0.12885845
0.14553607
0.010259271
0.16362607
0.12447524
0.181193
0.047310352
0.18238854
0.24081516
0.13123071
0.17173278
0.19473779
0.08955705
0.20849991
0.16373074
0.15821338
0.16698313
0.14436448
0.04271996
0.15813768
0.028550267
0.22888589
0.16065419
0.03668666
0.11278844
0.094187975
0.20990908
0.15454793
0.03525698
0.09483755
0.17991602
0.017259002
0.14084947
0.066574216
0.035142303
0.12754762
0.17460883
0.1665138
0.08029139
0.014132857
0.106948376
0.07192707
0.11445892
0.20767081
0.016483784
0.08134413
0.12647271
0.082481265
0.16488874
0.1586101
0.10548556
0.18008137
0.029301524
0.11395061
0.09111345
0.16207695
0.15723109
0.1008693
0.122751236
0.20529318
0.06934333
0.05059111
0.18293655
0.1405443
0.15450788
0.061625123
0.16100419
0.21261811
0.13741457
0.20322919
0.1312989
0.17251837
0.15304792
0.18666697
0.11690855
0.0030274391
0.17383146
0.18266594
0.1973604
0.16377807
0.11074257
0.20807564
0.17878473
0.18565142
0.0012030602
0.09829426
0.117652655
0.16217685
0.16893828
0.098293066
0.15722239
0.13557768
0.09908724
0.17509866
0.11222696
0.16619372
0.15793192
0.17917013
0.14490223
0.18892407
0.17116308
0.121678114
0.1623342
0.13192046
0.15176225
0.12484515
0.15266621
0.0105832815
0.046013713
0.17910457
0.18704998
0.04007411
0.18622637
0.16292775
0.109199524
0.10455775
0.15717995
0.21865678
0.072380066
0.11612439
0.13280654
0.12408185
0.11019838
0.023521066
0.12903905
0.023639798
0.15027869
0.15757477
0.22731411
0.06444538
0.1463257
0.15079331
0.08203149
0.029118061
0.11443603
0.15997934
0.047540545
0.15084648
0.17430723
0.07494593
0.069253325
0.1716088
0.21361518
0.22426009
0.113348484
0.21529984
0.12109971
0.17067373
0.08473945
0.044168115
0.19452226
0.16901183
0.027222753
0.14535344
0.15662265
0.013380766
0.14338636
0.17746377
0.010873437
0.13764906
0.010083437
0.033048272
0.049148798
0.18875754
0.08469808
0.033899426
0.07871127
0.13234115
0.16638243
0.06528854
0.12663984
0.15785408
0.05927968
0.14594829

0.19142759
0.04763758
0.2099545
0.08462155
0.21371567
0.18890631
0.22723103
0.14256811
0.22073352
0.1390233
0.1623944
0.22979319
0.29539204
0.065241575
0.19588101
0.18342388
0.10495591
0.17282486
0.24190712
0.14054918
0.08572221
0.19644666
0.20802021
0.18707216
0.16061127
0.20964885
0.10273695
0.21999323
0.2104801
0.15269637
0.21674466
0.021517754
0.13408351
0.16906512
0.22638047
0.14579129
0.06595707
0.23368824
0.1949017
0.21893585
0.113120675
0.06459677
0.21983385
0.10963905
0.32857263
0.26020908
0.1787337
0.09949279
0.124644876
0.17010164
0.13681424
0.22282231
0.07873678
0.16256046
0.17343795
0.07543111
0.18046677
0.29606044
0.22434628
0.18481278
0.13965857
0.055394292
0.20618808
0.17502058
0.073217034
0.031083345
0.15158749
0.09503329
0.037440658
0.24192691
0.15343845
0.18666291
0.030081272
0.14980662
0.021614313
0.20657206
0.15929222
0.1471076
0.16244507
0.149472
0.23323429
0.13773465
0.1669172
0.042570114
0.10747731
0.2229321
0.10007477
0.02873683
0.17708337
0.14961183
0.2849536
0.18317127
0.20002484
0.21638227
0.19694269
0.18212855
0.19859147
0.04354298
0.052351117
0.23671341
0.21101153
0.11563337
0.1018455
0.19557858
0.1564269
0.22663021
0.2418729
0.1846379
0.068050385
0.036335588
0.11823881
0.24463677
0.076337695
0.12206149
0.12199235
0.16100538
0.056833267
0.13624465
0.1252675
0.18558979
0.035063267
0.19866276
0.25368655
0.23922443
0.14972079
0.09289098
0.06522465
0.05868423
0.18619382
0.054385424
0.06537247
0.28667963
0.16847324
0.2424593
0.2087692
0.18767357
0.12788188
0.21528065
0.25405943
0.15567791
0.17764819
0.063426256
0.15236974
0.044422507
0.21846485
0.11172366
0.2346425
0.152583
0.1823399
0.12950957
0.03921759
0.021441579
0.036364913
0.20636046
0.23535192
0.17297411
0.13669777
0.24884343
0.078854084
0.017363071
0.18258476
0.039381266
0.1668719
0.13946795
0.24933529
0.25645864
0.023157716
0.20970523
0.19144154
0.016312718
0.15165162
0.14479816
0.16427755
0.18091595
0.03824675
0.16805542
0.09524083
0.17641461
0.051011443
0.15368497
0.17186034
0.13737512
0.10727489
0.16073084
0.19850206
0.2139169
0.1878587
0.053607583
0.18896842
0.20267355
0.08318126
0.16050315
0.17334819
0.048681617
0.20533884
0.04631889
0.20890653
0.17829585
0.20616615
0.22866333
0.21454716
0.08888817
0.24610412
0.16562164
0.3697995
0.097494125
0.19406629
0.1673882
0.109969616
0.0444901
0.1690408
0.2520852
0.20828032
0.17201006
0.21771204
0.15766406
0.09382439
0.13437665
0.2009362
0.12948906
0.047978878
0.1478504
0.20120454
0.20831645
0.19654453
0.069381
0.13809323
0.19944215
0.14169991
0.23586369
0.057631016
0.09151912
0.15507412
0.1803019
0.21504903
0.099346876
0.118917346
0.09982443
0.19723248
0.27894378
0.25858855
0.21297944
0.20811474
0.17334366
0.051195502
0.10242379
0.20894063
0.15925276
0.036911726
0.062286258
0.3194511
0.026547432
0.0958966
0.0623914
0.16733062
0.025556445

0.05357945
0.10396755
0.042096853
0.089870095
0.05614817
0.099402785
0.07912755
0.060834885
0.14172626
0.1350441
0.13564777
0.12686312
0.1212939
0.027879715
0.14021885
0.07044828
0.107396364
0.04562521
0.032218456
0.03252268
0.06553137
0.09273803
0.111441255
0.10363257
0.13181686
0.07476151
0.089686036
0.0953114
0.09389472
0.12453163
0.0508188
0.0059051514
0.1395967
0.065413
0.03184271
0.026871443
0.03925836
0.019145846
0.06558633
0.06299627
0.054456472
0.109270096
0.13091588
0.10150945
0.065635204
0.061626077
0.097893596
0.073770046
0.015723228
0.1373167
0.10076845
0.08654654
0.049678087
0.10562956
0.13300657
0.14833868
0.09299672
0.11150873
0.02102983
0.10870087
0.14810705
0.103254795
0.12206495
0.11720896
0.14383483
0.0517236
0.08750391
0.15233135
0.089292526
0.07384753
0.1266892
0.09344339
0.09645212
0.124810934
0.16235757
0.024124503
0.0916667
0.03971243
0.06681013
0.06379187
0.11199963
0.036047578
0.1188159
0.008493662
0.1377399
0.025654674
0.10883796
0.021232605
0.1419642
0.14857244
0.05014968
0.012891293
0.11479342
0.0029286146
0.08008003
0.13287103
0.12660992
0.15145373
0.1266005
0.026435852
0.08572745
0.07855439
0.029688716
0.086544275
0.1097914
0.090545416
0.12862289
0.012297511
0.13736784
0.09984076
0.11009669
0.088936925
0.1331799
0.084886074
0.15113485
0.10970819
0.10605359
0.07734442
0.0026165247
0.042271852
0.02324307
0.113019824
0.13491654
0.07321775
0.06769085
0.14497101
0.0343709
0.12459743
0.035530806
0.11207473
0.04528463
0.108548045
0.03729236
0.11327243
0.14762056
0.061983824
0.10032725
0.08062506
0.11015844
0.09976518
0.10774064
0.13445091
0.15284324
0.061882377
0.1294986
0.0555619
0.123417854
0.1199311
0.117007375
0.06640768
0.018866658
0.064113855
0.05810964
0.080369115
0.0026996136
0.1053704
0.14679348
0.013001561
0.12520015
0.051059604
0.07367778
0.08224428
0.075755835
0.095499516
0.03995061
0.08046377
0.09642422
0.08750749
0.17576301
0.021084785
0.06680858
0.04510331
0.043506384
0.07898843
0.04858172
0.1012516
0.041898966
0.017443776
0.051836133
0.028321505
0.11854291
0.12882662
0.10445142
0.12787616
0.059295416
0.007780671
0.032097578
0.10789347
0.0687958
0.07984185
0.13639188
0.012385726
0.10041416
0.056230903
0.0763849
0.06588781
0.012339473
0.1147182
0.13561559
0.12980759
0.088452816
0.04258859
0.09178746
0.056272745
0.053075314
0.11930275
0.096111774
0.13287175
0.10903084
0.109371066
0.07884371
0.05721605
0.10197163
0.06547272
0.0699327
0.077822685
0.11883867
0.036118746
0.075080276
0.09262419
0.061205983
0.046927214
0.107185245
0.04967296
0.038450122
0.10777223
0.02889657
0.07552683
0.029384851
0.10680497
0.08040714
0.03044343
0.10643637
0.114833474
0.05564165
0.104432344
0.07976532
0.119368434
0.12368047
0.08362079
0.10128713
0.1320883
0.14144444
0.101326466
0.07008314
0.041279912
0.094009876
0.075113654
0.104231834
0.1305108
0.10812509
0.051279306
0.11893821
0.057891965
0.12762594
0.1182605
0.1235193
0.041285276
0.077580094
0.08823407
0.12523687
0.038803816
0.09496951
0.10925853
0.06821811
0.066969156
0.14690578
0.10196757
0.006814122
0.10130608
0.09222317
0.11887503
0.10808563
0.08806312
0.15321314
0.14241564
0.050248623
0.08804774
0.09975028
0.15162897
0.11881876
0.098463774
0.13164353
0.059135795
0.09511936
0.15866113
0.08029556
0.112388015
0.13409531
0.13772297
0.13330257
0.09168148
0.10745132
0.1189065
0.07261717
0.10795331
0.12289953
0.12277329
0.1366111
0.0804559
0.10501051
0.117170215
0.030879974
0.036908746
0.024828076
0.07144821
0.05771756
0.07193828
0.06287944
0.1290952
0.109377265
0.101937056
0.1294781
0.098908186
0.02040279
0.06651294
0.11567688
0.00813508
0.11425376
0.11499846
0.12895942
0.025444746
0.06201756
0.009470463
0.12373412
0.10724449
0.006469965
0.12929332
0.15103853
0.085814
0.117935896
0.053251386
0.107189536
0.15294468
0.14668381
0.029460073
0.019932628
0.09904337
0.004552722
0.118352056
0.0039061308
0.005932212
0.11500001
0.12207413
0.040370703
0.06602979
0.045844674
0.020644784
0.15131283
0.11358833
0.049584866
0.07249272
0.09157419
0.09480786
0.13369143
0.123062015
0.020635962
0.05528176
0.00903821
0.040309787
0.12761414
0.034464717
0.10793781
0.118929625
0.0987401
0.13012779
0.04162085
0.07256341
0.07985222
0.11949265
0.05654633
0.1490593
0.14187467
0.06988025
0.12726331
0.16340172
0.093905926
0.11772692
0.114842296
0.058497667
0.08227539
0.02464819
0.10498607
0.10858011
0.12728679
0.14782715
0.1176635
0.008947015
0.1090405
0.121009946
0.08738446
0.13781941
0.06309414
0.06722653
0.08112466
0.10265517
0.08289003
0.0965296
0.12106085
0.035041332
0.11223471
0.06729698
0.043560624
0.11593938
0.08315897
0.10725379
0.12393689
0.1500845
0.15098321
0.14473534
0.080892324
0.09827757
0.068697095
0.119297504
0.117652774
0.1008687
0.14568186
0.10612905
0.030774355
0.12503183
0.102585554
0.095171094
0.15644288
0.11286056
0.013038874
0.14009964
0.14790308
0.16315901
0.13366246
0.04909861
0.10297263
0.07478094
0.0077421665
0.08379066
0.12031007
0.07789469
0.06726754
0.052282214
0.14791405
0.022485614
0.09659004
0.07891023
0.09186697
0.109166265
0.1005615
0.10003185
0.13335657
0.11017287
0.045683384
0.091211915
0.053387284
0.123394966
0.14056385
0.09600115
0.12912881
0.034240842
0.13437784
0.071374536
0.006202936
0.15721333
0.025954843
0.12513542
0.14646137
0.13726163
0.042607427
0.05060196
0.051054478
0.08609164
0.09649694
0.004722595
0.0636754
0.14686537
0.14583611
0.11928344
0.08155954
0.04139042
0.1341871
0.059060335
0.008549213
0.042250276
0.12047279
0.05072725
0.117315054
0.09520447
0.075276375
0.0662508
0.09018493
0.14143598
0.14263213
0.0038986206
0.045994878
0.1046834
0.013376117
0.11382449
0.038288116
0.06089461
0.11510062
0.040209293
0.085582376
0.1305517
0.15511322
0.06351912
0.035568357
0.145764
0.08983898
0.055306196
0.16364574
0.10100031
0.08402896
0.11079812
0.14808595
0.13845074

0.17197025
0.14820588
0.15266359
0.16938257
0.039157033
0.03408575
0.030302763
0.08187401
0.1771959
0.093719006
0.08485639
0.1227963
0.11284661
0.102360845
0.11257231
0.11548257
0.122101784
0.1316899
0.15133822
0.113678336
0.13204885
0.07117522
0.13061643
0.020873308
0.035128236
0.13460469
0.10420871
0.12960732
0.06024599
0.13330948
0.05770755
0.05497408
0.1275363
0.07422328
0.16389453
0.0702157
0.018189311
0.15626311
0.104744196
0.10519862
0.06697559
0.043171167
0.13902676
0.03570819
0.08881855
0.15739298
0.15351653
0.15501094
0.111751676
0.10725701
0.14999926
0.039946318
0.09857583
0.12462711
0.12331402
0.13389933
0.17658651
0.089595795
0.05530882
0.15121162
0.10433662
0.026732445
0.13002813
0.173424
0.12470245
0.12097418
0.1446191
0.026450157
0.162593
0.0644716
0.1587683
0.14499915
0.11213219
0.17165911
0.11180651
0.08138573
0.009701014
0.14772439
0.12349641
0.036423206
0.0047055483
0.073850155
0.16365111
0.027152538
0.14712155
0.09883678
0.057725906
0.16734374
0.118712544
0.11112499
0.14987695
0.0847553
0.10032821
0.13874483
0.017871022
0.13053131
0.13032436
0.14865732
0.13261008
0.11802328
0.10830271
0.13233697
0.11479199
0.10609126
0.096875906
0.13992488
0.047342658
0.12489891
0.10570037
0.14549017
0.068186045
0.13466024
0.10405612
0.11514962
0.108624935
0.07639456
0.1766597
0.13507175
0.121912
0.023703694
0.14150369
0.16120112
0.15243804
0.13982785
0.09065974
0.0991236
0.13144517
0.066381454
0.05121374
0.12690592
0.16290593
0.14623725
0.05452466
0.09158313
0.1607691
0.06623602
0.16361272
0.051357508
0.12349284
0.03265524
0.084777
0.112644315
0.047168016
0.11186588
0.13983452
0.086918235
0.10020757
0.06669247
0.06543684
0.15397274
0.06721425
0.08776724
0.09258926
0.09711373
0.16632783
0.13073027
0.05873692
0.1565584
0.10112071
0.0879581
0.15105283
0.11242175
0.09429598
0.107088804
0.17664683
0.04075861
0.04456961
0.10237074
0.14823306
0.10513377
0.07053089
0.12864506
0.032067776
0.08593595
0.17097068
0.13548386
0.16283154
0.0426867
0.10437429
0.17655861
0.055793047
0.097756386
0.11399186
0.13048196
0.060050845
0.06533992
0.011553526
0.11452711
0.106090784
0.088696
0.13766766
0.02761519
0.057543755
0.12714684
0.17215002
0.11144543
0.075602174
0.1354518
0.100260735
0.07397699
0.100149035
0.059075117
0.14928782
0.087430835
0.09012401
0.14087307
0.09279764
0.01991117
0.17690337
0.122951984
0.14270937
0.13254225
0.15593326
0.1561954
0.16352785
0.14017403
0.13425827
0.16574955
0.09202826
0.16732883
0.14258969
0.1232003
0.15270543
0.11590886
0.020881534
0.13729227
0.1367979
0.08873713
0.12554586
0.13413584
0.04592073
0.11212385
0.05355966
0.017411947
0.13998449
0.058877945
0.13710248
0.061135054
0.112376094
0.091448545
0.123245716
0.13323915
0.086557984
0.1787175
0.08356178
0.026816845
0.18035233
0.04660225
0.03096962
0.13516915
0.0785985
0.05946231
0.08782339
0.17673516
0.06854212
0.051577687
0.17176998
0.20832253
0.14577508
0.10813749
0.118186474
0.13402355
0.10545397
0.045764446
0.05273354
0.1454624
0.06424618
0.035710096
0.06780422
0.09752405
0.1443882
0.09617925
0.12996316
0.07299328
0.1971569
0.09693217
0.14012814
0.112718105
0.07011163
0.17841446
0.08780944
0.10343993
0.11300862
0.074731946
0.12423456
0.008886814
0.06978953
0.14282966
0.033926606
0.17524683
0.11343467
0.12252557
0.15030456
0.04740596
0.12254453
0.13130724
0.060424328
0.07467437
0.047581673
0.16383958
0.1112175
0.1615057
0.06764436
0.12381244
0.13343501
0.10352588
0.059009314
0.004347801
0.1013608
0.115342855
0.102104306
0.11895192
0.0977546
0.10331309
0.053777575
0.0880698
0.172544
0.17485404
0.02961409
0.10514128
0.08386493
0.13032901
0.12668347
0.13006127
0.12636936
0.051572442
0.13203001
0.12514007
0.066544175
0.12398791
0.078784466
0.15398955
0.042013884
0.04633081
0.08542466
0.12327719
0.14063728
0.14187884
0.097524405
0.15880644
0.10700095
0.16335309
0.12809062
0.16106653
0.09646273
0.017378688
0.14243293
0.105199814
0.019495845
0.023106217
0.09998751
0.15837848
0.05262971
0.116836786
0.06977105
0.14392233
0.10879612
0.042643547
0.14969504
0.11666632
0.11643314
0.11560857
0.15232468
0.14228201
0.15001965
0.098239064
0.14292538
0.060957193
0.15767622
0.02386725
0.15151894
0.09285009
0.09828234
0.12083638
0.028761983
0.07422328
0.10085702
0.07546055
0.15198267
0.18128109
0.13857019
0.0748651
0.0915581
0.17389572
0.06944144
0.10086548
0.14080012
0.15539122
0.08379996
0.06034088
0.13786507
0.10942769
0.11104226
0.15639055
0.18712783
0.16867363
0.16457629
0.035724044
0.113054395
0.14291418
0.11016047
0.11080241
0.11807752
0.15398908
0.080640554
0.037949562
0.08582735
0.07176089
0.17830706
0.13951182
0.17212725
0.10327232
0.11671007
0.07362044
0.088716626
0.15587258
0.04037249
0.0804553
0.08477056
0.14232802
0.029435277
0.13914824
0.07674241
0.168028
0.14593387
0.063925385
0.12767208
0.061176658
0.087356925
0.04739833
0.13826227
0.15335786
0.017737627
0.15501416
0.105917215
0.10993099
0.085590124
0.0781976
0.1771574
0.09195876
0.08256137
0.14380813
0.1588068
0.16943276
0.1279341
0.04656923
0.11193824
0.027381182
0.038494706
0.12635994
0.14585614
0.14031243
0.009019852
0.10133183
0.13125694
0.012470961
0.045076728
0.12379336
0.068082094
0.13539708
0.1264764
0.12318444
0.06364918
0.038173676
0.14634287
0.14401972
0.0047746897
0.14001882
0.12837327
0.09523916
0.13865137
0.087986946
0.10481703
0.10592806
0.120156765
0.08052075
0.13990283
0.11857629
0.14878547
0.09856892
0.06362617
0.09798372
0.12582874
0.04006076
0.14990103
0.018733501
0.07587397
0.20707095
0.114191175
0.12976718
0.05306661
0.055423617
0.08653283
0.12761128
0.047049165
0.10946703
0.09460664
0.091772914
0.156865
0.061677694
0.057881713
0.018418193
0.1172837
0.14071298
0.1373502
0.0727607
0.08295536
0.065696955
0.098656654
0.15256321
0.16037369
0.121901035

0.18617058
0.042160034
0.08526552
0.09019041
0.1276381
0.019821167
0.022455215
0.07303429
0.24571204
0.19579983
0.026499987
0.09494269
0.09737861
0.14125371
0.018953443
0.08478701
0.07396841
0.10892701
0.042560816
0.06507361
0.14069414
0.16092241
0.11264539
0.06972945
0.16835189
0.08952987
0.15282595
0.19375503
0.047175407
0.016324162
0.12185264
0.078551054
0.08430731
0.14117038
0.056846857
0.078124285
0.10199046
0.103366494
0.094208
0.18262315
0.033539414
0.20514655
0.046273112
0.028967738
0.08416426
0.10568619
0.0531497
0.13642764
0.025069952
0.11683488
0.20545805
0.095363855
0.07739568
0.10516143
0.06468558
0.050166488
0.087138414
0.055922985
0.051383734
0.20917356
0.13540912
0.01339829
0.08620894
0.036069393
0.081356406
0.045631886
0.035766482
0.02827406
0.061075687
0.25670218
0.103045106
0.066737056
0.1393094
0.13388598
0.049849153
0.05651164
0.11221802
0.21912026
0.027508974
0.1290977
0.014736176
0.049635768
0.05080366
0.07902992
0.050216317
0.11666882
0.06103301
0.12510443
0.20781898
0.064484835
0.21428704
0.11303055
0.12765098
0.024434686
0.021019459
0.08756316
0.15479982
0.12954688
0.089432955
0.05424893
0.10757923
0.038505435
0.017252326
0.052344084
0.11635816
0.041666865
0.09971869
0.005508065
0.053080797
0.04409647
0.16488218
0.13667178
0.13019907
0.14230096
0.15168083
0.15157259
0.17674685
0.12971556
0.046461582
0.04993689
0.048244953
0.030219674
0.07849884
0.0398854
0.11828804
0.09075773
0.042947054
0.014843941
0.030913353
0.22317457
0.21353674
0.1587584
0.06993914
0.055740952
0.14623559
0.05289781
0.024563909
0.107578635
0.061095715
0.10187614
0.053717375
0.06909478
0.10751343
0.24162126
0.1957742
0.033255696
0.12902188
0.10375118
0.08759403
0.14383292
0.1919756
0.14608133
0.029837608
0.03837824
0.07205379
0.05990076
0.05390799
0.07723117
0.029145598
0.06508982
0.064231396
0.098466635
0.2355318
0.15802586
0.0123586655
0.15442514
0.10411787
0.010063052
0.044596195
0.05910039
0.057085752
0.090889215
0.049474
0.053299785
0.050991893
0.08768487
0.09319055
0.061664462
0.05902791
0.023929477
0.03426349
0.2056539
0.0744648
0.048857808
0.081223965
0.089788914
0.04004836
0.13417268
0.11700642
0.018594027
0.15613246
0.0835315
0.06298077
0.04470706
0.041066885
0.02751708
0.045341253
0.086399555
0.023857713
0.08079803
0.06904256
0.15837812
0.088588715
0.07981205
0.045204163
0.11279297
0.065600395
0.048156023
0.031559587
0.061570406
0.052704096
0.04322934
0.095265865
0.17199707
0.11169565
0.07250154
0.118692875
0.021651506
0.019861579
0.034094334
0.008687735
0.10513282
0.060925245
0.05948019
0.065316916
0.12236333
0.20692182
0.107236385
0.12163234
0.025764227
0.045891047
0.20608127
0.07843006
0.08952427
0.0735085
0.04760027
0.067171454
0.0932436
0.10151613
0.07746315
0.11514652
0.17287838
0.019996643
0.028893828
0.10545921
0.15936196
0.06684828
0.052175164
0.17824674
0.12573051
0.044644117
0.03587365
0.19974077
0.036518335
0.034299612
0.11821151
0.1592015
0.15635717
0.09962654
0.06956589
0.03432226
0.10267615
0.113379
0.117768645
0.075374246
0.0071760416
0.013471723
0.12719703
0.12896049
0.10367823
0.11214697
0.025912642
0.057088017
0.1773771
0.026875734
0.020682693
0.11135614
0.07424867
0.07789123
0.083836555
0.040738344
0.12854505
0.045550346
0.045644164
0.075134516
0.028235197
0.02991569
0.16943502
0.055678487
0.06886792
0.027517319
0.04298842
0.10809207
0.1545111
0.059497356
0.013248205
0.05595267
0.108418226
0.080684185
0.08967519
0.10844886
0.073356986
0.11652768
0.076150775
0.07011318
0.02235055
0.08145237
0.04425931
0.15918529
0.088472724
0.103218436
0.077498674
0.022497535
0.07323992
0.03927219
0.073821425
0.107635856
0.058863044
0.04673016
0.041998506
0.11463022
0.048729777
0.04832983
0.15798438
0.033249617
0.06522703
0.15187657
0.042671204
0.036747456
0.05755377
0.0588156
0.057302237
0.0785867
0.10585058
0.023042202
0.065710306
0.1504643
0.06458533
0.13149059
0.048306227
0.0377239
0.045729756
0.13444257
0.088865995
0.02548325
0.08294523
0.047772765
0.029453754
0.030110955
0.11495006
0.057044506
0.10711992
0.11338282
0.15751183
0.04513192
0.107593894
0.06322658
0.032664537
0.09722602
0.011096239
0.04866624
0.0859977
0.1971674
0.06699383
0.029281735
0.008845329
0.16871214
0.2111783
0.030704021
0.09779179
0.20600426
0.07456815
0.023990989
0.09611523
0.13204455
0.23953485
0.043693185
0.059022307
0.1346637
0.038686156
0.110670686
0.066521645
0.09432256
0.041124225
0.10360551
0.12056279
0.08336556
0.08847487
0.042588234
0.085918546
0.07941854
0.103406906
0.100619674
0.0176785
0.064242125
0.102059245
0.08334327
0.03350079
0.05857098
0.072782755
0.09474337
0.084724665
0.08615959
0.094934106
0.051785827
0.09811723
0.024587512
0.06087637
0.119549155
0.042420864
0.0650301
0.08244157
0.1195941
0.112562776
0.057807684
0.02633655
0.08030999
0.09718239
0.1682812
0.07426429
0.023012042
0.14124954
0.1159606
0.12560773
0.03184676
0.23142934
0.1516236
0.13824558
0.028895378
0.10342884
0.06698346
0.032787442
0.030789137
0.066110015
0.105704546
0.09248805
0.0723927
0.058288217
0.021651387
0.07243669
0.13372874
0.103084326
0.09537554
0.06939232
0.049887896
0.1895622
0.15160966
0.02944684
0.14065266
0.049926043
0.11785102
0.13051617
0.12302601
0.09850085
0.1315819
0.056444526
0.16742802
0.077157974
0.032684207
0.046699166
0.062708855
0.03337705
0.15132165
0.029990911
0.022292376
0.056640744
0.030541778
0.03149855
0.061045766
0.06634426
0.036305428
0.10586655
0.047481775
0.09866071
0.031222224
0.06723511
0.23399115
0.088081956
0.06739092
0.048172235
0.018369436
0.12284839
0.06466365
0.056560636
0.03052342
0.12913656
0.052314878
0.0457958
0.0496763
0.06780386
0.13716793
0.06975317
0.19371057
0.03417635
0.06800902
0.029684901
0.045374632
0.11640322
0.25780547
0.21430027
0.091917515
0.07928038
0.07185733
0.26788962
0.053609252
0.16634238
0.046401978
0.0361073
0.03939736
0.17629349
0.061223626
0.13965905

0.06418872
0.032058477
0.023975134
0.023340225
0.08007336
0.024832368
0.06676686
0.08278394
0.035789013
0.081566095
0.037365794
0.051073194
0.003648758
0.016586185
0.010823488
0.037677407
0.029885888
0.040562034
0.06060052
0.009939432
0.033070803
0.025039196
0.044426322
0.0108065605
0.013159275
0.046681166
0.010712981
0.046085
0.055528164
0.05364263
0.030055642
0.021044374
0.0428679
0.0008625984
0.018281579
0.08954406
0.0043877363
0.025119543
0.027933478
0.032123208
0.012637973
0.00018978119
0.031177878
0.027683139
0.024448514
0.0149647
0.062124252
0.010681152
0.063694
0.013420701
0.010903597
0.052883506
0.032439113
0.06620157
0.023594737
0.07455349
0.006034851
0.03779435
0.06029129
0.038316607
0.020664811
0.017304063
0.041463494
0.032533288
0.018437624
0.044312716
0.070245266
0.008815408
0.06595707
0.031143785
0.02490437
0.085505605
0.049176097
0.06795347
0.05683875
0.0109039545
0.0066576004
0.037395954
0.028128743
0.001766324
0.05622697
0.046178818
0.10181308
0.02575624
0.007902622
0.067661405
0.0036250353
0.0015436411
0.052670836
0.034991145
0.03082943
0.020752072
0.051069617
0.03364706
0.0090789795
0.03531444
0.04228425
0.016998172
0.02371955
0.011987567
0.08922899
9.000301e-05
0.037752986
0.01602137
0.014486074
0.074958086
0.06408203
0.028424144
0.065665245
0.0010670424
0.0010346174
0.002965331
0.03001535
0.06380987
0.026372075
0.017400384
0.044710755
0.004830599
0.028147101
0.02749741
0.04577267
0.009540796
0.0074180365
0.016760826
0.025509834
0.040378332
0.04556513
0.027767658
0.011110067
0.0056989193
0.02796626
0.078267336
0.010310292
0.04850781
0.00985074
0.0029222965
0.010137796
0.020189643
0.04930663
0.0132472515
0.022032142
0.05669713
0.06971192
0.056485057
0.053208828
0.01142478
0.015861154
0.028773665
0.025324345
0.00852716
0.0104500055
0.041772604
0.019205451
0.050760865
0.015223861
0.042853594
0.049755573
0.02772963
0.05932319
0.008977532
0.037258387
0.0051785707
0.027624846
0.008406997
0.0006418228
0.0045912266
0.08948183
0.043123364
0.008204341
2.193451e-05
0.027472496
0.033151627
0.0057555437
0.016853333
0.019571424
0.014774084
0.02075088
0.010833502
0.010646462
0.0025217533
0.019952178
0.012808681
0.024260402
0.07156229
0.01848805
0.056744218
0.012978792
0.013238668
0.073981285
0.06344652
0.057623625
0.08008337
0.021582007
0.02592051
0.023104548
0.020571709
0.03792894
0.04348159
0.055729747
0.04421091
0.034495115
0.008065939
0.0025018454
0.047702074
0.025689363
0.04191208
0.08530426
0.015024424
0.01846695
0.024193645
0.026618123
0.02290988
0.031008363
0.020920157
0.06921816
0.067649364
0.0131293535
0.028557539
0.003514886
0.08601868
0.06140542
0.006186962
0.03142345
0.02013135
0.025007129
0.024174452
0.004156947
0.041149974
0.0027880669
0.0076369047
0.019823432
0.07355237
0.033989668
0.06191635
0.0005145073
0.024320483
0.019541025
0.0055327415
0.002704978
0.050920248
0.013164759
0.02798915
0.072911024
0.007676244
0.005655527
0.012490749
0.035011172
0.065885305
0.015107751
0.016607046
0.026921272
0.021488547
0.08423734
0.040136337
0.039837718
0.004049182
0.0063945055
0.067200184
0.020472765
0.024203897
0.09390521
0.00082206726
0.008439302
0.07666826
0.047845483
0.010567665
0.03176558
0.023339748
0.04020393
0.039301515
0.05344498
0.024151444
0.044496775
0.013984442
0.005418062
0.0447129
0.01950562
0.03550434
0.01909709
0.021861434
0.011446595
0.02290237
0.039360404
0.033385754
0.06559777
0.0038579702
0.0004440546
0.025996923
0.0797627
0.041764855
0.015734315
0.012163639
0.02697444
0.047755122
0.076784134
0.060177803
0.034268737
0.002619505
0.0402081
0.037218332
0.02553773
0.12000239
0.060559988
0.06310582
0.02951169
0.046218872
0.042988658
0.027620077
0.01873672
0.03504622
0.02152741
0.08363199
0.034887433
0.006669998
0.0023409128
0.07493758
0.07117629
0.075968266
0.00015413761
0.02322185
0.018577576
0.0076276064
0.004638195
0.04752755
0.02519226
0.021635294
0.03101468
0.00957644
0.02718389
0.057422638
0.052456617
0.0013167858
0.054819107
0.009117961
0.019217849
0.049179673
0.01698327
0.0018110275
0.026490808
0.0070791245
0.02426827
0.06060791
0.06964302
0.039480925
0.047191978
0.0430454
0.01613319
0.041850686
0.037225723
0.05108583
0.036929965
0.01987195
0.00303936
0.024788857
0.09978044
0.06956446
0.05811584
0.10194516
0.03238213
0.042247772
0.02079308
0.007852554
0.031488776
0.050394893
0.0058825016
0.03973055
0.055469632
0.04314375
0.0017254353
0.010240555
0.018668056
0.024545431
0.03162098
0.08230829
0.023901224
0.02085936
0.068482876
0.027845383
0.03816378
0.07213783
0.0072880983
0.042815328
0.044053674
0.028865457
0.010125637
0.039651394
0.014006376
0.04010737
0.024379969
0.032357097
0.025096297
0.07122576
0.05835998
0.032333612
0.047954082
0.0050233603
0.05611539
0.053299665
0.054989457
0.04050076
0.049491405
0.026950479
0.06148672
0.062842965
0.05757308
0.020119667
0.035633564
0.025700808
0.007707119
0.040165067
0.040192366
0.040409923
0.04066181
0.029987931
0.06560838
0.045336604
0.0066691637
0.07327819
0.06821072
0.007812858
0.012654781
0.050005913
0.0211581
0.013904333
0.020770788
0.04968238
0.0050382614
0.01431489
0.017049074
0.016838312
0.0556463
0.046421885
0.0296247
0.048368454
0.0034780502
0.06240177
0.027855158
0.021901011
0.010290742
0.09722149
0.0017001629
0.003994465
0.016903639
0.024731517
0.044616222
0.026337981
0.03691721
0.030638576
0.065493345
0.029872656
0.0155085325
0.0059878826
0.050080538
0.02109468
0.022559166
0.033079147
0.06403184
0.00033318996
0.0019259453
0.0130985975
0.03393781
0.008587241
0.023271203
0.030449748
0.040825486
0.00990212
0.030507088
0.05417955
0.012815833
0.006908536
0.0009099245
0.019622922
0.02307117
0.01550889
0.022727609
0.05823016
0.034374952
0.039949417
0.010111809
0.02350831
0.046381354
0.050718904
0.025604367
0.039999485
0.040490866
0.017532825
0.008384228
0.009896994
0.03690529
0.054902434
0.04024625
0.021951437
0.02790761
0.012838602
0.072880626
0.0780828
0.0477916
0.055920005
0.027920008
0.060004354
0.0013273954
0.008230686
0.054780602
0.057997704
0.07983792
0.0037688017
0.04827237
0.063970566
0.016474724
0.015259147
0.0017448664
0.0313015

0.014148116
0.019915938
0.02665162
0.034692526
0.020871758
0.030498266
0.013754487
0.012986898
0.0189718
0.0145174265
0.0139404535
0.017547369
0.011170268
0.03572893
0.013556838
0.015541196
0.03490424
0.0077129602
0.019123912
0.011572123
0.026453257
0.03094554
0.02132368
0.02407384
0.012080312
0.026031613
0.024496198
0.024985075
0.029863238
0.012061119
0.037480116
0.029500723
0.0063718557
0.0075395107
0.045075893
0.022031069
0.021156907
0.008629799
0.015720606
0.010471106
0.023192525
0.044005156
0.0229671
0.005960822
0.038483858
0.046551704
0.00096416473
0.00853467
0.004280567
0.01679027
0.0073029995
0.020070791
0.012472987
0.008079886
0.023608685
0.017406106
0.008147836
0.031674266
0.014923573
0.03647566
0.007450223
0.009795666
0.0070950985
0.04350257
0.011771917
0.027483225
0.018895745
0.0049870014
0.036605716
0.03275919
0.019692421
0.017343044
0.026710272
0.009842992
0.0009846687
0.022747755
0.014642358
0.009399056
0.021271586
0.019826889
0.025360465
0.018494725
0.011895418
0.026111841
0.037463307
0.02452135
0.03710103
0.016055226
0.024889946
0.010406971
0.024045229
0.002809763
0.022714734
0.026771545
0.02159679
0.030973196
0.016048908
0.011859775
0.0047506094
0.018687725
0.011880279
0.00663352
0.021160603
0.0060368776
0.0038132668
0.014566183
0.006276369
0.002014637
0.031305075
0.02057612
0.026299477
0.022733927
0.015122652
0.014354348
0.014041066
0.017083526
0.025610685
0.013278604
0.019373298
0.044124603
0.017993331
0.0026495457
0.0068633556
0.014131069
0.020483494
0.017255902
0.012498856
0.018397808
0.0186584
0.0082240105
0.010544777
0.029655337
0.019966245
0.021633506
0.022055507
0.008653998
0.017326117
0.028942823
0.031879783
0.015696168
0.012953997
0.026579857
0.026097775
0.043454885
0.041083217
0.027843118
0.013185382
0.02554071
0.017343402
0.021732807
0.013006091
0.03441584
0.0152772665
0.030641913
0.01770544
0.010772109
0.020539045
0.016449451
0.011481643
0.007586837
0.03165555
0.020377994
0.008143663
0.008706093
0.028411865
0.02473998
0.0138094425
0.017527461
0.019618988
0.035983443
0.016839862
9.357929e-05
0.015694618
0.015346646
0.024194121
0.011305571
0.033849716
0.009990096
0.030520916
0.016771317
0.005196929
0.007596135
0.0029523373
0.011984944
0.010203481
0.016171098
0.011129737
0.0010834932
0.026896358
0.011945009
0.011975527
0.041227937
0.0012744665
0.024755597
0.007879853
0.023016334
0.016947865
0.021601915
0.006627798
0.01840067
0.0058369637
0.015589118
0.009643316
0.009763122
0.00017404556
0.03510821
0.019629836
0.018007517
0.005513191
0.0073473454
0.019081116
0.02246213
0.03163302
0.007907629
0.027961135
0.015386224
0.0143841505
0.01878047
0.0075856447
0.025964618
0.011695027
0.013316035
0.018448472
0.0056871176
0.00995338
0.017674923
0.0131754875
0.019238472
0.020890713
0.0061045885
0.005500436
0.032269955
0.020125985
0.0028834343
0.015241265
0.01623094
0.022418618
0.013163924
0.019876838
0.03430462
0.04072559
0.005910039
0.013928413
0.014407992
0.033024907
0.014908314
0.0096337795
0.027572513
0.012112379
0.026649117
0.028651118
0.021175385
0.011764884
0.0062479973
0.036320686
0.029624939
0.022034526
0.012996435
0.015518904
0.008989692
0.01611054
0.0116016865
0.015006065
0.007328272
0.018429995
0.026683092
0.020406961
0.003472805
0.0139427185
0.03723967
0.0078139305
0.02970469
0.020056605
0.007319212
0.02383864
0.008152127
0.0065208673
0.02226007
0.0151439905
0.008957148
0.004222274
0.014649153
0.0062499046
0.022915721
0.029620051
0.041260004
0.008521318
0.0068256855
0.01878059
0.014343977
0.0021560192
0.014342785
0.01239419
0.018122077
0.023431897
0.022445083
0.021442771
0.026022673
0.002237916
0.042734027
0.022220492
0.003243804
0.015041351
0.00041615963
0.009282231
0.013517022
0.045259714
0.036217213
0.013422728
0.013297796
0.02618897
0.020206928
0.011809826
0.023445606
0.029816747
0.012117267
0.008374214
0.019685626
0.011755824
0.0259161
0.012817979
0.021885514
0.020317912
0.024132371
0.020254612
0.011964321
0.012625933
0.019075513
0.021777868
0.026641011
0.024055004
0.016218662
0.028490663
0.01369679
0.009184837
0.016411662
0.020629168
0.023515344
0.022153378
0.01762867
0.023191094
0.03673005
0.016595483
0.0011562109
0.012442231
0.036194682
0.02130115
0.009108424
0.0072267056
0.02637279
0.020614624
0.027113914
0.017931342
0.021696568
0.0073211193
0.051936984
0.0075324774
0.0075542927
0.013342261
0.014720798
0.024160504
0.008469582
0.023698568
0.0059319735
0.024692893
0.0055867434
0.029057622
0.010976791
0.009778023
0.031772256
0.0010867119
0.010354042
0.036204457
0.017171979
0.007900715
0.008579254
0.015537143
0.021490932
0.020283103
0.028167605
0.027116537
0.022262096
0.021616101
0.013869166
0.018385649
0.03436625
0.023529053
0.030376315
0.025019884
0.013135314
0.01888442
0.021791458
0.00046384335
0.007749915
0.017154694
0.004920602
0.026794434
0.0098308325
0.015771627
0.022351027
0.02743721
0.008223176
0.007930517
0.02157545
0.02116263
0.012186527
0.024213552
0.028404236
0.014450669
0.01630652
0.041392803
0.013741851
0.02516973
0.0020401478
0.014678001
0.01845634
0.022045732
0.007696986
0.014043689
0.0061587095
0.023082495
0.022492409
0.028911352
0.012815356
0.014414072
0.0130854845
0.029905796
0.0053447485
0.026477814
0.012731075
0.018905044
0.0062698126
0.024985671
0.01363194
0.021431804
0.010563612
0.019626379
0.027290106
0.022156358
0.01715219
0.0041484833
0.009868503
0.013613582
0.018911242
0.02006793
0.025057793
0.031541944
0.011928916
0.005913019
0.0066580772
0.011893392
0.025728106
0.0067099333
0.02913928
0.012279153
0.01503253
0.022269487
0.023125172
0.01634276
0.011995912
0.028091788
0.013748765
0.008274555
0.004038453
0.023735523
0.0049073696
0.043813944
0.046838045
0.019675016
0.01255393
0.009963989
0.009441614
0.007969022
0.018811226
0.017320395
0.022463202
0.012254596
0.02464664
0.026536942
0.007877588
0.014413476
0.01581192
0.021509647
0.013868809
0.013087034
0.03892827
0.02319026
0.01027143
0.016123176
0.032602906
0.020814657
0.012039304
0.004390955
0.04124534
0.042392015
0.012380004
0.029996037
0.032043695
0.014796376
0.009313107
0.010601521
0.011918664
0.017403245
0.02004695
0.015115142
0.012943506
0.018747807
0.020999432
0.018193483
0.00972414
0.022518754
0.0063910484

0.011368275
0.003426671
0.00803113
0.024330497
0.009504318
0.0054769516
0.01736784
0.009312987
0.01719153
0.0057849884
0.0061171055
0.01792252
0.008949518
0.009562492
0.012815356
0.011185765
0.02045989
0.014665246
0.0125460625
0.04028225
0.035393596
0.017996073
0.0068968534
0.01529479
0.0059974194
0.0017285347
0.02329874
0.007015109
0.019991994
0.012862086
0.007814288
0.018658519
0.02532804
0.024331689
0.016639948
0.04021883
0.030353665
0.013631463
0.011903167
0.009592295
0.018334627
0.024631739
0.023166418
0.004085183
0.004251361
0.015949845
0.015235782
0.014074445
0.016771555
0.021230578
0.005284071
0.006227851
0.012695909
0.0278157
0.0113431215
0.02961576
0.011759996
0.01084888
0.0083498955
0.027120948
0.007577181
0.012142301
0.01343441
0.02496779
0.0013344288
0.008004665
0.006319642
0.023254871
0.030779004
0.014521837
0.0044134855
0.0038579702
0.018151522
0.006008625
0.028185964
0.014967561
0.023627281
0.010045767
0.0033128262
0.009768724
0.016855597
0.0075799227
0.017790556
0.023757815
0.009355783
0.028072
0.0131367445
0.0185951
0.035743237
0.015783787
0.020305991
0.014382362
0.016047716
0.0107604265
0.016388059
0.013370156
0.018182874
0.023907423
0.0077466965
0.0040255785
0.0019043684
0.012404203
0.017143726
0.023397088
0.0064080954
0.017607093
0.021297097
0.014798522
0.020516038
0.05288124
0.025487661
0.00879097
0.015081167
0.019751072
0.014819026
0.01654017
0.006228566
0.022848368
0.05288732
0.018265486
0.021268368
0.013615131
0.021570444
0.02702427
0.017787933
0.0032299757
0.023035645
0.021107912
0.0061848164
0.007974386
0.024934292
0.011029482
0.03581047
0.02499926
0.022900224
0.026445866
0.011033297
0.010146141
0.038645744
0.021342754
0.014122009
0.007962823
0.030699134
0.033141613
0.012725711
0.017601013
0.0128855705
0.013487816
0.024025798
0.010583639
0.01383245
0.007082939
0.017442584
0.011395216
0.0139654875
0.016892076
0.004025221
0.012267709
0.009562969
0.0037158728
0.010675192
0.01392436
0.021918178
0.009774804
0.004499078
0.011848688
0.008245587
0.023836374
0.011726022
0.014871001
0.008951902
0.018384457
0.0073138475
0.010194302
0.015577793
0.012108684
0.0044107437
0.006381035
0.013660312
0.02793312
0.00935781
0.011159301
0.01106441
0.01526773
0.009472609
0.016787529
0.022575378
0.010750294
0.0066666603
0.017598033
0.006974101
0.00534606
0.014387369
0.046301246
0.01158464
0.004408002
0.024566293
0.015809894
0.006549239
0.012621999
0.009089589
0.027648807
0.009937525
0.027615428
0.012548208
0.014828324
0.011805534
0.0016467571
0.011125565
0.010046601
0.0073137283
0.021398306
0.021697998
0.011079788
0.0458951
0.017264962
0.008414865
0.028622866
0.01693368
0.010005355
0.011353254
0.011136293
0.02012217
0.010408282
0.019067764
0.011394978
0.008805871
0.01275301
0.025466084
0.01635468
0.020281553
0.0036478043
0.029024959
0.0050885677
0.015730023
0.027549148
0.004558444
0.013789654
0.0022562742
0.025288701
0.010863423
0.010876656
0.021708846
0.0059423447
0.0037298203
0.0153564215
0.024644613
0.016727328
0.010777354
0.01859057
0.020471454
0.013278246
0.015240788
0.02352631
0.009070754
0.006097436
0.0066019297
0.010965705
0.012755752
0.016339183
0.014508486
0.010995626
0.013515949
0.020059466
0.029307961
0.028442979
0.021297336
0.004134059
0.01275301
0.017547607
0.0090966225
0.04461193
0.021830082
0.012260795
0.0026881695
0.035903454
0.005231619
0.0070824623
0.015401006
0.012994528
0.016055465
0.025306582
0.017083049
0.0058945417
0.018985033
0.00029861927
0.0050486326
0.015472889
0.026002288
0.019085407
0.007901192
0.021123648
0.010066152
0.014793873
0.0009326935
0.039584756
0.036749005
0.009887576
0.014236569
0.0049374104
0.021410227
0.026816487
0.01571405
0.012530446
0.011769652
0.01736033
0.004492402
0.020029426
0.042155623
0.018441916
0.018500566
0.012934327
0.011337757
0.01183331
0.014166713
0.012925744
0.030148268
0.019774199
0.008078814
0.009007573
0.025648355
0.014559984
0.009822845
0.03006661
0.038336635
0.02823627
0.011757612
0.0089815855
0.012681007
0.028668404
0.026908636
0.014723301
0.013573289
0.010148287
0.0073337555
0.0013341904
0.018618822
0.0135349035
0.007767439
0.018423438
0.030637503
0.007610202
0.016398907
0.0019516945
0.018119216
0.014813304
0.022610784
0.0061370134
0.021088362
0.010555983
0.021407723
0.034944773
0.0036102533
0.0005681515
0.00835526
0.014204502
0.009840012
0.013344884
0.021941781
0.008734226
0.024472475
0.036898613
0.01179862
0.0066952705
0.016945243
0.005368948
0.019018054
0.008033752
0.00953877
0.0044739246
0.014631867
0.016336203
0.028093696
0.0043102503
0.014820218
0.028613687
0.0071474314
0.03154719
0.017236352
0.01581037
0.029717088
0.02398479
0.022046685
0.012389541
0.010091662
0.027502298
0.028052568
0.017103791
0.02404809
0.03251624
0.040502667
0.014399409
0.029571176
0.020738125
0.0012843609
0.024588346
0.041282892
0.00038671494
0.003246069
0.024078608
0.029492736
0.011748314
0.017221808
0.018566728
0.011437297
0.014024377
0.01753211
0.0060230494
0.019183993
0.0065392256
0.029151082
0.015999913
0.0066913366
0.02688837
0.0071725845
0.010219097
0.026529312
0.046254992
0.012786746
0.017471433
0.009844422
0.011856079
0.011351585
0.019762754
0.010744572
0.033522725
0.020376563
0.020750642
0.021086454
0.0045952797
0.009987593
0.02124095
0.036678553
0.011768937
0.02003491
0.02446258
0.0041080713
0.031828642
0.022437692
0.021386266
0.0023037195
0.025039196
0.0049419403
0.019138932
0.009486318
0.013418555
0.0077165365
0.018546939
0.032580733
0.006886959
0.018775105
0.0018017292
0.009858966
0.015707612
0.019777536
0.010491848
0.017277002
0.015889525
0.02238357
0.026960015
0.014567852
0.014637828
0.027667284
0.019838214
0.018349528
0.024877548
0.0096799135
0.01859355
0.00909853
0.03591454
0.052722692
0.039316177
0.0060653687
0.0071817636
0.01097405
0.028481603
0.011033893
0.01183033
0.0037978888
0.014065981
0.018577814
0.0091023445
0.0015614033
0.024031878
0.005796671
0.029593587
0.016296387
0.0038090944
0.01125133
0.004161477
0.021321297
0.007276058
0.0030764341
0.014153004
0.016116261
0.012557745
0.025740147
0.0048885345
0.012380719
0.014848471
0.008635879
0.011430502
0.02947259
0.0088893175
0.023742199
0.026321411
0.0077170134
0.0023320913
0.011977911
0.00316298
0.0045007467
0.022846699

0.5074624
0.45685732
0.47925913
0.468426
0.54760027
0.44279253
0.43538487
0.48075402
0.53389955
0.4304222

