1.4680403
1.4209017
1.4532208
1.4037503
1.4443239
1.3955334
1.4386543
1.4473547
1.5209708
1.4133257
1.4708277
1.423216
1.4574022
1.4138726
1.4724604
1.4240723
1.4511943
1.4476309
1.46607
1.4533749
1.4445982
1.3992155
1.4691378
1.4558034
1.4936004
1.3603088
1.4361736
1.4163508
1.4253525
1.4297936
1.4066257
1.4285578
1.394706
1.3918968
1.398621
1.4231373
1.3942534
1.4268389
1.4012778
1.4702897
1.497849
1.464939
1.4590499
1.4211327
1.453477
1.3352132
1.453447
1.3975847
1.4364921
1.4727389
1.426977
1.4509594
1.53949
1.3730614
1.4961464
1.4032364
1.4581176
1.4282755
1.4638399
1.4344083
1.436719
1.4083166
1.4290513
1.4760216
1.4537516
1.383505
1.4119003
1.4327137
1.3681132
1.3898582
1.4441036
1.394957
1.3841885
1.4280376
1.5370495
1.4455693
1.4213046
1.4556284
1.4012189
1.5122323
1.4214457
1.4015963
1.3851756
1.4363574
1.4911921
1.3965456
1.4892302
1.4430183
1.4245231
1.3349538
1.4636822
1.4648848
1.4949763
1.4467808
1.4172311
1.4206212
1.4159166
1.4601649
1.4544173
1.4601998
1.3732831
1.4492958
1.4685543
1.409084
1.3965781
1.4928405
1.4028423
1.3555138
1.3903221
1.4561828
1.4216074
1.456325
1.3536136
1.4471624
1.6243509
1.4535904
1.415655
1.4851485
1.4520618
1.4566295
1.392546
1.3933429
1.5043191
1.4621592
1.4784691
1.3970983
1.3930824
1.4517279
1.5711
1.4406416
1.4976517
1.360617
1.4466612
1.4702023
1.4294474
1.5082414
1.4926367
1.3999785
1.4253883
1.4675741
1.4398795
1.4594154
1.3963717
1.4435996
1.399822
1.4070807
1.3900375
1.4374403
1.441804
1.4328809
1.4263804
1.5119089
1.3926206
1.4314733
1.429627
1.4474393
1.4351094
1.4029937
1.3674009
1.4026831
1.4535431
1.4048493
1.4859245
1.3722249
1.4367629
1.3977752
1.4487808
1.47301
1.454053
1.4052596
1.4096501
1.4457047
1.4493759
1.3694211
1.4780511
1.4052451
1.4280845
1.4455874
1.4008777
1.4567822
1.394856
1.4434336
1.3977331
1.4849344
1.4271088
1.427381
1.4221765
1.4312336
1.4285015
1.4202201
1.4210578
1.4304657
1.4696022
1.4306433
1.4668926
1.4435402
1.4252357
1.4750601
1.4467775
1.4010098
1.4316131
1.431414
1.4060781
1.434293
1.4966853
1.4888781
1.3962743
1.4887207
1.4562596
1.3891804
1.4113315
1.3774173
1.3927156
1.4305956
1.4649233
1.4389964
1.4226977
1.4227228
1.4694775
1.4461339
1.4675691
1.4497308
1.4175187
1.401298
1.5346282
1.390852
1.4571743
1.4538385
1.4407841
1.3951043
1.452573
1.4128032
1.424328
1.4606508
1.5389096
1.4433514
1.4695182
1.429571
1.3554679
1.3833321
1.4745882
1.4455987
1.3922282
1.4871324
1.4134665
1.4564422
1.3687239
1.5402707
1.5215644
1.4681907
1.4717811
1.4668454
1.464954
1.4379771
1.3276345
1.4293237
1.5046288
1.5573351
1.3660499
1.3859309
1.4871444
1.4437696
1.4465101
1.4074644
1.474918
1.4430691
1.3954134
1.397568
1.4291395
1.4399983
1.4594157
1.3667216
1.4213986
1.4084787
1.416882
1.437821
1.4136077
1.4973472
1.4505742
1.4219617
1.4734757
1.4373397
1.4938291
1.4154863
1.4090604
1.491754
1.3546484
1.4537978
1.3914329
1.4389443
1.4974413
1.3903301
1.377729
1.3979435
1.495669
1.4732382
1.4746494
1.5105149
1.4633647
1.3792679
1.500573
1.3864385
1.4069321
1.4748604
1.4372249
1.4907798
1.4030602
1.4081807
1.5730029
1.4157609
1.4271303
1.4524865
1.4545252
1.4248545
1.3104804
1.4042954
1.4010774
1.4747648
1.5028381
1.4322375
1.4315621
1.4655697
1.4121841
1.4342946
1.4685729
1.4487476
1.4189458
1.3796723
1.4314804
1.367372
1.3880854
1.3981221
1.4060931
1.376131
1.4926327
1.4485978
1.4165298
1.4182293
1.4257514
1.4790323
1.4410477
1.4285947
1.427282
1.3731838
1.3418093
1.4430298
1.4132587
1.3804
1.4435165
1.4552006
1.4687625
1.4638113
1.4053947
1.4079171
1.401871
1.4470891
1.448699
1.5210923
1.485915
1.4603072
1.4121236
1.4407405
1.4427549
1.4132626
1.3827997
1.4738936
1.3963583
1.3509244
1.4371389
1.4117341
1.4908187
1.5171278
1.4691218
1.4537001
1.4277735
1.4435564
1.502836
1.4500959
1.4440985
1.4406352
1.3847219
1.4439101
1.4448575
1.4145988
1.4243766
1.4406929
1.4127932
1.4290571
1.4613464
1.4066875
1.4280094
1.4272285
1.3520608
1.463374
1.457086
1.4399959
1.4465448
1.4944631
1.5166306
1.4418347
1.4214715
1.399952
1.3493645
1.4023278
1.4842567
1.396064
1.4437553
1.3800032
1.4523847
1.4314433
1.46083
1.4702016
1.4325178
1.4512391
1.3889693
1.4561435
1.46881
1.3927416
1.4823463
1.4170423
1.4668814
1.4294652
1.3806219
1.4471868
1.4560463
1.4069226
1.4505663
1.4138451
1.4046746
1.4668866
1.429925
1.448476
1.3547686
1.4862077
1.4262586
1.3691912
1.4203811
1.4340556
1.3880382
1.3511709
1.43538
1.4966125
1.4252224
1.4219253
1.4795812
1.3573395
1.4362882
1.3849697
1.4202939
1.4557831
1.4940424
1.4572353
1.4363751
1.4143227
1.4530003
1.3542503
1.3946186
1.3641921
1.4977832
1.4707869
1.4007229
1.4568347
1.3664663
1.4220953
1.4127132
1.4793298
1.4088999
1.3862534
1.4704566
1.4476054
1.486149
1.4610032
1.4621447
1.4787359
1.5305862
1.4361817
1.4021639
1.4391252
1.3701771
1.433196
1.4346503
1.4000739
1.4258723
1.3685842
1.446327
1.4428412
1.4065638
1.4274795
1.4817891
1.4734014
1.4173352
1.4171525
1.408948
1.4368974
1.4476191
1.416691
1.4292711
1.4517796
1.480275
1.4584298
1.3963965
1.441624
1.4336481
1.4615191
1.4199617
1.4320369
1.4026874
1.4519932
1.4854225
1.3991739
1.4598421
1.4604746
1.3703363
1.4156542
1.4124842
1.3787156
1.4321594
1.466897
1.363595
1.4161401
1.4632417
1.4519889
1.5135128
1.4515127
1.4120228
1.4098558
1.4754283
1.4412471
1.5310063
1.4109427
1.4759494
1.4452885
1.4559958
1.4861745
1.4071993
1.3992766
1.4020478
1.4295348
1.4101008
1.3642107
1.475437
1.4337726
1.4658834
1.3911375
1.4275956
1.4426177
1.441883
1.4571204
1.4935981
1.4203691
1.4614697
1.4068525
1.4247148
1.4585967
1.3991739
1.3945225
1.4140123
1.4441354
1.4809804
1.3743229
1.4106402
1.4044821
1.4465537
1.4725981
1.4667417
1.3958286
1.4404473
1.4081444
1.4343266
1.4317861
1.4409344
1.382924
1.4435723
1.4512066
1.4368052
1.4290442
1.473869
1.4986515
1.4697406
1.4338913
1.3640747
1.3701067
1.3815956
1.3579285
1.4901738
1.3966622
1.4575806
1.4245759
1.3808757
1.4578242
1.4092474
1.4083523
1.4774156
1.444546
1.4679134
1.4497778
1.40539
1.4373477
1.4027113
1.3762103
1.3968029
1.4615548
1.3880919
1.4780183
1.4771446
1.4778737
1.4226863
1.4686252
1.4391484
1.4004165
1.4083319
1.4186348
1.442852
1.4536217
1.4351842
1.3969696
1.5366209
1.3726815
1.4011685
1.460855
1.4680798
1.4595524
1.3584723
1.3867279
1.4748362
1.381056
1.4495475
1.4260418
1.401001
1.4064735
1.368601
1.4182267
1.3776951
1.4476143
1.4354175
1.4050393
1.4283651
1.3822284
1.4056088
1.3971331
1.4481823
1.4387277
1.4319198
1.3783455
1.4964675
1.4969823
1.4611342
1.4029164
1.452865
1.4282948
1.4453702
1.4680407
1.4830759
1.4589751
1.4061444
1.4048973
1.4756032
1.4018419
1.4124968
1.4620234
1.395396
1.4267457
1.4531249
1.4269168
1.4259915
1.4676695
1.4349597
1.4028704
1.3954734
1.3795964
1.4406823
1.398162
1.4102173
1.4287283
1.4381689
1.409858
1.4306233
1.4284605
1.4276797
1.4170148
1.3895643
1.4643186
1.4488729
1.4136374
1.3918874
1.4103535
1.5161201
1.4398683
1.39604
1.4327675
1.3990039
1.5032437
1.4159576
1.427837
1.4474343
1.3888962
1.4013517
1.51012
1.4132065
1.3785876
1.4521022
1.3765757
1.5038474
1.5044943
1.4051583
1.4091418
1.4575547
1.458563
1.462376
1.4143641
1.3978186
1.4803528
1.4115932
1.4413412
1.3842648
1.4378061
1.4155407
1.3765066
1.5135647
1.4878289
1.4256856
1.3904021
1.3932933
1.4340574
1.478162
1.3593181
1.3975989
1.4018342
1.4563735
1.4061838
1.4194269
1.4383945
1.4265274
1.4883504
1.555864
1.4626706
1.3808998
1.5420526
1.3672477
1.4555618
1.443854
1.4364365
1.406108
1.4617174
1.3960861
1.4740204
1.414066
1.4750499
1.440737
1.479282
1.507937
1.4821806
1.4238188
1.4202958
1.4390769
1.4590738
1.4547558
1.3803681
1.3888906
1.4731091
1.4102395
1.4422073
1.3749644
1.3865464
1.4823583
1.4825491
1.4324033
1.3842006
1.384722
1.4751022
1.4256387
1.4461639
1.3921916
1.5313553
1.451934
1.4159534
1.457306
1.4220316
1.469007
1.4027091
1.4358156
1.4562339
1.4016291
1.4325429
1.4744216
1.3717405
1.4252006
1.4410254
1.4042611
1.4000621
1.4643481
1.427535
1.4722621
1.4480629
1.496195
1.4365104
1.4775679
1.3963068
1.503602
1.3047085
1.4141489
1.4456229
1.4163706
1.3727558
1.4198939
1.3625989
1.5048264
1.4499397
1.4091958
1.4717695
1.423905
1.3833985
1.4089602
1.3411309
1.4414369
1.4484109
1.4554001
1.4061873
1.4004928
1.4188356
1.4470584
1.3781918
1.3774408
1.4141775
1.4490675
1.3989912
1.4515224
1.487144
1.4035838
1.3989842
1.4087027
1.4778966
1.4699888
1.3965893
1.4008766
1.4386925
1.431994
1.4004095
1.4503108
1.417202
1.4360721
1.4300485
1.4843775
1.4302942
1.4778956
1.4151136
1.3932937
1.4051284
1.4124805
1.3145117
1.4047279
1.4891615
1.4221792
1.3895528
1.4069225
1.4458158
1.462798
1.378564
1.381498
1.4842534
1.5426531
1.406274
1.389853
1.4020401
1.423584
1.4727739
1.3533376
1.3957394
1.5087845
1.4457983
1.4898647
1.4401507
1.4935203
1.3989391
1.4607966
1.4623171
1.3675485
1.4143921
1.3781083
1.395393
1.4272101
1.3596525
1.4051176
1.402832
1.4315339
1.4399625
1.4250332
1.4194334
1.3895075
1.4592664
1.4427406
1.5079179
1.4791259
1.3846184
1.4320722
1.4231646
1.4331553
1.4353535
1.4205302
1.4353853
1.4348626
1.433639
1.3879231
1.4431634
1.4222972
1.4200602
1.503416
1.5277722
1.4479592
1.431229
1.4393834
1.4793068
1.4409676
1.3646163
1.4790523
1.4710176
1.4634309
1.5241412
1.4398721
1.4239783
1.4173788
1.4150605
1.4164158
1.4485652
1.4275099
1.4035292
1.5095587
1.4332944
1.410706
1.4202526
1.4607229
1.4108058
1.4173268
1.461084
1.4024193
1.4162376
1.4409984
1.5073117
1.3858545
1.377914
1.3925662
1.4584687
1.4162415
1.4445893
1.4123921
1.4507742
1.4174733
1.2881839
1.4219401
1.4123744
1.4309746
1.4888955
1.5012336
1.4652568
1.403223
1.3353685
1.4488679
1.4826039
1.4963206
1.4277742
1.4039006
1.4184084
1.4316263
1.4433569
1.4491899
1.4548382
1.4018066
1.4162316
1.5537432
1.4854372
1.3876227
1.4146694
1.4656237
1.4170055
1.5126294
1.4488449
1.3893578
1.4754901
1.4171771
1.4608989
1.4772925
1.3957433
1.4509405
1.3820544
1.3876994
1.407831
1.451302
1.4241234
1.4436647
1.4202951
1.4118457
1.4904412
1.5101998
1.4501079
1.3733916
1.4678102
1.3803746
1.3822387
1.4435563
1.3989702
1.4398478
1.3955011
1.4739088
1.4374822
1.3915507
1.504165
1.4686145
1.4155202
1.416691
1.4907819
1.4877824
1.4650747
1.420475
1.4019678
1.3772835
1.346638
1.4293656
1.4166024
1.4092472
1.4835978
1.5024453
1.4066148
1.4003801
1.4500158

2.9829671
3.1413345
3.50422
3.6817906
3.6849675
3.7112267
3.163838
3.600063
3.628749
3.7339902

