0.038217902
0.018584609
0.009912729
-0.010933399
0.025366783
0.011550784
0.034496427
0.02355206
0.021569848
0.012390375
0.00764513
0.02217257
0.023236513
0.01944375
0.030358315
0.020431638
0.039093375
-0.004272461
0.006500125
0.01599598
0.007460594
0.04421544
0.021458864
0.01692772
0.022403002
0.031704903
0.035327792
0.005552888
0.021151304
0.0024570227
0.026648521
0.024895787
0.026528716
0.020635128
0.011457443
0.014569879
0.008908749
0.011788487
0.0053631067
0.05025959
0.02447033
0.01217103
0.060745478
0.010782242
0.019766688
0.0055663586
0.024903297
0.024080992
0.0044231415
0.03504038
-0.001139164
0.027368903
0.061241984
0.011882901
0.037950397
0.01163435
0.063795924
0.009005547
0.07662034
0.01854992
0.01930368
0.016447067
0.04704404
0.017437696
0.027469397
0.011355162
-0.0037715435
0.023986578
-0.010752201
0.01779449
0.029939532
0.0076881647
0.017555475
-0.014512062
0.043206096
-0.0033881664
0.021551967
0.030802965
0.0028928518
0.025918722
0.0135496855
0.008298516
0.015785217
0.017417312
0.018215299
0.030566692
0.063780546
0.025207877
0.045430303
0.0073086023
0.020599842
0.009594679
0.012524605
0.009000897
0.013832569
0.013612866
0.021907687
0.040577292
0.0061813593
0.0217278
-0.009586453
0.011556745
0.033938408
0.008487105
0.020268917
0.039533257
0.04303813
0.021459818
0.050107956
0.027237296
0.017968535
0.046410084
0.013768315
0.028691888
0.15647578
0.008475184
0.009263754
0.05308628
0.025547266
0.0055567026
0.017725706
0.016310573
0.026711464
0.01916337
0.017117858
-0.024637222
0.0075335503
0.031995296
0.116327286
0.01378119
0.015935421
0.023598313
0.010917783
0.0331558
0.01138854
0.044765472
0.035425782
-0.008310676
0.020478606
0.0231781
0.02539587
0.06942022
0.0074595213
0.027354121
0.008991957
0.011036396
0.028982997
0.048137903
0.016894937
0.036904097
0.024789453
0.017071486
0.01497972
0.020479083
0.017092347
0.016431332
0.0073469877
0.0032826662
0.011357665
0.0072381496
0.018816829
0.024403214
0.042544484
-0.00018167496
0.0036644936
0.0110936165
0.022722006
0.013091445
0.024576545
0.012537837
0.014076591
0.03190136
0.02534628
-0.0024141073
0.030718803
0.012306809
0.026696086
0.019307375
0.015775561
0.006167531
0.0018414259
0.05363059
0.0024744272
0.053831697
0.0021383762
0.014286399
0.0069481134
0.014001727
0.026013017
0.041246653
0.029375792
0.027156472
0.010418773
0.015445828
0.0054750443
0.022039652
0.011405945
-0.007024646
0.019499898
0.026253223
0.0024768114
0.03340113
0.01712823
0.005734086
0.09189153
0.030626893
0.008570075
0.031853914
0.029125571
0.011207819
0.007926345
-0.0033551455
-0.0035374165
0.016117573
0.0052480698
0.020107508
0.021061897
0.032729268
0.032736897
0.0212847
-0.003761053
0.016083837
0.022920966
0.014352441
0.09332645
-0.0027307272
0.019696236
0.037117004
0.017548442
0.03159201
0.016781092
0.008505464
0.011251807
0.05296564
0.015588522
0.068799734
0.01710546
0.031199694
0.00530982
6.389618e-05
0.03545177
0.016807795
0.019356012
0.030531645
0.004250288
0.023135066
0.0035401583
0.08863032
0.0067868233
0.015326619
0.011144519
0.027130723
0.019925714
0.0007314682
0.01651597
0.017222524
0.071366906
0.05054605
0.029603004
0.017730951
0.06538117
0.01470983
-0.0011011362
0.025206089
0.018037796
0.03577602
0.0012928247
-0.0067363977
0.015435576
0.016124964
0.02916193
-0.0054471493
0.05903852
0.012641549
0.048335195
0.0064224005
0.051066637
0.027155995
0.020682216
0.035197735
0.052853942
0.006232381
0.025760055
0.023599982
-0.0012260675
0.0146689415
0.0075172186
0.01878047
0.022386432
0.034192562
0.020218015
0.019639611
-0.0055650473
0.018746138
0.054165125
0.027110577
0.027938366
0.011685014
0.038707852
0.0011198521
0.021158576
0.017495394
-0.01295507
0.021228671
0.004938364
0.021663785
0.01997435
0.017126799
0.09086108
0.023206592
0.00721395
0.07063699
0.0078315735
0.010068417
-0.00016605854
0.021752238
0.015648365
-0.0007593632
0.02800405
-0.0040186644
0.005874753
0.036980152
0.020712972
0.018683314
0.045676112
0.01603806
0.0120898485
0.015588999
0.009510875
0.028074265
0.030926228
0.004729748
0.013438225
0.010225654
0.04594183
0.011969924
0.018276215
0.022361398
0.0033251047
0.027195334
-0.003410101
0.015934229
0.0180372
0.0052012205
0.009448171
8.106232e-06
0.031503797
0.008517265
0.0064718723
0.055686474
0.0049711466
0.019718528
0.021776915
0.037544012
-0.008097649
0.019550443
0.02271247
0.020412803
0.048750997
0.019331455
0.015926719
0.012668252
0.004386425
0.005620718
0.018727541
0.030441403
0.022649169
-0.047184467
0.039381146
0.016964436
0.0155905485
0.09737694
0.03677261
0.0007685423
0.03170359
0.01737523
0.013585091
0.0125722885
0.0016759634
0.016019225
0.011705041
0.030688286
0.006505251
0.020748138
0.007453084
0.008823872
0.026866317
0.029250503
0.012744069
0.009635806
0.01961565
0.018907666
0.013954401
0.010570288
0.012524247
0.054694653
0.011872292
0.022098422
0.0326823
0.02388382
0.010193825
0.022993684
9.262562e-05
0.006083131
0.02508092
-0.020626545
0.03138745
0.0018159151
0.039589167
0.0018728971
0.0013583899
0.036551118
0.013768196
0.008896351
0.010944486
0.035756707
0.024252534
0.009441614
0.023668885
0.00028789043
0.019987106
0.031902313
0.022336483
0.034803748
0.04941547
0.006918192
0.021420598
-0.005218506
-0.012073517
0.009858012
0.0017035007
0.0049670935
0.004876137
0.062471986
0.0155694485
0.029302359
0.026762724
0.035913706
0.036205173
0.0193851
0.009265304
0.021615505
0.010140896
0.004424572
0.025797844
0.0012015104
-0.002185583
0.012156963
0.0066138506
0.013239384
0.037942052
0.0154162645
0.009579778
0.0017645359
0.021232009
0.0075997114
-0.002546072
-0.00353539
0.048269987
0.058017492
0.03692341
0.07951856
0.0022617579
0.045087457
0.007580161
0.029175282
0.009164453
0.013574123
0.005987406
0.02644062
0.050420642
0.030960917
0.031821847
0.0031751394
0.011328936
0.04907453
0.004359722
0.008556604
0.015039682
0.011784196
0.016362071
0.011022091
0.043309808
0.017400742
0.014498949
0.024763584
0.0132318735
0.004467368
0.056763053
0.07636106
0.014142394
0.02148509
0.018745422
0.05082202
0.023878336
0.0027939081
0.014848709
0.009368658
0.052551627
0.042483687
0.019155145
0.02287972
0.05642259
0.023422837
-0.0007454157
0.005099058
0.0032721758
0.04668939
0.06411219
0.024714112
0.0028982162
0.019092202
0.02177751
0.03519559
0.033406854
0.014491439
0.018812895
0.017850757
0.026368141
0.023422599
0.018972993
0.016335487
0.020322561
0.009389043
0.0028289557
0.026327848
0.023020506
0.017836213
0.05466509
0.008260608
0.022102833
0.026866913
0.026791334
0.07636416
0.014534593
0.009721994
0.010839701
0.02582717
0.00103724
-0.00024569035
0.0039411783
0.0046536922
0.03483081
0.039373398
0.017147422
0.028473258
0.01034832
0.011921048
0.025672078
0.039429426
0.041266203
0.009865165
0.0106470585
0.038530827
0.016864657
0.016258955
0.007477522
0.011803627
0.045095086
-0.0012893677
0.008925796
0.024011254
0.015324116
0.025620818
0.012724757
0.00054490566
0.024200082
0.01868689
0.015593052
0.03331995
0.03023696
0.02219057
0.03638196
0.014380455
0.05625248
0.007943988
0.020080805
0.029358625
0.02306068
0.0010031462
-0.009123802
0.01391089
0.031915784
0.007237196
0.0059666634
-0.005312562
0.028874755
0.02347517
0.013452768
0.033377886
0.0029569864
0.011024952
0.047109723
0.005998969
0.0087816715
0.023940682
0.008322597
0.03976488
0.009418368
0.02915895
0.010224819
-3.2305717e-05
0.008972883
0.041807413
0.0055891275
0.02692771
0.0024081469
0.02552116
0.031926274
0.020226717
0.041282415
0.009962797
0.012240648
0.011680722
0.011425734
0.0071098804
0.03353083
0.0078089237
0.023956418
0.018270373
0.005965948
0.021267295
-0.0009690523
0.000903368
-0.0001128912
0.005728364
0.01762855
0.019952536
0.014267445
0.033925056
0.008096933
0.0023964643
0.0061666965
0.014286876
0.0056898594
0.0070858
0.025984287
0.0046356916
0.014392734
0.015985608
0.028446436
0.011270285
0.0067020655
0.031133413
0.02481854
0.08578169
0.009225845
0.02197063
0.013576508
0.027607441
0.029404879
-0.005420089
0.02968657
0.025460958
0.0070097446
0.0111910105
0.021291733
0.028928041
0.037442088
0.016476035
0.013653278
0.061252356
0.02955091
-0.010602474
0.015399575
0.073141456
0.0341475
0.042052865
0.00077438354
0.053614616
0.03202176
0.007182479
0.016360521
0.0031073093
0.015064955
0.016859531
-0.007225752
0.051365137
0.005653739
0.028799653
-0.01482451
0.03258586
0.03436196
0.025640965
0.028437257
0.02382505
0.024918199
0.021475315
0.011933684
0.02607429
0.027307153
0.053341508
0.015442491
0.040741324
0.022308707
0.03420949
-0.0012539625
0.056111813
0.004497528
0.004746318
0.013903379
0.038344145
0.06545484
0.022992969
0.037132382
-0.0004582405
0.024901748
0.011314154
0.02941215
0.013993025
0.007605672
0.03628993
0.007923126
0.014141798
0.017145872
0.045918822
0.027848363
0.017347932
0.018398762
0.06007266
0.001688242
0.0037344694
0.004584551
0.01679039
0.01849866
0.017408729
0.009249568
0.019342184
0.045998216
0.019652724
0.0045945644
0.021712542
0.04180312
0.043844223
0.049792647
0.006346464
0.018834352
0.087586164
0.0064748526
0.01392293
0.02890563
0.033487916
-0.0061399937
0.018863916
0.015896559
0.037710905
0.02670598
0.037769675
0.020590663
0.021557212
0.021383643
0.026623726
0.019425273
0.04183054
0.014019012
0.04298401
0.014793634
0.0001937151
0.005829215
0.08144057
0.0082992315
0.034707546
-0.0073019266
0.051636696
0.027488708
0.055857062
-0.0019097328
0.0012135506
0.007929206
0.014415264
0.02244258
0.017354846
0.034175754
0.04634154
0.028591514
0.04668939
-0.0002155304
0.025103092
0.0016469955
0.010616541
0.022606015
0.050207138
0.010993719
0.0063363314
0.04060614
0.016673803
0.02548182
0.013651371
0.040774584
0.015024185
0.063174844
0.009903312
0.024451852
0.019669056
0.0042881966
0.043839216
0.03947687
0.012038112
0.0259825
0.0042999983
0.0070648193
0.005071759
0.010849118
0.0037567616
0.0113322735
0.023378968
0.02325046
0.04481983
0.024557233
0.010677576
0.024883509
0.015762687
0.019226074
-0.015426874
0.025303125
0.008341074
0.021653652
0.022913694
0.0040034056
0.013104081
0.003276825
0.0021642447
-0.0045092106
0.01633823
0.02243793
0.012510538
0.0049352646
0.024127007
0.012283444
0.01788342
0.002280593
0.024231791
0.06978238
0.010505438
0.0041054487
0.018373966
0.019928575
0.0076640844
0.0037754774
-0.005369425
0.009581089
0.013217449
0.013970971
0.035623908
0.018875957
0.020000696
0.014075279
-0.0024850368
0.035941124
0.0005247593
0.008665562
0.025978565
0.029829025
0.0061300993
0.0033465624
0.057100892
0.02418232
0.03367853
0.014186144
0.043369412
0.07107568
-0.0018843412
0.003119111
0.019749403
0.022167325
0.05486095
0.011465669
0.029625773
0.019068122
-0.0026404858
0.01787746
0.030004859
0.0148386955
0.0079318285
0.025873184
0.09177077
0.0066275597
0.013672709
-0.004585862
0.01228559
0.023968697
0.0032243729
0.00793767
0.003697157
0.008926868
0.007634282
0.012370229
0.024742007
0.012833118
0.017161489
0.045660257
0.028722525
0.026756644
0.0020691156
0.012917757
0.011614203
0.021449447
0.026190877
0.043424845
0.0038532019
0.00854373
0.046692967
0.0033414364
0.031251073
0.016720057
0.03141117
0.024159193
0.027830362
0.035810113
0.005939245
0.010866642
0.03216493
0.0073902607
0.011408091
0.025297284
0.029851079
-0.00027370453
0.019142628
0.030297875
0.010433674
0.0065356493
0.015132189
0.012899637
0.012755036
0.05571723
0.0067709684
0.028681874
0.009572744
0.008561611
0.037066698
-0.0001553297
0.009918451
0.03616941
0.029857516
0.005184889
0.023526073
0.03532636
0.023944974
0.02405262
0.01513195
0.015908599
0.036346674
0.01681602
0.009449124
0.0023037195
0.03320074
-0.0027563572
-0.0033670664
0.029658794
0.005689621
0.03595841
0.049108624
0.06996167
0.013964176
0.013836503
0.0050308704
0.01448977
0.026773691
0.08774185
0.014737368
0.016303658
0.006266713
0.016257167
0.014880896
0.007412195
0.0067720413
0.0016747713
0.020244837
0.063688755
0.005846143
0.008061528
0.001582861
0.024479628
0.037624955
0.033593297
0.0004733801
0.008706808
0.011227012
0.019796371
0.012611628
0.023762703
0.010512471
-0.014207125
0.009963989
0.028929591
-0.005046606
0.02835679
0.016976714
0.027063727
0.010061026
0.003263712
0.0008958578
0.014976978
0.02840519
0.008392811
0.016361833
0.040768743
0.028966904
0.020903707
0.007458329
0.021467686
0.02030325
0.031341434
-0.004515767
0.011211872
0.016899705
0.022800803
0.004312396
0.032025695
0.020949006
0.016573906
0.0139734745
0.042402267
-0.0061609745
0.018674016
0.03157139
0.027898312
0.008852482
0.0030868053
0.030153155
0.05754459
0.006225109
0.017010689
0.05372691

1.5260808
1.7265306
2.106645
2.2718856
2.3189957
2.3371139
1.7450114
2.1919947
2.2365723
2.3050265

