0.05538833
0.06573844
0.004342556
0.0035458803
0.03277135
0.043006897
0.027908087
0.018651485
0.062870026
0.015239716
0.10449207
0.05864477
0.051807046
0.019843698
-0.01657021
0.005290866
0.03645861
-0.027448416
0.11171353
-0.04564035
0.0073081255
0.045455694
0.035892606
-0.01848042
0.015917182
0.044141054
0.0620234
0.00859189
0.08803308
0.008605123
0.06486094
0.049256563
0.053646803
0.07205069
0.01945901
0.010934234
0.007725239
0.03452921
-0.01638341
0.034430265
0.040254593
0.025155187
0.0044887066
0.10633993
-0.015911102
0.06908214
-0.0050195456
0.045110703
0.051382303
0.027199388
0.10506749
0.010577917
0.03520167
-0.0063090324
0.016561627
0.008131862
0.06609857
0.033817887
0.032696247
0.015538335
-0.01203239
0.029955149
0.0082883835
-0.04145044

0.015547156
0.011792541
0.010149717
0.00068712234
0.036631465
0.04622829
-0.028211594
-0.019432902
0.1149236
0.06207931
0.020148635
0.010342002
0.022610903
0.007282138
0.091456175
0.0339818
0.050395012
0.0066503286
0.0037677288
0.02303195
0.038941026
-0.0132392645
0.044920564
0.05017805
0.01663959
0.06950343
0.057439804
0.024609447
0.03187859
0.18346429
0.026266456
0.015628457
0.019157887
-0.00076186657
0.009613156
0.013261437
0.08808029
0.032393217
0.03633797
0.010702014
0.0045011044
0.0053412914
-0.008578777
0.016468644
0.05952406
0.050975442
0.08297062
0.03355789
0.034765244
0.04336965
0.06227839
0.039014935
0.111958385
0.05866897
0.0020929575
0.012547135
0.06549239
-0.004661083
0.0050457716
0.040997267
0.054925084
0.015181661
0.0066758394
-0.013742089

0.022866488
0.016463399
0.018810987
0.020555258
0.012339115
0.034801602
0.010401368
0.0008614063
-0.012944937
0.026982069
0.031687617
0.019334912
0.005919814
-0.0006008148
0.00064098835
-0.02730465
0.018134475
0.013744473
0.03752768
0.025544167
0.008364201
0.009680033
0.031290293
0.01707673
0.029916525
-0.00083744526
0.034476638
-0.012774706
-0.0011351109
0.03078413
0.0096035
-0.0042601824
0.013943076
0.029536843
0.00011098385
-0.016600013
0.022050858
0.0026437044
0.00014567375
0.00969255
0.024211168
0.008526564
0.028362632
0.0011894703
-8.380413e-05
0.024529457
0.022043824
0.016458511
0.040343523
0.049381375
0.010502696
0.0011559725
0.035497904
0.015148878
0.022411108
0.022755384
0.006774068
0.01258266
0.020725846
0.014971852
0.040471673
0.03557825
0.016853333
-0.0012526512
0.01273787
0.0077302456
0.0047254562
0.006205082
-0.0005002022
0.03715384
0.02324462
0.01549387
0.0031847954
0.010022402
0.009962082
0.05959785
0.041926622
0.031000257
0.0047357082
0.013349056
0.023707986
0.018745422
0.0093973875
0.013917923
0.0061956644
0.014548063
0.0016738176
0.015794873
0.014793396
0.0005390644
0.023080707
0.021898389
0.011488557
0.029579163
0.016160607
-0.00016283989
0.007266283
0.0070887804
0.01863277
0.002646327
0.023168564
0.027112722
0.017193675
0.04782915
0.04855883
0.028411865
0.03229034
0.025750041
-0.0009653568
0.022751808
0.0065391064
0.013005376
0.039182186
0.024977446
0.030604243
0.0027003288
0.020201921
0.003739357
-0.009589791
0.0012019873
0.012795329
0.054843664
0.006820202
0.024467468
0.0132107735
0.032727957
-0.025722265
0.036572576

0.011133671
0.007785201
0.014038086
0.02216947
0.005031705
0.0045713186
0.011160731
0.00274086
-1.4781952e-05
0.009987593
0.04522276
0.025457501
0.025557995
0.021710634
0.021532893
0.0069001913
0.019272327
0.018864632
0.022221088
0.009855866
0.013498902
0.017620564
0.012213469
-0.0005223751
0.012866735
0.00013804436
0.014655709
0.020239472
0.01861608
0.041816354
0.02443111
0.0007007122
0.028159976
0.023196459
0.010498047
0.010895252
0.02011621
0.009510279
0.018753052
0.00039744377
0.018345118
0.011289835
0.010262728
0.012780786
0.018907547
0.00025701523
0.03138089
0.011609793
0.014759541
0.0009610653
0.015321016
0.012239933
0.010215402
0.018381119
0.01468122
0.01089859
0.034792542
0.011585116
0.011043787
0.014744878
0.010069847
0.007417679
0.0161376
0.039214015
0.037129402
0.011535287
0.004623294
0.037597418
0.003930211
0.0015238523
0.02906084
0.024910688
0.029816747
0.027834058
0.01702869
0.0006066561
0.017458916
0.0036445856
0.019369125
0.014401555
0.029783487
0.023128867
0.0110554695
0.005261779
0.031520844
0.00932312
0.017721176
0.02191639
0.04324758
0.014881611
0.010061622
0.02955687
0.0245291
0.013749719
0.012358785
0.018585324
0.01125586
0.020492554
0.016588688
0.0014253855
0.037148237
0.010181904
0.013979912
0.010241389
0.018896937
0.03528416
0.028265834
0.03021276
0.02503562
0.01624906
0.013316631
0.008483529
0.010832429
0.017270803
0.0043981075
0.025930047
0.030169964
0.012121201
0.025823474
0.02161336
0.015300393
-0.00094008446
0.0051732063
0.001762867
0.0011777878
0.014572382
-0.0015364885
0.028926253

0.014588356
0.017095804
0.0063136816
0.0033706427
0.0039144754
0.029569745
0.0022847652
0.014624476
0.01627779
0.012541771
0.007820845
-0.016313553
0.010152936
0.009651542
0.010492921
0.014469266
0.013819933
0.0051853657
0.0004976988
0.0130651
0.015154004
0.019401789
-0.008190393
0.004311919
-0.0010591745
0.017936826
-0.00026929379
7.522106e-05
0.0129354
0.013900518
-0.0037585497
-0.004352331
-0.0004825592
0.014976978
-0.000223279
0.013564825
0.0016044378
-0.00042688847
0.0038291216
-0.0034214258
0.0003439188
0.009932637
-0.00083875656
-0.0056740046
0.012292862
0.014919996
0.0028896332
-0.0134112835
0.0001270771
0.017250061
0.0075848103
0.019887805
-0.00024712086
0.00081789494
-0.0028966665
0.0069767237
0.033005834
0.02102518
-0.00013327599
0.024676204
0.006455779
-0.0012538433
0.0022289753
0.0069378614
0.010423541
0.0077391863
0.020971656
-0.00045883656
0.0044538975
-0.0073963404
0.004068136
0.012357831
0.009798408
0.016559124
0.006981969
0.018848896
0.023111343
0.0073655844
0.002061367
0.014334083
0.005271554
0.005084157
0.017678142
0.0022838116
-0.00022113323
0.010123014
0.0020587444
0.009759188
0.027154803
0.0032877922
0.007369995
-0.0023024082
0.007984877
0.010398865
0.011176348
0.004516721
0.0010101795
0.0012396574
0.0064719915
0.003485918
0.012165546
0.0041211843
0.014764309
0.0044264793
0.015523553
0.0034378767
0.005121708
0.0018622875
0.016896605
0.0109483
-0.0033619404
0.0067955256
-0.0009263754
0.020805001
0.010633707
-0.0026952028
0.023404121
0.006779909
0.008528709
0.009406209
0.015882969
-0.0031212568
0.029216647
0.014653802
-0.012682676
0.015732408
0.012359738
0.0118258
0.028064847
0.0034126043
0.0023384094
0.016060233
0.013077736
0.0043694973
0.012999415
0.010593653
0.0033576488
0.005243182
-0.0022075176
0.0065385103
0.009365916
0.009636402
0.002185583
0.010722876
-0.0043826103
0.0027407408
0.010079145
0.007956624
-0.007872224
0.016404986
0.009101629
0.010118604
0.02089405
0.0047721863
0.02231884
-0.008610249
0.013910294
-0.0031826496
0.012024999
0.01414597
0.0016207695
0.015656233
0.014160514
0.01067698
0.016756296
0.015848279
0.0046793222
0.007365465
0.022044778
0.00461483
0.02219987
0.00020122528
0.009178877
0.006810546
-0.000269413
0.015570641
0.020768285
0.0145692825
-0.008664846
0.016065836
0.0041964054
0.011373162
0.021806479
0.024262905
0.012602568
0.018738627
0.0100415945
0.010278344
0.0125204325
0.0031003952
0.015588164
8.952618e-05
0.013938308
0.008238673
0.011033297
-0.0002490282
0.0020570755
-3.9339066e-05
-0.0032783747
-0.001638174
0.0040011406
0.0017338991
0.011377096
0.0036916733
0.0046236515
0.0034691095
0.012913227
0.007925391
0.021907449
0.0042341948
0.005600333
0.018641949
-0.002570033
0.016631365
0.0038735867
0.00022172928
0.011018515
0.018083096
0.01365447
0.0025376081
0.0009967089
0.0028176308
0.013491869
0.014810443
0.0014637709
0.0074369907
-0.0135988
0.011429071
0.0144991875
0.0084968805
-0.0033191442
0.014980555
0.0125284195
0.014268398
-0.0006213188
0.007396817
-2.002716e-05
0.0066781044
0.007699609
0.0031621456
0.015433669
0.007888913
0.0128644705
0.014282942
0.002843976
0.020418763
0.017192006
0.008793473
0.005250454
0.022342324
0.005644083
0.0035598278
-0.0025436878
0.017124176
0.012770414
-0.008150935

0.002136588
0.015891552
0.0026060343
0.0025814772
0.010543466
0.0027073622
0.012265205
0.0032674074
-0.00045394897
0.0096668005
0.0087759495
0.0043184757
0.01467669
0.0060759783
0.0063922405
0.0062971115
0.0082137585
0.011774659
-0.0022222996
0.01777947
0.00069856644
0.001161933
0.011539102
0.00887084
0.025371075
0.0076630116
0.0060777664
0.0075895786
0.004859805
0.0028141737
0.01283741
0.019764066
-0.00028336048
0.010790825
0.00013661385
0.014362335
0.013930082
0.007950544
0.019573689
0.0011366606
0.010252953
0.0062139034
0.009457111
0.0048109293
-0.0005327463
0.0080833435
0.011897683
0.0080235
0.0207448
0.018980384
0.010532498
0.010147095
0.011567712
-0.0018105507
0.0008883476
0.01806581
0.015162468
0.0116478205
0.022129893
0.008405805
0.016316772
0.01391077
-0.0020484924
0.015558243
0.0012725592
0.007482648
0.0108264685
0.02402699
0.0061028004
0.023790002
0.0059986115
0.0076527596
0.013551593
0.013627529
0.011010051
0.0020840168
-0.0034166574
-0.00042366982
0.011023045
-0.005072117
0.0014193058
0.014199972
0.007517934
0.007927895
0.020077467
0.0042328835
0.019933462
0.00032126904
0.00070500374
0.011427164
0.017431498
0.009673238
-0.00083482265
0.007290244
0.006426692
0.010408044
0.015506387
0.009755015
0.018187642
0.019032836
0.014723659
0.004424572
0.001178503
0.004103303
0.015748024
0.0007265806
0.012147069
0.010030389
0.011467934
0.01919198
-0.00032305717
0.008398175
0.0134961605
0.0011165142
0.016672611
0.030178666
0.006112933
-0.00028586388
0.023871899
0.030035019
-0.0100928545
0.011120677
0.009286284
0.013005018
0.008702159
0.0068633556
0.016747832
0.0015981197
0.017576933
-0.002009511
-6.914139e-06
0.011209726
0.0023144484
0.0016413927
0.0146609545
0.025526524
0.009833217
0.008686185
0.012863398
0.0022342205
0.018842459
-0.0007227659
0.0013598204
0.017703295
0.00031876564
0.011350989
0.009431839
-0.009618998
0.01739049
-0.0041407347
0.0077593327
0.013491273
-0.0013417006
0.003229618
0.011940122
-0.0016011
0.0075101852
0.020257115
0.007030487
-0.002857089
0.013537407
-0.0007941723
0.0110708475
0.011518955
0.0028547049
-0.0008330345
0.012876272
0.009478211
-0.0020284653
0.013653398
0.013091087
0.005564809
0.007974386
0.013052106
0.0090658665
0.0025521517
0.004617691
0.011112213
0.0059804916
-0.006596327
0.01939714
0.0018438101
0.005240202
0.011734247
0.006902814
0.005125284
0.013851881
-0.00060999393
0.0062606335
0.0051385164
0.0050822496
0.002550602
0.009079933
0.009509563
-0.0026534796
0.017903566
0.008126855
0.0011554956
-0.0014579296
0.0024172068
0.010719538
0.016089797
0.006959319
-0.00870347
-1.5735626e-05
0.0086221695
-0.0040689707
0.008102059
0.0053960085
-0.0033040047
0.022512317
0.013254523
0.027356386
0.008196712
0.0068655014
0.0062229633
0.00795126
0.0048348904
0.016608477
-0.005405307
-0.001965046
-1.2755394e-05
-0.0011847019
-0.002672553
0.010099649
0.0069488287
0.015296817
0.00017476082
0.010686636
0.016830802
0.003800869
0.007502198
0.01215148
-0.0022230148
0.025901556
0.0011223555
0.0047711134
0.011813641
0.0010975599
0.00954771
0.0024570227
0.0019215345
0.017450929
0.0011037588
0.010199189
0.0072369576
0.004799366
0.0012060404
0.011455774
0.012468338
0.009535193
0.011163473
0.010302901
0.0050343275
0.0064731836
-0.00016319752

0.0025259256
-0.004757881
0.00072836876
-0.0035817623
0.012946248
0.013533831
0.0051754713
0.006650567
0.036096334
0.0028891563
0.002008915
0.024655938
-0.000289917
0.004945278
0.009070754
0.01530087
0.0030652285
0.011603117
0.0010403395
0.011593342
0.005949378
-0.001855731
0.004522443
0.009991527
0.0055565834
0.01743567
-0.001735568
0.0076038837
0.004181385
0.03347349
0.02071631
-0.0033054352
0.0013430119
0.018868566
0.011289477
0.007640958
0.0077701807
0.004938841
0.028036833
-0.00046932697
0.0010602474
0.019847631
-0.0047591925
0.033625364
0.006281376
-0.0014864206
0.015925169
0.0016198158
0.022557259
0.015340209
0.01833415
0.010106444
0.0044840574
-0.011844754
0.022028208
-0.0027388334
0.00049865246
0.011720419
-0.0024716854
-0.0017552376
0.01613307
0.012350082
0.01160872
0.00043451786
0.0028723478
0.0037757158
0.0054050684
0.018818617
0.0066343546
0.014760733
0.013473868
0.0127898455
0.021583319
-0.003211379
0.0031497478
-0.0022964478
0.007789612
0.0071349144
0.013673186
0.004897237
0.0026944876
0.0031619072
-0.0012683868
0.002411604
0.0076420307
-0.0005842447
0.008591056
0.0035666227
0.0114353895
0.0043513775
0.017742991
0.0038752556
0.0011495352
-0.0012657642
0.014894247
0.01934123
0.009443879
-0.00076019764
0.013021469
0.008664966
0.007765889
0.01031518
0.012679458
-0.010057569
0.030171156
0.02693057
0.013863444
-0.0018591881
0.023410797
0.006319165
0.005867958
0.00015640259
0.0048166513
0.0062036514
0.0066325665
0.014158845
0.005076647
0.010369897
-0.0004569292
-0.0025405884
0.013605833
0.006595969
-0.00080156326
0.012352347
0.0021833181
0.012904644
0.003706336
0.008015752
0.012815118
-0.0026574135
0.028931856
0.010919213
0.007737994
-0.0032297373
0.005932331
0.010552049
0.017644763
0.0064872503
-0.002933383
0.0041656494
0.018615723
-0.00010871887
0.01077354
0.013873816
0.0029479265
0.0005122423
0.010957837
0.006054044
0.004026413
0.0036286116
0.0022499561
0.0041029453
-0.007275462
0.022523046
0.008280396
0.0031778812
0.018577456
0.008339882
0.016310573
0.023133636
0.008858323
0.011226535
0.015336394
0.014821529
0.008044958
0.0061671734
0.015852332
0.007032752
0.0068644285
-0.0037622452
0.009059072
0.00909102
0.0012955666
-0.0021488667
0.007242799
0.003586769
0.003962636
0.01295948
0.013356328
-0.0007029772
0.0021748543
0.012381673
0.016345978
0.009700179
-0.0029944181
0.023559451
0.02645874
-0.004057288
0.029304624
0.011604667
0.007996082
0.0075234175
0.020360708
0.00941658
0.012970924
0.0032676458
0.007988691
0.008457303
0.00015175343
0.007319927
0.00513947
0.007895589
0.0055543184
0.0018296242
-0.0016477108
0.016950488
-0.0010718107
0.01300931
0.013430238
-8.034706e-05
0.011520386
0.0064655542
0.00417006
0.01245451
0.015442967
-0.00020980835
0.0062533617
0.015318155
0.011181474
-0.00061404705
0.013992429
0.0063859224
0.017348647
0.006086111
-0.0029046535
-0.0015201569
0.010861158
0.01451385
0.004858136
-0.010418773
0.018425941
-0.0032385588
0.0018246174
0.010217667
-0.00079524517
0.0026705265
0.0067899227
0.009204626
0.008127093
0.023839474
0.0064805746
0.012492895
-0.0046024323
0.014567852
0.009098172
-0.0033572912
-0.00089621544
-0.00027823448
0.010837436
0.0006439686
0.011993885
0.014479995
0.012940764
0.009298563
0.0076065063
0.03480637

0.0015960932
-0.006584406
-0.00025856495
0.012507677
0.0093791485
0.0022915602
0.0045343637
0.011478424
0.01166594
0.00034499168
-0.00078320503
0.0028853416
-0.0009217262
0.0037170649
-0.0063107014
0.0071189404
0.009478569
0.004425645
0.0019519329
-0.006002784
0.0037264824
0.0066592693
0.002666235
0.004130721
0.011615634
-0.0010560751
0.01427865
-0.003563404
0.013687968
0.009653807
0.006482482
0.0016721487
0.008227825
0.0089536905
0.0038027763
0.004454136
0.008361697
0.0042704344
0.011210442
0.0020215511
0.00875175
-0.0044460297
0.011330247
0.0041975975
-0.00010275841
0.0027219057
-0.0008562803
-0.0063329935
0.0074516535
0.0083806515
0.0042015314
0.0014808178
0.0035367012
-0.006382823
0.010311365
0.006790161
0.0020753145
0.011274457
0.0055544376
0.009661555
0.00026333332
0.00940609
0.0029170513
0.008275151
0.008526802
-0.003252983
0.0023150444
-0.00011444092
0.0072788
0.017218113
0.013349652
0.0090453625
0.006388545
0.004025936
-0.0004981756
0.006144643
0.01682353
-0.0004760027
0.0052016973
0.0013693571
0.011001825
-0.00054228306
0.0049780607
-0.0004632473
0.0012384653
-0.0017284155
0.005068183
0.004932165
0.0016826391
0.016266584
0.0015181303
0.010957718
0.0028409958
-0.0049284697
-0.0014592409
0.0071041584
0.0047118664
0.0072826147
0.0053477287
-0.0028342009
0.003462553
0.005196452
0.0005412102
0.002984643
0.0046532154
0.015985489
-0.003839016
0.005956888
0.0014925003
0.015569568
0.014192462
0.0018956661
0.009301662
0.0037654638
0.0018200874
0.0096536875
0.00065875053
-0.00062537193
-0.0048624277
0.0041217804
0.0075377226
0.0032342672
0.0018292665
0.0039726496
-0.00011110306
-0.00023138523
0.0015718937
0.0072807074
-0.00012123585
-0.00081539154
0.010644197
0.015552282
0.003178358
0.005789876
0.010670304
0.0018678904
0.0019533634
0.009140849
0.00947392
0.011303902
0.0041348934
-0.0013233423
0.0036349297
-0.0012526512
0.008920312
0.0014635324
0.003055334
0.0065134764
0.012759924
0.005257964
0.006166458
0.011310339
0.00084614754
0.0033888817
0.00077569485
0.008447766
0.005836487
0.0056824684
0.0004541874
0.0022374392
0.0036978722
-0.0036234856
0.004077077
0.008178592
0.0071595907
0.0034418106
0.008957982
0.0031801462
0.0062184334
-0.0013897419
0.012079358
0.00727427
0.0011996031
0.015343428
0.0013445616
0.012881875
0.007516861
-0.0053948164
0.0027799606
0.0047495365
0.007320285
0.002633214
0.0075695515
0.005365014
-2.0861626e-05
0.007827163
0.004643798
-0.0020064116
-0.00052785873
0.006416321
-0.0056397915
-0.001901269
0.006868005
0.006094098
0.0056142807
0.0050934553
0.010643482
0.007202387
0.0039590597
0.002952814
-0.0006071329
0.008330941
0.008051634
0.005350828
0.0043900013
0.0026334524
0.004782319
0.0024342537
0.002886057
0.006988287
-0.0035085678
0.01935196
0.0072820187
2.4318695e-05
0.007128477
0.006817341
0.0001282692
0.0022029877
0.0059201717
-0.0021145344
0.0012153387
0.013571501
0.0033619404
0.0059375763
-0.00094640255
0.0028847456
0.008841515
0.0072003603
0.008187771
0.010375261
0.0017155409
-0.0004171133
0.0010299683
0.004365802
0.00084137917
0.005615711
0.010561228
0.020806909
0.00066161156
-0.00032186508
0.013656378
0.0027942657
0.0033818483
0.005949974
-0.0017902851
0.005408287
0.0023670197
0.005170822
0.003817916
0.0022559166
0.010047555
0.004407406
0.0004736185
0.006477952
0.0087788105
0.005032301
0.0032852888
0.010119438
0.008435726
0.0036690235
-1.0728836e-05
-0.0004554987
0.017816663
0.0026085377
0.0062549114
0.013248563
0.003793478
-0.0016256571
0.0057855844
0.0006994009
0.009681821
0.001385212
0.0022851229
0.0050832033
0.0032525063
-0.005401373
0.0078052282
0.0016219616
2.6345253e-05
0.012868166
0.0016121864
0.0024096966
0.0012677908
0.0011050701
0.005440116
0.0007030964
0.0028393269
0.00706625
0.008375883
0.010165691
-0.0013380051
0.0030784607
0.008823395
0.0017943382
0.0012302399
-1.9431114e-05
0.001796484
0.0012391806
0.008819699
0.0028510094
0.00049984455
-0.00047302246
0.0023015738
0.0036548376
0.0003517866
-0.0009611845
-0.007749915
0.0034985542
0.008885145
0.007037401
0.005291939
-0.0015331507
0.0032055378
0.007971168
0.010925055
0.0016162395
0.0050239563
0.012658954
-9.453297e-05
0.007681012
0.0071691275
0.00093853474
0.0035108328
0.0020464659
-0.0020650625
0.007910728
0.010468721
0.0045856237
0.0052542686
-0.0028322935
-0.001593113
-0.009177089
0.001666069
0.009459496
0.013334632
0.0034035444
-0.00014531612
-0.0015136003
0.0019301176
0.0015175343
0.0047730207
0.0064840317
0.0030579567
-0.0030822754
-0.0024465322
-0.0031073093
0.0015782118
0.0015132427
0.0007337332
2.9563904e-05
0.005481124
0.009958625
0.004364133
0.00046133995
-0.0052269697
0.0032657385
0.004552603
0.00648582
-0.002961278
0.0063306093
0.0017212629
0.0014193058
0.0006519556
0.00029861927
0.0022836924
0.0049262047
0.0036914349
0.0062760115
0.010887027
0.010173202
0.0035655499
0.0033460855
0.0067249537
0.008510232
0.010716796
0.0019251108
0.0064361095
0.0031837225
0.0025160313
-0.0016593933
0.0044341087
-0.0020717382
0.003591776
0.0047563314
-0.0028527975
0.0033761263
-0.0016772747
0.00053977966
0.001547575
-0.0009870529
0.0010066032
0.0066387653
0.0050133467
0.0029344559
0.0080189705
0.005094409
-0.0011771917
0.0048820972
-0.00042891502
0.0040045977
0.0006264448
-0.0017032623
0.0050162077
-0.0082422495
0.0022364855
0.010076404
0.0051552057
0.004013896
0.0014694929
0.0067430735
0.0019445419
0.005590558
0.00040638447
0.0008069277
0.013209105
0.00051259995
0.0035811663
0.0088579655
-0.00024724007
0.002249837
-0.0028609037
-0.0002952814
-0.00028133392
0.009163022
0.0019305944
0.0057370663
-0.0012370348
0.014523983
-0.0031924248
0.015314817
-0.0021443367
0.0074977875
-0.007241845
0.00057554245
0.0007612705
0.0035475492
0.00075244904
0.0015336275
-0.0017244816
-0.0012061596
0.007956743
0.0022394657
0.004830599
0.015302658
-0.0022450686
0.0017728806
-0.0013011694
0.005762577
0.0059952736
-0.001652956
0.0072677135
0.0011820793
0.009532809
0.0066785812
0.010947943
0.005615592
0.0045534372
0.011685491
0.0009124279
0.010464072
0.0017083883
0.013112426
0.0058362484
0.008893847
-0.00212121
0.00016617775
-0.0018782616
0.006702304
0.00023365021
0.0076402426
0.010437012
0.0011024475
0.0147669315
0.0082188845
0.011391997
0.007524848
0.004913926
0.006961584
0.00016713142
0.0093261
0.0009101629
0.013816595
0.011398196
0.0006815195
-0.0034863949
0.0012774467
0.0069584846
-0.0068542957
0.0060983896
-0.0016373396
-0.008803487
-0.0020785332
0.00093972683
0.005729556
0.011455059
0.005404234
0.0075204372
-0.0014882088
0.004571557
0.0022585392
0.0020122528
0.006543398
0.0029201508
-0.005417824
-0.00013947487
0.0029062033
-0.00048398972
-0.002270937
0.007098198
-0.0016695261
-0.009509087
0.01394701

0.006722212
0.008629203
0.007297039
0.0007946491
0.00420475
-0.0014674664
0.014434099
0.004429579
0.00751698
0.00041651726
0.011564374
0.0014115572
0.0018861294
0.008653402
0.009240508
0.0028436184
0.0025891066
0.0066125393
0.005068779
0.00075626373
0.009927034
0.00033581257
0.0055110455
0.002380371
0.0039122105
-0.00035655499
0.011795521
0.0015240908
0.007938862
0.0040336847
0.0028562546
0.0062270164
-0.0004107952
0.016578197
0.0049676895
-0.0016124249
0.0040528774
0.00052189827
0.009753823
0.0074521303
0.003519535
0.007992625
0.0005887747
0.0047439337
0.0067106485
0.012154818
0.0017126799
-0.0006456375
-0.00022637844
0.0016415119
0.0031362772
0.0005222559
0.0010864735
0.0069435835
0.004677415
0.0069566965
0.0021125078
0.0035334826
0.0016372204
0.006170392
0.009493351
0.0011214018
-0.0027940273
0.0061463118
0.00987196
-0.00032019615
0.013737798
0.015515089
0.00058054924
0.006882906
0.0065784454
0.0052001476
0.011015058
0.01130259
-0.00059080124
0.0029999018
0.0003196001
0.000569582
0.0045428276
-0.0026066303
0.0058193207
0.0013868809
0.0018364191
0.0010414124
0.0070023537
0.00663352
0.012711048
0.010448813
0.00687778
-0.00023806095
-0.0024329424
-0.00062286854
0.0072841644
0.005207062
0.005732894
0.008316517
0.0014827251
0.00015127659
0.002106905
0.0014623404
0.0005643368
0.00081181526
0.004588008
0.0027770996
0.0052678585
-0.00059580803
0.0020896196
0.0031030178
0.0074778795
0.0085504055
-0.00045835972
0.006507635
0.0053651333
0.0036480427
0.0035754442
0.001251936
0.0035395622
0.0057896376
0.006872177
0.0055547953
-0.0010278225
-7.605553e-05
0.005991459
0.0006222725
0.004750848
-0.0011564493
0.0002670288
-0.0017069578
-0.0015733242
0.0022690296
-0.0010409355
0.009036422
0.0015633106
0.006123781
0.007575631
0.0063405037
0.009150267
0.009137154
0.0011271238
0.0005054474
0.008708239
0.0047570467
-0.0025740862
0.01059854
0.0011399984
0.003025055
0.00363791
0.003931284
0.0073394775
0.008932233
0.008662343
-0.00046730042
0.0049488544
0.0061358213
0.0036422014
0.011209726
0.0020918846
0.011487007
-0.0058680773
0.011290193
0.00075519085
0.0037066936
-0.004637718
0.0015435219
0.0073088408
0.0022701025
-0.0013848543
0.0061496496
-0.00054836273
0.0022319555
0.0015780926
-0.00075531006
-0.0028073788
0.0018049479
0.0043377876
0.0037935972
0.0022439957
0.010111332
0.007398367
0.0018054247
0.005921006
-0.0027046204
0.0053272247
0.010420799
0.001955986
0.00492537
0.008751154
0.008243322
0.004252434
0.004807234
0.0017766953
0.0036765337
0.012410402
0.0017867088
-0.0011421442
0.008155227
0.006079316
0.0036503077
0.010956764
0.009953976
-7.045269e-05
0.0053966045
0.0015825033
0.0025975704
0.005561471
0.0029518604
-0.0010228157
0.0016756058
0.007339835
0.011509299
0.005752325
0.0067005157
-0.00012803078
-0.0012773275
0.0027115345
0.004901886
0.0034662485
0.0012248755
-0.0010956526
0.009050369
0.016054511
0.00041532516
-0.000192523
0.018269181
0.0037714243
0.0118016
0.0071200132
0.005651474
0.002209425
0.00851059
0.0066607
0.004329562
0.0007162094
0.005523801
-0.00029957294
0.0059070587
0.00172925
0.0023516417
0.0088841915
0.01023376
-0.005561948
0.007436037
0.011212826
-0.0025578737
0.0041872263
0.0055958033
0.010115385
0.0019840002
0.0007340908
0.0031596422
0.009235024
0.0030162334
-0.0003798008
-0.001480341
0.009962797
0.0023585558
-0.0015034676
0.005184412
0.0017284155
0.0023981333
-0.0049016476
0.005996704
-0.00046682358
0.009020686
0.0030531883
0.00536561
0.0051203966
0.010392308
-0.0013189316
-0.00037992
0.002064705
-0.0008472204
0.0010510683
0.0033786297
0.004104376
-0.0012968779
-0.0024635792
0.004566431
0.0015319586
0.0026460886
1.347065e-05
0.008936882
-3.552437e-05
0.0046793222
0.0077409744
0.00018250942
0.0061659813
0.0015023947
0.0042283535
0.00032281876
0.0105576515
0.0054579973
0.002465248
0.00036275387
0.00479877
0.0013797283
0.0057156086
0.013662934
0.0018996
0.00629735
0.008800983
0.0061523914
0.007761121
-0.0029469728
0.0030764341
-0.00087964535
0.007275462
0.0076049566
0.006938815
0.0057731867
0.004601121
0.005657673
0.0065722466
0.0021229982
0.0044919252
0.00982821
-0.00070619583
0.0056147575
0.006156683
0.0015608072
0.0072985888
0.003242731
0.0052068233
0.0048149824
0.0035893917
0.018301606
0.00778234
0.0070101023
-0.0054210424
0.0020449162
0.007747054
0.005269289
-0.0002732277
-0.0010367632
0.017247915
0.00024235249
0.01038146
-0.00039100647
-0.0015466213
0.00010871887
-0.0004557371
0.00416708
-0.0025190115
0.0048024654
0.0007739067
0.0019791126
-0.00111866
0.002195835
0.0011193752
0.00010728836
0.00060141087
0.003309846
0.003832817
0.0049180984
0.009329677
0.002238512
0.009754658
0.00021660328
-0.00017476082
0.001283884
0.022280931
0.009203672
0.010407925
-0.002159834
0.00016248226
0.0009676218
0.00034475327
0.0070375204
0.012377858
3.5762787e-05
-0.00041246414
0.0042163134
-0.00065910816
0.005547881
0.008418798
0.00013959408
0.0035333633
0.006435156
0.0021560192
0.0075713396
0.0017155409
0.0084062815
0.0043307543
0.0032049417
-0.0010595322
0.015400052
0.008961678
0.0033226013
0.011075139
-0.00077462196
0.0002270937
0.001142025
0.0014412403
0.0016441345
0.0068906546
0.006792426
0.0009862185
0.0044180155
0.0067822933
0.0055565834
-0.0019205809
0.007809639
0.0007523298
0.0009864569
0.0063610077
-0.0018974543
0.012089372
0.008216023
0.0013391972
0.0016397238
0.0018674135
-0.0032179356
0.00028979778
0.0017893314
-0.002308011
0.0065003633
0.0061633587
-0.0012654066
0.0077590942
0.003017664
0.0040431023
-0.0064469576
-2.861023e-06
-0.0045187473
0.0060272217
-0.0016789436
0.00749135
-0.00045120716
0.01254046
0.006319165
-0.0004981756
0.006263733
0.001372695
0.0075110197
0.0015268326
0.0051203966
0.0003849268
0.003784299
0.0065522194
0.0032644272
0.0011382103
0.002791524
0.009832978
0.0057296753
-0.0013769865
0.002948165
0.010353684
-0.00040733814
-7.915497e-05
0.0038876534
0.0023468733
0.008023858
0.0023702383
-0.0010769367
-0.0032111406
0.0037544966
-0.0012078285
0.004434824
0.006713629
0.0018316507
0.0020257235
0.007786989
0.0038781166
0.0025923252
0.0016307831
0.007897258
0.008560538
0.00011026859
0.008734107
0.012743592
0.006793022
0.00018489361
0.004834056
0.009750724
0.0070513487
0.00040233135
-0.0009828806
0.0040243864
0.0004607439
0.0033231974
0.0014796257
0.008013964
0.0034098625
0.0059279203
0.0062172413
0.0006994009
0.0013349056
0.004754424
0.0066826344
0.007820725
0.01376009
0.007406831
0.0039322376
0.0016816854
-0.0001347065
0.0070929527
-0.0010814667
0.0019294024
0.008712888
-0.0026068687
4.053116e-06
-0.0026584864
0.009818435
0.01234293
0.008966446
0.010302901
0.0072044134
-0.0009874105
0.00015842915
0.0007981062
-0.0021551847
0.0054227114

0.012925148
0.0015468597
0.004976034
0.0009138584
0.0012110472
0.0044471025
0.015524983
0.0011404753
0.0046298504
0.0016343594
0.0065739155
0.002490878
0.00092709064
0.0017954111
0.0052289963
0.001638174
0.002326727
0.008229852
0.00851047
-0.00024366379
0.012552381
-0.0009083748
0.00936389
0.0025476217
0.0004117489
0.004686713
0.007414341
0.0028816462
0.00020098686
0.0037392378
0.00432539
0.0034983158
0.0029404163
0.007397294
0.0044196844
0.0019433498
-4.6610832e-05
0.003418088
0.014405847
0.0076003075
0.004386425
0.0050832033
0.0026174784
0.0014593601
0.001625061
0.0049740076
0.0017825365
0.005504489
0.0029774904
0.00021862984
0.0019757748
0.002548337
0.004843235
0.002461791
0.010813117
0.004061818
0.007209778
0.0075204372
0.008736014
0.0012418032
0.001686573
0.01273036
0.0014814138
0.0021588802
0.0014367104
0.0023171902
0.0021597147
-0.00019037724
0.0006006956
0.0015087128
0.0024440289
0.0012210608
0.005677104
0.004376054
0.0042726994
0.00018572807
1.335144e-05
0.004483819
0.0078547
0.002899766
0.0153102875
0.009503365
0.00049853325
0.003890872
0.0031284094
0.0018228292
0.002755165
0.008294702
0.0057635307
0.0018514395
2.682209e-05
0.010814309
0.01044035
0.006695628
0.0012493134
0.003311634
0.001283288
0.00064730644
0.010327697
0.0040968657
0.0031877756
-0.00012946129
0.0059770346
0.0072546005
0.0024081469
-0.0014556646
0.009542942
0.0051510334
0.004678488
-0.0014634132
0.0036041737
0.0015746355
0.00091457367
0.002170086
0.012416363
0.0022118092
-0.00012397766
0.0012716055
0.0023707151
-0.0019366741
0.0098052025
0.0021826029
0.00042128563
0.0036936998
0.0019342899
0.0025072098
0.0015377998
0.003599286
0.0025360584
0.0034315586
0.0016098022
0.0021264553
0.0068359375
0.0030542612
0.0018359423
0.0069806576
0.0032366514
-0.00033652782
0.0077261925
-0.00055766106
0.001655817
0.0004749298
0.0061582327
0.011919379
0.0011564493
0.00060224533
0.0019421577
0.0045222044
0.010622501
0.011227608
0.011122227
0.0029598475
0.0016431808
0.00681746
0.023599148
0.0045268536
0.002523303
0.010484934
0.0034587383
-0.00045871735
0.0058048964
-0.0003902912
0.0020844936
0.00043225288
0.0062640905
0.0138527155
0.00077164173
0.0017299652
0.005231023
0.0034162998
0.00834167
0.0020872355
0.0034281015
0.0048035383
0.0014537573
-0.0002770424
0.0024940968
0.008914113
0.0018240213
0.0025326014
0.0037550926
0.0052603483
0.0039485693
0.00990057
0.00679338
0.006467223
0.0010447502
0.013109922
0.002370119
-0.0004684925
0.01056385
0.011577487
0.0012955666
0.01069212
-0.0005018711
0.0004506111
0.0054284334
0.0019421577
0.0007171631
0.009597421
0.0016787052
0.001730442
0.011236072
0.0030065775
0.004871607
0.0006481409
-0.00018835068
0.002283454
0.0007183552
0.0025475025
0.0008509159
0.0038610697
0.0063067675
0.0026266575
0.00595963
-0.00032627583
0.0051517487
0.0017039776
0.0091046095
-0.00063574314
0.007993579
0.0018359423
0.006695032
0.00982976
-0.0025047064
0.0013387203
0.0013735294
0.003703475
0.0008877516
-0.00063192844
0.003533125
0.015013456
0.0012527704
0.005592346
0.0019263029
0.0041760206
0.0030254126
-0.0015865564
0.0013341904
0.0052443743
0.004432559
0.016136646
0.0034023523
0.0018911362
0.0012193918
0.00576663
0.007843018
-0.0007663965
0.008037567
0.00027096272
0.011596084
0.009763598
0.00096940994
0.0011923313
0.0029867887
0.009280562
0.0149873495
0.0042871237
0.00089275837
0.0010509491
0.0019658804
0.0008434057
0.0009686947
0.00043702126
0.00084400177
0.00066649914
0.0021830797
0.00017511845
0.006104946
0.00029671192
0.00019335747
0.0019381046
-0.0031380653
0.00077044964
0.02797532
0.0062834024
0.00028836727
-0.00023281574
0.0074299574
0.0055240393
0.009370446
0.0031535625
0.013101101
0.00643003
0.0048191547
0.004370928
0.00059604645
0.0034284592
0.0012205839
0.007943153
0.0011219978
0.003416419
0.004213214
0.004961014
0.008363605
0.0034080744
0.0032110214
0.00945878
0.0043063164
0.0017894506
0.0048400164
0.0053571463
0.0058959723
0.00037109852
0.0027618408
0.0011162758
-0.00011134148
0.000688076
-2.1100044e-05
-0.0006477833
0.0035851002
0.012031555
0.00010681152
-0.0013356209
0.006053567
0.0034257174
0.0008633137
0.002617836
0.0025624037
0.0002104044
0.0013717413
0.0034985542
0.003201723
0.0051105022
0.0028152466
0.002208352
0.006108403
0.001303792
0.013572812
0.0054636
0.0043979883
0.00062286854
-0.0003246069
0.008497238
-0.004530549
0.005468726
0.0049573183
0.007544279
0.0027219057
0.004338503
-0.0010788441
0.0015648603
-6.377697e-05
0.005294919
0.0114530325
-0.0015146732
0.008604169
-6.687641e-05
0.0071954727
0.00082600117
0.003609538
0.003831625
0.0028152466
0.0055823326
0.005239129
0.00299716
0.010687828
0.0071702003
7.045269e-05
0.0027091503
0.001127243
0.005174279
-0.0008984804
0.010502815
-1.8954277e-05
0.00058591366
0.0019489527
-0.0017589331
0.0070439577
-0.00097060204
-0.00089144707
0.0036017895
0.006971717
0.0027018785
0.0005854368
0.0067282915
0.0080862045
0.0020703077
0.00085914135
0.007001877
0.0024240017
0.0018576384
0.0067059994
0.0015889406
0.0056084394
0.007165551
0.0011806488
0.001855135
0.0006930828
-0.00089263916
0.015914202
0.0031006336
0.009861946
0.00944376
0.012065172
0.0007202625
0.012235284
0.007457018
0.0007687807
0.003010273
0.008628845
0.0018495321
0.0072788
0.0017654896
0.005489707
0.0036433935
0.007622957
-0.0013324022
0.004465699
-0.00073063374
5.9485435e-05
0.001855731
0.005174637
0.001204133
0.0029085875
0.0010982752
-7.6174736e-05
0.0039839745
-0.0008021593
0.009781837
0.009137511
0.007863283
0.0053440332
0.0022093058
0.005144
0.0059194565
0.0006725788
0.008702636
0.0043148994
0.0015068054
0.0040112734
0.00052404404
0.005813718
0.0088166
0.0013326406
0.006749034
0.0013000965
0.0021480322
0.0045006275
0.0018732548
0.0042390823
0.007285714
0.0007407665
0.0028123856
0.004308343
0.0008313656
-0.00090646744
0.00563097
0.0010381937
0.0052741766
0.002824664
0.007958055
0.0056091547
0.0019013882
0.002728939
0.0020509958
-0.000477314
0.0032311678
0.0028563738
0.007088423
0.0052951574
0.010842204
0.0017180443
0.0014401674
0.00061678886
0.0012930632
0.0024212599
0.0059012175
0.0025078058
-0.00018191338
0.0030750036
0.0015987158
-0.00019323826
0.009995222
0.011773944
0.0025120974
-0.004890442
0.0033935308
0.004088521
0.013894081
0.0009950399
0.0035182238
0.0011839867
0.00076031685
0.0064463615
0.0023268461
0.005298257
0.0033204556
0.00599885
5.4478645e-05
0.0008609295
0.011991262
0.0038660765
0.013709426
-0.00023794174
0.0033494234
0.013125539
0.00778234
0.00592196
0.016840577
0.012503505
0.0034422874
0.0020673275
0.0033433437
0.0031237602
0.0009845495
0.003889203
0.0038619041
0.0050433874
0.0007044077
0.001718998
0.0044885874

0.0004930496
0.009414196
0.0058090687
0.0036172867
0.013208985
0.003386259
0.004618764
0.0045084953
0.0005811453
0.005453229
0.00022423267
0.001631856
-0.00044834614
0.0039966106
0.00538218
0.010277629
0.0039789677
0.0004492998
0.0014002323
0.00032150745
0.007031679
-8.261204e-05
0.0032515526
0.0032043457
-0.00037765503
0.0045958757
0.0025919676
0.0041155815
0.0063768625
-0.00077962875
0.0032026768
0.0037406683
0.0030230284
-3.862381e-05
0.014992356
0.009945869
0.003324151
0.0030405521
0.0007265806
-0.00045394897
0.004575014
0.0014660358
0.0013571978
0.0053993464
0.0014532804
0.0046554804
0.0023767948
0.014803886
0.002603054
0.006522298
0.002028346
0.007259965
0.0027817488
0.007146001
0.0025844574
0.0009087324
0.0036578178
0.0025957823
0.0020178556
0.001211524
0.0011891127
0.019068837
0.00053822994
0.0022126436
0.0035105944
0.0081961155
0.004843116
-6.7949295e-05
0.011198044
0.0033900738
0.005466938
0.004461527
-0.0008671284
0.0080161095
0.0025589466
0.0038833618
0.00038421154
0.015792847
0.0019396544
0.0018436909
0.0022192001
0.010709047
0.0065914392
0.012141943
0.00033593178
0.007242322
0.000618577
0.012623906
0.0019955635
0.0026067495
0.0014818907
0.0025055408
0.0156703
0.0010290146
0.0012154579
0.0016087294
0.0077745914
0.00038683414
0.00670135
0.001826644
0.0007106066
0.0046555996
0.00092053413
0.0039731264
0.0009558201
0.0045484304
-0.0005956888
0.006164074
0.002842307
0.0008164644
0.005445838
0.004095316
0.0014880896
0.0011930466
0.0022081137
0.0019695759
0.001227498
0.00019943714
-0.0004595518
0.001275897
0.002788663
0.00047707558
0.008482337
0.0069180727
0.0029518604
0.007870436
0.00078189373
0.00045323372
0.0033237934
0.0044373274
0.0024689436
0.0039767027
0.007101655
0.014075041
0.0050702095
0.0006710291
0.008331537
0.0009045601
0.00039625168
0.0009857416
-0.00038576126
0.0060818195
0.003791809
0.00184834
-0.00037693977
0.0033063889
0.0036469698
0.0031735897
0.006347537
0.011189342
0.0046943426
0.002542615
0.00086963177
0.0033267736
0.004204273
0.005301237
0.0014127493
0.0042619705
0.0018153191
0.0033195019
0.012084603
0.0030698776
0.004758477
0.005406499
0.001969099
4.4584274e-05
0.004866123
0.0021449327
0.004106045
0.003267169
0.0038775206
0.0043023825
0.009925008
0.0032436848
0.00784421
0.0024245977
0.00598073
0.0033005476
0.0018068552
0.009375453
0.0067071915
0.006769538
0.00612998
0.0011636019
0.001014471
0.002594471
0.004421711
0.004811287
0.004247904
0.0018184185
0.0012164116
0.0043593645
0.008492351
0.0003117323
0.0014028549
0.0039401054
0.004345298
0.0028752089
0.004638672
0.0023459196
0.003835559
0.010592222
0.004147172
0.0011410713
-0.00041353703
0.016207099
0.0024374723
0.0062977076
0.0031116009
0.0005337
0.00087428093
0.0010617971
0.0019112825
0.0074242353
0.0026910305
0.0005813837
-0.00039315224
0.0009946823
0.0074971914
0.0031763315
0.00032758713
3.6478043e-05
0.0011320114
0.008316755
0.0034526587
0.015480161
0.0037344694
0.0072535276
0.0056700706
0.0008240938
0.007003069
-2.7537346e-05
0.009725213
0.0008481741
0.011636257
0.0024174452
0.018051982
0.0032936335
0.0043883324
0.005538106
0.00089263916
0.003018856
0.0052275658
-5.2452087e-05
0.0041286945
0.0007597208
0.0027719736
0.0009217262
0.0034854412
0.01712513
0.00032043457
0.0012192726
0.0019987822
0.010567665
0.009042025
0.0074242353
0.0014033318
0.005752802
0.010434151
0.0010169744
0.005992055
0.003366232
-7.1406364e-05
0.0024596453
0.0025211573
0.0026296377
0.0033650398
-0.00011181831
0.0046834946
0.010429621
0.0052542686
0.001065731
0.009002566
0.011399865
-9.596348e-05
0.007772565
0.0027418137
0.00038719177
0.0011922121
0.005273342
0.0002002716
0.0071588755
-5.9962273e-05
0.008865595
0.0034424067
0.0069578886
0.0
0.004860878
0.00462234
0.0036978722
0.0052782297
0.0005726814
0.0025674105
0.0082986355
-0.00047814846
0.004680276
0.009020686
0.0032820702
0.0035091639
0.0018633604
0.008512139
0.00411427
-0.00032877922
0.00330472
0.0055570602
0.0033158064
0.0045164824
0.024195671
0.0031718016
0.010549426
0.004782915
0.009749532
0.004895091
0.00013184547
0.0033608675
0.004368782
0.0044873953
0.0065467358
0.008610845
0.0014897585
0.009276271
0.009442687
0.0057839155
0.00041794777
-9.417534e-06
0.00031268597
0.00053572655
0.0052177906
0.0016672611
0.002488494
0.007984877
0.0020365715
0.009043694
0.0061068535
0.0010131598
0.003045559
0.0036201477
0.008696318
0.0030140877
0.006364584
0.0008945465
0.0053993464
0.0008685589
0.0024878979
0.00079226494
0.0025054216
0.005559683
0.0013409853
0.0026504993
0.0008023977
0.012250066
0.0016640425
0.002247095
0.0027085543
0.0067824125
0.0027076006
0.0071662664
0.005069971
0.001943469
0.0026932955
0.0028426647
0.0014743805
0.0068769455
-0.0003607273
-0.000115036964
0.0045568943
0.0014201403
0.004526973
0.0021998882
0.0028531551
0.0022979975
0.007910967
0.0017998219
0.0086603165
0.009369731
0.004079342
0.007620096
0.003334999
0.0050131083
0.0033752918
-0.00010931492
0.0039100647
0.005473852
0.0020176172
0.005025983
0.0067955256
6.41346e-05
0.007775545
0.002638936
0.0053049326
0.0004172325
0.005345106
0.0032826662
0.007838249
0.006610751
-0.00018596649
0.004119873
0.0070523024
0.0011616945
0.002031684
0.0022462606
0.003869772
0.0039098263
0.0076653957
0.001522541
-0.00051534176
0.0037429333
0.00180614
-0.0001938343
0.0053316355
0.0034844875
0.0042612553
0.013362646
0.0014337301
0.0015916824
0.0059946775
0.00468719
0.0004324913
-0.00083327293
0.0059195757
0.0037600994
-0.00030601025
0.0028053522
0.011064291
0.0084712505
0.0047831535
0.0048503876
0.007974982
0.0073708296
0.0022035837
0.0026118755
-0.00014925003
-0.00015580654
0.003767848
0.002252102
0.0028482676
0.007387519
0.0035938025
0.00056803226
0.0018942356
0.007887721
0.013173342
0.0070055723
0.0053367615
0.00069761276
0.0024094582
0.00553751
0.004652977
0.0010288954
0.004266262
0.0045232773
0.002064228
0.0008416176
0.004083395
0.00014519691
0.0008724928
-8.8095665e-05
0.006037116
0.00022315979
0.0013794899
0.0016610622
0.0015963316
0.0065402985
0.004184246
0.0009151697
0.004968643
0.0026291609
0.0051909685
0.0014212132
0.008652687
0.0034668446
0.005436659
0.0051136017
0.0008639097
0.007760048
0.0012224913
0.002268076
0.00044846535
0.015820622
0.003198862
0.0010123253
0.00442791
0.00026404858
0.007954478
0.0032271147
0.003685236
0.001756072
0.00015830994
0.0007162094
0.0012928247
0.0021162033
0.0002567768
0.020231724
0.0021674633
0.0028220415
0.0030354261
0.0011179447
0.0073748827
0.0035550594
0.00021123886
0.0033792257
0.005983591
0.0037583113
0.0043057203
0.0060111284
0.0038733482
0.0051379204
0.002077818
-0.0010178089
0.0042335987
0.0007882118
0.0010439157

0.008924961
0.0029466152
0.002794981
0.011142254
0.0038692951
0.010735869
0.006018877
0.004044771
0.004712224
-0.000336051
0.002540946
0.007968426
0.008935809
0.0052238703
0.0018742085
0.0014505386
0.0032781363
0.0016124249
0.0046294928
0.0038348436
0.0048538446
0.002979517
0.0070700645
0.0021170378
0.0024924278
0.00875771
0.0024706125
0.0028619766
0.0067816973
0.003779292
0.0031342506
0.0010541677
0.002440691
-0.00023841858
0.0010857582
0.0027709007
0.00588274
0.0012123585
0.0040084124
0.0066689253
0.0053334236
0.0029081106
0.0037009716
0.0004813671
0.004469633
0.006127596
0.004008889
0.004803896
0.0056506395
0.0010237694
0.002830863
0.0019154549
0.001835227
0.0032693148
0.006038785
0.0012952089
0.0037965775
0.008889914
0.000942111
0.0011620522
0.0016224384
0.0014437437
0.003933072
0.001714468
0.0021578074
0.009218574
0.0045905113
0.0012603998
0.0015876293
0.0054699183
0.0012544394
0.003154397
0.0017769337
0.008923292
0.0035215616
0.0039459467
0.0064543486
0.002472639
0.0037318468
0.0049847364
0.0046560764
0.0042378902
0.00347054
0.0033699274
0.0017635822
0.0056170225
0.0045717955
0.002395749
0.004010439
0.0049043894
0.0020558834
0.0061272383
0.0053611994
0.002508998
0.00034213066
0.0030947924
0.0033781528
0.004164338
0.008777022
0.0008227825
0.011546135
0.012439609
0.006072402
0.008227825
0.0025006533
0.0028800964
0.004946947
0.008168697
0.0020455122
0.003156066
0.0027763844
-0.00012612343
0.0074117184
-0.00018906593
0.0055265427
0.0009686947
0.0060447454
0.0021191835
0.0015172958
0.0034766197
0.0025894642
0.008818865
0.0068056583
0.0038969517
0.00044178963
0.005060792
0.003915429
0.005774617
0.00577724
0.003836751
0.003924012
0.001072526
0.0024608374
0.0014793873
0.0071932077
0.0017957687
0.0009739399
0.001142025
0.0014926195
0.0054359436
0.002562642
0.0012336969
0.005635977
0.0018744469
0.0057959557
0.0073492527
0.00373137
0.0010082722
0.009275079
0.0030084848
0.003064394
0.0051215887
0.0065689087
0.0041873455
0.007881522
0.007592082
0.0036507845
0.004642725
0.011746645
-0.00020802021
0.0026470423
0.0034637451
0.00094270706
0.0029217005
0.0064413548
0.0018663406
0.00797832
0.0049672127
0.004602313
0.0076087713
0.0038744211
0.0054814816
0.0015718937
0.00014197826
0.00078749657
0.0018721819
0.0030277967
0.0053054094
0.0052793026
0.004400611
0.0026613474
0.0011558533
0.0070445538
0.0028213263
0.00035262108
0.0019663572
0.0052506924
0.0053237677
0.00086236
0.0017949343
0.003933072
0.0031126738
0.0046231747
0.0033209324
0.0022574663
0.0009357929
0.010277748
0.0010217428
0.0050525665
0.00317204
0.005645752
0.0012830496
0.00470829
0.0066953897
0.0033057928
0.007589698
0.005994916
0.005069256
0.00019669533
0.0036555529
0.0053254366
0.00027358532
0.006137252
0.0030755997
0.009130597
0.004565358
0.0038301945
0.004380703
0.0027495623
0.008005977
0.0030289888
0.0054727793
0.0023730993
0.0049675703
0.0060195923
0.0029338598
0.00095415115
0.0019335747
0.010127544
0.005800247
0.0033073425
0.00045216084
0.0024580956
0.006065011
0.0025501251
0.00533545
0.0037213564
0.0050985813
0.004516959
0.00033640862
0.0021305084
0.0022101402
0.006414175
0.0034137964
0.0010409355
0.0073838234
0.0028239489
0.0010216236
0.005744934
0.0067145824
0.0016832352
0.0041843653
0.0017622709
0.0021767616
0.0067420006
0.002860546
0.0030956268
0.0067869425
0.0015463829
0.008715153
0.011129022
0.0040460825
0.002042532
0.007350564
0.0065983534
0.0018554926
0.00045835972
0.0026913881
0.0090943575
0.0031696558
0.0020945072
0.001563549
0.005062461
0.005210519
0.00038576126
0.003933072
0.005099654
0.0016156435
0.0164361
0.0015146732
0.0071002245
0.0037362576
-0.00044560432
0.0021984577
0.0048429966
0.0015456676
0.0032901764
0.012113571
0.0013481379
0.0002965927
-7.70092e-05
0.0035834312
0.005252838
0.0025162697
0.0029957294
0.0057065487
0.0021375418
0.0058791637
0.002122283
0.0023440123
0.0036352873
0.005367279
0.0019139051
0.004044652
0.0028355122
0.0040916204
0.003925085
0.00552547
0.00235641
0.0024439096
0.0069379807
0.0011070967
0.005120039
0.0033818483
0.0026752949
0.005215287
0.002117157
0.0024545193
0.007316828
0.005866289
0.0012283325
0.012027502
0.0075314045
0.002055049
0.005849123
0.0027893782
0.003918171
-0.00015175343
0.00019669533
0.0037163496
0.0028504133
0.0028141737
0.002494216
0.0041491985
0.0021377802
0.002603531
0.0035783052
0.0021320581
0.004167795
0.002126217
-0.0003632307
0.0010219812
0.004994273
0.00074350834
0.004460931
0.0038263798
0.00090920925
0.001401186
0.006559849
0.009821534
0.0032590628
0.003980398
0.0015586615
0.0073302984
0.0037937164
0.0050342083
0.0065766573
0.0013506413
0.0047358274
-6.234646e-05
0.0025459528
0.0022804737
0.0086683035
0.006809473
0.00046122074
0.0034891367
0.0022354126
0.009645939
0.0007593632
0.011491537
0.0020649433
0.004403949
0.004226446
0.0015878677
0.0006827116
0.0066604614
0.006911278
0.0012686253
0.005576849
0.0001399517
-0.00017273426
0.00039041042
0.0014834404
0.003636241
0.0034639835
0.00494051
0.0059102774
0.0027432442
0.0045336485
0.012734652
0.0051962137
0.0041832924
0.005426049
0.0017222166
0.003519535
0.0007802248
3.7550926e-05
0.0013536215
0.002401948
0.006398678
0.0016359091
0.01249516
0.0018439293
0.00016880035
0.005711317
0.005378008
0.00043022633
0.0032373667
0.007933974
0.009337544
0.0030822754
0.002968073
0.0020325184
0.0013388395
0.0012792349
0.008266211
0.0019310713
0.0033291578
0.0010368824
0.0045673847
0.0034923553
0.008034825
0.0002001524
0.0011832714
0.0044953823
0.0035238266
0.0021140575
0.003835082
0.010570765
0.005657077
0.00440228
0.0038813353
0.0026236773
0.0042129755
0.0037539005
0.009758592
0.011410952
0.0039536953
0.0015386343
0.003930807
0.0046687126
0.0043934584
0.007362485
0.002101779
0.0023456812
0.002057314
0.00721848
0.006289959
0.008661389
0.008792758
0.00652647
0.0026569366
0.004393935
0.00046992302
0.005506754
0.0030440092
0.0015665293
0.00642097
0.010975122
0.0020582676
0.005322814
0.0022610426
0.0032389164
0.0027111769
0.0049984455
0.003020525
0.0041520596
0.004464388
0.006098509
0.0056710243
0.0112531185
0.004127383
0.002495408
0.010713577
0.0036975145
0.0026869774
0.002828598
0.0018327236
0.0062799454
0.002347231
0.0012748241
0.0035260916
0.0029703379
0.0016124249
0.0041987896
0.0040358305
0.0012511015
0.0030761957
0.005669832
0.008414149
0.00569427
0.0018103123
0.0081448555
0.0030852556
0.0074168444
0.006508827
0.0022376776
0.0005283356
0.002137065
0.0009949207
0.002675891
0.0006146431
0.004673481
0.007054329
0.005568862
0.0044716597
0.007981658
0.005198121
0.00067317486
0.003886342
0.0017815828
0.00032413006

0.003734231
0.0022050142
-0.00077962875
0.0037964582
0.003638506
0.004688382
0.013233781
0.00744164
0.0015339851
0.002425313
0.0038657188
0.005565405
0.009844661
0.0020239353
0.008679628
0.0011307001
0.0122253895
0.005613804
0.0022666454
0.0037341118
0.00049066544
-0.00013315678
0.0074630976
0.0026839972
0.001817584
0.008788943
0.0038597584
0.0010933876
0.0017927885
0.0030914545
0.0013490915
0.006621957
0.0040501356
0.007705331
-0.0002887249
0.005620837
0.006836176
0.009987712
0.0025988817
0.0031064749
0.006304264
0.005358577
0.0041538477
0.0047621727
0.0022820234
0.003959775
0.00047779083
0.0018843412
0.0020986795
0.0015598536
-0.00068092346
0.0051356554
0.0013042688
0.009112835
0.0019025803
0.0068022013
0.0033050776
0.0035729408
0.004550338
0.0046647787
-0.00024318695
0.0029072762
0.0010761023
0.00682199
0.0002206564
0.0010989904
0.00067543983
0.005180955
0.004725933
0.00053596497
0.002631545
0.004731655
0.0065318346
0.002821207
0.0012152195
0.0054301023
0.00124228
0.0012383461
0.007584095
0.0014958382
0.006256938
0.0039889812
0.0050834417
0.0001244545
0.004250765
0.004287362
0.0035824776
0.006860018
0.002671957
0.0040005445
0.0035902262
0.0058193207
0.0007017851
0.0023477077
0.0043438673
0.0027558804
0.007836461
0.0039247274
0.0009858608
0.006442666
0.003922224
0.0020223856
0.0028121471
0.007325411
0.0038113594
0.005513549
0.0049591064
0.007477045
0.002604127
0.010908246
0.0045468807
0.0013538599
0.008299112
0.0031087399
0.0023128986
-0.0010272264
0.0045005083
0.0026404858
0.0016521215
0.0026723146
0.003042698
0.001989007
0.0039619207
0.003054142
0.0013971329
0.0009214878
0.0023298264
0.0041760206
0.006382942
0.005832076
0.0038104057
0.0055589676
0.001962304
0.0043883324
0.0027980804
0.00076651573
0.0063564777
0.0020008087
0.010105133
0.004273057
0.0017712116
0.0027418137
0.0011324883
0.004802823
0.0063796043
0.0037288666
0.001532197
0.0040352345
0.005726576
0.0040051937
0.0016982555
0.0017437935
0.0074293613
0.013891697
-1.4305115e-05
0.0064041615
-0.00034356117
0.00080120564
0.0007760525
0.004734874
0.004164934
0.0030303001
0.0018335581
0.0045963526
0.00467515
0.004642725
-0.00018072128
0.007061839
0.0013153553
0.0006130934
0.0056273937
0.002223134
0.0014988184
0.0017585754
0.008828044
0.002542019
0.0011562109
0.0071965456
0.00076937675
0.009049296
0.0035367012
0.0016648769
0.0049054623
0.0008274317
0.008020639
0.0030882359
0.0034497976
0.0022697449
0.00053560734
0.008635521
0.0064628124
4.3272972e-05
0.006064892
0.0003876686
0.0026009083
0.0031706095
0.008312702
0.0059337616
0.0028930902
0.0054934025
0.01155746
0.008776784
0.0006273985
0.008024335
0.0058528185
0.005129814
0.0036848783
0.0066529512
0.0009120703
0.005173087
0.0041333437
0.0031210184
0.0028289557
0.0043973923
0.0023715496
0.0017237663
0.0141483545
0.002205491
0.009385586
0.0014395714
0.0029956102
0.0015678406
0.0028283596
0.009623647
0.0064314604
0.0036783218
0.0016443729
0.0025691986
0.0052381754
0.0018577576
0.0020006895
0.0011898279
0.0045876503
0.005463481
-0.00010585785
0.006989479
0.005042672
0.008386016
0.00082981586
0.0075074434
0.0023370981
0.0031696558
0.0014573336
0.0034440756
0.0037565231
0.0009148121
0.0011841059
0.0044847727
0.0014562607
0.0037845373
0.0031366348
0.007256031
0.002086401
0.0031861067
0.0049716234
0.005122781
0.0026745796
0.009526968
0.001894474
0.010391474
0.0037709475
0.0012654066
0.0019465685
0.004244089
0.0057942867
0.0024393797
0.011533856
0.0040379763
0.0027217865
0.00042259693
0.0047181845
0.0013940334
0.0045729876
0.0029412508
0.0034883022
0.011602998
0.010379553
0.008216262
0.011529446
0.00444901
0.0025080442
0.0002475977
0.00032925606
0.008147478
0.0028835535
0.0039157867
0.003109336
0.0033711195
0.004526615
0.000177145
0.0027540922
0.01516211
0.0010979176
0.0062274933
0.0048033
0.007617593
-0.00059235096
0.003950119
0.0028444529
0.0037082434
0.002265215
0.01279223
0.0031073093
0.0051754713
0.0023658276
-0.00032758713
0.0013657808
0.0028820038
0.0055963993
0.00946784
0.0050536394
0.002739668
0.006104827
0.004261732
0.0049352646
0.0029218197
0.0051004887
0.015398145
0.0068906546
0.0010358095
0.0049310923
0.010385871
0.002401948
0.002545476
0.004320979
0.006424427
0.006375551
-0.0004684925
0.007674217
0.006392002
0.0029711723
0.004589796
0.004347205
0.005977273
0.007993817
0.0070086718
0.003936529
0.0073930025
0.003800273
0.0018714666
0.003815055
0.002247572
0.005882144
0.0020349026
0.0031932592
0.00672698
0.0026597977
0.0015844107
0.0015755892
0.0016196966
0.00433445
0.0065124035
1.8000603e-05
0.012052178
0.003385663
0.0062075853
0.009450793
0.0033034086
0.0041314363
0.0055787563
0.0075651407
0.005020857
0.0015981197
0.0030488968
0.0021059513
0.0017739534
0.00095021725
0.0033963919
0.005677223
0.0072938204
0.010825276
0.0028442144
0.00095045567
0.0005415678
0.0064496994
0.0044156313
0.00039291382
0.0007240772
0.002797842
0.0064412355
0.00034844875
0.0044801235
0.0022822618
0.0041896105
0.0026162863
0.0021637678
0.0044294596
0.0078344345
0.0059628487
0.0010194778
0.0011291504
0.0052821636
0.0029910803
0.0032464266
0.0037064552
0.0061477423
0.0020694733
0.007964492
0.004938245
0.004961729
0.0006761551
0.0022150278
0.0054929256
0.0041707754
0.0034685135
0.004897833
0.008321643
0.0023083687
0.0022302866
0.00532794
0.0032986403
0.0010250807
0.0051976442
0.0065248013
0.006863475
0.012954354
0.006087184
0.0055407286
0.012343526
0.0048041344
0.00052428246
0.004609108
0.0055748224
0.0009778738
0.00164783
0.00035619736
0.008976221
0.0029563904
0.0015975237
0.00060892105
0.0025160313
0.0034962893
0.004983902
0.0030168295
0.0003722906
0.0013569593
0.003078699
0.0015128851
0.0038746595
0.00041115284
0.0013740063
0.0020313263
0.005449176
0.00428617
0.016155124
0.00025820732
0.0016977787
0.0041122437
-4.172325e-05
-0.0004005432
0.0025844574
0.0027575493
0.0025047064
0.0023095608
0.00084745884
0.0022878647
0.0051755905
0.003571868
0.0033257008
-0.0004962683
0.0027415752
0.005977869
0.009961605
0.002962947
0.0022507906
0.0045244694
0.0032399893
-0.00022435188
0.015059829
0.00046753883
0.0030035973
0.005129814
0.0039322376
0.0051373243
0.005812645
0.0017046928
0.0047438145
0.0057480335
0.0032026768
0.0025349855
0.0034461021
0.0035966635
0.0029480457
0.0034966469
0.0043576956
0.0023314953
0.001091361
0.0017732382
0.0030503273
0.004930496
-0.00034236908
0.004745722
0.002033472
0.0015820265
0.0029978752
0.005725622
0.0045262575
0.006422758
0.0016525984
0.005171299
0.002668023
0.0015501976
0.0007753372
0.002200842
0.0022172928
0.0022146702
0.0065642595
0.00432086
0.008493543
0.0043694973
0.0032867193
0.0066125393

0.329589
0.3193208
0.24253333
0.24618566
0.30957377
0.2539754
0.31261742
0.31092846
0.302063
0.2951461

