0.009242773
0.0043976307
0.0036617517
0.002797842
0.013901591
0.0018094778
0.0031992197
0.003257513
0.0060323477
0.004412532
0.0059417486
0.004745841
0.0040471554
0.0049370527
0.004170418
0.0018264055
0.0040819645
0.0055220127
0.009784818
0.005744934
0.0023063421
0.004715085
0.002904892
0.0048259497
0.006477833
0.006704092
0.009134531
0.008221269
0.0056889057
0.0031086206
0.004870057
0.006216526
0.008455634
0.006448269
0.0031753778
0.0069978237
0.0038110018
0.022842169
0.0014145374
0.010823607
0.007552266
0.0057007074
0.004537463
0.010177612
0.009130955
0.00854671
0.003989339
0.0016983747
0.0035647154
0.00922811
0.006199479
-0.0005414486
0.001086235
0.0055607557
0.0071185827
0.0025283098
0.0059924126
0.0048207045
0.004339218
0.00878191
0.003641367
0.0069161654
0.0016078949
0.007365763

0.0057542324
0.0050412416
0.0008033514
0.0005546808
0.0028657913
0.009121776
0.009242654
0.007952094
0.023613453
0.012144685
0.0072131157
0.0025476217
0.009531736
0.0020189285
0.008452177
0.0076116323
0.011870146
0.006514311
0.0042955875
0.001798749
0.004895568
0.006193638
0.006196618
0.0060890913
0.0035270452
0.0135371685
0.01117909
0.0022909641
0.00404346
0.018460393
0.0026957989
0.00057661533
0.0026481152
-1.7881393e-06
0.007208228
0.007953882
0.009324193
0.0064760447
0.0034370422
0.0047380924
0.0003119707
0.004144311
0.0044054985
0.0044584274
0.008226633
0.007840276
0.010019541
0.008306026
0.0050159693
0.0075632334
0.006641388
0.00309515
0.013619542
0.0071743727
0.0011188984
0.0016776323
0.0054734945
0.0017393827
0.006320715
0.0022991896
0.008831978
0.0050240755
0.00023770332
0.017396688

0.0034751892
0.0015892982
0.0008124113
0.001429081
0.0024559498
0.007147312
0.0043017864
2.18153e-05
0.004844308
0.0025657415
0.0035982132
0.0013750792
0.0012999773
1.4066696e-05
2.5391579e-05
0.011367083
0.0032120943
0.0066063404
0.0039283037
0.0040591955
0.0010043383
0.0028675795
0.003792882
0.0023357868
0.007892609
0.0015724897
0.0039209127
0.0066820383
-1.0848045e-05
0.0046714544
0.00080406666
0.0008018017
0.003550887
0.004662633
-1.4305115e-06
0.0055384636
0.003472805
0.00048685074
0.007224679
0.0031682253
0.002171874
0.00065100193
0.005323291
5.364418e-05
5.3048134e-05
0.0062505007
0.0040951967
0.00062167645
0.005347967
0.005419135
0.0022679567
-5.7458878e-05
0.0036542416
0.0032317638
0.0018004179
0.0022989511
0.0059990883
0.0019860268
0.0026367903
0.0022239685
0.009185433
0.004278064
0.0031137466
3.2663345e-05
0.0065716505
0.001183629
0.0006029606
0.0015993118
-7.1525574e-06
0.0045506954
0.003161788
0.0025441647
0.0004094839
0.0053015947
0.0027518272
0.0034358501
0.002349496
0.003620267
0.004233241
0.0020856857
0.0023083687
0.0057343245
0.0016793013
0.0054666996
0.0026961565
0.0015546083
0.0014363527
0.003221631
0.0005735159
-1.5497208e-05
0.0067210197
0.0038514137
0.004154682
0.009761572
0.0035774708
0.0025190115
0.00095427036
0.0024166107
0.0058829784
0.00012028217
0.005905628
0.0025742054
0.005598545
0.0034000874
0.0039429665
0.0037540197
0.0024883747
0.0056456327
-2.849102e-05
0.0024616718
0.0012403727
0.0022252798
0.0036096573
0.003203392
0.004116893
0.0020879507
0.0021321774
0.0018092394
0.0065078735
9.775162e-06
0.004409313
0.0041811466
0.0074574947
0.003984332
0.0018789768
0.0030072927
0.004506588
0.0049432516

0.0054342747
0.003032446
0.001711607
0.003653407
0.00029873848
0.0043644905
0.0028945208
0.000502944
0.0010726452
0.0030224323
0.0016350746
0.0062890053
0.0036993027
0.002489686
0.0006059408
0.0018144846
0.0029366016
0.003222108
0.002485752
0.00055909157
0.004024148
0.008099318
0.0092839
0.004815817
0.00237
0.0009211302
0.002387762
0.002557516
0.0019382238
0.0076334476
0.0043503046
0.0017212629
0.0043166876
0.0038315058
0.0018794537
0.009797335
0.0014357567
0.0012868643
0.002136588
0.004565716
0.007085204
0.0026171207
0.0009838343
0.0048583746
0.004897237
0.005834818
0.0042557716
0.0022588968
0.0024043322
0.00088799
0.0023753643
0.0052292347
0.0011837482
0.0052554607
0.002861023
0.0024671555
0.005132556
0.0029872656
0.00233078
0.0023624897
0.0026006699
0.0028175116
0.0020166636
0.0048288107
0.002878666
0.002152443
0.00090670586
0.0029302835
0.0038951635
0.00012612343
0.0029267073
0.0029395819
0.0052529573
0.0030497313
0.0013961792
0.00011014938
0.0032892227
0.000849247
0.0028172731
0.0016649961
0.0049949884
0.004843116
0.001989007
0.0010527372
0.0024698973
0.0022405386
0.0038446188
0.0048880577
0.004979372
0.0026140213
0.0013668537
0.006875396
0.0030070543
0.002963543
0.0017373562
0.004737735
0.0023167133
0.0054928064
0.00240767
5.2690506e-05
0.008665085
0.0012739897
0.0027842522
0.007077694
0.002873063
0.0064156055
0.0065922737
0.0053147078
0.003770709
0.0015451908
0.0021152496
0.0027598143
0.000952363
0.0024362803
0.0028780699
0.0033470392
0.0038689375
0.0017250776
0.0018359423
0.0019212961
0.0015394688
0.0009031296
0.002211094
0.000106334686
0.0010690689
0.0013059378
0.0076982975
0.008542657

0.0016012192
0.0024681091
0.0018911362
0.001715064
0.0018186569
0.0019817352
0.0004762411
0.0019301176
0.0025259256
0.0020786524
0.0029342175
0.0024688244
0.0016317368
0.0011011362
0.0016154051
0.0010741949
0.0012178421
0.0014336109
1.3947487e-05
0.0021978617
0.0010209084
0.001988411
0.00180161
0.00072431564
2.6583672e-05
0.0021555424
0.0015019178
0.0006952286
0.002010107
0.001679182
0.0013575554
0.0005341768
0.0012843609
0.0016678572
1.4781952e-05
0.0017006397
0.0022307634
0.00033450127
0.0005803108
0.0019316673
0.00019145012
0.0010192394
0.0032233
0.0016447306
0.00084781647
0.003047347
0.00010251999
0.0016028881
8.606911e-05
0.0022115707
0.00062680244
0.0045137405
1.7881393e-06
0.0029969215
0.0016624928
0.00050854683
0.0023300648
0.0035668612
0.0002142191
0.0019545555
0.00080502033
0.0021556616
0.0018430948
0.0024565458
0.0023171902
0.001648426
0.0019202232
1.5616417e-05
0.00071167946
0.0026295185
0.0017274618
0.002380848
0.0013021231
0.001565814
0.0005828142
0.0026342869
0.0019551516
0.0014892817
0.00017893314
0.0026346445
0.0007352829
0.0038446188
0.0027316809
0.0019726753
0.00119555
0.0006554127
0.0016257763
0.0031167269
0.002597332
8.511543e-05
0.0015461445
0.00017762184
0.001352191
0.00059890747
0.0018891096
0.0014631748
5.1021576e-05
0.00030100346
0.0004711151
0.00055634975
0.0010529757
0.0006995201
0.0019676685
0.002970457
0.0015009642
0.00022125244
0.00028038025
0.0006992817
0.0023405552
0.0012907982
0.0032902956
0.0010666847
0.0011633635
0.0023536682
0.0015274286
0.0023889542
0.0017172098
0.00058698654
0.0015457869
0.001005888
0.0015249252
0.0026078224
0.0034806728
0.0010399818
0.0015033484
0.0021979809
0.0025935173
0.0012639761
0.004055023
0.0020709038
0.00021064281
0.0038386583
0.002433896
0.00013792515
0.0018411875
0.0013496876
0.000523448
0.00041341782
5.8412552e-05
0.0008302927
0.0020714998
0.0016708374
8.6188316e-05
0.0016019344
0.0013279915
0.0026509762
0.0016936064
0.0021548271
0.0033407211
0.0005505085
0.0011473894
0.0021823645
0.0030292273
0.0017944574
0.0019837618
0.0016890764
0.0018289089
0.003667593
0.001887083
0.0027929544
0.00012338161
0.0016200542
0.002159357
0.001159668
0.0015616417
0.0009021759
0.0007709265
0.0014663935
0.0017137527
0.0046595335
0.0027868748
0.0007959604
0.00095391273
0.0014064312
-5.364418e-06
0.0030516386
0.0023372173
0.0015300512
0.0024544
0.0023511648
0.00028264523
0.00071179867
0.0018457174
0.0016798973
0.0027081966
0.001470089
0.0016826391
0.0010870695
0.00279212
0.0004042387
0.002596736
7.9631805e-05
0.0017486811
0.0018188953
0.0024944544
7.104874e-05
0.0007096529
9.179115e-06
0.002933383
0.0012677908
0.0036854744
-1.2516975e-05
0.002583146
0.0014599562
0.0004401207
0.00083708763
0.0009057522
0.0021551847
0.00091683865
0.00086152554
0.0016664267
0.002108097
0.0030552149
0.0034321547
0.0010104179
-5.4836273e-06
0.00240767
0.0027964115
0.002462387
0.002363801
0.0015102625
0.00062310696
0.0041259527
0.0028883219
1.3589859e-05
0.0021350384
0.001098752
0.0009875298
0.0017049313
0.0007300377
0.002855301
0.0016784668
0.0010567904
0.0028743744
0.00036418438
0.00022649765
0.0024113655
0.0019853115
0.00088095665
0.00022423267
0.001957178
0.0016224384
0.000942111
0.0015655756
0.0007765293
0.0033432245
0.0029722452
0.001373291
0.0007523298
0.0017822981
0.0005850792
0.0005531311
0.002253294
0.003159523
0.0012667179
0.0031843185

0.0008355379
0.0025850534
0.0006991625
0.0005053282
0.0014001131
0.0013114214
0.0018577576
0.00044190884
4.696846e-05
0.0014288425
0.0023366213
0.0013756752
0.0021733046
0.0024584532
0.0016351938
0.0018362999
0.0021589994
0.0023819208
0.0002424717
0.001906991
0.00075018406
0.0011318922
0.0018362999
0.0016980171
0.0014425516
0.001920104
0.0011043549
0.001819849
0.0012896061
0.00017464161
0.001503706
0.0017129183
9.405613e-05
0.001875639
0.0018975735
0.001853466
0.0010906458
0.00074601173
0.0031903982
0.0009890795
0.0026540756
0.0022047758
0.001331687
0.00038909912
0.00024235249
0.00079739094
0.00149405
0.0012044907
0.0024286509
0.0015571117
0.001914978
0.00097322464
0.002972722
5.376339e-05
0.00028908253
0.0014634132
0.002525568
0.0022095442
0.0014499426
0.0008722544
0.0022679567
0.00088989735
0.0015921593
0.00093102455
0.0003401041
0.0012375116
0.0019806623
0.0039976835
0.001075387
0.002216339
0.0010727644
0.0010098219
0.0013142824
0.0013285875
0.0016310215
0.00042831898
3.7312508e-05
0.00045847893
0.00044691563
0.0028060675
0.0006340742
0.0011577606
0.0013986826
0.0015827417
0.0019031763
0.002644062
0.002853036
2.7060509e-05
0.00021743774
0.0025259256
0.0017776489
0.0019624233
0.00036990643
0.001257062
0.002128005
0.0011863708
0.0020235777
0.001349926
0.002860546
0.003427744
0.002226472
0.001185894
0.00018811226
0.0005158186
0.00070619583
0.00042557716
0.0026919842
0.0015251637
0.002217412
0.0028578043
-1.4543533e-05
0.0017439127
0.002364874
5.4478645e-05
0.0022991896
0.002642274
0.0015199184
0.00024795532
0.0026762486
0.0040181875
0.0023796558
0.0010046959
0.001026392
0.0013116598
0.0024580956
0.0033210516
0.0023480654
0.0030010939
0.0015580654
0.0016571283
0.00076270103
0.0022553205
0.0005440712
0.002236247
0.0018452406
0.0015193224
0.0011054277
0.002489686
0.0011711121
0.0001231432
0.0023924112
0.0026661158
0.00036346912
0.002752781
2.7894974e-05
0.0019760132
0.0012654066
0.0020720959
0.0029531717
0.0026673079
0.002336979
0.0020620823
0.0026154518
0.001360178
0.0014169216
0.0018595457
0.0005494356
0.0028377771
0.0014218092
0.0010938644
0.0023715496
-2.4318695e-05
0.0013297796
0.0034582615
0.002121091
3.194809e-05
0.0016071796
0.0012233257
0.0016264915
0.00301373
0.001737833
0.0014926195
0.002269864
0.0020593405
0.0015412569
0.0005545616
0.0011190176
0.0024341345
0.0033518076
0.0016111135
0.00096416473
0.0011725426
0.00040197372
0.0021966696
0.00062572956
0.0011211634
0.001292944
0.003604889
0.0031590462
0.0013179779
0.0034381151
0.0005694628
0.0011022091
0.0016402006
0.0017468929
0.0019772053
0.0022497177
0.0005866289
0.0011322498
0.0010224581
0.0022513866
0.0041880608
0.001473546
0.0022519827
0.0009120703
0.0008723736
0.00053691864
0.00080394745
0.0018788576
0.00054466724
0.0016601086
0.001046896
0.0026823282
0.002849698
0.0013771057
0.0024516582
0.0011308193
0.0010613203
0.002835989
0.0018461943
0.0025428534
0.003561139
3.0994415e-06
0.00019013882
0.0021756887
0.0027717352
0.0017858744
2.503395e-06
0.0019923449
0.0017437935
0.00046229362
0.0023232698
0.002470374
0.00019526482
0.0022642612
0.0012085438
0.0029540062
0.0014582872
0.000936985
0.000751853
0.0023260117
0.00028252602
0.005359292
0.0017254353
0.0006777048
0.0025417805
0.0010049343
0.0007648468
0.0021140575
0.0011802912
0.002964735
0.0011091232
0.0009098053
0.0016963482
0.002837181
1.4424324e-05

0.0007811785
0.0004941225
0.0008337498
0.00045263767
0.0007787943
0.0016679764
0.0016804934
0.0008916855
0.0020231009
0.00042128563
0.0022896528
0.0031878948
0.0012578964
0.00025713444
0.0020481348
0.002739191
0.0021641254
0.0016554594
0.0018886328
0.002818942
0.001911521
0.00019311905
0.0011880398
0.00053465366
0.0023231506
0.0015085936
0.002457261
0.0015107393
0.0003077984
0.0026767254
0.0033301115
0.00022685528
0.0013928413
0.0031058788
0.0023543835
0.0017641783
0.0020132065
0.00083994865
0.0030869246
0.0015870333
0.001642704
0.0014709234
0.00030958652
0.0025577545
0.002367258
0.00014436245
0.0026171207
0.0006496906
0.0028049946
0.0015420914
0.0015212297
0.0013891459
0.0021008253
0.004151821
0.0028346777
0.0020395517
0.0007958412
0.0018190145
0.002507329
0.0011525154
0.0011140108
0.002679944
0.0012165308
0.0009492636
0.00096940994
0.00086545944
0.0017322302
0.0016566515
0.0015062094
0.002656579
0.0012197495
0.002096057
0.0018734932
7.760525e-05
0.0012557507
0.00030088425
0.0014841557
0.0013054609
0.0010931492
0.0011224747
0.0019814968
6.687641e-05
0.0024745464
0.0007765293
0.0020490885
0.002231598
0.0011774302
0.00034844875
0.001070261
0.001586318
0.0027954578
0.0002527237
0.00040590763
0.00028407574
0.0011564493
0.0015026331
0.0013538599
0.0001538992
0.003105402
0.00224936
0.001465559
0.001758337
0.0026997328
0.003336668
0.0013803244
0.0033257008
0.0010261536
0.0011265278
0.0010590553
0.002163887
0.0007749796
9.584427e-05
0.00049316883
0.002419591
0.0029797554
0.0017566681
0.00075519085
0.0016723871
0.002758503
0.0006213188
0.002082944
0.003234744
0.000187397
0.0013862848
0.00079131126
0.002081871
0.0005813837
0.00080144405
0.0031707287
0.00014269352
0.0030164719
0.0010194778
0.0033910275
0.00037395954
0.00044226646
0.0022615194
0.0026150942
0.0016206503
0.00017786026
0.00044465065
0.0021574497
0.0013602972
0.0018129349
0.0033379793
0.00068473816
0.0005354881
0.0008713007
0.0006226301
0.0010691881
0.00096333027
0.00016343594
0.001914382
0.002602458
0.0024626255
0.002023697
0.003349781
0.0032471418
0.0027678013
0.002272725
0.0026903152
0.001978755
0.0019699335
0.0020246506
0.0016373396
0.0009037256
0.0021358728
0.0019658804
0.00057423115
0.0022412539
0.0019432306
0.001385212
0.0016458035
0.00090026855
0.0014846325
0.001249671
0.0027221441
0.0009640455
0.0010646582
0.0024752617
0.00070643425
0.0018656254
0.0014617443
0.0018576384
0.0012669563
0.0009809732
0.0035374165
0.0021481514
0.0019676685
0.0033897161
0.00079357624
0.0024946928
0.0016719103
0.0025275946
0.0013554096
0.0015881062
0.00078189373
0.0016806126
0.00075519085
0.00036764145
0.0022637844
0.0029940605
0.0015509129
0.000831604
0.0009994507
0.0021033287
0.0024051666
0.00034928322
0.0029902458
0.0014404058
0.00043308735
0.0018337965
0.0016844273
0.00037050247
0.0030419827
0.0026034117
0.0011216402
0.0019254684
0.0011166334
0.0013512373
0.0022374392
0.0015766621
0.0024992228
0.0028992891
0.0021336079
0.0008081198
0.0012693405
0.000895977
0.0025246143
0.00044703484
0.0022087097
0.001529932
0.0009471178
0.0012128353
0.0010533333
0.00038170815
0.0020821095
0.0020561218
0.0012527704
0.0016925335
0.0018959045
0.0005480051
0.0011564493
0.0017478466
0.0014235973
0.0004683733
0.0017367601
0.00035631657
0.00061774254
0.0012680292
0.00038075447
0.0021122694
0.0015399456
0.0008560419
0.0007612705
0.002233982
0.005325556

0.00034344196
0.0011384487
0.00021314621
0.0018181801
0.00065910816
0.00021529198
0.0004298687
0.00113976
0.0010787249
0.00042438507
0.00011432171
0.00042200089
0.00013053417
0.000108122826
0.0009894371
0.00075376034
0.00085163116
0.0005581379
0.00092971325
0.002392292
0.0016069412
0.0007469654
0.0010678768
0.0010625124
0.0020264387
0.00041413307
0.0011458397
0.0014721155
0.0012065172
0.0010287762
0.0003658533
0.00040853024
0.000641942
0.0006465912
0.00035965443
0.0003889799
0.00043714046
0.0011310577
0.0006233454
0.0006722212
0.0011851788
0.0005133152
0.0008610487
0.000621438
-8.404255e-05
0.00042128563
0.00023281574
0.0007212162
0.00052058697
0.0012476444
0.0011388063
0.0005259514
0.0008883476
0.0009799004
0.00079905987
0.0006402731
0.0005172491
0.0015302896
0.0008049011
0.0003553629
0.00039720535
0.0007637739
0.000590086
0.00074112415
0.0012230873
0.00030064583
7.688999e-05
0.00021517277
0.0008095503
0.0009545088
0.0012729168
0.0011023283
0.00038170815
0.00033009052
8.094311e-05
0.0010217428
0.00094139576
0.0007318258
0.0008671284
8.440018e-05
0.0010106564
4.184246e-05
0.0013762712
0.0012518167
0.00023126602
0.00045251846
0.00035762787
0.00057291985
0.0008229017
0.0016741753
0.00047814846
0.0016994476
0.00035977364
0.0010974407
1.1920929e-06
0.00054371357
0.00040340424
0.00097060204
0.0014371872
0.0015058517
0.0017209053
0.0003373623
0.0012476444
0.0004156828
0.00048279762
0.00077676773
0.0005773306
0.0015426874
0.0011229515
0.001079917
0.0011702776
0.0012134314
0.00027310848
0.00031781197
0.0009989738
0.0010613203
0.0002566576
-5.4836273e-06
0.0010331869
0.00096070766
0.0005158186
0.0007472038
0.00027763844
0.00029850006
0.0013563633
0.0003644228
0.0010615587
0.0005785227
0.00024104118
0.0008225441
0.0008596182
0.0013289452
0.0012193918
0.0016009808
0.0010354519
0.00049364567
0.00093746185
0.0005197525
0.0011894703
0.0009703636
0.0005956888
0.0013712645
0.0013434887
0.0007163286
0.000731349
0.00044846535
0.00054085255
0.0005232096
0.0010859966
0.00062584877
0.00046348572
0.0012891293
0.00013780594
0.0004748106
0.00016701221
0.00073599815
0.0014401674
0.0004541874
0.00033712387
0.0009303093
0.00026869774
0.0008933544
0.0007971525
0.0009770393
0.0003861189
0.0005122423
0.00087082386
0.00045681
0.00045871735
0.00022232533
0.0015419722
0.00050735474
0.0011557341
0.0011019707
0.000910759
0.0017014742
0.00061511993
0.0006611347
0.00090932846
0.0007340908
0.0007942915
0.00055491924
0.0003966093
0.0008199215
0.00020647049
0.0013898611
0.00044238567
0.0003989935
0.00010037422
0.0010868311
0.0002732277
0.0013139248
0.0011348724
0.00067961216
0.0005404949
0.0012937784
0.0010824203
0.0016057491
0.001134634
0.0015009642
1.347065e-05
0.0006452799
0.000978589
0.0008289814
0.00060009956
0.00020468235
0.00063347816
0.0013643503
0.001926899
0.00087976456
0.0010558367
0.0018994808
0.0010814667
0.000121593475
0.000947237
0.00034332275
0.00072705746
0.00096833706
0.00047528744
0.0005059242
0.00065898895
0.000911355
0.0020558834
0.00047659874
7.402897e-05
0.0010255575
0.00090801716
0.00075626373
0.0008034706
0.0011717081
0.0007337332
0.0002412796
0.00012302399
0.00040352345
0.0006018877
0.0004925728
0.0016189814
0.0016189814
0.0003569126
8.4757805e-05
0.0022372007
0.0012860298
0.0005848408
0.0014197826
0.00064468384
0.001452446
0.0007749796
0.00080370903
0.0009378195
0.000698328
0.0011490583
0.00069344044
0.0012952089
0.0006457567
0.0007519722
0.0016261339
0.0013225079
0.00053167343
0.0012015104
0.0007240772
6.425381e-05
5.722046e-06
0.0014460087
0.0002669096
0.00076782703
0.0012615919
0.00040316582
0.0007073879
0.0012302399
0.00018465519
0.0008792877
0.00012135506
0.0011980534
0.00056529045
0.0009354353
0.0006786585
0.0007762909
0.00075280666
0.00096154213
0.0019916296
0.00025224686
0.00021994114
0.0011502504
0.00020956993
0.000800848
0.0015232563
0.00023114681
0.0008085966
0.001434207
0.0011382103
0.00068330765
0.00047302246
0.0006687641
0.00044167042
0.0015587807
0.00031292439
0.00045394897
0.00029671192
0.0013713837
0.00053834915
0.00023138523
0.00012636185
0.0005148649
0.00088083744
-1.6450882e-05
0.00013947487
0.0009992123
0.0008749962
0.0008983612
0.00090289116
0.0015329123
0.00013160706
0.001252532
0.0009152889
0.0010141134
0.0009914637
0.0012563467
0.0010989904
0.00075137615
0.0008355379
0.001172781
9.608269e-05
0.00026583672
0.0011540651
0.0010219812
0.0007044077
0.0010743141
0.0010325909
0.0009150505
0.00077700615
0.0010437965
0.0008276701
0.0014052391
0.0007890463
0.00068867207
0.0002799034
0.0005720854
0.0008774996
0.000674963
0.00063097477
0.00023961067
0.0006092787
0.0005031824
0.0011358261
0.00074899197
0.0004965067
0.00010931492
0.000118255615
0.00021755695
0.0002464056
0.00066781044
0.0012642145
0.00056278706
0.0011441708
0.001335144
0.0011854172
0.0006376505
0.00082433224
0.0011417866
0.00021660328
0.0010327101
0.00059235096
0.00014412403
0.0009791851
0.00055778027
0.0017768145
0.0003373623
0.0007824898
0.0005875826
0.0010147095
0.0012338161
0.0011367798
0.00055098534
0.001283884
0.001685977
0.0007724762
0.0006670952
0.00020980835
0.00070512295
0.00035524368
0.000615716
0.0012096167
0.0007574558
0.00059580803
0.00061666965
0.0010312796
4.684925e-05
0.0014292002
0.00090515614
5.7458878e-05
0.001352787
0.0006850958
0.00088870525
0.0003657341
0.0010693073
0.0006150007
0.00025713444
0.0004785061
0.0006790161
0.00071179867
0.0010204315
8.499622e-05
0.00043570995
0.001464963
0.00039827824
0.0013124943
0.0016208887
0.001096487
0.0015206337
0.000987649
0.0012550354
0.0009783506
0.00040495396
0.0005557537
0.00083875656
-2.2649765e-05
0.0004299879
0.0011878014
0.00027036667
0.0007965565
0.0010148287
0.0003284216
0.00020492077
0.0007452965
0.0014872551
0.00083971024
0.0009908676
0.0006148815
0.0013735294
0.0018205643
0.00053346157
0.0014126301
0.0005195141
0.00020372868
0.0009672642
0.0005557537
0.0016781092
0.00019419193
0.00080883503
0.00018584728
0.0013016462
0.00065255165
0.0005465746
0.0010691881
0.00034463406
0.0010213852
6.03199e-05
0.0009251833
0.0010839701
0.00072050095
0.0010296106
0.00027656555
0.0013855696
0.00059735775
0.0012122393
0.00076019764
0.0008081198
0.0013563633
0.00015461445
0.0015887022
0.0013774633
0.0016281605
0.0014415979
0.0013638735
0.0012338161
0.0003926754
0.00036513805
0.0015552044
2.4557114e-05
0.0014833212
0.0008509159
0.0014659166
0.0007441044
0.0012559891
0.0009329319
0.00072169304
0.00085258484
0.0012204647
0.0012027025
0.0013052225
0.00031363964
0.0009894371
0.0010261536
0.00016880035
0.0010467768
0.00023281574
0.0013226271
0.0010966063
0.0015411377
0.00054585934
0.00065660477
0.001095295
8.821487e-06
0.0005815029
0.0010441542
0.00063323975
0.0007971525
0.0012762547
0.0016357899
0.00064742565
0.00045883656
0.0011345148
0.0007671118
0.0008305311
0.000336051
0.00014197826
0.0011838675
0.00014770031
0.0012928247
0.0012010336
0.00056934357
0.0014717579

0.0013844967
0.0005129576
0.00093245506
0.00111866
0.0011054277
0.00055742264
0.0015561581
0.000603199
0.0019733906
0.00020515919
0.0008188486
0.00033318996
0.0005711317
0.0007812977
0.0009547472
0.0005517006
0.0008057356
0.00063312054
0.001526475
0.0010552406
0.0013575554
0.000116467476
0.000821352
0.00068724155
0.0010204315
5.51939e-05
0.00045835972
0.000772357
0.0013208389
0.00067448616
0.001013279
0.0004911423
0.000618577
0.0014046431
0.00096309185
0.0010881424
0.0009133816
0.00011444092
0.0009634495
0.00099051
0.00079238415
0.0008984804
0.0007623434
0.0006850958
0.00080764294
0.00058054924
0.00011372566
0.00040495396
0.00035476685
0.0010290146
0.0005750656
0.000772357
0.00081014633
0.00092995167
0.0009368658
0.001229167
0.00037801266
0.0011953115
0.001368165
0.001201272
0.0009434223
0.00071668625
0.00078487396
0.0013635159
0.001170516
0.0005375147
0.0013742447
0.0018501282
0.0008813143
0.00052273273
0.00081658363
0.0007673502
0.0008685589
0.0007690191
8.821487e-06
0.00048434734
0.0011610985
0.0009034872
0.0010352135
0.000936985
0.0004323721
0.00048613548
0.0006842613
0.00080406666
0.00075984
0.00077211857
0.0006606579
0.001685977
0.00089657307
0.0006502867
0.0005707741
0.00043022633
0.0012192726
0.00090014935
0.00023472309
0.0015133619
0.00060606
0.00083720684
0.00058317184
0.0006854534
0.00017368793
0.00061297417
0.00048947334
0.00080513954
0.0012602806
0.0015894175
0.000106334686
0.0009264946
0.00087845325
0.000703454
0.000254035
0.0005723238
0.0012177229
0.0016307831
0.00053179264
0.00045704842
0.0011410713
0.0011197329
0.0011117458
0.001414895
0.0014332533
0.0004287958
0.0009061098
0.0007251501
0.001126051
0.0013353825
0.00035953522
0.00036513805
0.00055623055
0.0012800694
0.00012207031
0.0013341904
0.00029850006
0.00070667267
0.0012527704
0.00061666965
0.0006314516
0.0011782646
0.0010699034
0.0005136728
0.0009510517
0.0009444952
0.0008889437
0.00090253353
0.001034379
0.00073337555
0.0009611845
0.0011461973
0.0011310577
0.0013307333
0.0007406473
0.0010894537
0.00028407574
0.0011121035
0.001008749
0.0015369654
0.0008120537
0.00068950653
0.00074112415
0.001203537
0.00012135506
0.0011447668
0.0006084442
0.0006322861
0.0006866455
0.0008648634
1.5497208e-05
0.0006735325
0.0012620687
0.00085270405
0.00012540817
0.00011193752
0.00014328957
0.0004812479
0.00080156326
0.0009177923
0.0007969141
0.0005797148
0.00094151497
0.0011292696
0.00041162968
0.000967741
0.0005480051
0.0007441044
0.00040614605
0.00027513504
0.0014666319
0.0010150671
0.0006326437
0.0003439188
0.000613451
0.000620842
0.0016998053
0.00039041042
0.00037956238
0.0009409189
0.0008804798
0.0003848076
0.0013918877
0.0007458925
0.0004479885
0.00051414967
0.00068998337
0.00036025047
0.0011149645
0.00041139126
0.0003079176
0.0008113384
0.0005813837
0.001303792
0.00087046623
0.0009549856
0.00039672852
0.0010403395
0.0005159378
0.0009074211
0.00064480305
0.000795722
0.0007584095
0.00093722343
0.0011113882
0.0005772114
0.00025725365
0.001737833
0.00048983097
0.0012285709
0.000715971
0.0008840561
0.001262188
0.00084352493
0.00057399273
0.0004851818
0.0004386902
0.0015045404
0.00022423267
0.0012840033
0.00096285343
0.0011236668
0.0007790327
0.00082600117
0.0011949539
0.0003736019
0.0010231733
0.00084495544
0.0014584064
0.0008460283
0.0009771585
0.00015079975
0.000749588
0.000369668
0.0007880926
0.00094366074
0.0010049343
0.00040316582
0.0012629032
0.0010105371
0.0013003349
0.0009429455
0.00046002865
0.0010943413
0.0006451607
0.00093245506
0.0003604889
0.00081682205
0.00087559223
0.00035715103
0.00058960915
0.00069868565
0.0004953146
0.000641942
0.0011752844
0.00034940243
0.00044631958
0.0007594824
0.0006197691
0.0002593994
0.00031900406
0.0008587837
0.0008907318
0.00040841103
0.000854969
0.0014073849
6.687641e-05
0.00031852722
0.00097310543
0.0009509325
0.001199007
0.00069487095
0.0010699034
0.00048065186
0.000921011
0.0011119843
0.0010005236
8.237362e-05
0.0010874271
0.001198411
0.00086450577
0.00082182884
0.00062537193
0.0010737181
0.001086235
0.0005624294
0.0010467768
0.00037503242
0.0003527403
0.0003466606
0.0015749931
0.0011007786
0.0013281107
0.0014374256
0.00081694126
0.00071012974
0.0010925531
0.0005117655
0.0013244152
0.000867486
9.4771385e-05
0.0003658533
0.00067460537
0.00084519386
0.00052189827
0.0006736517
0.00058460236
0.00097465515
0.0011950731
0.0014674664
0.0011826754
0.0010597706
0.00033700466
0.0004451275
0.0016150475
0.001087904
0.0006467104
0.00016367435
0.0006440878
0.0002667904
0.0018159151
0.0005004406
0.00023663044
0.0002875328
0.000333786
0.0004452467
0.00052785873
0.0010462999
0.00085890293
0.0010867119
0.00020325184
0.00027012825
0.0003619194
0.0006878376
0.0006570816
0.0005121231
0.000628829
0.001285553
0.0020370483
0.00088489056
0.0014380217
0.0011417866
0.0012844801
8.916855e-05
0.0012369156
0.001208663
0.0012894869
0.0012854338
3.0994415e-05
0.00034618378
0.00034701824
0.0012565851
0.0007901192
0.00046539307
0.00018906593
0.0004991293
0.00027763844
0.00039839745
0.0011668205
0.00055265427
0.0011745691
0.000718832
0.0009230375
0.0005993843
0.0012357235
0.0004657507
0.0009317398
0.00096154213
0.0003811121
0.0015445948
0.000970006
0.00060617924
0.00087690353
4.839897e-05
1.8000603e-05
0.0012050867
8.261204e-05
0.0008249283
0.00067436695
0.0010179281
0.0002541542
0.00071907043
0.0014454126
0.00067031384
0.0005431175
0.00052177906
0.0004645586
0.00048291683
0.0008523464
0.0004235506
0.0017005205
0.0012171268
0.00020980835
0.0002592802
0.0006238222
0.00086319447
0.00086796284
0.0008460283
0.0009647608
0.0005892515
0.0005271435
0.00013959408
0.0015310049
0.00075113773
0.0018444061
0.0014121532
0.000543952
0.00067687035
0.00089395046
0.00019919872
0.00056505203
0.0006945133
0.0011905432
0.0011591911
0.00017094612
0.0016040802
0.0006480217
0.0013767481
0.00063955784
0.0009331703
0.00014591217
0.0012874603
0.00056147575
0.0010700226
0.00033807755
0.0011717081
0.0009431839
0.0009922981
0.0008401871
0.0009701252
0.0006260872
0.00037002563
0.0001090765
0.0010634661
0.00074338913
0.0008740425
0.00044727325
0.001627922
0.0012882948
0.0019723177
0.0007259846
0.0010137558
0.0011969805
0.00071167946
0.0014851093
0.0011007786
0.0004976988
0.0009317398
0.00034797192
0.00082969666
0.0013746023
0.0007209778
0.0014857054
0.00046873093
0.0008084774
0.0009059906
0.0011179447
0.00087201595
0.000977993
0.00066900253
0.00034868717
0.00057053566
0.00018274784
0.00097227097
0.0005195141
0.0006645918
0.00041651726
0.00035071373
0.00091063976
0.001455307
0.00045597553
0.0009189844
0.0008701086
0.0006906986
0.001219511
0.00065660477
0.00051271915
0.00019466877
9.4771385e-05
0.0013833046
0.00041604042
0.0006018877
0.0010135174
0.00031912327
0.000885129
0.0008223057
0.0013237
0.0014480352
0.0006440878
0.0011942387
0.0006684065
0.0013462305
1.8239021e-05
0.0005646944
0.0006914139
0.00062286854

0.002933979
0.00019216537
0.00029218197
0.00040781498
0.0012863874
0.00051498413
0.0013923645
0.0023247004
0.0017980337
0.00016367435
0.0008765459
0.0018014908
0.0003221035
0.00014996529
0.001630187
0.00046408176
0.00071799755
0.0018057823
0.00052142143
0.0006363392
0.000633955
9.763241e-05
0.002491951
0.00040102005
0.0011467934
0.00028276443
0.00085425377
0.00030720234
4.529953e-06
0.0015105009
0.0010777712
0.00026333332
0.00031983852
0.0021201372
0.00027251244
0.0002822876
0.00012719631
0.00012481213
0.0020827055
0.0011816025
0.0011796951
0.0007607937
0.00023114681
3.194809e-05
0.00045120716
0.0006403923
0.00035083294
0.00079858303
0.00028383732
0.00011122227
0.0003349781
0.00040125847
0.00036108494
0.00031077862
0.00250113
0.0012406111
0.0009608269
0.0007482767
0.00052034855
0.0006548166
0.0003131628
0.0006580353
4.4703484e-05
0.00020420551
0.0002411604
0.00031757355
0.00023508072
0.00015199184
0.00026929379
0.0006175041
0.00054240227
0.00013494492
0.0004490614
0.000852108
0.0004633665
7.414818e-05
0.00011134148
0.00050759315
0.0014170408
0.000651598
0.0017735958
0.0008890629
0.00016212463
0.00065112114
0.00023198128
0.0003992319
0.00044810772
0.0009663105
0.0010814667
0.00084400177
0.00046622753
0.0017362833
0.0017384291
0.0005559921
0.0005195141
0.00049471855
0.0009188652
0.0005393028
0.001192689
0.00012791157
5.8412552e-05
0.0004490614
0.00051546097
0.0012835264
0.0001193285
0.00027251244
0.0017853975
0.0010733604
0.0007170439
0.0002669096
0.0017347336
0.00016570091
0.0002310276
0.0005930662
0.0029665232
0.0026441813
6.6399574e-05
0.0003620386
0.0006674528
5.865097e-05
0.000700593
0.00037395954
5.018711e-05
0.0013090372
0.00019180775
0.00038397312
0.00045144558
0.0007170439
0.00048148632
0.00018846989
4.6014786e-05
0.0001693964
0.00094103813
0.0010215044
0.0004631281
0.00080800056
0.0006893873
0.00018155575
0.00095546246
0.00044178963
0.0006337166
1.168251e-05
0.00097477436
0.00041806698
0.00057542324
6.902218e-05
5.1379204e-05
0.00035071373
0.002000928
0.0016952753
0.00092089176
0.00043296814
0.00092720985
0.0005322695
0.0038285255
0.00085031986
0.00020503998
0.0009559393
0.0008006096
0.0006455183
0.00086534023
0.00040340424
0.0006941557
0.0004348755
0.0009483099
0.0011535883
0.00044238567
0.000654459
0.001065135
0.0010592937
0.0016435385
0.0015355349
0.00027906895
0.00043797493
0.0002771616
0.00010347366
0.0001398325
0.0013517141
0.00047135353
0.0018726587
0.00034832954
0.0007777214
0.0005021095
0.0005983114
0.0002322197
0.0006867647
0.00022900105
0.001802206
0.00042366982
6.1273575e-05
0.0013821125
0.0008318424
0.00018107891
0.0030741692
7.7962875e-05
0.0009471178
0.00025117397
0.00028300285
0.00014281273
0.0014674664
0.00017595291
0.000633955
0.0010995865
0.0001975298
0.0008776188
0.00023424625
6.842613e-05
0.0005518198
0.00054752827
0.00041937828
0.00017762184
0.0007351637
0.0008877516
0.0015310049
0.00037121773
0.0002552271
0.00020897388
0.00017869473
0.0005418062
0.00015449524
0.00097358227
0.00027441978
0.001003027
0.0014958382
0.00040328503
0.0004811287
0.00020229816
0.00026929379
0.00057816505
0.0025178194
0.00039851665
0.0019491911
0.00043070316
0.002159834
0.0005685091
0.000330925
0.00046348572
0.00018596649
0.0004724264
0.0009073019
0.00012457371
0.0028381348
0.00029444695
0.0005182028
0.0007519722
0.0044395924
0.001398325
4.7683716e-05
0.0011247396
0.0016679764
0.0013872385
0.0036262274
0.0003271103
0.0007560253
0.0007464886
0.0014368296
0.0013433695
0.0005723238
0.0004389286
8.380413e-05
0.00028514862
3.707409e-05
0.0016219616
0.0012973547
0.00015819073
9.36985e-05
0.00085771084
0.0004490614
0.0009839535
0.00022864342
5.853176e-05
0.000838995
0.0021851063
0.00023448467
0.0045325756
0.00034821033
9.75132e-05
0.0005213022
0.0013546944
0.00030505657
0.002821684
0.00026249886
0.00061917305
0.0008176565
0.0026847124
0.0010290146
0.00044953823
0.00054335594
9.846687e-05
0.0020684004
3.1471252e-05
0.000349164
0.0006752014
0.0015631914
0.0016547441
0.0012501478
0.00042021275
0.0009419918
0.0017051697
0.00024271011
0.00068187714
0.001187563
0.00066649914
6.055832e-05
0.00053346157
0.0004529953
4.2796135e-05
0.0006750822
0.00046277046
-2.1576881e-05
0.00033700466
0.0033314228
0.00012242794
0.0003671646
0.0005055666
0.0004864931
7.1525574e-06
0.0006059408
0.00019276142
4.9471855e-05
0.000623703
0.00020253658
0.0007305145
0.0012439489
0.00027489662
0.00091946125
0.0003387928
0.0008815527
0.001440525
0.0015351772
0.00087428093
0.00020647049
0.00026476383
0.0006085634
0.0014379025
0.0011419058
0.0007106066
0.0035978556
0.00046634674
0.00048613548
0.00032377243
0.00018310547
0.00027799606
0.0007094145
0.0018684864
0.00064337254
0.0020358562
0.0004171133
0.0020668507
0.00011587143
0.00017237663
0.0011191368
0.0004962683
0.0015294552
0.0031261444
0.0008944273
0.0016365051
0.0016239882
0.00047934055
0.00037634373
9.930134e-05
0.0008767843
7.331371e-05
0.0013719797
0.00021493435
0.00010180473
0.00015950203
0.0013723373
0.0043359995
0.00022232533
0.00045096874
0.00026333332
0.001737237
0.0009018183
0.00070762634
0.0008350611
0.0019345284
9.083748e-05
0.000705719
0.0007302761
0.0003950596
0.00014829636
0.0005865097
0.00025236607
0.0004975796
0.0017198324
0.00034880638
0.00076556206
0.00041115284
0.0012270212
0.0013405085
0.0008312464
0.0008558035
0.0006104708
0.0031152964
0.00044941902
0.0023841858
0.0005003214
0.0004093647
0.00030958652
0.0006183386
0.00088238716
0.001116991
0.00022447109
0.00040984154
0.0006940365
0.0019519329
8.416176e-05
0.0014605522
0.00054216385
0.00020575523
0.00027179718
0.0015619993
0.00046229362
0.0012953281
0.0002516508
0.0020247698
0.0011457205
5.6266785e-05
0.000325799
0.0017471313
0.0016098022
0.00047779083
0.00034570694
0.00041544437
0.0007390976
0.00057935715
0.0009624958
0.0009847879
0.0012522936
0.00020492077
0.0005079508
0.00088238716
0.0006213188
0.0002758503
0.0016409159
0.00016117096
0.00044238567
0.00038719177
-2.503395e-06
0.00094628334
0.00089883804
0.00023627281
0.0021651983
0.0010849237
0.00012898445
0.00058972836
0.0019427538
0.00015473366
0.0003708601
0.0009429455
0.0016236305
0.00084507465
0.00021827221
0.00060141087
0.0008393526
0.00052297115
0.00028657913
0.00034487247
0.003434658
0.0009894371
0.00084006786
0.00021636486
0.00020241737
0.00017464161
0.00044953823
0.00038170815
0.0014891624
0.0007376671
0.0001026392
0.00090253353
2.1100044e-05
0.00011193752
0.00074768066
0.0024563074
0.0007568598
0.0021332502
0.00058436394
0.0011286736
0.0026113987
0.0006482601
0.00052404404
0.00031769276
3.0994415e-06
0.0013014078
0.00043153763
0.001418829
0.00086057186
0.00039803982
1.847744e-05
0.0005156994
0.003206253
0.0001847744
0.0021709204
7.4744225e-05
0.00046539307
0.001567483
0.0008261204
0.00029277802
0.0032565594
0.0015764236
0.0005092621
0.00023913383
0.0006300211
0.00036156178
0.00062191486
0.00037646294
0.00042200089
0.001393199
0.00057673454
0.00019216537
0.00086915493

5.2928925e-05
0.0025060177
0.0008664131
0.0004259348
0.0030499697
0.00046300888
0.0003851652
0.00034928322
0.00016021729
0.0005353689
6.341934e-05
0.00017666817
1.1920929e-07
0.0009300709
0.001475811
0.0020524263
0.0008804798
0.00010359287
0.00015032291
4.1604042e-05
0.0016849041
2.7298927e-05
0.0007839203
0.0008966923
6.1035156e-05
0.000996232
0.0010563135
0.00034081936
0.0013068914
2.0384789e-05
0.00047886372
0.0009800196
0.0011578798
2.0861626e-05
0.0024079084
0.0012512207
0.0005749464
0.00067842007
0.00011897087
0.00014185905
0.0012141466
0.00069105625
0.0003811121
0.00052011013
0.00019133091
0.0011872053
0.00032949448
0.003132224
0.00053572655
0.00076138973
0.00046896935
0.0020501614
0.00092339516
0.0011630058
0.0015078783
0.00015556812
0.00092995167
0.001335144
0.00030970573
0.00015985966
0.00016093254
0.0039674044
2.3126602e-05
0.00039112568
0.00091671944
0.0013600588
0.0013314486
1.04904175e-05
0.0022646189
0.0008406639
0.00072956085
0.00072312355
0.00012373924
0.001778245
0.0005451441
0.0007997751
3.7789345e-05
0.002776742
0.00017476082
9.7990036e-05
0.00028955936
0.0018668175
0.0015604496
0.002482295
2.9921532e-05
0.0017585754
0.00019466877
0.0032137632
0.00031757355
0.000893116
0.00015854836
0.00056421757
0.0022630692
0.00020515919
9.2983246e-05
0.00025379658
0.0011483431
0.000121712685
0.0011563301
0.00033283234
0.00010859966
0.0008968115
0.00041413307
0.0004723072
9.739399e-05
0.0008534193
8.165836e-05
0.0007413626
0.00045073032
0.0006209612
0.00087702274
0.00091183186
0.00057959557
8.225441e-05
0.0003451109
0.00021541119
0.00016081333
2.0980835e-05
5.1259995e-06
0.0003451109
0.00055265427
0.0003015995
0.0019100904
0.0015394688
0.00027608871
0.0012546778
0.00017809868
0.0001462698
0.00090038776
0.0004529953
0.0007022619
0.0013664961
0.001009345
0.0014092922
0.0013927221
0.00017344952
0.0016607046
0.00010728836
0.00010704994
0.0003414154
1.3709068e-05
0.0013232231
0.0006066561
0.00064861774
1.835823e-05
0.00042760372
0.0008685589
0.00026249886
0.000991106
0.0013110638
0.0008124113
0.0012491941
0.00010550022
0.00033164024
0.00078701973
0.0014102459
0.00043654442
0.0008380413
0.0002655983
0.00081050396
0.0022633076
0.0007288456
0.0009468794
0.0014041662
0.0003452301
7.4505806e-05
0.00066781044
0.00035226345
0.0007688999
0.00038421154
0.0006657839
0.0012304783
0.002141595
0.00067543983
0.0013357401
0.0014811754
0.0010448694
0.0011066198
0.00045740604
0.0024209023
0.0017340183
0.0012282133
0.00073826313
0.000218153
0.00025069714
0.00069463253
0.00057661533
0.0005557537
0.00076031685
0.00018882751
0.0003066063
0.000754714
0.0016121864
2.9087067e-05
0.0001308918
0.000631094
0.0006645918
0.00083875656
0.00074863434
0.0003759861
0.00056016445
0.0014326572
0.00063717365
0.00016093254
4.7683716e-06
0.002788186
0.0003966093
0.0007865429
0.00042581558
0.00012862682
0.00028407574
0.00040376186
0.000284791
0.00086188316
0.00037491322
0.00025486946
0.00023341179
0.00012040138
0.0009391308
0.00061166286
1.9788742e-05
0.00017094612
0.00061810017
0.0013130903
0.0011513233
0.0018504858
0.001185298
0.00090026855
0.00041890144
0.00017595291
0.0016655922
1.8715858e-05
0.0015343428
0.00034940243
0.002047658
0.0004159212
0.0024325848
0.00071418285
0.0006481409
0.0010545254
0.00023365021
0.00054752827
0.0011947155
0.00013065338
0.00063443184
0.00026500225
0.00064611435
0.00024437904
0.0008068085
0.003740549
7.939339e-05
0.0008940697
0.0002567768
0.002178669
0.0012921095
0.0008339882
0.0005081892
0.0008894205
0.0026675463
0.00017547607
0.0010213852
0.0006146431
1.6331673e-05
0.00036978722
0.0005810261
0.0008766651
0.0004247427
-6.914139e-06
0.0010559559
0.002017498
0.0008432865
6.759167e-05
0.0018644333
0.0022889376
2.5987625e-05
0.0013798475
0.00034844875
8.606911e-05
0.00027132034
0.00068986416
5.38826e-05
0.0019230843
6.0796738e-06
0.0018763542
0.0005440712
0.0013695955
0.000101566315
0.0005091429
0.0005683899
0.00041031837
0.00075161457
0.00034546852
0.00044989586
0.00087690353
1.2874603e-05
0.0012007952
0.0012054443
0.00075888634
0.00068867207
0.00028455257
0.0009763241
0.0011838675
1.41859055e-05
0.0006122589
0.001696825
0.0012434721
0.0012370348
0.0058743954
0.0012886524
0.0018455982
0.0006901026
0.0016304255
0.0012270212
1.6093254e-05
0.00039350986
0.0009602308
0.0017132759
0.0009356737
0.0014240742
0.00012600422
0.0012850761
0.0016325712
0.0010415316
0.00019359589
4.2676926e-05
3.9100647e-05
4.6014786e-05
0.0016036034
0.00029706955
0.000718832
0.0014665127
0.00027549267
0.0017873049
0.0014317036
0.00012743473
0.0011373758
0.000729084
0.0018610954
0.0006067753
0.0009430647
8.2969666e-05
0.0013589859
0.00039994717
0.0005774498
0.00050628185
0.00034451485
0.00063836575
0.00026607513
0.0003453493
5.2452087e-05
0.0029387474
0.00031411648
0.0002757311
0.00014805794
0.0015355349
0.00053596497
0.0019235611
0.0008562803
0.00018429756
0.0006933212
0.00059223175
0.00014126301
0.001730442
8.34465e-07
0.00012767315
0.001511693
0.00033724308
0.0008032322
0.00029051304
0.00015878677
0.00023066998
0.0016011
0.00014328957
0.0016616583
0.0019276142
0.0013831854
0.0010969639
0.00035989285
0.00084483624
0.00057923794
5.888939e-05
0.0008971691
0.0011630058
0.00041162968
0.0011978149
0.0011817217
0.00014293194
0.0014183521
0.0002399683
0.00037014484
7.724762e-05
0.00078749657
0.0006965399
0.0013421774
0.0015692711
9.000301e-05
0.00024354458
0.0015910864
0.00032389164
0.00015413761
0.00018489361
0.0012687445
0.00076818466
0.0027086735
0.00021266937
0.00017440319
0.00095140934
9.691715e-05
-8.34465e-06
0.0007933378
0.00030386448
0.0003068447
0.0023696423
0.00032377243
0.00014901161
0.0010091066
0.0010455847
8.058548e-05
0.000325799
0.0017160177
0.00056529045
3.4451485e-05
0.00016450882
0.0018299818
0.001363039
0.0019583702
0.00078988075
0.0023212433
0.0016868114
0.00044167042
0.00032544136
0.0001232624
1.2516975e-05
0.00054466724
0.00045394897
0.0010097027
0.0010812283
0.00052165985
0.00013399124
0.0004928112
0.0012224913
0.002013445
0.0008804798
0.0012999773
9.226799e-05
0.000103116035
0.0012824535
0.0010441542
0.00032138824
0.0010695457
0.000700593
0.00076401234
0.00039231777
0.0009138584
1.1444092e-05
0.00027382374
0.00012743473
0.0013929605
0.00014829636
0.00011718273
0.0005799532
0.00024592876
0.0015326738
0.00052177906
0.00025689602
0.00093460083
0.00062036514
0.0010943413
0.0002452135
0.0016797781
0.0006928444
0.0015486479
0.00061917305
0.00016880035
0.00082433224
0.00023365021
0.00043177605
4.9114227e-05
0.0020371675
0.0005710125
0.00021374226
0.0010373592
0.00012111664
0.0010232925
0.0013053417
0.0007109642
0.00046026707
6.580353e-05
0.00023841858
0.0002155304
0.0005271435
0.00021207333
0.0037833452
0.00031650066
0.0005377531
0.00023019314
0.00032687187
0.0012564659
0.0013405085
0.0001527071
0.00015974045
0.0011711121
0.0007972717
0.0013583899
0.00076556206
0.0009922981
0.0010789633
0.00053215027
9.655952e-06
0.00044381618
0.0002168417
0.000116467476

0.00093364716
0.00056004524
0.00055766106
0.0014696121
0.00085401535
0.0020099878
0.00091457367
0.000628829
0.0010974407
0.000108122826
0.0008171797
0.0016467571
0.0013984442
0.0011079311
0.0003336668
0.00028383732
0.0006155968
0.00040364265
0.0010480881
0.0008325577
0.00088620186
0.0008060932
0.0010608435
0.00061059
0.0006082058
0.0016534328
0.00051116943
0.0008854866
0.0014908314
0.0005352497
0.00037050247
0.0002323389
0.00037920475
-1.66893e-06
0.00026631355
0.00091838837
0.0011899471
0.00017797947
0.0006685257
0.0010192394
0.0011583567
0.00021111965
0.00061893463
0.00016987324
0.0010682344
0.0011626482
0.0006868839
0.0011364222
0.0012241602
0.0003412962
0.0010169744
0.00055372715
0.00020682812
0.0005886555
0.0013239384
0.0006945133
0.00091695786
0.001836896
0.00030696392
0.0003348589
0.0005110502
0.00020122528
0.0007581711
0.0003119707
0.0003066063
0.0014643669
0.00045788288
0.00029969215
0.0005671978
0.00083589554
0.00037252903
0.00053334236
0.0002837181
0.0016835928
0.0006388426
0.00061261654
0.0008728504
0.00040757656
0.00069737434
0.0010088682
0.0011795759
0.0008560419
0.0005186796
0.00039219856
0.0006445646
0.0009851456
0.0007662773
0.0006548166
0.001204133
0.0007587671
0.00025129318
0.0013780594
0.00076520443
0.0007098913
0.00012457371
0.0004811287
0.0006995201
0.00091302395
0.0018154383
0.00020098686
0.0020262003
0.0022839308
0.0013021231
0.0017644167
0.0003196001
0.0003862381
0.00084483624
0.0015244484
0.0004451275
0.0009863377
0.00096452236
-1.1920929e-07
0.0006905794
1.1920929e-07
0.0013438463
0.00019395351
0.0010073185
0.00047254562
0.0001462698
0.0007021427
0.00074505806
0.0016343594
0.001645565
0.00065612793
4.6253204e-05
0.0009483099
0.0008485317
0.0013023615
0.0016161203
0.0009409189
0.0006275177
0.00026667118
0.00040233135
0.00026595592
0.0010129213
0.00048971176
0.00026154518
0.00033807755
0.00035965443
0.00113976
0.00053727627
0.00036859512
0.0012506247
0.00029206276
0.0013209581
0.0013357401
0.00072419643
0.00036227703
0.001432538
0.00053453445
0.0006623268
0.0007529259
0.0011680126
0.0010300875
0.0014083385
0.0018523932
0.00082969666
0.0011729002
0.002622366
5.9962273e-05
0.0005156994
0.0009778738
6.4373016e-05
0.00034368038
0.0013321638
0.00032567978
0.0016111135
0.0008288622
0.0010724068
0.0014708042
0.0006221533
0.00079739094
0.00067842007
0.00037992
0.0001693964
0.0003964901
0.00048935413
0.00076413155
0.0009330511
0.0007736683
0.00031924248
0.00015425682
0.001204133
0.00028192997
0.00026726723
0.00032258034
0.0011063814
0.00068187714
0.0002734661
0.00020849705
0.0008186102
0.00053191185
0.00081551075
0.0007791519
0.00048339367
3.540516e-05
0.0014921427
0.00017857552
0.0011769533
0.00080883503
0.0012749434
0.0001770258
0.0010915995
0.0013263226
0.0005235672
0.0013743639
0.000870347
0.0011742115
5.543232e-05
0.00067305565
0.0011612177
2.861023e-06
0.0015889406
0.0006393194
0.0014326572
0.000999093
0.0011307001
0.0007224083
0.0007815361
0.0015244484
0.00074005127
0.001183629
0.0006941557
0.00097477436
0.0011496544
0.0006005764
0.00024950504
0.00053215027
0.0015889406
0.0013477802
0.00071907043
4.851818e-05
0.00066554546
0.0010942221
0.0004246235
0.0014443398
0.00096178055
0.0008523464
0.00089275837
6.318092e-05
0.000103235245
0.00028169155
0.00078737736
0.000787735
0.00020766258
0.0014939308
0.00059199333
0.00025129318
0.0009212494
0.0013002157
0.00018453598
0.0008932352
0.00025963783
0.00032258034
0.0012950897
0.0005441904
0.00040221214
0.0008137226
0.0006351471
0.0010361671
0.001660943
0.0009037256
0.000626564
0.00121212
0.00090157986
0.00037133694
0.000300169
0.00096070766
0.0015622377
0.00091183186
0.00038027763
0.0005376339
0.0013024807
0.0011037588
5.2928925e-05
0.00065648556
0.0011271238
0.00024724007
0.0029209852
0.00040757656
0.0014636517
0.00065231323
2.4318695e-05
0.00033211708
0.00075900555
0.0002655983
0.0008991957
0.0018802881
0.00013566017
1.013279e-05
-1.3113022e-06
0.00097453594
0.0011466742
0.0004787445
0.00068581104
0.000952363
0.00023138523
0.000906229
0.00036406517
0.00035238266
0.0008016825
0.0011367798
0.00045239925
0.0008132458
0.0008404255
0.0009480715
0.0007133484
0.00089097023
0.00053322315
0.00038313866
0.001369834
0.00035655499
0.00091290474
0.00082576275
0.0003644228
0.000818491
0.00048017502
0.0006700754
0.0015683174
0.00094258785
0.0003080368
0.0020171404
0.0014749765
0.00045776367
0.00069594383
0.00046789646
0.0008622408
4.053116e-06
0.0002425909
0.000854373
0.00038695335
0.0009407997
0.00059473515
0.0011150837
0.00078356266
0.00091159344
0.00093078613
0.0003527403
0.00079357624
0.00046122074
3.71933e-05
0.00033330917
0.00067293644
5.00679e-05
0.0007697344
0.00056767464
0.00024700165
0.00033915043
0.0015137196
0.0014250278
0.00062179565
0.0006465912
0.00047314167
0.0013177395
0.0007041693
0.00088858604
0.0012660027
0.00013375282
0.00061249733
3.33786e-05
0.00058603287
0.00048685074
0.001425147
0.0013948679
1.7046928e-05
0.0003851652
0.0004285574
0.0019643307
0.00010848045
0.0023515224
0.0004825592
0.00068569183
0.0011155605
0.00042319298
0.0001950264
0.0013144016
0.0013315678
0.0004892349
0.0014166832
5.888939e-05
3.695488e-06
8.583069e-06
0.00037288666
0.00055623055
0.00048398972
0.0013049841
0.0009518862
0.000603199
0.0011047125
0.00199759
0.0008533001
0.0007811785
0.00094366074
0.00037539005
0.001160264
0.00016307831
2.169609e-05
0.00016784668
0.00046169758
0.0012617111
0.00025820732
0.0022993088
0.00029420853
-1.1920929e-07
0.0009087324
0.0009071827
4.696846e-05
0.0005825758
0.001434803
0.0015901327
0.00060892105
0.0003042221
0.0002989769
0.00027954578
0.00040018559
0.0013777018
0.00027406216
0.00083065033
0.0003569126
0.00074386597
0.00060999393
0.0015313625
1.8000603e-05
0.00014317036
0.0011931658
0.0006338358
0.0004981756
0.0005823374
0.0016928911
0.0012370348
0.0004924536
0.00095546246
0.00066542625
0.0008635521
0.00068569183
0.0015420914
0.002233386
0.0006480217
0.00036370754
0.0008240938
0.0006252527
0.00090014935
0.0009887218
0.00036382675
0.00070118904
0.0004132986
0.0012613535
0.00069475174
0.0016742945
0.0016759634
0.0015745163
0.00058817863
0.0007942915
0.00016379356
0.0009518862
0.0004903078
0.0002464056
0.0013602972
0.0021892786
0.00035512447
0.00080132484
0.00044238567
0.00072848797
0.00046157837
0.0008710623
0.00074112415
0.0005596876
0.0007413626
0.0010926723
0.00094783306
0.0020393133
0.0009422302
0.0005543232
0.0022922754
0.00066185
0.00033664703
0.00045239925
0.0005465746
0.0019122362
0.00018930435
0.00023007393
0.0005182028
0.0010405779
0.00023806095
0.00067412853
0.00076436996
0.00033557415
0.0007992983
0.00064861774
0.0015833378
0.0010963678
0.00042521954
0.0015449524
0.0006365776
0.0013376474
0.0015774965
0.0012896061
2.0742416e-05
0.0005899668
0.00010073185
0.0005143881
0.00015211105
0.0008125305
0.0016009808
0.001218915
0.00068831444
0.001249671
0.0016177893
0.00015568733
0.0005528927
0.00030505657
8.940697e-06

0.0004159212
0.0004247427
0.0003502369
0.0008530617
0.000870347
0.00056636333
0.0030651093
0.0010980368
0.00020420551
0.0005425215
0.0009969473
0.0013695955
0.00077307224
0.00070750713
0.0015211105
0.0005965233
0.0014032125
0.0011616945
0.00037169456
0.0008060932
0.00033688545
1.847744e-05
0.0018461943
0.00088250637
0.00040376186
0.0013804436
0.001240015
0.00020372868
0.00041222572
0.0010883808
0.00024831295
0.00096690655
0.000692606
0.0015354156
0.00024461746
0.0004247427
0.0005904436
0.0024136305
0.00087094307
0.0011912584
0.0011304617
0.0016760826
0.0006079674
0.0010498762
0.0009174347
0.0009201765
0.00034987926
0.0006352663
0.001193285
0.00048851967
0.00080525875
0.0008536577
0.0002590418
0.0013955832
0.0004312992
0.0010745525
0.0005092621
0.001113534
0.00072705746
0.0006891489
1.7881393e-06
0.0014587641
0.0012717247
0.0015704632
0.00046348572
0.00046157837
6.2823296e-05
0.00076699257
0.001631856
0.00028419495
0.00033259392
0.0007994175
0.0013461113
0.0011929274
0.00045335293
0.0013352633
0.00040376186
0.00012266636
0.0011891127
0.00028002262
0.0007941723
0.0008120537
0.0008639097
1.347065e-05
0.0012024641
0.0011173487
0.0007414818
0.0005879402
0.00058078766
0.0009559393
0.00067031384
0.0011154413
0.00019621849
0.0003374815
0.00068473816
0.0010812283
0.0017051697
0.00056028366
0.00065660477
0.0015318394
0.0008984804
0.0003746748
0.0012098551
0.0014467239
0.00033557415
0.001229167
0.00040066242
0.0017479658
0.00089371204
0.0016299486
0.00028550625
0.00046730042
0.0013818741
0.00050604343
0.00076174736
3.9100647e-05
0.0006225109
0.0010640621
0.00061249733
0.00060236454
0.00049233437
0.00042510033
0.00088477135
0.0009557009
0.0004503727
0.0003117323
0.0007647276
0.0009703636
0.00092577934
0.0020014048
0.00043737888
0.001385808
0.0002490282
0.00087213516
0.0005840063
0.00020623207
0.0009109974
0.0006183386
0.0010390282
0.0008546114
0.00052189827
0.0006887913
0.00048720837
0.00081932545
0.0013965368
0.0007930994
0.0012828112
0.0006312132
0.0007762909
0.0006365776
0.0006085634
0.00027370453
0.0013430119
0.002333045
0.0001487732
0.0017894506
5.733967e-05
0.00043141842
0.0003938675
0.0011070967
0.0008841753
0.00030219555
0.0005698204
0.000513196
0.00060129166
0.0008826256
1.5377998e-05
0.0016849041
0.00031280518
0.0003732443
0.0012623072
0.0003234148
0.00023925304
0.00041270256
0.0014111996
0.0010102987
0.0003014803
0.001185894
0.00021982193
0.0012140274
0.0008163452
0.00027799606
0.0008479357
0.00028955936
0.0016312599
0.0007240772
0.00076401234
0.00045621395
0.00020563602
0.00087857246
0.00069999695
5.507469e-05
0.0011601448
0.00014984608
0.00071132183
0.0004146099
0.0010495186
0.0014721155
0.00073206425
0.00075376034
0.0016621351
0.0013129711
0.00041925907
0.0015615225
0.0006225109
0.0006285906
0.00084757805
0.0005598068
0.0002142191
0.0007266998
0.0012850761
0.00061917305
0.0007458925
0.0011444092
0.0011415482
0.0003796816
0.0015684366
0.0009890795
0.0013546944
0.0002746582
0.00061535835
0.00038075447
0.00039422512
0.00073587894
0.0019164085
0.0005630255
0.00034821033
0.0005056858
0.001003623
0.0005414486
0.00037825108
0.00041139126
0.0004913807
0.0009839535
3.5762787e-07
0.00078237057
0.0006079674
0.0011560917
0.0003465414
0.0011403561
0.0006028414
0.00090265274
0.00039970875
0.0008660555
0.0006660223
0.0003144741
0.000472188
0.0006248951
0.00047183037
0.0007172823
0.0009151697
0.0010507107
0.00023412704
0.0006889105
0.00094151497
0.00075399876
0.00048458576
0.0016936064
0.0003039837
0.0011839867
0.001069665
0.0006825924
0.00020098686
0.0008150339
0.00043320656
0.00047922134
0.0018343925
0.00078988075
0.0010095835
0.00063848495
0.0008081198
0.00018823147
0.0011792183
0.00096285343
0.000792861
0.0014683008
0.00073099136
0.0015470982
0.0018436909
0.00084865093
0.00062823296
0.00085425377
0.0004492998
0.00082850456
0.00072801113
0.000754714
0.00048828125
0.0008510351
0.00111866
0.00021088123
0.000516057
0.001732707
0.00024449825
0.0008676052
0.0006593466
0.0012356043
0.000101685524
0.000682354
0.00059878826
0.0007083416
0.0003106594
0.0025552511
0.0006405115
0.00082325935
0.00026488304
0.00039851665
0.00027263165
0.0005208254
0.00093889236
0.0016155243
0.0007482767
0.00076782703
0.000901103
0.00095260143
0.0012165308
0.0009486675
0.00075244904
0.0018562078
0.0010581017
0.00048613548
0.0008634329
0.0015114546
0.00035512447
0.00073313713
0.0010299683
0.00080013275
0.0011782646
3.4570694e-06
0.0011125803
0.0015581846
0.0003745556
0.0013062954
0.0013474226
0.00096702576
0.0011001825
0.0011558533
0.00075531006
0.0014109612
0.0005352497
0.00037920475
0.0006775856
0.0011897087
0.0007882118
0.0003540516
0.0007599592
0.00087320805
0.0008736849
0.0005391836
0.00055110455
0.000385046
0.0011070967
0.0009932518
0.00015199184
0.0019081831
0.000500679
0.00095808506
0.0015612841
0.00083887577
0.00046634674
0.0005893707
0.001982689
0.0008906126
0.0009166002
0.00045645237
0.00094366074
0.0003541708
0.00027418137
0.0004441738
0.0009101629
0.0014134645
0.0016196966
0.00061392784
0.00016820431
0.0004390478
0.00071644783
0.00070250034
0.00023126602
0.00028574467
0.0003991127
0.0010933876
0.00015604496
0.0009404421
0.00067031384
0.00072932243
0.0002770424
0.0007727146
0.0008701086
0.001062274
0.0011606216
0.00030958652
0.0005341768
0.00051259995
0.00037121773
0.00047183037
0.00079345703
0.0013375282
0.00076007843
0.002177
0.0009166002
0.000654459
0.00039207935
0.00042581558
0.0011618137
0.0010672808
0.0004272461
0.0012636185
0.0012265444
0.00024473667
0.0007840395
0.001229167
0.00035738945
0.0007095337
0.0006827116
0.00071179867
0.0009391308
0.0009737015
0.00076043606
0.0013420582
0.001175046
0.0010193586
0.0004491806
0.00078105927
0.0010148287
0.00017011166
0.00022137165
0.00065636635
0.0012630224
0.0004196167
0.0006068945
0.0003592968
0.00083363056
0.0006632805
0.0014975071
0.0008302927
0.00022900105
0.0004886389
0.0007464886
0.00048696995
0.0007560253
0.0005697012
0.00046789646
0.0006414652
0.0008261204
0.0007802248
0.0026638508
0.00029921532
0.00085806847
0.0013772249
0.00016617775
9.417534e-06
0.00076818466
0.0006599426
0.0006042719
0.00047910213
0.00021505356
0.0005418062
0.0006760359
0.0009460449
0.0007954836
0.000100016594
0.000908494
0.0011184216
0.0016982555
0.0005866289
0.0005335808
0.00079393387
0.00055754185
2.5629997e-05
0.0028322935
8.499622e-05
0.0006220341
0.0013769865
0.0010943413
0.0009894371
0.0011825562
0.00047564507
0.00088799
0.0006403923
0.00066924095
0.0008832216
0.00071561337
0.0007016659
0.0009070635
0.00044071674
0.0008803606
0.0009914637
0.0005633831
0.00033068657
0.00060617924
0.0010434389
0.00034451485
0.0005760193
0.0004942417
0.0004724264
0.00034880638
0.0007946491
0.0007402897
0.0016666651
0.00024342537
0.000901103
0.0003954172
0.0006530285
0.00015366077
0.0003335476
0.00030195713
0.0004580021
0.0017963648
0.000536561
0.0012854338
0.0010409355
0.0004981756
0.0017744303

0.035529375
0.02693069
0.04156983
0.049072385
0.037085295
0.04313457
0.028421044
0.02565229
0.030150533
0.031110287

