1.0227035
1.5966024
1.3836403
1.7654555
1.5937059
1.1129633
1.3958133
1.5618873
1.562598
1.4521208
1.7238454
1.653259
1.4593754
1.8015401
1.3562497
1.3885556
1.3349465
1.2812133
1.5837419
1.4763632
1.1847179
1.458733
1.5907565
1.0348308
1.4509382
1.3749337
1.6472164
1.3154129
1.3325498
1.634686
1.4712384
1.2954468
1.3471365
1.798269
1.0454804
1.8784161
1.3491709
1.3226146
1.6015209
1.5217881
1.2167915
1.3545227
1.2806857
1.7241975
1.1554601
1.535754
1.3067048
1.5296146
1.4321984
1.5849988
1.2466903
1.2012434
1.2603011
1.2706509
1.5359881
1.6447507
1.171282
1.37127
1.3916426
1.6697576
1.0390943
1.4607116
1.363601
0.9885008

1.3872204
1.5694524
1.3716396
1.4174881
1.4165627
1.4664754
1.3735579
1.3983614
1.5230348
1.4842852
1.4835988
1.4975681
1.3897337
1.3728902
1.5212046
1.435839
1.4535322
1.4116868
1.419239
1.4689003
1.5030955
1.4225223
1.3800594
1.5322691
1.4460596
1.5026325
1.3774853
1.3975264
1.4942769
1.6309576
1.4552106
1.3629577
1.4378585
1.4122217
1.4218028
1.4171733
1.4844419
1.4456346
1.4708428
1.4326699
1.4007033
1.403586
1.4207336
1.456691
1.4251778
1.4332321
1.4597634
1.4617902
1.4564701
1.4442483
1.4268086
1.4808549
1.4520866
1.4889971
1.4576669
1.4124066
1.453094
1.3374356
1.3342408
1.4545676
1.4514388
1.4960221
1.4439112
1.4602722

1.4370759
1.3905354
1.4254878
1.3594118
1.419252
1.4753608
1.408453
1.3905622
1.4277823
1.367265
1.5542915
1.3792105
1.4230264
1.3642815
1.3599812
1.3974444
1.4132581
1.4402783
1.3868665
1.4864273
1.3467101
1.4760978
1.4832914
1.477495
1.39392
1.4299272
1.5119165
1.4439466
1.4240733
1.4533865
1.3960999
1.3783102
1.4418617
1.4810723
1.3801249
1.4084337
1.4741604
1.4104948
1.4428856
1.4577285
1.4405135
1.4168568
1.4422393
1.438575
1.4238831
1.3897661
1.457218
1.5245681
1.4663233
1.4861739
1.4905448
1.4372839
1.4225191
1.4309556
1.5076411
1.4253739
1.4077698
1.4317552
1.4511479
1.4678541
1.4572392
1.4138172
1.385859
1.439261
1.3484588
1.4141815
1.475002
1.4312538
1.413763
1.4321358
1.4337379
1.4157183
1.394969
1.4190611
1.4661921
1.4845519
1.3798652
1.3697789
1.375122
1.4614165
1.410901
1.4749179
1.4438815
1.4572933
1.4705666
1.3144478
1.3944968
1.4399718
1.487856
1.4230334
1.3836259
1.451225
1.4276382
1.4653047
1.4100814
1.4099205
1.4127742
1.4539387
1.4883592
1.4739225
1.4738553
1.4384071
1.3883021
1.5386239
1.4416281
1.3947761
1.4231775
1.4891803
1.4355084
1.474415
1.4003415
1.4320197
1.4507542
1.3818825
1.3924546
1.4181818
1.4129128
1.379095
1.3966411
1.3966501
1.449155
1.4548326
1.3303926
1.4664587
1.4802979
1.4883288
1.4322717
1.5019952

1.40532
1.4472129
1.3929821
1.4564656
1.3955022
1.4344566
1.3676711
1.4231774
1.4196274
1.3962259
1.401522
1.3868898
1.3836092
1.4631243
1.3917634
1.4399543
1.4132662
1.4329363
1.4328096
1.4174644
1.4689729
1.4292085
1.4961122
1.3980765
1.4548438
1.429209
1.456097
1.4551075
1.412668
1.4529953
1.4643217
1.3781356
1.5145054
1.4296585
1.4539133
1.4599446
1.4432689
1.4121385
1.4425652
1.3979458
1.4211531
1.3784226
1.4457037
1.480701
1.392446
1.4034027
1.3741777
1.4221846
1.4064361
1.4028894
1.4601169
1.4384217
1.3521571
1.4094291
1.4446291
1.4536747
1.4950962
1.3857131
1.4328136
1.4438648
1.4227152
1.3971939
1.3914669
1.4525553
1.4065768
1.4318318
1.4310168
1.4910129
1.4373777
1.4598463
1.4809446
1.4806077
1.4704821
1.3941061
1.4229208
1.4128668
1.4777935
1.4059695
1.423938
1.489535
1.4824594
1.4312626
1.4178354
1.4010885
1.3750894
1.4235932
1.4588405
1.4640785
1.4625195
1.4506012
1.3704754
1.4633962
1.4353265
1.4513738
1.4424527
1.4419799
1.4055187
1.4249244
1.4008268
1.457689
1.4486623
1.428083
1.3810335
1.4550822
1.4683888
1.3992568
1.4047536
1.462127
1.4094421
1.4266253
1.4622848
1.449446
1.3754184
1.4142152
1.4822134
1.440925
1.4544066
1.3959293
1.4361353
1.4412392
1.3937105
1.4214934
1.4314862
1.362501
1.4094297
1.4031626
1.4134684
1.4450719

1.415046
1.4063119
1.4039646
1.3946342
1.4633721
1.3900862
1.4257535
1.4196323
1.4745206
1.380689
1.4769462
1.4532622
1.40013
1.421262
1.43387
1.4522768
1.432371
1.4371039
1.4311382
1.4447225
1.4226999
1.4683923
1.3735459
1.4138577
1.3965232
1.4923522
1.4142197
1.3908962
1.4162194
1.4444083
1.3935604
1.3816117
1.3762649
1.380791
1.4377795
1.4444674
1.4097184
1.3533216
1.4528178
1.4191158
1.4233263
1.4451174
1.3994509
1.4007763
1.4411198
1.4199961
1.408774
1.3789972
1.4266126
1.4529772
1.4003475
1.4389516
1.4333684
1.4048574
1.3674365
1.4387103
1.4601359
1.433736
1.3876698
1.399609
1.4464861
1.3976254
1.4009044
1.4506531
1.4032148
1.4678729
1.4402145
1.3970801
1.4185649
1.4630362
1.4113084
1.4626826
1.4171582
1.420116
1.4252659
1.4015253
1.4132063
1.4180765
1.4031719
1.4729353
1.4234724
1.3778868
1.3461394
1.4046961
1.4153527
1.4252961
1.3873504
1.4106421
1.3973557
1.3651782
1.41668
1.442489
1.3847857
1.4215873
1.4027679
1.440065
1.422222
1.4104397
1.3882165
1.3786509
1.4462996
1.3826362
1.3840095
1.4297397
1.3933179
1.3753657
1.4257653
1.3974729
1.422246
1.4345005
1.4509686
1.4046628
1.4471571
1.4395952
1.4291376
1.3961267
1.4450873
1.4270428
1.4035243
1.3895278
1.4680276
1.4155844
1.4430699
1.3777832
1.4262096
1.4406211
1.430724
1.432156
1.4179306
1.4479901
1.4364885
1.4081668
1.4280825
1.4326406
1.4186679
1.4989498
1.3801961
1.4234911
1.3641677
1.4612889
1.4643387
1.403899
1.4450018
1.3926281
1.424804
1.4911565
1.4462707
1.4465247
1.4302952
1.4304796
1.4416388
1.4159364
1.4069452
1.4238442
1.3761793
1.3848939
1.4274138
1.4631178
1.3929095
1.425403
1.3948795
1.4297949
1.4186513
1.3612496
1.438018
1.4418882
1.4554753
1.462533
1.4013834
1.37865
1.4090419
1.4202754
1.3846905
1.4096793
1.4030012
1.439475
1.4942871
1.4024051
1.4734222
1.3967217
1.4639208
1.404125
1.363593
1.3919487
1.3935298
1.4211861
1.4069374
1.4072412
1.4290011
1.3385459
1.4121009
1.3691087
1.4175506
1.4274068
1.4092265
1.3849744
1.4586824
1.3781565
1.3924236
1.3851691
1.4377629
1.379645
1.4342326
1.4593189
1.3797814
1.3955662
1.4022325
1.4473677
1.4609951
1.4236246
1.4119234
1.4755772
1.3835795
1.4453524
1.4668189
1.4133861
1.4734694
1.4203031
1.3622375
1.4297785
1.4012238
1.4565172
1.3681659
1.4395905
1.4342124
1.4343286
1.4125047
1.3723934
1.4461857
1.4312308
1.357009
1.4476074
1.4467872
1.3764383
1.3777364
1.4443375
1.3777537
1.4352759
1.4167503
1.4308012
1.397011
1.4123969
1.4364588
1.4285456
1.4348227
1.4265972
1.4602672
1.4304395
1.4184501
1.494588
1.3960288
1.3987234
1.4031054
1.4308348
1.4179164
1.4352994

1.3881559
1.4097412
1.4206377
1.4034083
1.4188541
1.4372017
1.4559064
1.3865509
1.4043149
1.3987324
1.4172968
1.4116529
1.4118818
1.4103222
1.4472723
1.4112839
1.4041139
1.4304806
1.429117
1.4071175
1.4504279
1.4239594
1.3861544
1.4581815
1.4401932
1.4215395
1.3918548
1.4257103
1.4228942
1.4139305
1.4408764
1.4410537
1.3902137
1.415264
1.4099597
1.4158186
1.4322714
1.432838
1.4380844
1.3887775
1.4283164
1.4091958
1.403143
1.4450207
1.4702379
1.432714
1.4456168
1.4322921
1.4890394
1.4355605
1.4014177
1.3977765
1.4314696
1.4281019
1.4017324
1.4239596
1.4796884
1.4235685
1.4256915
1.4461359
1.4271301
1.4285945
1.3839115
1.4812814
1.4100236
1.4399937
1.4367441
1.4119928
1.4178947
1.4522579
1.4310404
1.4220759
1.4470518
1.4062814
1.4148984
1.3930767
1.417734
1.3899069
1.4344429
1.4019679
1.4203382
1.4161228
1.4155068
1.4384266
1.4214189
1.4326591
1.4086609
1.4183884
1.4312197
1.4291563
1.3949324
1.4071922
1.4136474
1.4205694
1.4332874
1.4443707
1.4030144
1.41129
1.4023336
1.4549903
1.434236
1.4119178
1.4470264
1.4175665
1.4309844
1.4223342
1.4205852
1.4222755
1.3916514
1.4348335
1.4486405
1.4448317
1.4048208
1.4568548
1.4032114
1.4288694
1.3765112
1.434011
1.4584349
1.4386411
1.3698404
1.4306711
1.3962572
1.4208244
1.3986784
1.4209235
1.3827591
1.3848732
1.4509484
1.3899729
1.413769
1.4523774
1.3980134
1.3977096
1.4519335
1.4224707
1.4248388
1.4453796
1.4196609
1.4090512
1.4482344
1.4183224
1.4297924
1.4461015
1.4433215
1.3746126
1.4565779
1.4207716
1.4397515
1.4172564
1.4126654
1.4129671
1.3930885
1.424312
1.4123582
1.4323161
1.4319812
1.4381201
1.4277626
1.4073322
1.44625
1.3955771
1.4410117
1.4636115
1.411976
1.4128253
1.420762
1.4457583
1.4015597
1.4202569
1.3930087
1.4164368
1.4274931
1.4158642
1.4395299
1.3899063
1.4553119
1.3984698
1.4172626
1.4084347
1.4491745
1.4121617
1.4125994
1.3797503
1.412579
1.3915372
1.4679356
1.3905456
1.4416065
1.4410391
1.4433625
1.406516
1.4321016
1.4095224
1.4101567
1.427376
1.4191558
1.4602144
1.4396977
1.415357
1.4242947
1.423948
1.4110149
1.3801787
1.4115607
1.4401608
1.4113995
1.4204962
1.4209646
1.3935405
1.3984785
1.4399006
1.4104369
1.4145266
1.4104152
1.4233305
1.3940444
1.4395727
1.432133
1.4067931
1.4130288
1.4472727
1.4145908
1.4142165
1.4227719
1.4339653
1.4059759
1.3661561
1.3840084
1.437544
1.4478068
1.391659
1.4526191
1.3759341
1.4607484
1.389084
1.4211028
1.4124713
1.4107105
1.4165071
1.4305419
1.4462478
1.4510409
1.3552125
1.4053627
1.4072442
1.406988
1.4199662
1.4353565
1.4331174
1.4218953
1.4392585
1.389092
1.4521102
1.4367894
1.4225574

1.4185015
1.4214424
1.4437563
1.4172633
1.4283156
1.4227346
1.4064536
1.4086671
1.4453048
1.4410335
1.4011743
1.4280294
1.4431837
1.3894861
1.3961581
1.4170382
1.4230367
1.4489306
1.4113754
1.4476355
1.4240178
1.4170054
1.4527501
1.4433473
1.4246525
1.4324968
1.4214358
1.4201226
1.4011427
1.4728601
1.457604
1.4063858
1.4308947
1.4174937
1.4380238
1.3726876
1.3888351
1.4035565
1.412767
1.4192842
1.3740773
1.4453061
1.4179603
1.4650239
1.4284487
1.4011146
1.4174284
1.3786402
1.4278318
1.4135082
1.4112276
1.4206432
1.4300864
1.3753892
1.4222897
1.4207497
1.4268813
1.4455745
1.4019924
1.4001836
1.456279
1.4474422
1.4043148
1.4137455
1.4199927
1.4365287
1.4179811
1.476308
1.3860707
1.4190166
1.4432678
1.431308
1.4556679
1.3881421
1.4011407
1.4278488
1.4191476
1.4052702
1.4216107
1.3949587
1.4376408
1.4110585
1.3780853
1.4041824
1.438418
1.3994415
1.4179484
1.407735
1.4016577
1.3569224
1.4172593
1.4171696
1.4589623
1.3664297
1.407685
1.4228759
1.4074551
1.3909956
1.4627517
1.3775921
1.4126555
1.4459786
1.4369471
1.411732
1.4511855
1.4300338
1.4582174
1.403304
1.4265118
1.4126309
1.4226714
1.4023474
1.4245709
1.431318
1.431538
1.4364507
1.4010596
1.4252052
1.401132
1.4212115
1.4319801
1.4655346
1.4008286
1.4765791
1.4650198
1.4108841
1.4240193
1.4264146
1.458118
1.4424702
1.4389775
1.475392
1.4458183
1.4099675
1.4189794
1.4076213
1.4479002
1.4338428
1.4613221
1.3907956
1.4272403
1.3981042
1.4276893
1.3851671
1.3769269
1.3923845
1.4090048
1.4277259
1.4089179
1.3911341
1.3858993
1.4368647
1.406624
1.4602611
1.3906628
1.4091971
1.4701655
1.4384632
1.4477034
1.4216075
1.4221755
1.4606956
1.4350626
1.420103
1.4344844
1.443232
1.4392027
1.4231713
1.4361542
1.4230989
1.4297928
1.39447
1.4072566
1.4069833
1.4144887
1.4685706
1.4330341
1.4396623
1.4379894
1.4240993
1.3830276
1.4343638
1.44544
1.4269326
1.4036126
1.4381038
1.4563735
1.4377474
1.4470025
1.4224826
1.4349439
1.4345282
1.431305
1.4026035
1.4170707
1.3953469
1.4103585
1.4508349
1.4384178
1.424432
1.4260327
1.4187284
1.4376779
1.4177775
1.4419695
1.4070534
1.4022151
1.4268613
1.4199488
1.4053323
1.403674
1.4573573
1.4078168
1.4125572
1.4116362
1.364855
1.4161531
1.4084255
1.4202728
1.4374893
1.4315631
1.4368329
1.4414564
1.4163716
1.4029846
1.3816677
1.4457618
1.3912563
1.4356159
1.4157628
1.4721785
1.4482733
1.3831462
1.4396758
1.4073023
1.4388369
1.3993412
1.4018006
1.3910604
1.4166927
1.4244295
1.4305563
1.4121583
1.4208802
1.4130759
1.4345442
1.4117999
1.4045358
1.3929673
1.4310968
1.4312625
1.4203572
1.4112624
1.4314219
1.4188763
1.4451628

1.3644532
1.4436508
1.4489441
1.448282
1.4042126
1.4234372
1.4173346
1.4528141
1.4033699
1.4218134
1.3870093
1.3931293
1.4010873
1.436088
1.3900783
1.4418564
1.4266437
1.4270846
1.40393
1.3885672
1.3976835
1.4389448
1.4023049
1.4028965
1.3786311
1.4038445
1.437168
1.3652072
1.4374013
1.409795
1.4297723
1.3895276
1.41421
1.4342899
1.4277384
1.4070117
1.4374526
1.4061139
1.4131786
1.3957112
1.40836
1.4188333
1.4168925
1.4084865
1.3918138
1.4150113
1.3817375
1.3783058
1.4201915
1.411068
1.3906295
1.416179
1.4472603
1.4718713
1.438791
1.41058
1.428598
1.4384215
1.4152288
1.448187
1.4308047
1.4612914
1.4143249
1.3953115
1.431643
1.3986901
1.4290968
1.3706578
1.424551
1.4276488
1.4355433
1.4486657
1.4137826
1.4096764
1.4149734
1.4106501
1.4230468
1.3723799
1.3984118
1.4269707
1.4401466
1.4540414
1.3962951
1.4133875
1.3895942
1.39818
1.398371
1.3836112
1.4375496
1.4412993
1.4185666
1.4153935
1.4164494
1.443776
1.4045773
1.4287729
1.3704153
1.404654
1.3959544
1.4391607
1.4310325
1.4129424
1.4169044
1.4624159
1.4159709
1.4404556
1.3795813
1.421348
1.4125944
1.408295
1.4525837
1.403066
1.43166
1.4132419
1.386251
1.4273022
1.4285442
1.368559
1.4402541
1.4310269
1.4166068
1.3622153
1.3667201
1.4282466
1.3979697
1.37607
1.4552752
1.4359978
1.3874254
1.4188374
1.4478188
1.4099108
1.3973072
1.4616982
1.4563596
1.4044702
1.41833
1.4358989
1.4136178
1.4509982
1.4041599
1.43216
1.4282306
1.4118115
1.4456896
1.4362091
1.4239815
1.4001919
1.4216644
1.3967094
1.3967624
1.4280012
1.4248116
1.4283992
1.4463859
1.4095746
1.4141577
1.4151446
1.4263384
1.4217193
1.4305067
1.3963779
1.4175038
1.4122124
1.3950673
1.4033033
1.3925865
1.4268647
1.4139339
1.4099231
1.4439139
1.4306455
1.4558513
1.3863286
1.4440807
1.4117168
1.4059392
1.4016523
1.3710728
1.417762
1.4121382
1.4018574
1.4424669
1.419255
1.3701671
1.4364536
1.4339637
1.3708533
1.40323
1.4217819
1.3994247
1.4449598
1.4343178
1.435254
1.4239933
1.4304802
1.4228914
1.4115955
1.4227558
1.4380304
1.4298234
1.4279008
1.41853
1.4211948
1.428575
1.4243466
1.4104491
1.4071125
1.4262081
1.3686769
1.4380313
1.4280806
1.4098873
1.4491938
1.4239727
1.4322457
1.4277462
1.4316621
1.422282
1.3598517
1.4063917
1.4680407
1.4145021
1.4501315
1.4158384
1.4272823
1.4509246
1.4306006
1.3996338
1.37567
1.4168789
1.4410454
1.4219292
1.4265555
1.4120637
1.4066563
1.4227593
1.44822
1.4024467
1.4324625
1.4334453
1.4226742
1.4181002
1.4171972
1.411603
1.4111652
1.432857
1.4392896
1.392655
1.4084646
1.4480929
1.4443021
1.4446094
1.424093
1.4260497
1.4113187
1.4435794
1.4272324
1.4298433
1.4632726
1.3799042
1.4076585
1.3985521
1.4079528
1.4381346
1.4226972
1.369086
1.4093771
1.4020854
1.3961778
1.404562
1.3571873
1.3832643
1.4346632
1.411137
1.392627
1.4151013
1.4202057
1.4001436
1.4525963
1.4078859
1.4621184
1.420462
1.4055996
1.419164
1.3830278
1.4577676
1.4240694
1.4851439
1.422829
1.4154848
1.4194758
1.4186025
1.3850112
1.4264193
1.4470097
1.4086301
1.4388852
1.409881
1.4272679
1.4603164
1.4028893
1.4071184
1.4073204
1.4159471
1.415138
1.3704606
1.4502662
1.3601717
1.4475915
1.4052398
1.4162002
1.4027437
1.4120624
1.4260844
1.4053283
1.3946043
1.4086488
1.3983183
1.4236437
1.4056408
1.3566544
1.4216505
1.4107388
1.3989426
1.4176966
1.404901
1.4166203
1.3889651
1.4123552
1.4097376
1.4019556
1.4188981
1.4313052
1.4080256
1.4310733
1.4087029
1.4303055
1.3995337
1.405592
1.4202939
1.4418142
1.4108316
1.4260343
1.4079968
1.4301724
1.3734844
1.4262708
1.4162678
1.4393816
1.4130069
1.3943893
1.4110624
1.4326602
1.4323323
1.3998786
1.4402448
1.3957403
1.3903973
1.4304069
1.4386818
1.4164116
1.3784897
1.3777773
1.439164
1.4219238
1.4493948
1.4323878
1.3649969
1.4091618
1.4091643
1.4413475
1.3709309
1.3731742
1.4193205
1.4288149
1.3861915
1.4293077
1.4304434
1.4295304
1.4229742
1.4495567
1.3751166
1.4593345
1.4212847
1.4262171
1.3848349
1.4252882
1.4533197
1.4286118
1.426235
1.4450247
1.3849716
1.4140873
1.4477547
1.4223775
1.4257294
1.3927456
1.4135296
1.3999213
1.4173803
1.4190707
1.4105508
1.3812405
1.4192
1.4417151
1.3990766
1.4315678
1.4030124
1.410793
1.3872818
1.4290684
1.3976891
1.433093
1.4342288
1.4089203
1.4325835
1.4330331
1.4182894
1.3890793
1.3908457
1.4327815
1.3868835
1.4199506
1.4002988
1.4239931
1.405323
1.4301763
1.3928198
1.3802227
1.3922267
1.4258673
1.4328151
1.365299
1.3924958
1.4496478
1.4154974
1.4400475
1.3962067
1.4113369
1.402751
1.3971211
1.4382949
1.3732454
1.3946677
1.4409364
1.3821299
1.4186107
1.3939475
1.4209886
1.4071045
1.4271802
1.4417098
1.4725417
1.3905562
1.4332192
1.4134572
1.4430231
1.4195119
1.4181207
1.4021677
1.416787
1.4143659
1.3784304
1.3952277
1.3986423
1.4294151
1.4302927
1.4198203
1.4229373
1.4225935
1.4053851
1.4264466
1.4362948
1.4043546
1.4505112
1.4570662
1.3958985
1.3872626
1.4514234
1.400388
1.4272903
1.374684
1.4135686
1.4546082
1.4139347
1.3875369
1.4234164
1.3990209
1.411081
1.430417
1.3590306
1.4227862
1.4077514
1.421418
1.3787533
1.4350486
1.4168829
1.4422454
1.458373
1.3876733
1.3929628
1.4164388
1.4197242
1.3792106
1.4120815
1.4173089
1.4387448
1.3967831
1.4209177
1.3908818
1.4250388

1.4357501
1.4443742
1.4336591
1.424819
1.4095916
1.4033326
1.4548146
1.4125841
1.4244504
1.4061649
1.4344399
1.4245349
1.4059027
1.4060425
1.4368206
1.4104637
1.4215065
1.4352944
1.4179958
1.4012183
1.42466
1.4130409
1.3975576
1.4262785
1.4103639
1.3912328
1.4371079
1.4158804
1.4337075
1.4313105
1.4145784
1.4321718
1.4130294
1.441912
1.4282088
1.4192733
1.4282051
1.401955
1.4214073
1.4238338
1.4150686
1.4228538
1.4173845
1.4211583
1.40726
1.4192793
1.3635057
1.4120936
1.3911095
1.448743
1.4089957
1.4214754
1.4393702
1.4379195
1.4385337
1.4233166
1.3933859
1.4079729
1.4313077
1.432262
1.3853973
1.427972
1.4250546
1.4249483
1.4244399
1.4163429
1.4104719
1.4287542
1.4129434
1.4115212
1.4422456
1.4087048
1.4316672
1.4290786
1.4378554
1.4337267
1.4311761
1.4186249
1.4213903
1.3952414
1.42253
1.4155562
1.4311197
1.4112566
1.4229896
1.3887401
1.4011039
1.4326401
1.4051749
1.4110057
1.4346778
1.4093311
1.4355129
1.417906
1.4101046
1.424605
1.4128952
1.4376767
1.4046278
1.4156214
1.4040707
1.4084224
1.4086324
1.4231107
1.4268028
1.411064
1.406448
1.406357
1.4139282
1.4312106
1.3892782
1.4192715
1.397492
1.4012482
1.4381264
1.379798
1.4244672
1.414778
1.4108278
1.4195603
1.4051193
1.4258387
1.4040499
1.409964
1.4087925
1.4276
1.414483
1.4186282
1.4135021
1.4204932
1.4369128
1.4377997
1.4303218
1.4197764
1.4339721
1.3848672
1.4306493
1.4182682
1.4400443
1.421395
1.416507
1.4248427
1.4192697
1.4023045
1.4215356
1.4257636
1.4119644
1.4264057
1.4222784
1.4254289
1.4209108
1.4298955
1.4337468
1.4281553
1.4052216
1.4367801
1.407898
1.4206822
1.4178721
1.4134016
1.4213328
1.4324201
1.4069577
1.4169497
1.4457397
1.403232
1.3960829
1.3996394
1.433992
1.4250816
1.3893167
1.4004197
1.4323196
1.4457743
1.3955097
1.446654
1.4244686
1.4120798
1.4060621
1.3991042
1.4288114
1.4193794
1.4305438
1.4452254
1.4263095
1.4143022
1.4366391
1.4352396
1.4079046
1.4139552
1.4145936
1.4132777
1.4265084
1.4356806
1.4189806
1.3876055
1.4158429
1.4324844
1.403262
1.413882
1.4248886
1.4360449
1.4044884
1.396393
1.4204396
1.4184628
1.3855094
1.4383386
1.4300029
1.4218397
1.4173162
1.4267465
1.4114535
1.3817836
1.4166635
1.4208972
1.4016064
1.3877025
1.429739
1.4206637
1.4607159
1.4224203
1.4073964
1.4274282
1.4101937
1.3883517
1.4222764
1.4087797
1.4351517
1.424071
1.3932867
1.4169332
1.4322538
1.41805
1.415437
1.4203945
1.4198512
1.4227804
1.3994685
1.431625
1.3942591
1.4177524
1.4423753
1.4161236
1.4204022
1.4131813
1.4261017
1.3941107
1.4177666
1.4135362
1.4174664
1.4199458
1.4369326
1.404049
1.4184247
1.4185779
1.398633
1.4175938
1.393403
1.3949708
1.3921165
1.4067302
1.4103783
1.4347137
1.4369698
1.4195299
1.4211422
1.4138833
1.4015247
1.4243429
1.3990115
1.4089231
1.4240745
1.4114009
1.4213887
1.4166377
1.4181019
1.4109727
1.4154674
1.4234896
1.3959758
1.4208359
1.4151715
1.4281296
1.3948041
1.4191569
1.442821
1.4087051
1.4240724
1.3884962
1.3991286
1.4292803
1.4442142
1.4295245
1.4190427
1.4121743
1.4202762
1.4359905
1.4271147
1.3796324
1.4264979
1.4268306
1.4270585
1.4306598
1.4348019
1.4153969
1.4134859
1.4073849
1.4395744
1.4120964
1.3731707
1.4026747
1.4122425
1.4097229
1.4214562
1.4066973
1.3953528
1.4463041
1.3989055
1.4099475
1.4132693
1.4285913
1.4270962
1.4254099
1.4428529
1.4384252
1.4431878
1.4225999
1.4187031
1.3971052
1.4346151
1.4123095
1.4248976
1.3972304
1.4124991
1.4216775
1.4314638
1.4239343
1.4046395
1.4301589
1.3996553
1.420117
1.4448951
1.4127473
1.4102108
1.4004699
1.4350518
1.4033469
1.4336923
1.4391028
1.4184899
1.4353406
1.4450042
1.421233
1.4471734
1.4351254
1.3973762
1.4045733
1.4223175
1.4261383
1.463125
1.4192901
1.4299978
1.418336
1.4206697
1.402946
1.4161277
1.4092628
1.4346796
1.4096358
1.4154619
1.4101034
1.4271697
1.4084245
1.4230405
1.4272755
1.4164059
1.4339716
1.4000895
1.4227086
1.3995755
1.4374524
1.414967
1.4185079
1.4061846
1.4314567
1.4122382
1.4444271
1.4234002
1.4389788
1.4008987
1.4030586
1.4164252
1.4235858
1.3986423
1.4077278
1.4114769
1.4320191
1.4229518
1.4176764
1.3991824
1.4202857
1.4396191
1.410514
1.4185681
1.4086506
1.3982004
1.4232146
1.4208109
1.4138042
1.4168333
1.4025345
1.3990706
1.4421163
1.4253006
1.4220737
1.401491
1.4388102
1.4288524
1.4366413
1.3983814
1.4299264
1.4220824
1.4001513
1.4381189
1.4280162
1.4200081
1.4228456
1.4255204
1.4429258
1.4224043
1.4379196
1.4045783
1.4242386
1.409978
1.4321634
1.4378654
1.3882782
1.4392416
1.405861
1.4173417
1.4161274
1.4246315
1.4162923
1.420547
1.4475155
1.4188118
1.3866408
1.4003881
1.4411364
1.4238279
1.4421533
1.3943237
1.4285299
1.4230309
1.4433252
1.4420522
1.4230211
1.4449933
1.4083906
1.4453342
1.4407016
1.445898
1.4465336
1.420458
1.4528801
1.4249995
1.4367484
1.4058403
1.3966888
1.4298722
1.4000384
1.4242303
1.4124061
1.4061139
1.4212954
1.408754
1.4085686
1.4151757
1.3742607
1.395454
1.4276675
1.4510124
1.4076384
1.4362351
1.3936332
1.4058512
1.3977845
1.4129007
1.44177
1.4282533
1.4113111
1.4210551
1.4309207
1.3998835
1.4175686
1.4439397
1.4237919
1.4327044
1.4079627
1.4277791
1.4134852
1.4254525
1.4138309
1.4278753
1.4094025
1.4054145
1.4156498
1.4051435
1.4285474
1.4080272
1.4365853

1.4318033
1.4131825
1.4064856
1.4115931
1.4079849
1.4167495
1.4263244
1.4226207
1.4135537
1.3930331
1.4164641
1.4023561
1.4400349
1.3924047
1.4471037
1.39401
1.4222441
1.4185994
1.4257947
1.4209452
1.4193528
1.4016377
1.4112185
1.4029822
1.4053208
1.4410479
1.4154936
1.4393736
1.4261041
1.4146509
1.4047121
1.4327542
1.4288706
1.4240088
1.394042
1.4235265
1.4117254
1.415726
1.4320045
1.4455962
1.4282897
1.421484
1.3942335
1.399269
1.427596
1.4115863
1.4250451
1.3988205
1.3843752
1.3877244
1.4164836
1.433301
1.3981276
1.4137977
1.4209752
1.418481
1.4070548
1.4502226
1.4375398
1.4083529
1.3877287
1.4352633
1.4314672
1.4211634
1.4091347
1.4066417
1.4375435
1.4286364
1.4215857
1.4177924
1.4380352
1.4009048
1.413244
1.4078978
1.4321182
1.4202851
1.4031337
1.4121859
1.4134089
1.4368745
1.440157
1.4216064
1.4259828
1.4406518
1.4283068
1.4163086
1.405127
1.4298556
1.4221013
1.4143064
1.4000604
1.435924
1.4149243
1.4224119
1.4210261
1.3746732
1.4187179
1.4250139
1.417358
1.4347136
1.4288623
1.4253228
1.4368948
1.4203788
1.4143996
1.4014881
1.441641
1.4334946
1.4277086
1.4055302
1.4169316
1.4084272
1.4153757
1.4131904
1.4317278
1.4085317
1.4390013
1.4309156
1.4211837
1.3857257
1.4222264
1.3971881
1.4062058
1.3804076
1.4404241
1.4057947
1.4210813
1.4242936
1.4385815
1.4432894
1.4085587
1.428579
1.4272168
1.4252709
1.4112251
1.4229584
1.4172194
1.420135
1.4130375
1.3980148
1.4320698
1.4024012
1.4243155
1.4254625
1.4255329
1.4245503
1.4247259
1.4081122
1.4303963
1.3850447
1.406312
1.454246
1.4307628
1.3951083
1.4458522
1.4310824
1.4105603
1.4234419
1.4255799
1.4139028
1.4302179
1.4151629
1.4274467
1.3900589
1.3915064
1.4052315
1.400708
1.4376173
1.4220688
1.4094509
1.4233081
1.3995253
1.4050888
1.416915
1.4598823
1.4074477
1.435517
1.4240912
1.4202194
1.3923812
1.4207925
1.4542813
1.4314182
1.4200876
1.4133308
1.4243002
1.4082527
1.4065424
1.4259278
1.4071728
1.4309198
1.4104145
1.4188029
1.3931847
1.4288598
1.4454573
1.4257227
1.4124687
1.409724
1.441342
1.4265729
1.4306283
1.4299456
1.4003137
1.4146044
1.3978648
1.3969194
1.4057477
1.4119407
1.4327271
1.4081582
1.3933289
1.4373266
1.4122548
1.4245722
1.3965623
1.4127918
1.3974553
1.429725
1.4328097
1.4254249
1.4136182
1.4300063
1.4106761
1.421704
1.4436334
1.4411261
1.4447802
1.4185965
1.4491551
1.4130902
1.4340737
1.422912
1.4214619
1.4376904
1.4214091
1.4394593
1.4229369
1.418796
1.4206651
1.4093606
1.3981478
1.431215
1.4282769
1.4167026
1.4310962
1.4164373
1.4229387
1.4119982
1.3997182
1.4201608
1.4188801
1.4386027
1.4430556
1.4287668
1.4366118
1.4400971
1.4376159
1.4044247
1.4178305
1.4272729
1.4618706
1.4136341
1.456539
1.423461
1.4250324
1.4373246
1.4148369
1.4191313
1.4095883
1.4048572
1.4424062
1.4257118
1.3940322
1.4488764
1.4010671
1.4118607
1.410943
1.4254861
1.4381121
1.4371872
1.3929576
1.432829
1.4382809
1.4118129
1.4461772
1.4167966
1.4146062
1.4032893
1.4141738
1.4290279
1.4303094
1.4351373
1.410024
1.4203118
1.4420594
1.4093297
1.4147724
1.4184363
1.4127607
1.4124438
1.4009615
1.4055301
1.3877726
1.4042156
1.4467329
1.402383
1.3949814
1.4113412
1.4367095
1.4068815
1.3899646
1.4084387
1.4286625
1.4450579
1.4054933
1.4274448
1.4262458
1.4002371
1.3957573
1.4109071
1.4273403
1.4351039
1.4012771
1.4198936
1.4057913
1.4202214
1.4348958
1.4104155
1.3993392
1.4076546
1.4273652
1.4080945
1.4472586
1.4306027
1.4175329
1.4436215
1.435094
1.4053863
1.431111
1.4313663
1.4073162
1.4213064
1.4407988
1.4245093
1.4156513
1.4224383
1.4107935
1.428174
1.4370831
1.4269933
1.4321377
1.3927631
1.4151468
1.4174495
1.4107809
1.4116237
1.4189839
1.4273086
1.4297222
1.4580005
1.4415159
1.4119672
1.4400471
1.3952116
1.4049358
1.4337684
1.4242488
1.4278446
1.3971173
1.407298
1.4351692
1.4240477
1.4077265
1.4021435
1.4027622
1.4408379
1.4204161
1.4059533
1.4443656
1.4030955
1.3957758
1.4346157
1.4084548
1.408828
1.427557
1.4152842
1.4064925
1.4224938
1.4088736
1.4563255
1.4367408
1.4116799
1.4233024
1.4372913
1.3956635
1.4254885
1.4532384
1.4124357
1.4229158
1.4371473
1.4482534
1.429301
1.4255742
1.4009174
1.3986386
1.4086412
1.3965396
1.43333
1.4525611
1.4124155
1.4309665
1.4448389
1.3996947
1.4495134
1.4272399
1.430268
1.4368151
1.4216878
1.4183891
1.4321169
1.4369221
1.4094862
1.4144124
1.4256525
1.444756
1.4164498
1.4292321
1.4138198
1.4108064
1.4063102
1.416844
1.4138649
1.4388461
1.4263935
1.4132487
1.4045067
1.4466954
1.4169232
1.4290131
1.3933545
1.3862712
1.437068
1.4166329
1.4305613
1.4152501
1.4101521
1.4352757
1.4003046
1.417055
1.3986111
1.4238925
1.4498265
1.4319215
1.4191108
1.4465458
1.3972176
1.3955098
1.425347
1.4061087
1.4490129
1.4217067
1.401806
1.420022
1.3986629
1.4207735
1.4066998
1.431079
1.4153208
1.4087176
1.4363955
1.4175136
1.4038882
1.4177177
1.4269744
1.4182906
1.4158033
1.3942695
1.4261152
1.4482925
1.4307262
1.403775
1.4189609
1.3919983
1.3773817
1.4127603
1.4514
1.4412941
1.4298807
1.4072996
1.4066358
1.4104227
1.3852264
1.4252285
1.3899742
1.3760955
1.419247
1.4299647
1.3900076
1.4357611
1.430013
1.3945059
1.4340227
1.4318529
1.4254452
1.4191381
1.4207145
1.4022857
1.4576149
1.4147278
1.4200591
1.4289191

1.4280101
1.4329047
1.4142284
1.4358739
1.4298787
1.4032412
1.412396
1.420734
1.4279143
1.4077826
1.398341
1.4078255
1.4091375
1.3894833
1.4099817
1.4286112
1.4085422
1.4564259
1.4282814
1.4248022
1.4105219
1.4085013
1.4090071
1.3769375
1.440828
1.399648
1.4063344
1.3963573
1.4360895
1.38511
1.412345
1.4267609
1.4209616
1.4254183
1.4517171
1.39677
1.415586
1.4316949
1.3932625
1.4111639
1.4254581
1.4097961
1.4226549
1.4207119
1.428072
1.4068023
1.4270549
1.4243698
1.4390693
1.4137728
1.4321973
1.4201941
1.4077697
1.3973484
1.4047618
1.4319406
1.4012238
1.4009618
1.4208959
1.4232687
1.4405271
1.4333911
1.4014565
1.4351976
1.4045135
1.3949225
1.4133593
1.4257659
1.4411616
1.4394245
1.4344612
1.4269805
1.4273741
1.4366724
1.4208486
1.4323447
1.4067476
1.4375589
1.4273126
1.4207942
1.3993189
1.4025464
1.4002496
1.45118
1.4309334
1.4198083
1.3851864
1.4299319
1.4272463
1.421835
1.4128187
1.4198076
1.4389229
1.3951181
1.4103688
1.3801371
1.4118481
1.4382967
1.40898
1.402085
1.4189339
1.4238961
1.4306746
1.399729
1.4065871
1.4303298
1.4210273
1.4333588
1.4271923
1.4047271
1.4155797
1.4244834
1.4045554
1.4241503
1.3914208
1.4132301
1.4277328
1.4185244
1.4365164
1.4220302
1.4125093
1.4349836
1.4236002
1.4099257
1.4173315
1.4361959
1.4477131
1.4160558
1.3966035
1.4157056
1.4427938
1.4475747
1.4409956
1.438998
1.4269252
1.4199482
1.4135195
1.4236432
1.4092245
1.4079198
1.4136044
1.4344895
1.4026212
1.4236292
1.4266341
1.410955
1.3916177
1.398717
1.4475753
1.4397489
1.4062648
1.3952664
1.406396
1.4139496
1.4278094
1.4200578
1.4253722
1.4186339
1.3887304
1.4184414
1.453707
1.4023192
1.4168679
1.4117944
1.4217455
1.407213
1.4229215
1.4201298
1.4022098
1.425734
1.3997748
1.393212
1.3917882
1.4012321
1.4222667
1.4147629
1.446124
1.399487
1.4141698
1.4117129
1.4018424
1.4440792
1.4067179
1.3991662
1.3859885
1.411032
1.4173247
1.4353013
1.4194652
1.4323221
1.3895886
1.4042099
1.4141233
1.3846813
1.4054132
1.4271554
1.4391075
1.4220561
1.4171373
1.3945535
1.3920324
1.4236007
1.4106005
1.4325967
1.4138354
1.3961077
1.4163687
1.434715
1.3959723
1.4230458
1.4215173
1.4250393
1.4091808
1.4053189
1.4091144
1.4149958
1.3826748
1.4141617
1.3970973
1.4220031
1.4323674
1.4252317
1.4300327
1.4256914
1.422641
1.4574604
1.4161909
1.4279034
1.4102367
1.428859
1.419525
1.3951275
1.4163378
1.4219157
1.4213561
1.4078501
1.4425637
1.4013668
1.400277
1.4210861
1.4173154
1.4285238
1.4300964
1.423097
1.4046962
1.402677
1.4108837
1.4078525
1.4153233
1.4285991
1.410583
1.4137152
1.4009359
1.4108979
1.4251916
1.4038107
1.4056746
1.4108336
1.4416373
1.4171213
1.4281038
1.4285496
1.4122728
1.4165608
1.411021
1.4468131
1.4103419
1.4050678
1.4234275
1.4230273
1.4114938
1.4023186
1.4250717
1.4201384
1.4097208
1.4156072
1.4467195
1.4031786
1.4313626
1.4285042
1.4150853
1.4266365
1.4132026
1.4257414
1.4105107
1.3913275
1.3957303
1.4263188
1.4006157
1.4298797
1.4296284
1.4407325
1.4564084
1.4101746
1.4189823
1.4155074
1.4217237
1.4076875
1.3954337
1.4137611
1.438135
1.3982935
1.4120677
1.4471664
1.4037747
1.4256408
1.4260768
1.4516999
1.424299
1.413118
1.41552
1.4115648
1.4049056
1.3676186
1.431471
1.4271121
1.4287188
1.417023
1.4287949
1.431192
1.3972211
1.4597985
1.4258037
1.4242002
1.4177723
1.4261898
1.4076248
1.4044183
1.4098059
1.4252429
1.427096
1.4208113
1.4256214
1.4346279
1.4395233
1.4107614
1.427526
1.4337518
1.4303406
1.42079
1.4179883
1.4586987
1.42201
1.4450324
1.3925343
1.4242
1.412582
1.3915575
1.4131349
1.3990704
1.4226166
1.4196359
1.420209
1.3734759
1.4037038
1.4079787
1.391252
1.4356891
1.4217615
1.4178332
1.4094667
1.4219927
1.4297165
1.4046322
1.419281
1.3976771
1.4250286
1.4061513
1.4350084
1.4197278
1.3976375
1.4367192
1.4202341
1.4120462
1.4215274
1.4155942
1.4177493
1.4421976
1.4362135
1.4214997
1.3996973
1.4141736
1.3910885
1.4021331
1.4196588
1.4250456
1.4235697
1.4112887
1.4183042
1.4439181
1.4085975
1.4023459
1.41545
1.4014775
1.4260687
1.4122354
1.4401656
1.4034792
1.4138649
1.4066767
1.425787
1.4410067
1.3994976
1.4426718
1.4089096
1.400965
1.4104729
1.4217554
1.4141177
1.4408606
1.4185909
1.4302465
1.414982
1.4064162
1.4135867
1.4255548
1.4229587
1.4352415
1.4074944
1.4362562
1.395718
1.4350184
1.4213003
1.4307438
1.4192013
1.4113833
1.4113595
1.3906728
1.423154
1.4172022
1.4128746
1.4018552
1.4116887
1.4124298
1.4287457
1.391589
1.4103686
1.4200258
1.406015
1.4128251
1.452171
1.4348388
1.4430475
1.4252305
1.4226272
1.412778
1.3892143
1.435398
1.3997446
1.4560744
1.4178749
1.4119651
1.3929207
1.4071015
1.404934
1.4392256
1.4257766
1.4028354
1.4063904
1.4326184
1.4056022
1.4015607
1.4405653
1.4398037
1.4252213
1.4123876
1.4248816
1.4274737
1.4092926
1.4008591
1.4454926
1.3910352
1.4134897
1.4181273
1.418256
1.4156842
1.4232924
1.4253438
1.4432515
1.4096195
1.4063606
1.4049325
1.4318966
1.4456215
1.4281932
1.4278557
1.403318
1.4300072
1.4058782
1.3992611
1.4339716
1.4067903
1.4454187
1.396843
1.4249086
1.4396973
1.4047048
1.4334638
1.3817837
1.4277228
1.4143388
1.3918135
1.4050509
1.4283309
1.452753
1.4077489
1.4286633
1.4173656
1.3797802
1.4152017
1.4222317
1.420463

1.4114833
1.4095675
1.4270962
1.4394468
1.3824859
1.457972
1.4120188
1.4151853
1.4305305
1.3958399
1.423869
1.4200788
1.408928
1.3948965
1.4403846
1.4025693
1.3953458
1.4060286
1.4141692
1.4183133
1.4161484
1.43968
1.4173592
1.4190472
1.4159392
1.4383734
1.4274197
1.4220262
1.4476154
1.4406338
1.3901478
1.4152069
1.4158252
1.394469
1.4294498
1.412646
1.4535419
1.4394264
1.4318739
1.4085557
1.4192172
1.3951663
1.4234469
1.4112327
1.4097525
1.4217752
1.438127
1.4146693
1.4064778
1.4214784
1.427579
1.4229589
1.4210889
1.4104602
1.4372046
1.406548
1.4494226
1.4296459
1.4175713
1.4231906
1.4514799
1.4270494
1.4093606
1.4137542
1.3982847
1.4254307
1.4370449
1.4059845
1.4214871
1.4027874
1.4071658
1.4212528
1.4094892
1.4292616
1.3909931
1.432349
1.427008
1.4410195
1.4046162
1.4101353
1.4136566
1.421337
1.4084466
1.4087416
1.405662
1.4109257
1.380179
1.4099053
1.4176931
1.4077628
1.4336423
1.4083564
1.4381065
1.393972
1.4443055
1.4265192
1.4156828
1.4145627
1.4231026
1.424676
1.4472712
1.420972
1.4439646
1.4246609
1.4025017
1.4159455
1.4549922
1.4151436
1.4128627
1.3931621
1.4076251
1.4356405
1.4205593
1.4091077
1.420091
1.4045659
1.4246172
1.412016
1.433098
1.4115407
1.4027996
1.4268835
1.4402293
1.3993931
1.3741555
1.3977172
1.4073497
1.4346565
1.4342821
1.4297193
1.4188656
1.4103343
1.3966117
1.4154117
1.4284433
1.420135
1.4285599
1.4318445
1.4193715
1.412035
1.3950968
1.4445362
1.4439067
1.3947065
1.409256
1.4169652
1.4233177
1.4218628
1.4202969
1.4252186
1.4225445
1.4103149
1.4212809
1.4012994
1.4342133
1.4197935
1.4188949
1.4093068
1.4218613
1.4201907
1.4041601
1.4092989
1.4108793
1.3821303
1.4123937
1.42783
1.4418826
1.4246672
1.426209
1.4290649
1.4031684
1.4153205
1.4253756
1.3895421
1.3960888
1.4327241
1.4260138
1.38562
1.3993706
1.3935081
1.4126697
1.3993034
1.4363911
1.4204925
1.4215475
1.3930451
1.4145466
1.4123813
1.4258573
1.397906
1.4117395
1.4385306
1.4301327
1.4468797
1.4376006
1.4220662
1.4026539
1.4408386
1.4335611
1.4166539
1.4342438
1.4002991
1.439315
1.4082717
1.423473
1.3986429
1.4125708
1.4417751
1.4052285
1.4211332
1.4295472
1.4240571
1.3994254
1.4254091
1.4033378
1.4430791
1.4043533
1.411949
1.4381807
1.425646
1.4037082
1.4128073
1.4170296
1.4159106
1.4235708
1.4278713
1.4385405
1.4062686
1.4151852
1.4281017
1.4241039
1.4062234
1.4248415
1.4186163
1.4176472
1.4003808
1.4353201
1.4309973
1.4183224
1.434003
1.4147286
1.3887782
1.4295502
1.4288293
1.4142258
1.4159241
1.4515513
1.4203621
1.3998175
1.4209484
1.3994324
1.4282563
1.3880694
1.3981178
1.4189274
1.4103087
1.4007049
1.4256272
1.4128351
1.4363261
1.4375696
1.4149718
1.4145399
1.4205548
1.4017938
1.4150742
1.4126879
1.4342735
1.4283377
1.4094676
1.4079419
1.4370763
1.4057429
1.4360121
1.4079188
1.4230956
1.3958749
1.4341122
1.4380226
1.4010154
1.4036027
1.4146965
1.402526
1.4164367
1.4194463
1.3852502
1.4038222
1.4199678
1.4343935
1.4134244
1.4255775
1.4138383
1.428262
1.4095327
1.4200459
1.3998833
1.4277036
1.4245312
1.3917899
1.4177629
1.4153036
1.414155
1.4341779
1.4188613
1.4096316
1.4117259
1.421121
1.4151083
1.4074078
1.4315591
1.4150977
1.3959419
1.4147974
1.4351927
1.4026796
1.4188335
1.4007665
1.4066677
1.423117
1.4488261
1.4251047
1.4202423
1.4154515
1.418821
1.458866
1.4247044
1.3980469
1.4144353
1.3976147
1.4054043
1.4007243
1.4286332
1.4439229
1.4198127
1.410729
1.42854
1.385402
1.4197441
1.415175
1.3877282
1.4202938
1.4093075
1.4055412
1.4200728
1.4266208
1.3849902
1.4205607
1.4045669
1.4376318
1.434238
1.3992834
1.4244127
1.4159671
1.4175752
1.4170998
1.4368263
1.436441
1.4363897
1.4213076
1.421719
1.438899
1.4357802
1.4370466
1.3984299
1.4271371
1.4010834
1.4210336
1.4416842
1.3992746
1.425337
1.4213177
1.4067818
1.4277804
1.4223057
1.445294
1.4211756
1.4370471
1.415805
1.4138039
1.4243464
1.4392571
1.4258817
1.4112396
1.4299154
1.404323
1.4017521
1.4317663
1.3982182
1.3992229
1.436226
1.4289886
1.4108651
1.4244617
1.4333069
1.4137245
1.4119548
1.3980317
1.4215988
1.416732
1.4002284
1.3987004
1.4363452
1.3898782
1.4207991
1.4115597
1.4315112
1.4234548
1.3960758
1.4184769
1.4199997
1.4070927
1.4208976
1.4083726
1.4251288
1.4110371
1.4484484
1.4091736
1.4266493
1.4031017
1.4154953
1.4463216
1.4323491
1.425762
1.4140471
1.4260852
1.4343035
1.4111485
1.4446591
1.4149232
1.4188017
1.3873671
1.4402941
1.4079529
1.3887571
1.4210309
1.4573689
1.4338851
1.396981
1.4217876
1.3867658
1.4100475
1.4217902
1.4061496
1.394281
1.4110904
1.4349431
1.418272
1.4005462
1.4391505
1.4118291
1.4330696
1.4089804
1.3959435
1.3830138
1.3838786
1.4194988
1.4321082
1.4310776
1.4333866
1.4222784
1.4011433
1.4185793
1.4329237
1.4296545
1.3847885
1.4123942
1.4191455
1.4414725
1.4071696
1.4455063
1.4281936
1.4030232
1.4116745
1.4275713
1.4344977
1.4101222
1.4182717
1.4049177
1.4335744
1.424447
1.4204075
1.3982282
1.4454513
1.4256519
1.4575001
1.4386017
1.3897303
1.4060017
1.4229778
1.435163
1.4180233
1.4133604
1.4249058
1.3930485
1.4227471
1.3970556
1.4296008
1.4307133
1.4429083
1.422066
1.4237461
1.4207457
1.4106045
1.4162762
1.3997722
1.4065596
1.4418896
1.4123484
1.3972535
1.4181237
1.4164376
1.4389356

1.4103547
1.4344087
1.416176
1.4015492
1.4076883
1.4352391
1.4294484
1.4328035
1.420014
1.4163384
1.4036689
1.4018372
1.4108644
1.3820325
1.3989638
1.4218389
1.408752
1.4058855
1.4076133
1.4583236
1.4298708
1.4010258
1.4505907
1.4014423
1.4240124
1.4189091
1.4166673
1.4116105
1.4324077
1.4381031
1.4012138
1.4388323
1.4448311
1.4464914
1.4372517
1.3989422
1.4162129
1.4290464
1.4013629
1.4411273
1.4047456
1.4282422
1.4276842
1.4241203
1.4223526
1.4255058
1.4351816
1.4082688
1.4044
1.4338106
1.3959503
1.4174249
1.4055684
1.4212816
1.4048257
1.4080783
1.4308077
1.4160959
1.414264
1.4009609
1.4116552
1.4032236
1.4184957
1.4214617
1.4364465
1.423567
1.3918302
1.4005748
1.410607
1.3996837
1.399846
1.4260821
1.3998427
1.4196758
1.4036065
1.447478
1.4039761
1.4305907
1.4393706
1.4211583
1.4063342
1.3984442
1.4176698
1.4368134
1.4178371
1.4396318
1.4112085
1.4206774
1.3973624
1.3989553
1.4109368
1.404505
1.4105397
1.4047906
1.4089699
1.4017335
1.448824
1.4293404
1.4183605
1.4188057
1.429657
1.4129072
1.4210861
1.4312944
1.3937038
1.4258626
1.4433173
1.4329476
1.4322056
1.4222051
1.4126159
1.427223
1.433561
1.4095267
1.4239087
1.399503
1.4135728
1.3965471
1.4204863
1.4123671
1.4302263
1.4128686
1.4002211
1.4197648
1.3843992
1.3970962
1.4235474
1.4465132
1.4264628
1.4220457
1.4117829
1.4374512
1.430723
1.3989357
1.408116
1.4240091
1.4236975
1.443095
1.4291253
1.4214121
1.4242961
1.4074272
1.4240296
1.4255642
1.4084202
1.4144895
1.4433266
1.413303
1.4071707
1.4288576
1.4112813
1.4238464
1.4141636
1.4202069
1.4113101
1.4250101
1.3979132
1.3874626
1.38028
1.3907572
1.4353842
1.4323496
1.4070174
1.3931236
1.4131582
1.42245
1.3987156
1.4308574
1.3933191
1.4152734
1.4104433
1.4248854
1.4043726
1.4096345
1.4260743
1.398344
1.4248552
1.4405535
1.3999245
1.4042783
1.406465
1.4002938
1.4219611
1.4071479
1.4147898
1.419619
1.4035579
1.429366
1.3972367
1.4344691
1.3944136
1.411149
1.4474105
1.4265286
1.4254385
1.4128106
1.4591438
1.4580063
1.4022212
1.4229956
1.4081951
1.4337692
1.3971317
1.4234353
1.4039857
1.431196
1.4171255
1.4212369
1.4208221
1.4207338
1.4025977
1.3948518
1.4235747
1.4089701
1.4253433
1.4046026
1.4464228
1.432236
1.4137001
1.4224178
1.3964596
1.400944
1.4072069
1.4181114
1.4185215
1.4085054
1.4136785
1.4330405
1.4407582
1.4247658
1.4221991
1.4155838
1.4270347
1.4012243
1.3932115
1.3955555
1.427826
1.4431576
1.4308208
1.4207065
1.42049
1.4222956
1.4210049
1.4158274
1.4229684
1.4158077
1.404035
1.4211917
1.4085755
1.4286761
1.4128593
1.3954123
1.4009979
1.4059937
1.4698215
1.4289875
1.4204412
1.4221175
1.4418938
1.388803
1.4298579
1.4136146
1.3818704
1.4015493
1.4056971
1.4330418
1.4265925
1.4039127
1.400167
1.4179963
1.4397649
1.4400979
1.4389755
1.4472566
1.4120847
1.4359305
1.4382213
1.4152985
1.4213423
1.4427108
1.4097742
1.389315
1.4002101
1.4353625
1.4170625
1.4242542
1.423055
1.424999
1.452074
1.3675929
1.4133704
1.4354805
1.414847
1.4223183
1.414844
1.4316523
1.4211009
1.434696
1.4169049
1.419565
1.4098389
1.4215127
1.410149
1.4123905
1.4085349
1.4216307
1.4138911
1.4197863
1.4258521
1.4292669
1.4486964
1.4010555
1.4166751
1.4249706
1.4361027
1.4040847
1.4099797
1.4241618
1.4221772
1.4114116
1.3842347
1.4279414
1.3971342
1.3957512
1.3841498
1.4384675
1.4271764
1.4188546
1.4017069
1.4131036
1.4225644
1.4325926
1.4040458
1.4290429
1.4047661
1.4225396
1.4292426
1.4258957
1.4120439
1.397273
1.4093581
1.4202969
1.447858
1.4307216
1.4264184
1.4053552
1.4144627
1.4391195
1.4224874
1.3855523
1.4415294
1.4241694
1.4133209
1.4037023
1.4147755
1.4186434
1.4151169
1.4296411
1.3968681
1.4283414
1.3938851
1.404531
1.3932496
1.4276718
1.4296889
1.4269351
1.4048736
1.4023577
1.4219285
1.415009
1.4078641
1.423752
1.3886551
1.3808887
1.4403747
1.4255291
1.4014127
1.3928093
1.421216
1.4155858
1.4255737
1.4123973
1.4236494
1.4150565
1.4420238
1.4000791
1.4185247
1.4226071
1.4045713
1.4186997
1.4283906
1.3956515
1.4286838
1.4332302
1.4120342
1.4169068
1.4250207
1.3885456
1.4116836
1.4178501
1.4324497
1.4169656
1.4423015
1.4332736
1.4298377
1.4042792
1.419576
1.4268723
1.4127012
1.4193461
1.4417064
1.4169414
1.4459047
1.4171528
1.435413
1.4396958
1.4485786
1.4257063
1.4251187
1.4107338
1.4073749
1.4424865
1.4219124
1.424791
1.4164124
1.4188555
1.4281403
1.4182075
1.4445767
1.4242713
1.4248538
1.4134419
1.4266063
1.4227486
1.3947059
1.4106841
1.4365642
1.4099549
1.4378829
1.4013608
1.4032683
1.4201186
1.4385344
1.4067773
1.4431899
1.390821
1.4461954
1.4120029
1.433191
1.4209632
1.4174867
1.4239767
1.3678179
1.4090003
1.4358209
1.4267609
1.4281672
1.4059248
1.4179667
1.4113699
1.420338
1.4210247
1.4023168
1.4056205
1.4320687
1.4488205
1.4293445
1.4115872
1.404139
1.4232429
1.4054024
1.4267653
1.4304959
1.4200957
1.3970743
1.4208747
1.4279099
1.4282098
1.4259336
1.4091116
1.4098552
1.4222162
1.431865
1.4008259
1.4082494
1.4301707
1.430925
1.4334116
1.4289366
1.4112086
1.4203548
1.4252702
1.4159857
1.4158376
1.4104271
1.419538
1.4330666
1.4458082
1.4063293
1.4456204
1.4134138
1.4237615
1.3996787
1.4335747
1.4589058
1.4105386
1.4307595
1.4248036
1.4074725
1.4045779
1.4243923
1.4265673

1.6967013
1.7038251
1.719504
1.647441
1.726373
1.6544197
1.7310644
1.7109538
1.736657
1.634744

