0.07000315
0.052632093
0.027235508
0.057638884
0.04802525
0.06522739
0.075828314
0.08356786
0.055089712
0.057674646
0.04318273
0.058281183
0.09099698
0.14000869
0.07871795
0.062407374
0.1326989
0.13674474
0.110357165
0.049330354
0.050810218
0.11776078
0.088611364
0.10497522
0.06212902
0.13199615
0.106986284
0.055966735
0.042399406
0.039993644
0.100316405
0.05331409
0.074038625
0.058882475
0.019275546
0.061466813
0.025487661
0.08821702
0.04478526
0.14469457
0.13964343
0.028256178
0.22673106
0.03121245
0.045240164
0.09392011
0.027265668
0.085806966
0.037778974
0.122154
0.06470895
0.09174514
0.10442495
0.047267556
0.098131776
0.051575422
0.14388001
0.04748261
0.20283937
0.0821898
0.042339444
0.06550825
0.15498161
0.03595388
0.06452584
0.025421977
0.02795589
0.06693745
0.036342382
0.07030904
0.07719314
0.049283504
0.07458329
0.0074386597
0.14023983
0.05697882
0.048372388
0.06044388
0.031868935
0.07547295
0.048959136
0.036363006
0.05736494
0.032061934
0.060396552
0.09083712
0.117164016
0.05861497
0.095610976
0.03215587
0.047160387
0.05613494
0.057286143
0.069526196
0.05899179
0.021747231
0.22608352
0.069523096
0.008015633
0.051464677
0.01742661
0.022628307
0.20113754
0.027282
0.066170335
0.113554835
0.14192426
0.052656054
0.10165954
0.052584887
0.022208333
0.17002225
0.04474044
0.064664006
0.39786816
0.10628414
0.041985035
0.18355036
0.068609715
0.019733071
0.047729015
0.07832396
0.07487059
0.037402987
0.039004445
0.04740584
0.03143549
0.1225276
0.15857518
0.038961053
0.0684011
0.05901444
0.045891643
0.09524727
0.066268206
0.094480395
0.11804485
0.08772349
0.03000927
0.091302276
0.075128675
0.23349452
0.0156081915
0.071009874
0.087049246
0.032863975
0.06757009
0.15408754
0.048045754
0.09545255
0.10581243
0.05066204
0.10744488
0.12647009
0.058333755
0.06064892
0.03158486
0.016125202
0.047504187
0.06436491
0.08888507
0.078081846
0.15974784
0.045416236
0.03322327
0.039668918
0.07106602
0.07722139
0.081388116
0.045871973
0.03591585
0.09315646
0.08958256
0.03998065
0.07714331
0.04801476
0.04196787
0.059845448
0.055081487
0.03668797
0.041514993
0.0924027
0.020000577
0.08996785
0.04378271
0.08222246
0.05224669
0.041461825
0.09286642
0.11997867
0.069174886
0.06686723
0.037127376
0.071703315
0.07091975
0.08240509
0.029779196
0.02857411
0.07253015
0.060403228
0.039365053
0.054667473
0.09254992
0.017599583
0.19860554
0.047054887
0.041008472
0.0578928
0.04983723
0.049821496
0.04168892
0.040995717
0.029411793
0.02635479
0.014242291
0.11237669
0.07425535
0.09464359
0.04780197
0.04818666
0.01649499
0.05609715
0.080337405
0.016228795
0.24776936
0.04607117
0.09294498
0.12135613
0.045430064
0.10172272
0.03676641
0.018059134
0.047415614
0.08772302
0.029775023
0.20853233
0.06542683
0.15085685
0.058700323
0.05649817
0.1161387
0.04222858
0.16861641
0.0596478
0.021110773
0.07412326
0.047950625
0.18651426
0.039634824
0.035556197
0.0257653
0.069575906
0.13882542
0.06340003
0.049327493
0.07741845
0.13201189
0.15420675
0.07216525
0.068656564
0.22309566
0.047072887
0.046660542
0.047867417
0.07670295
0.10473776
0.016105294
0.025719404
0.12647927
0.07371056
0.08322716
0.10921836
0.1774733
0.025350213
0.07454646
0.028873682
0.17063701
0.11069453
0.12123847
0.106156945
0.16574967
0.012196302
0.034424663
0.090612054
0.05650103
0.09201026
0.033816695
0.06471896
0.03583324
0.08164406
0.03764379
0.09778166
0.007798314
0.045781016
0.14877677
0.06808126
0.052855372
0.064469576
0.07543695
0.011850119
0.09076834
0.030198097
0.077496886
0.14424217
0.15990818
0.061187506
0.093862295
0.044345617
0.18881583
0.06016755
0.04416144
0.24956632
0.031026483
0.040484905
0.03633809
0.06417835
0.06604648
0.09291291
0.085549355
0.010533571
0.031300783
0.098823786
0.10548329
0.09191108
0.11023235
0.0704025
0.02741456
0.07343662
0.029310822
0.08077991
0.10083139
0.006884575
0.027479291
0.057410717
0.22831392
0.05806625
0.023147464
0.060621142
0.0026242733
0.047327757
0.06510377
0.07653868
0.061403036
0.023346424
0.03770113
0.019102812
0.08798516
0.063871264
0.014724493
0.13929522
0.041201115
0.05579722
0.12866199
0.08194983
0.05796373
0.05638647
0.050050378
0.039624095
0.10277963
0.06275368
0.04231274
0.025580645
0.024069905
0.028985143
0.12202954
0.048148632
0.061404705
0.025757313
0.06760204
0.053087115
0.06496477
0.2529446
0.11350942
0.034377694
0.08662653
0.049981356
0.06316793
0.04737377
0.016185164
0.03553784
0.028727412
0.05660236
0.056554794
0.13586998
0.024837613
0.039334178
0.07590866
0.054795742
0.06344843
0.054686427
0.103200674
0.0981009
0.04385209
0.018143415
0.06853187
0.16078186
0.03197241
0.062354922
0.057447553
0.05724418
0.08078027
0.053262115
0.01846528
0.03602588
0.05273831
0.011761308
0.09260905
0.04510808
0.12983596
0.02103877
0.04212308
0.09358144
0.054584622
0.04811728
0.052194
0.052109122
0.06618118
0.029412985
0.06302774
0.04418719
0.058646798
0.058528423
0.098495245
0.09664774
0.1469258
0.032365322
0.058122277
0.087767124
-0.0031574965
0.055946946
0.061907172
0.057530165
0.044186115
0.14183009
0.051621795
0.0626142
0.14380634
0.10088003
0.10264206
0.07111955
0.023515344
0.09552586
0.07151091
0.035578012
0.04253435
0.030918479
0.013954163
0.06572747
0.038024783
0.07528341
0.09929979
0.030161858
0.1079427
0.09989786
0.06570315
0.033043146
0.0070574284
0.04574132
0.116043806
0.1425488
0.10113287
0.20822954
0.049657345
0.09829855
0.06475687
0.08061278
0.045860887
0.067070246
0.011260986
0.11978376
0.12495983
0.15410829
0.07484257
0.053826332
0.07543373
0.13711631
0.06805599
0.049274683
0.038330674
0.039999127
0.02033031
0.06642902
0.089576244
0.07249761
0.053387284
0.03913057
0.09099257
0.0920825
0.14675784
0.16721416
0.07784712
0.07871616
0.15039647
0.15171611
0.10479033
0.027999878
0.048987746
0.021290064
0.14431
0.082267165
0.05444789
0.1464889
0.1373378
0.07238817
0.040208578
0.013625026
0.0077605247
0.100275636
0.150787
0.04323411
0.016327143
0.034859896
0.09077549
0.0654006
0.09779942
0.06479776
0.09496188
0.08882594
0.058591723
0.11073351
0.06724274
0.137725
0.04135096
0.035639524
0.016691089
0.042520404
0.04304886
0.05667436
0.2227335
0.035474062
0.09787607
0.09681058
0.11161387
0.14204574
0.05262053
0.054370522
0.06829858
0.04491484
0.013865948
0.037821293
0.052627563
0.04051268
0.09042585
0.19418061
0.055249214
0.08803904
0.036813617
0.05271399
0.16322243
0.11300123
0.079879284
0.060461283
0.035861015
0.0936414
0.036107898
0.05050111
0.046920657
0.07624555
0.09385502
0.052821755
0.025897026
0.05779898
0.03396833
0.092603564
0.036354184
0.022315979
0.077175856
0.08217144
0.059525967
0.08376145
0.12697744
0.09008813
0.1897875
0.021562696
0.17236769
0.028418541
0.036982775
0.08927107
0.068528295
0.041686654
-0.0039833784
0.07307637
0.09404731
0.030597925
0.07064414
0.0064496994
0.05452442
0.052324414
0.058106184
0.102992654
0.063804746
0.050195932
0.12966692
0.063283205
0.03724253
0.08297145
0.027114153
0.12535834
0.037199616
0.081707954
0.04784262
0.09530616
0.017533422
0.096123695
0.011680007
0.05355382
0.012978196
0.056334734
0.09496665
0.03782332
0.10309255
0.047272682
0.033043385
0.04611802
0.06029761
0.021069884
0.12286377
0.07738078
0.09324694
0.042051315
0.0791986
0.059152246
0.08781135
0.00083982944
0.18386114
0.010283709
0.04438889
0.11379707
0.055009127
0.060272098
0.021400332
0.053632855
0.038481712
0.021490932
0.15046835
0.05789447
0.042004466
0.0048416853
0.046821713
0.02986288
0.09652293
0.045717716
0.04880762
0.15300477
0.06289649
0.13081574
0.010641098
0.09635687
0.036065698
0.057348967
0.041664958
0.041058898
0.09140682
0.06074035
0.05784011
0.058095932
0.056806803
0.07002592
0.08187032
0.03149879
0.062186122
0.12148976
0.09124017
0.06982243
0.04547572
0.118112445
0.08001685
0.09903133
0.04005027
0.0933826
0.07820678
0.059778452
0.060492754
0.04115987
0.06090808
0.035516024
0.04533577
0.14259565
0.0051703453
0.090005636
0.022963285
0.08813548
0.12757838
0.102553725
0.08573198
0.042642713
0.09032786
0.02673459
0.023174286
0.045177937
0.048011065
0.07366204
0.040816784
0.17712855
0.107928395
0.085366964
0.111391425
0.13390017
0.03655088
0.04987645
0.11680102
0.10451257
0.22072756
0.067584634
0.0821383
0.04963863
0.065666676
0.10854685
0.08090329
0.028707147
0.024797797
0.15122044
0.05916512
0.045556903
0.038048983
0.15031958
0.076414585
0.038334966
0.0614388
0.11128962
0.01974535
0.04112351
0.008990049
0.024613619
0.016641736
0.06837702
0.0579741
0.041153193
0.295295
0.14277196
0.036904693
0.0360111
0.107931614
0.078620434
0.09701538
0.056947708
0.05312729
0.14832091
0.092681766
0.06938028
0.09214151
0.0921191
0.011947274
0.13563192
0.04939568
0.13002384
0.110506535
0.104629636
0.09478891
0.10161698
0.059497595
0.050548077
0.049503326
0.11578035
0.021607995
0.122489214
0.022516847
0.03328538
0.015250802
0.21384501
0.027450442
0.11029136
0.011520863
0.116651416
0.07588589
0.10088527
0.019575238
0.0030095577
0.054317594
0.021646857
0.08288884
0.048377275
0.098956585
0.06152451
0.121690035
0.0922333
0.012149692
0.05659008
0.02708137
0.022508383
0.04173386
0.10190356
0.039556384
0.051408887
0.16474867
0.124905705
0.06848502
0.062737584
0.2194705
0.06611717
0.15725315
0.037534952
0.10778928
0.09940457
0.04750538
0.077700615
0.12996972
0.06208849
0.06316829
0.013223767
0.032450914
0.021370053
0.056548476
0.016734958
0.045631766
0.08552241
0.042704344
0.092081904
0.059443593
0.029448628
0.09170592
0.04304254
0.083643794
0.009826422
0.0713892
0.040755987
0.08236861
0.08987653
0.045227528
0.03328979
0.05029428
0.09866619
5.9843063e-05
0.026281595
0.0484035
0.059383154
0.04031098
0.046654344
0.06346142
0.0682466
0.036316156
0.051154613
0.16251493
0.061345816
0.024301529
0.094034195
0.10120833
0.03936231
0.03524661
0.015782952
0.030090213
0.11973393
0.029511929
0.09975135
0.07925558
0.10760522
0.059538364
-0.0029793978
0.10833061
0.01625061
0.035737872
0.059313774
0.09180236
0.03304553
0.015484691
0.14463699
0.10867882
0.07542193
0.03778386
0.09310019
0.08784723
0.039851308
0.047311425
0.029070139
0.059173346
0.13571239
0.03977287
0.07881117
0.041792393
0.057616115
0.0497154
0.078333735
0.071122766
0.07893503
0.07826877
0.22304404
0.028224587
0.04428506
0.010644197
0.044390798
0.06857109
0.00579679
0.04205501
0.0117594
0.031672716
0.054362655
0.05868566
0.12875152
0.019589901
0.049649
0.10110557
0.058751702
0.19589424
0.027416468
0.048811197
0.07650685
0.08154321
0.027103066
0.102062106
0.026263356
0.034434438
0.11515081
0.031318903
0.0874666
0.08077896
0.087786555
0.057157636
0.06899631
0.086746216
0.010997057
0.043118834
0.05699849
0.03775716
0.029079914
0.060702085
0.080118775
2.3007393e-05
0.090173125
0.084132075
0.036887407
0.0051738024
0.05384636
0.07445443
0.07754314
0.10295391
0.06885731
0.053590775
0.06920922
0.0412699
0.12264705
0.023361206
0.025631666
0.10154617
0.08253813
0.040531278
0.045895934
0.15547848
0.044341207
0.08118868
0.040542364
0.051727533
0.04842925
0.0383842
0.010215282
0.038897276
0.06660128
0.04367447
0.04369414
0.13200831
0.033176184
0.14197946
0.079781055
0.2024529
0.054450393
0.08979261
0.045910954
0.032308817
0.075297594
0.17490685
0.06338489
0.08686066
0.04184842
0.050968647
0.017969847
0.058415294
0.014900684
0.053758025
0.06107974
0.09833467
0.056273222
0.10248864
0.0065124035
0.058327794
0.15657532
0.049143672
0.035266638
0.042432666
0.020012021
0.053836107
0.027641892
0.054656625
0.038882256
0.027592301
0.017235994
0.06314206
0.011441588
0.07870674
0.24313629
0.061447263
0.028487325
0.022086143
0.07888055
0.045986176
0.07286477
0.123995304
0.04581952
0.09029698
0.07392156
0.05650592
0.023655057
0.06624246
0.094286084
0.08709371
0.05763793
0.019949794
0.04693401
0.07518911
0.050885677
0.0747813
0.13276064
0.029738545
0.015156627
0.088370204
0.02135706
0.11430192
0.10198641
0.051906586
0.025491118
0.013402939
0.11950767
0.18757868
0.021468401
0.04621637
0.12144482

1.8257465
2.093766
2.5162964
2.6949859
2.7468317
2.7568202
2.11383
2.5710547
2.6001325
2.705472

