1.4998256
1.4549491
1.4705436
1.4723226
1.4669824
1.44921
1.4799862
1.5073705
1.5544907
1.4586099
1.5063653
1.4593246
1.5251627
1.5344375
1.52082
1.466048
1.5447998
1.5886481
1.5699271
1.4867092
1.4879478
1.4727608
1.5362903
1.5438509
1.5333264
1.4606
1.507832
1.4667647
1.4466006
1.4673302
1.4802936
1.456976
1.4422159
1.4301442
1.4064391
1.4700342
1.4108323
1.5032674
1.4406999
1.5647247
1.6130221
1.4810241
1.6250355
1.4415629
1.4789505
1.4235669
1.4558094
1.4593107
1.4698479
1.5598525
1.4928252
1.5153357
1.582673
1.4084461
1.5563278
1.4431775
1.5382017
1.4667525
1.5900589
1.4980482
1.4597547
1.4573778
1.5369889
1.4945378
1.490808
1.3975718
1.4436277
1.4756646
1.4152077
1.4423728
1.4913572
1.4365523
1.4412163
1.4499884
1.6340833
1.5059363
1.448125
1.4852693
1.430195
1.5617865
1.4568552
1.4296608
1.4267553
1.451002
1.5333734
1.4568161
1.5426136
1.4764254
1.4747038
1.359801
1.4902427
1.511425
1.5397378
1.5073061
1.4623903
1.4287555
1.6200924
1.4891107
1.4562516
1.4899367
1.4002962
1.4603673
1.6357534
1.4278789
1.4424795
1.5668621
1.5017284
1.38671
1.4418737
1.4815304
1.4258472
1.5799372
1.3845857
1.4831345
1.8657433
1.5513994
1.4483763
1.6156126
1.4951242
1.4708059
1.4225494
1.4553562
1.5524782
1.4803988
1.5003557
1.4691414
1.4169843
1.5422602
1.6133479
1.4658215
1.5501174
1.3960332
1.4816351
1.5322938
1.4843271
1.5579563
1.5752558
1.4960127
1.434919
1.5356983
1.4896123
1.6234897
1.4045204
1.4872553
1.4778793
1.4289082
1.4286246
1.5433899
1.4729549
1.4914293
1.5074034
1.5454994
1.4850857
1.5374643
1.4708683
1.4916569
1.4593472
1.4158362
1.4035474
1.4598099
1.5236113
1.4585279
1.6031278
1.4178228
1.4663217
1.4263505
1.4971248
1.5371399
1.5108646
1.4385937
1.4314893
1.5069598
1.5136122
1.4118159
1.5244756
1.440953
1.4433563
1.4861255
1.4401836
1.4873027
1.4345295
1.4822057
1.4152592
1.5210706
1.4687531
1.4953171
1.467475
1.4586937
1.4953549
1.4989522
1.4608569
1.4701765
1.4963108
1.4869008
1.5323373
1.5039057
1.443609
1.5106589
1.4998077
1.4351598
1.4685013
1.4526803
1.4814998
1.4461585
1.6033993
1.5053061
1.4287127
1.5147595
1.4769713
1.4277941
1.4450941
1.4217682
1.4256648
1.4408329
1.4739175
1.5312656
1.4758911
1.4846371
1.4845426
1.4730358
1.4878252
1.4897441
1.4749352
1.4031744
1.689071
1.4396539
1.530423
1.5380776
1.4686657
1.465235
1.4725583
1.4223568
1.4604918
1.4954082
1.553096
1.583084
1.5178396
1.5492282
1.4088584
1.4397664
1.5552751
1.4710195
1.5414886
1.5162486
1.4303269
1.5074304
1.4131343
1.6381546
1.5544124
1.4884202
1.4864019
1.5092906
1.5838537
1.5006456
1.360446
1.4895196
1.5652738
1.6609958
1.4086121
1.4368565
1.6448588
1.4761326
1.4942718
1.4301257
1.5335832
1.5120308
1.4102259
1.4300238
1.5401832
1.4975839
1.5134809
1.4813871
1.5398334
1.4211874
1.4430933
1.4602723
1.5331781
1.5808858
1.5511304
1.4929209
1.5863714
1.4433036
1.5024937
1.4824984
1.4667875
1.5690954
1.3809478
1.4997363
1.4048797
1.4863958
1.5148671
1.4684721
1.3910924
1.4249784
1.5902807
1.5142089
1.4995664
1.5632994
1.5000938
1.3899982
1.5701828
1.3991412
1.4973841
1.5978739
1.5921947
1.5303035
1.4769481
1.4353995
1.6709577
1.4527218
1.4640778
1.6314158
1.4777201
1.455271
1.3469845
1.4467216
1.4514755
1.5684371
1.5603834
1.4467897
1.4569881
1.5274134
1.4969544
1.5075223
1.5331291
1.5031121
1.4342705
1.4375199
1.4512804
1.4200777
1.4579905
1.4002769
1.4201342
1.4233161
1.6750048
1.4946941
1.421401
1.4564891
1.4250506
1.4991647
1.5095615
1.4891992
1.4706478
1.391329
1.3700622
1.4621245
1.46974
1.435754
1.4517691
1.5388093
1.5049925
1.49989
1.5122797
1.452323
1.4679323
1.4839251
1.4760369
1.5403036
1.5399436
1.5037295
1.4385096
1.4536529
1.4624383
1.436627
1.4861017
1.4916009
1.4351138
1.4238662
1.4653598
1.4478568
1.540193
1.6726954
1.5458586
1.4873092
1.4826964
1.4761626
1.5524188
1.4848974
1.4586077
1.4601538
1.4017442
1.4698242
1.494907
1.5297207
1.4417611
1.4712032
1.4618355
1.4546024
1.5120507
1.4517381
1.5115944
1.5064217
1.3819585
1.4709471
1.5130936
1.5460831
1.4666449
1.5347196
1.5413959
1.475195
1.4920579
1.4302205
1.3677372
1.4322705
1.5119141
1.4284519
1.5049769
1.4232954
1.5426315
1.4506092
1.5015947
1.5272319
1.4733342
1.49046
1.4302188
1.4724959
1.5107386
1.4127129
1.5217052
1.4609416
1.5055411
1.4560913
1.4567807
1.5090308
1.5535567
1.4323697
1.487268
1.5068307
1.4135907
1.5129756
1.4901286
1.501039
1.3940786
1.5655658
1.4623109
1.402503
1.5374247
1.4990219
1.454475
1.4029053
1.44963
1.5705229
1.4865924
1.4530787
1.4963177
1.3870565
1.452428
1.4385402
1.4517049
1.5178272
1.5554001
1.4719809
1.5347381
1.512456
1.4974715
1.3796937
1.4042221
1.4134688
1.565557
1.5553182
1.4649323
1.5855457
1.4138619
1.4753064
1.4698899
1.5307673
1.4455963
1.4397495
1.4757302
1.5409485
1.5606881
1.5841506
1.5051655
1.5293871
1.594691
1.5242234
1.4658601
1.4798433
1.3934681
1.4614109
1.4386185
1.4554808
1.4721388
1.423681
1.4852153
1.4572082
1.4843245
1.5150946
1.5717839
1.5642545
1.4810399
1.4743836
1.540599
1.5377915
1.5285311
1.4418969
1.4634101
1.463701
1.5720334
1.4982133
1.4316893
1.5652332
1.5145633
1.5104845
1.4609157
1.4405628
1.4071758
1.5055795
1.5720973
1.4176939
1.473271
1.4762423
1.4393343
1.4458592
1.4768767
1.429022
1.5083084
1.5378722
1.3958186
1.503451
1.5115114
1.5733784
1.5345412
1.4777632
1.425885
1.4260484
1.4954567
1.4800853
1.6990747
1.4381561
1.5517226
1.5152322
1.5408183
1.551856
1.4452852
1.4439251
1.4595066
1.4486225
1.4229295
1.4022777
1.5241234
1.4696316
1.5214784
1.5459447
1.4656974
1.5021834
1.4683483
1.4979134
1.6311485
1.493941
1.5000827
1.4574486
1.4499288
1.5137073
1.4184171
1.4287647
1.4534554
1.5085773
1.5297403
1.428434
1.4276115
1.4382699
1.4651979
1.5395808
1.4903711
1.4175997
1.4934231
1.4716289
1.4782596
1.4822276
1.5376749
1.4508215
1.5969778
1.4583888
1.5529205
1.4495188
1.4907709
1.558564
1.5152082
1.4745748
1.3692151
1.4292722
1.4437271
1.3812892
1.5548513
1.4084245
1.4832302
1.4534252
1.4255291
1.527439
1.4700952
1.4475232
1.5599728
1.5018302
1.4963742
1.5088086
1.4241816
1.5229411
1.4304925
1.4287593
1.4344207
1.5568932
1.3966525
1.5323346
1.4832355
1.5044998
1.4332564
1.4994388
1.5021888
1.4180131
1.470142
1.4559447
1.4636548
1.488059
1.4840561
1.4109296
1.6259538
1.4422534
1.470459
1.484636
1.5413125
1.4974374
1.4472528
1.3866644
1.6588103
1.3856113
1.4763079
1.5198864
1.4417427
1.4328206
1.3819044
1.4694631
1.4100101
1.4548184
1.580196
1.455848
1.4443853
1.3824344
1.4380378
1.4110104
1.5162588
1.4731752
1.4740254
1.5002168
1.5345454
1.5420164
1.4625494
1.4773027
1.4753542
1.4580363
1.4576303
1.5145197
1.5447961
1.4942545
1.4569747
1.4518023
1.5111183
1.4429398
1.456925
1.4770461
1.4439288
1.4869831
1.5148141
1.5073417
1.4560677
1.5126405
1.480829
1.4598489
1.4347492
1.4193643
1.4868673
1.450758
1.4543495
1.4667809
1.484012
1.4285145
1.4831848
1.519691
1.4271963
1.4782208
1.4273521
1.5198683
1.5420893
1.4905502
1.4491822
1.4291712
1.5815297
1.4451276
1.4072806
1.4518712
1.4197078
1.5235642
1.4413319
1.5642242
1.533054
1.4400537
1.5139971
1.5879084
1.4452598
1.4237177
1.5549998
1.4427441
1.6591201
1.549086
1.4501642
1.4592386
1.4983196
1.5557957
1.5138671
1.4290782
1.4150107
1.5952833
1.4628352
1.4727563
1.4051679
1.5422069
1.4641069
1.3974936
1.5566047
1.5390458
1.4437428
1.4277911
1.3976988
1.4418806
1.4763051
1.4102864
1.4463234
1.4236453
1.7056702
1.5293031
1.451737
1.4526931
1.4926559
1.5231266
1.6030867
1.5132718
1.4151927
1.6027874
1.4534546
1.5110191
1.5070899
1.4950677
1.4241953
1.5784854
1.4295852
1.5663333
1.4978665
1.5419098
1.5149353
1.5593418
1.5460509
1.506105
1.4538969
1.4942456
1.4466659
1.538579
1.462479
1.4134598
1.3983122
1.6055136
1.4293907
1.5177912
1.3937871
1.4515611
1.5307555
1.5275773
1.4538883
1.3859966
1.4311104
1.4823338
1.4860849
1.4771863
1.4569725
1.5465382
1.5450325
1.4614973
1.4696712
1.4535186
1.4944414
1.414601
1.4549434
1.5079303
1.4301918
1.4776155
1.5985641
1.4799724
1.4682038
1.4901116
1.582957
1.4511551
1.5584264
1.4551667
1.5555996
1.5277984
1.5394121
1.4703718
1.5680608
1.4463571
1.5407878
1.3136322
1.439535
1.4619212
1.46207
1.385734
1.4541934
1.4247423
1.5242803
1.4972018
1.4440821
1.4905405
1.4907274
1.4106784
1.473378
1.3663841
1.487523
1.4808258
1.5161151
1.4731501
1.4417169
1.4390213
1.4940759
1.4746938
1.3820099
1.4241209
1.475033
1.4458638
1.4868981
1.5096713
1.4547617
1.4493474
1.4427383
1.5048194
1.5627214
1.4474297
1.4210727
1.5143527
1.5132737
1.4321077
1.481782
1.4383544
1.4565812
1.536565
1.4999185
1.4944216
1.5382752
1.5027181
1.4387568
1.404634
1.48487
1.3302375
1.4318002
1.5224967
1.4841526
1.4164683
1.4190606
1.5333519
1.5472945
1.4203074
1.4050957
1.5339842
1.5594246
1.4480096
1.4340453
1.4113609
1.46059
1.5536253
1.3816448
1.4449248
1.5315088
1.5060549
1.5217026
1.4884796
1.5498043
1.4699423
1.5131922
1.5935904
1.3891455
1.4450045
1.3933383
1.4274982
1.4718125
1.3622249
1.439235
1.4108943
1.4542798
1.4866909
1.4713486
1.5234429
1.3962643
1.4917539
1.4981859
1.537947
1.6482635
1.4099658
1.4679656
1.4880573
1.493249
1.4362657
1.4791675
1.4577955
1.4607533
1.5020969
1.4159006
1.4993789
1.4863561
1.4764355
1.5364144
1.5689381
1.4988953
1.4362868
1.4716356
1.5041404
1.4713345
1.3822881
1.5144571
1.5212853
1.4637276
1.5951717
1.4937063
1.4504321
1.4160169
1.4537747
1.4779706
1.5133533
1.4747466
1.4656155
1.5344676
1.4929309
1.4434143
1.5058329
1.4842395
1.426519
1.4827036
1.5137646
1.4377657
1.4386075
1.5611506
1.5277079
1.4429905
1.4033244
1.4283851
1.4705513
1.4378097
1.4453554
1.4489857
1.4841747
1.4639041
1.3352451
1.5242896
1.4398609
1.5369956
1.519568
1.6337248
1.505743
1.4791791
1.3762486
1.466687
1.5311278
1.5834856
1.4764217
1.4744576
1.4539901
1.4663378
1.4464458
1.500193
1.4629668
1.4538898
1.4570665
1.5883892
1.5358642
1.4820498
1.4195989
1.4994719
1.5359559
1.5281798
1.4836382
1.4230837
1.4842751
1.4512168
1.4759291
1.5081865
1.424113
1.4927399
1.3893265
1.4219118
1.4243191
1.501652
1.650283
1.4780482
1.4387214
1.4306681
1.5684259
1.541209
1.4945675
1.4889941
1.4972678
1.4299028
1.4271934
1.4791585
1.415167
1.4846226
1.469484
1.529661
1.4996359
1.4002886
1.5341994
1.5210028
1.4620935
1.4594465
1.6025935
1.500947
1.4662578
1.466443
1.4294858
1.4729114
1.417053
1.4533739
1.433241
1.4195633
1.5729523
1.6324794
1.4218581
1.4295858
1.5177337

3.2826328
3.50857
3.9138713
4.104891
4.1128035
4.1309333
3.5326564
3.979123
3.992309
4.1344357

