0.994596
1.3275243
1.2145218
1.3170935
1.228463
1.4988618
1.5406314
1.1442667
1.5796506
1.4487894
1.3064055
1.6119951
1.3521049
1.1064928
1.6859837
1.4427632
1.2195671
1.3425099
1.6583714
1.2351948
1.5634
1.4427267
1.4258996
1.6862
1.5342704
1.5462595
1.5614083
1.2677022
1.6382818
1.4400223
1.3636297
1.3999028
1.5798267
1.3055599
1.4327965
1.5016435
1.228198
1.4450271
1.1087977
1.6249264
1.511221
1.5818806
1.3352289
1.7472811
1.4728637
1.3965952
1.5987974
1.5050721
1.602779
1.2091485
1.465659
1.4376976
1.2769312
1.669374
1.338198
1.3820598
1.6742198
1.6721511
1.7119464
1.352724
1.3797066
1.4799377
1.1035866
1.8038436

1.363702
1.3537734
1.2820563
1.2861195
1.3364713
1.4330949
1.4606903
1.4365984
1.4261144
1.3653177
1.4412992
1.473202
1.3709582
1.4853721
1.4289273
1.329916
1.4780922
1.3390622
1.4109272
1.4330064
1.4170103
1.5235163
1.5212235
1.4510584
1.4269556
1.456693
1.4489619
1.2885566
1.5097755
1.3842785
1.4807243
1.4480973
1.4642758
1.4201173
1.5598648
1.4322379
1.4566175
1.3604683
1.3557445
1.3760577
1.4716574
1.3380624
1.4128596
1.4790419
1.3995764
1.4477769
1.3927836
1.2551389
1.4260391
1.6319697
1.4124736
1.4207319
1.4163073
1.3309863
1.5123924
1.3250675
1.4143686
1.6336122
1.4233065
1.4568487
1.3282542
1.372439
1.5237545
1.3849925

1.3709775
1.4460286
1.4327197
1.4503838
1.4655656
1.3147964
1.4236962
1.346397
1.4114339
1.4313635
1.4183589
1.3910244
1.4115063
1.3240827
1.3982284
1.4289573
1.3882172
1.4959012
1.475749
1.3571773
1.4417877
1.3397315
1.4115134
1.4532576
1.4281108
1.4832158
1.3865194
1.5353969
1.4077499
1.4245013
1.4107578
1.4819801
1.3200246
1.4271164
1.4056104
1.3504585
1.3795822
1.4219935
1.3581604
1.3560452
1.3928959
1.388616
1.4330438
1.3984613
1.4184449
1.3607779
1.4369727
1.309022
1.3900208
1.3714113
1.3970314
1.4154394
1.41977
1.5017822
1.3922929
1.4408252
1.3843219
1.4508511
1.391947
1.4017651
1.4638481
1.4315563
1.4279876
1.4314061
1.4273573
1.3683256
1.432915
1.4433218
1.3382534
1.4378042
1.4447848
1.4468566
1.4190589
1.4253242
1.3372684
1.4173827
1.3875576
1.5210139
1.4498849
1.3923016
1.4212581
1.4769747
1.3847439
1.4534714
1.4152118
1.433079
1.3363429
1.3365527
1.3896475
1.3400505
1.3876894
1.3701762
1.3195575
1.4018116
1.4610317
1.4797189
1.4707185
1.3505394
1.4538625
1.3627756
1.4317691
1.3909975
1.3942741
1.4278574
1.473999
1.3300068
1.2954013
1.3633008
1.3438483
1.4985244
1.3922639
1.3889492
1.469089
1.314172
1.3658037
1.3905615
1.4580493
1.3713578
1.4627005
1.4366845
1.4098295
1.4046811
1.4457484
1.3447496
1.3828974
1.4034563
1.4394336
1.4245104

1.4071627
1.4612664
1.4048492
1.4088612
1.398573
1.3419161
1.4232081
1.4572028
1.4272113
1.3731407
1.3594407
1.4823405
1.4784046
1.4308509
1.4164493
1.410662
1.4272956
1.4081942
1.445274
1.406913
1.3426704
1.4763677
1.4865617
1.3749917
1.484172
1.3282717
1.4459422
1.438495
1.4077296
1.4429647
1.4508566
1.470814
1.458565
1.3220868
1.4667873
1.406008
1.3972961
1.4206907
1.4407372
1.3804187
1.4601148
1.410628
1.3842831
1.4091414
1.3798056
1.4706373
1.4221125
1.414211
1.396587
1.3746943
1.4685133
1.3579199
1.4165429
1.3860229
1.3847663
1.3924075
1.4132332
1.3726202
1.3943412
1.4350667
1.3523324
1.4656587
1.4042314
1.4377106
1.4743696
1.387499
1.4208783
1.3904229
1.4363391
1.4678528
1.4104693
1.4404117
1.436306
1.3725262
1.3283607
1.45451
1.4053435
1.4626945
1.4074416
1.4083875
1.4125284
1.3825542
1.4450489
1.4082625
1.453704
1.4175136
1.452521
1.4556888
1.3780777
1.4297134
1.4023691
1.4328262
1.4323198
1.4505873
1.4121261
1.4177669
1.4125711
1.4567742
1.3940511
1.4805138
1.4282082
1.4340067
1.3764198
1.4739822
1.3950636
1.3955451
1.4405739
1.3026718
1.4083674
1.376237
1.4061881
1.394482
1.5041054
1.4229906
1.4563669
1.382229
1.4505543
1.4343408
1.3962137
1.4013959
1.3842107
1.4231598
1.3402226
1.430291
1.4097754
1.4555782
1.3562564
1.4366242

1.4165692
1.4190922
1.4404242
1.4322549
1.431579
1.3676107
1.4208238
1.3390313
1.3983735
1.370372
1.4279838
1.4296032
1.4029094
1.4385198
1.3758367
1.380529
1.4190438
1.4422414
1.3969787
1.3728024
1.4020462
1.3568698
1.4380772
1.4489695
1.4289466
1.4052335
1.4563979
1.3879747
1.4475297
1.4117898
1.400211
1.4424235
1.4825839
1.4633725
1.4350289
1.4857336
1.3710376
1.356979
1.3787494
1.38726
1.4266526
1.4345896
1.3769921
1.3872796
1.3867292
1.3730463
1.4446837
1.3420725
1.3875932
1.4187982
1.4352579
1.4172086
1.4070891
1.4652776
1.3749593
1.4324514
1.4368453
1.3977722
1.3802106
1.4167776
1.4045202
1.3968451
1.4455628
1.4731821
1.4035013
1.3852274
1.3838193
1.4026951
1.431805
1.4236128
1.3849239
1.4066862
1.4715744
1.406796
1.4387803
1.4038209
1.3961586
1.4060227
1.4335265
1.3936974
1.4249913
1.4445354
1.4625341
1.4069753
1.3792953
1.4171444
1.4261451
1.4033281
1.3756963
1.4138552
1.3864323
1.3895086
1.4586797
1.4826806
1.4123065
1.4334975
1.4303876
1.4071549
1.3878161
1.4501443
1.4468511
1.4555753
1.434203
1.3911699
1.3977276
1.4130648
1.3970135
1.3752463
1.3785096
1.4350885
1.410485
1.4518588
1.3925009
1.4228822
1.3927954
1.3915673
1.4276394
1.3580184
1.3917328
1.4071571
1.3961922
1.4026494
1.4142479
1.3628134
1.4448246
1.3990033
1.4359653
1.3896478
1.3955512
1.3996915
1.4702672
1.3869529
1.4086653
1.4185661
1.409919
1.4213455
1.4437853
1.4370096
1.4065073
1.4040512
1.3916832
1.3857123
1.422227
1.4130104
1.4275829
1.4076924
1.4458333
1.431037
1.4566367
1.4186008
1.4325727
1.4039207
1.376768
1.399977
1.3474263
1.4558338
1.3343114
1.4520289
1.407593
1.4522278
1.3901869
1.410232
1.4141929
1.4217328
1.4148531
1.3883305
1.4092562
1.4404825
1.4477168
1.4212965
1.4311206
1.4257755
1.4069206
1.437813
1.3878037
1.4393598
1.4564553
1.4478079
1.416324
1.4574955
1.3937881
1.4112338
1.4637831
1.3437651
1.4264094
1.4667569
1.425551
1.4414518
1.3857547
1.3728591
1.4023494
1.4307283
1.4336666
1.4299679
1.4102492
1.4703394
1.4212224
1.4673125
1.3421806
1.4995033
1.4190443
1.4564848
1.4488364
1.4180605
1.3768654
1.411018
1.3634847
1.4407474
1.3364787
1.4359287
1.43332
1.4460888
1.3996233
1.4447879
1.3483367
1.4495192
1.4181768
1.391958
1.389326
1.469796
1.4393317
1.4599277
1.3709072
1.3900621
1.410855
1.4235715
1.4611051
1.3276868
1.3982577
1.3815583
1.4576105
1.4236021
1.3561769
1.4357431
1.3788409
1.4299693
1.370872
1.4105725
1.3958908
1.4758797
1.3978543
1.431244
1.4513525
1.383622
1.446369
1.4314784
1.4427441
1.3889006
1.3844812
1.3865032
1.4140302
1.4423252
1.4173124
1.4054445
1.3513526
1.4492092

1.4038814
1.4069203
1.4294287
1.4126245
1.409905
1.4151186
1.4067352
1.4342093
1.4186311
1.432191
1.4294882
1.4023606
1.4144255
1.395796
1.3918397
1.3938913
1.4154849
1.4147547
1.4239163
1.456785
1.4034203
1.4352415
1.4526236
1.4547828
1.3801273
1.3829199
1.3939971
1.4042177
1.3910518
1.3663266
1.4368006
1.4166727
1.3886436
1.4070617
1.4078766
1.4310242
1.4518118
1.4066806
1.4291556
1.4018267
1.4018971
1.4022853
1.3998388
1.4278883
1.4221927
1.4142632
1.4381132
1.3702089
1.4307331
1.3917451
1.3898228
1.4638792
1.4292276
1.4523358
1.3861398
1.3935736
1.4083083
1.4240215
1.4082345
1.415018
1.3800111
1.395193
1.4529272
1.4225945
1.4004527
1.4421676
1.4149349
1.3819084
1.4359125
1.4493047
1.3956255
1.4057685
1.420191
1.4119266
1.4451352
1.3780637
1.3652974
1.4324015
1.404672
1.4090639
1.3883952
1.4470596
1.4354707
1.3955003
1.406792
1.4450349
1.4291278
1.4436135
1.412625
1.4209113
1.4307464
1.4202534
1.4131954
1.4462175
1.4293705
1.4160421
1.445482
1.3987814
1.4492068
1.4261068
1.4552903
1.4291979
1.4194257
1.3905159
1.4064085
1.3954777
1.4122864
1.3662384
1.3840476
1.4134591
1.3878719
1.4379717
1.4526143
1.4189018
1.401644
1.3999234
1.4491724
1.4126115
1.4070985
1.3862375
1.4507564
1.4154458
1.4004004
1.4424287
1.3754627
1.4165456
1.4257509
1.4515878
1.3856362
1.3635921
1.4066435
1.4093484
1.3768632
1.4391801
1.4414953
1.4207685
1.4547435
1.4335704
1.3870134
1.410221
1.4103862
1.4295764
1.4475974
1.390814
1.4042517
1.4327503
1.415099
1.4113297
1.4235306
1.4437011
1.4153755
1.4141963
1.4165976
1.4511139
1.4125459
1.4391629
1.3883885
1.3799918
1.4097297
1.3809065
1.4206183
1.4202466
1.3980565
1.4041388
1.3883382
1.4563965
1.411197
1.4134306
1.4005365
1.381012
1.4147561
1.3868469
1.4209807
1.4235697
1.4522465
1.4657273
1.4069706
1.3686863
1.4331151
1.4562107
1.3702221
1.4362934
1.4493155
1.4044292
1.4079121
1.4453409
1.4455371
1.4080205
1.4516449
1.4100573
1.4298049
1.3971615
1.4190706
1.3954043
1.4444823
1.4127029
1.4241894
1.4285694
1.4027207
1.435038
1.4051331
1.4218355
1.3834418
1.3690267
1.4219006
1.3800576
1.4318402
1.4325155
1.3642776
1.374697
1.4122442
1.4249563
1.4448206
1.4528784
1.4198519
1.4351981
1.441045
1.3861396
1.43265
1.4281807
1.4217172
1.4338701
1.4333586
1.4273833
1.4467449
1.4352751
1.3848863
1.3893535
1.406774
1.4235114
1.4145968
1.4457217
1.4041122
1.4041201
1.4369016
1.3677955
1.4135699
1.4544398
1.4079756
1.439355
1.4353762
1.4320365
1.4765788
1.4123237
1.4131335
1.4335041
1.42775
1.385933
1.3982204
1.4430659
1.4213881
1.3780217
1.4295753
1.4312848
1.4026711
1.4103485

1.4051229
1.4274037
1.4058053
1.4393845
1.4267005
1.4615977
1.4347677
1.4053595
1.4501728
1.4241207
1.3919829
1.4865088
1.4387137
1.4336362
1.4221085
1.4714466
1.3525254
1.4414998
1.4007782
1.4048778
1.4726194
1.455179
1.3894964
1.4251076
1.407651
1.3725324
1.4223496
1.4054586
1.3589209
1.4008802
1.4252462
1.4200566
1.3999726
1.4121362
1.4385601
1.3889455
1.3788242
1.389218
1.4249884
1.4010409
1.4261199
1.4375046
1.4455214
1.444984
1.4388782
1.3976082
1.4099756
1.3957314
1.4130245
1.4027504
1.4066439
1.370109
1.4242455
1.4412624
1.432709
1.4203042
1.4168835
1.4009078
1.4009479
1.4046236
1.4145764
1.3727586
1.4030612
1.4444405
1.4316065
1.4519771
1.4198605
1.4474363
1.3784486
1.405796
1.4069623
1.3811809
1.3713131
1.3942056
1.3408045
1.4168906
1.3960861
1.4392191
1.3803777
1.391349
1.4285042
1.4127644
1.4387072
1.3790331
1.4239514
1.4220998
1.3646632
1.4148159
1.4113483
1.4049613
1.3795733
1.43091
1.3731194
1.4793756
1.3751702
1.4043198
1.4165739
1.4240441
1.4123844
1.4091605
1.4414388
1.438375
1.401827
1.421672
1.3620828
1.3959603
1.401328
1.3852781
1.4017618
1.3882953
1.3841308
1.4002043
1.3926357
1.4293679
1.4098499
1.4542475
1.4136324
1.4094213
1.382787
1.4172345
1.43628
1.4468275
1.4429797
1.4064026
1.4274882
1.4274619
1.454437
1.434613
1.4257067
1.4360528
1.4600095
1.380289
1.3947535
1.3953015
1.4107926
1.3860264
1.4042209
1.4519885
1.4338108
1.4703774
1.4381341
1.4626058
1.484089
1.3918036
1.3855095
1.3805816
1.439425
1.4234802
1.4190532
1.3818454
1.3899164
1.398478
1.3996526
1.3636197
1.4154857
1.4578396
1.4031578
1.3764364
1.3887309
1.4479609
1.3996016
1.3781936
1.4350839
1.3823917
1.4589612
1.4295117
1.4032449
1.4091567
1.4243088
1.4164189
1.4340698
1.4074501
1.4093053
1.417765
1.4092543
1.3853909
1.4024923
1.4125109
1.4146473
1.4085594
1.4069833
1.4060657
1.3859138
1.4537094
1.4551032
1.41903
1.3662313
1.4130362
1.4277148
1.4343156
1.3778256
1.4725269
1.3879167
1.3892953
1.4086964
1.3890678
1.4194951
1.4094944
1.467902
1.3956935
1.3647965
1.4249249
1.4296031
1.440448
1.4089098
1.3968905
1.4200554
1.4516476
1.4298741
1.3713393
1.3934203
1.3389412
1.4134248
1.411847
1.4021224
1.4225901
1.3815894
1.4374386
1.439922
1.4257851
1.3904101
1.4155122
1.4369376
1.3870722
1.4440782
1.3602543
1.4130143
1.4167663
1.4314754
1.4071451
1.4260987
1.4193277
1.442662
1.3990219
1.4440109
1.4241633
1.4332259
1.4429992
1.4419096
1.393766
1.412838
1.4168446
1.4271774
1.4187449
1.4105098
1.4212229
1.4138209
1.4509051
1.4247895
1.4444535
1.4510343
1.4034315
1.4397416
1.3853095
1.4139307
1.4359999

1.4198847
1.4174076
1.4043778
1.4142709
1.3932269
1.4237279
1.3930418
1.4704043
1.4187412
1.4121809
1.4103987
1.4084654
1.3778235
1.4008881
1.4110361
1.4179659
1.4106203
1.4307373
1.3962494
1.3905616
1.4328108
1.3964108
1.403025
1.4286078
1.4277374
1.426348
1.3929001
1.3977388
1.4190618
1.4273458
1.4239153
1.4189475
1.4076654
1.4148384
1.4216368
1.4254653
1.4111854
1.3755146
1.4242811
1.4205619
1.416076
1.4223001
1.4224764
1.407371
1.4224987
1.4010941
1.3881724
1.4209555
1.4143587
1.4058977
1.3821615
1.4557623
1.4231341
1.4272538
1.3712286
1.4296514
1.449313
1.4264597
1.3725538
1.40268
1.4075577
1.4343894
1.4281678
1.4175569
1.4269696
1.4385252
1.4527707
1.4268378
1.4178243
1.425686
1.4108669
1.4412763
1.3983983
1.4326597
1.3627838
1.3784459
1.3874508
1.4209045
1.4022306
1.422091
1.394201
1.3978878
1.4233942
1.3954426
1.4183519
1.4300426
1.4463774
1.3416338
1.4056904
1.4249755
1.3779796
1.3929452
1.4269131
1.3953689
1.4292945
1.446695
1.4195796
1.4682118
1.4153296
1.412249
1.4476945
1.4487342
1.4300939
1.39407
1.4010224
1.3554317
1.3924897
1.4120073
1.4432408
1.3833455
1.4008961
1.3924685
1.4454813
1.4538802
1.4453495
1.4491906
1.4121567
1.4760411
1.4318266
1.429796
1.4284544
1.3881772
1.3730297
1.41704
1.4024011
1.3896163
1.4058135
1.4430172
1.4266037
1.3918215
1.4311732
1.4085338
1.4355694
1.3734655
1.4082054
1.3853362
1.4416363
1.4628301
1.4376664
1.3730812
1.459558
1.3749455
1.4108769
1.384635
1.4050483
1.4416096
1.4017847
1.3812641
1.3811976
1.3825831
1.4171228
1.4369344
1.4036164
1.3981439
1.4294205
1.4179882
1.376157
1.370785
1.442645
1.4336503
1.4170736
1.4365404
1.4086784
1.39869
1.4476992
1.4445423
1.3856457
1.377511
1.4277954
1.4372461
1.4021606
1.4019883
1.4121854
1.3888955
1.4138439
1.4275101
1.3895595
1.4204055
1.4379731
1.4216809
1.388446
1.4117063
1.4124558
1.4366428
1.4163802
1.441329
1.4050615
1.4485532
1.4541879
1.4593774
1.3970848
1.4216124
1.4376421
1.4110978
1.442341
1.3822383
1.3907686
1.420038
1.377929
1.421711
1.4015644
1.4103258
1.396575
1.4472116
1.3946714
1.4245701
1.4037158
1.4125056
1.4063882
1.3914038
1.4077891
1.4363751
1.4271587
1.4501876
1.4397076
1.4166828
1.4321327
1.4264847
1.4231962
1.4039898
1.415477
1.4043387
1.4314502
1.3941318
1.4100202
1.4280219
1.3879573
1.384632
1.4376235
1.418697
1.3447882
1.3910617
1.4031512
1.3854649
1.4269377
1.4585997
1.4443688
1.4283125
1.3988515
1.441205
1.3944677
1.4398694
1.4349048
1.431089
1.3491135
1.4378082
1.4244118
1.4121729
1.4258214
1.4251152
1.4284534
1.4082503
1.4107313
1.4260029
1.3937452
1.3873935
1.4084904
1.3990058
1.401324
1.4325869
1.4073215
1.4124758
1.4232711
1.3844175
1.4092146
1.4042152
1.4463537
1.4313132
1.4300655
1.4163115
1.3853525
1.4240694
1.4234494
1.4202664
1.3731376
1.4091655
1.4747965
1.3987849
1.4167197
1.4038244
1.3998045
1.4117422
1.4212985
1.4067404
1.3997645
1.4219126
1.4558411
1.4306234
1.407468
1.421088
1.4054891
1.3741014
1.4349713
1.4108692
1.406318
1.4065707
1.4246293
1.4032993
1.4101694
1.3951799
1.3945295
1.4135112
1.377982
1.4595096
1.3789047
1.4034095
1.4280535
1.4491018
1.3916081
1.4343339
1.3697189
1.4591839
1.4028597
1.3868115
1.4254574
1.4170989
1.4278651
1.3834327
1.4058083
1.4196218
1.4126761
1.4309849
1.4131538
1.4094094
1.4237418
1.4211657
1.4035373
1.442513
1.4057838
1.4190705
1.4264175
1.4266672
1.3689123
1.4020329
1.4581721
1.4219185
1.4325567
1.4338404
1.3940704
1.4167193
1.3984497
1.433388
1.3792974
1.4118695
1.4075294
1.3811646
1.3942617
1.3818625
1.3910382
1.4556441
1.4155781
1.4348276
1.3994415
1.4060538
1.4409097
1.4268912
1.3948845
1.4258153
1.4251056
1.4057267
1.4572982
1.4012398
1.401516
1.4118861
1.4224862
1.4612951
1.3971312
1.4134333
1.4399726
1.4162387
1.4013985
1.4151763
1.4133252
1.3673519
1.4089664
1.4031339
1.4473749
1.4086038
1.3860828
1.3862438
1.41897
1.4288231
1.4072082
1.392266
1.401068
1.3927013
1.3695449
1.3716708
1.3862855
1.4242941
1.4475653
1.4338226
1.390786
1.4254526
1.4400167
1.4373721
1.4075447
1.4109406
1.3872384
1.3636708
1.4353685
1.3972833
1.4290819
1.4246352
1.4184315
1.4126892
1.4127061
1.4214418
1.4305604
1.4433541
1.4307408
1.4169883
1.4538707
1.4326321
1.4199914
1.4067231
1.4001762
1.4261062
1.4243987
1.3953713
1.4077997
1.384868
1.4191266
1.4452679
1.4269907
1.3738527
1.3955876
1.455534
1.4318681
1.43126
1.3923016
1.4320221
1.4137816
1.4105579
1.411823
1.4850935
1.4169086
1.466636
1.4268088
1.4230423
1.430033
1.4094403
1.4335641
1.3935677
1.3836348
1.4088869
1.4098864
1.4251448
1.4136909
1.4174908
1.4126202
1.4276749
1.4165984
1.4404916
1.4039063
1.4188393
1.4060953
1.4273028
1.4088186
1.377131
1.3998199
1.4324526
1.4248042
1.4206736
1.418024
1.3992552
1.4252015
1.4800056
1.4351135
1.4448589
1.406165
1.3971608
1.4296101
1.4179206
1.4320877
1.4381413
1.4099308
1.4323514
1.4154801
1.4150817
1.4187133
1.3983287
1.4499794
1.3787355
1.4242959
1.393565
1.4115814
1.4021428
1.4230081
1.3738945
1.4562402
1.3762814
1.4071429
1.3921492
1.3983006
1.4022043
1.396458
1.405301
1.4278747
1.4184358
1.3847255
1.4463885
1.4061261
1.3914249
1.4292628
1.3828685
1.4400095
1.4126489
1.3851191
1.414528
1.4431946
1.4541911

1.397689
1.4138131
1.423287
1.4363356
1.410797
1.4382269
1.4404014
1.4215441
1.4081237
1.4109336
1.3975356
1.4348456
1.42069
1.4067523
1.4108068
1.3983692
1.4517614
1.4339142
1.4094557
1.399635
1.424267
1.4137856
1.4063222
1.4287517
1.4269329
1.4293159
1.4232001
1.3765402
1.3986378
1.4279158
1.3990598
1.4037293
1.387256
1.4446064
1.4173027
1.396267
1.427691
1.3855832
1.4056989
1.4332616
1.4039224
1.4278692
1.412294
1.4060338
1.4137477
1.4213755
1.4044342
1.4226964
1.4059207
1.4241707
1.414782
1.4217212
1.4225621
1.4328043
1.4193485
1.4069686
1.4402516
1.3923835
1.3927044
1.3935634
1.3658484
1.4210868
1.4076431
1.4175001
1.4019104
1.4189156
1.3838053
1.3991786
1.3732188
1.3969493
1.3948978
1.4299302
1.3880681
1.4078513
1.3997709
1.4184889
1.3927956
1.3937198
1.4295155
1.423459
1.4001781
1.3737165
1.4083831
1.4247293
1.4228904
1.4040991
1.4328998
1.4115232
1.4150556
1.4095235
1.4125291
1.4339756
1.4106266
1.4069602
1.4161295
1.4032148
1.3933213
1.4031527
1.4168417
1.4197571
1.4498737
1.4334139
1.4154252
1.422278
1.4095255
1.4245801
1.4186614
1.4144746
1.4051282
1.3957305
1.4085141
1.4327312
1.3808197
1.4181203
1.417876
1.4515461
1.4127507
1.3951875
1.4373338
1.420416
1.4299959
1.4051689
1.4086596
1.4128718
1.3958293
1.4246016
1.4467393
1.416933
1.4270332
1.3886703
1.3834826
1.4188256
1.4202799
1.4086012
1.4113787
1.405372
1.4452865
1.3869069
1.4133908
1.4155483
1.4373366
1.4048694
1.4117525
1.4247291
1.4287015
1.4048032
1.4203267
1.3784425
1.4237888
1.4176755
1.4175473
1.3849533
1.4235576
1.3784258
1.4140645
1.4262775
1.41085
1.4051105
1.4259735
1.3977904
1.4297266
1.4110475
1.391835
1.440958
1.4272593
1.4243551
1.3809185
1.3866017
1.4214642
1.4213651
1.4447795
1.4227518
1.4065689
1.4256662
1.4368538
1.4266254
1.4114976
1.4235636
1.4004225
1.4232321
1.4477825
1.4239812
1.4022424
1.3896127
1.4271953
1.4349806
1.4339938
1.4094276
1.4029408
1.4221977
1.408803
1.4336046
1.4262873
1.4065443
1.4189129
1.3773811
1.4226668
1.4323977
1.419851
1.3926029
1.436595
1.4201753
1.4289364
1.4187591
1.3998059
1.3751403
1.4223967
1.4229604
1.4103203
1.4202164
1.4022266
1.4030671
1.3870165
1.4255662
1.41503
1.4147878
1.4151062
1.4312038
1.3874497
1.4122767
1.3980627
1.4331796
1.4213324
1.4295844
1.4024329
1.400743
1.417364
1.4317291
1.3935243
1.3854855
1.3972672
1.4130974
1.4097856
1.4142373
1.4276947
1.4321902
1.4152275
1.4264705
1.4083536
1.4196112
1.4155238
1.3759613
1.3950983
1.4195546
1.4271574
1.4310769
1.4112644
1.4217958
1.4199464
1.4133896
1.4256717
1.4120607
1.4067318
1.4340869
1.3943465
1.4718733
1.3792968
1.3886522
1.4089277
1.3995038
1.4340941
1.414226
1.4266797
1.3890824
1.4119563
1.3793458
1.4488113
1.4124035
1.418911
1.4056424
1.4143006
1.417598
1.4299871
1.3922474
1.4271206
1.4162531
1.4088038
1.4195535
1.4015784
1.382362
1.4109327
1.424478
1.4174186
1.4150891
1.3996276
1.447098
1.4018059
1.4334298
1.4209183
1.4237418
1.3786932
1.383485
1.3963007
1.4440309
1.4273283
1.4142972
1.3900553
1.4265407
1.4173772
1.4013423
1.4481667
1.4464606
1.3996131
1.3878297
1.3814945
1.4201915
1.4114237
1.3992544
1.4146262
1.4306295
1.3991648
1.430203
1.3962332
1.4220995
1.42607
1.3785045
1.4169073
1.4101976
1.4416226
1.4230187
1.4188728
1.4109321
1.4131032
1.4147981
1.4097269
1.4364827
1.3923496
1.4418617
1.4224536
1.4198987
1.4405034
1.4257108
1.4313827
1.3996207
1.413172
1.4078256
1.3684837
1.4506506
1.4444339
1.3980608
1.4213625
1.4201158
1.4293681
1.4186649
1.4455628
1.4065088
1.4092735
1.4233172
1.4052311
1.4396441
1.4103421
1.4081476
1.4124818
1.4337081
1.4105628
1.4263048
1.3983506
1.4363286
1.4085099
1.4098471
1.4088242
1.4424055
1.3868673
1.4342036
1.4066055
1.4131602
1.3653265
1.4211199
1.4228977
1.3895842
1.390803
1.4100534
1.4223955
1.4021477
1.413354
1.4277467
1.4104067
1.4152442
1.4244273
1.4089242
1.4111686
1.4365929
1.4258844
1.4587018
1.4246988
1.3978478
1.4077448
1.4052323
1.4003024
1.3946742
1.4399076
1.4339266
1.4151804
1.41765
1.406349
1.4070178
1.416117
1.4121758
1.4137136
1.4356197
1.4061376
1.4082061
1.4134692
1.4046077
1.4188296
1.4198263
1.4117943
1.4210321
1.4111346
1.4024186
1.42077
1.4296635
1.3948547
1.4138741
1.4114306
1.4106754
1.3973851
1.3885717
1.403272
1.4151341
1.4215405
1.4266715
1.4037527
1.3887228
1.4259825
1.4095336
1.4197758
1.4292917
1.417904
1.427189
1.3868728
1.4139607
1.3915545
1.4284238
1.4132156
1.4018323
1.4408485
1.4559401
1.3943292
1.4230874
1.4306952
1.4068248
1.418297
1.4245212
1.4219569
1.4337697
1.4083059
1.4246849
1.4185686
1.4212104
1.4247774
1.4314246
1.4319069
1.3995671
1.4396603
1.4255235
1.419455
1.4193263
1.4042436
1.4189531
1.4017823
1.423829
1.4067963
1.4112341
1.4101682
1.4010987
1.4098332
1.406918
1.4465226
1.4162701
1.3849466
1.432033
1.3813719
1.3514751
1.4350388
1.4142385
1.4150003
1.4218932
1.4191124
1.4361503
1.3869976
1.4200039
1.4161642
1.3992423
1.4495136
1.384836
1.4189442
1.4215518
1.407472
1.4105681
1.4099001
1.4470317
1.4129508
1.3907807
1.4076128
1.4588414
1.4304721
1.4330366
1.4051825
1.4044671
1.4334263
1.4407125
1.415628
1.4131314
1.4195489
1.4025458
1.4104565
1.4006997
1.4292176
1.4199263
1.4192626
1.4360836

1.4246246
1.4194546
1.3925228
1.3939621
1.4065425
1.3889838
1.4154147
1.3691863
1.3835877
1.429017
1.4096045
1.3978578
1.431572
1.4277167
1.3993534
1.4228745
1.39277
1.4081556
1.3950632
1.4422934
1.3893603
1.4035075
1.3946322
1.3958901
1.3807089
1.437225
1.382642
1.4227654
1.4236137
1.4455894
1.4062271
1.4188039
1.3803011
1.4497775
1.3944387
1.4219939
1.4283681
1.3898182
1.4255015
1.4467701
1.418799
1.4122525
1.4368281
1.4134421
1.4092867
1.409449
1.4175279
1.4153497
1.4152974
1.4075747
1.4149778
1.4109563
1.4090325
1.411381
1.4184828
1.3970188
1.3959627
1.4009187
1.4107076
1.4084555
1.4443825
1.4383987
1.4192193
1.4061567
1.4275535
1.4233681
1.4106569
1.3952104
1.411419
1.4283612
1.4107178
1.427495
1.4313462
1.4246014
1.409573
1.4214301
1.4014297
1.4347708
1.4041748
1.4368228
1.4114785
1.4270004
1.4278268
1.4175935
1.4305011
1.4407035
1.4262263
1.3997568
1.4052172
1.4412447
1.4307096
1.4373662
1.4235543
1.417578
1.4399779
1.4149469
1.4122732
1.4264777
1.4299138
1.4447082
1.3824252
1.4203068
1.4213296
1.4070332
1.439072
1.4204386
1.4144905
1.4012905
1.4056317
1.3750634
1.3788017
1.404231
1.413458
1.3825448
1.4170877
1.4050606
1.4315501
1.4299448
1.4459518
1.402175
1.4370869
1.4111484
1.4078503
1.4222789
1.4069092
1.4156141
1.420633
1.4192549
1.4187322
1.4060336
1.4396142
1.3915642
1.3996491
1.4142778
1.4163177
1.4179115
1.3928448
1.4342976
1.406572
1.3918091
1.4031965
1.4051963
1.4118865
1.4513929
1.3940629
1.413894
1.4294848
1.4228969
1.4130707
1.3993255
1.4002562
1.3922615
1.4295903
1.4119438
1.415361
1.392184
1.3976973
1.41391
1.4128873
1.415832
1.4271234
1.4299622
1.4162148
1.3867968
1.3967055
1.429152
1.4119275
1.408903
1.4160483
1.4203879
1.4040643
1.3917527
1.4131027
1.421417
1.4135954
1.394985
1.4191583
1.4106354
1.3838166
1.4076095
1.4074746
1.3983736
1.404861
1.4331881
1.4013033
1.3898656
1.4032346
1.4023929
1.4451947
1.4110152
1.423964
1.4181219
1.4258647
1.4059763
1.409817
1.4374194
1.4125531
1.4107586
1.4176966
1.4340252
1.4054195
1.4013103
1.4130055
1.3869947
1.4208556
1.4486518
1.4325745
1.3947018
1.4149157
1.4368417
1.4390502
1.3860908
1.4270774
1.4220237
1.416956
1.4227918
1.417472
1.4159112
1.433122
1.4086713
1.4169267
1.4338906
1.3935084
1.4365115
1.4119838
1.4114883
1.4149435
1.4465994
1.4065633
1.4125743
1.4078538
1.4084564
1.4366906
1.4275572
1.400272
1.4119993
1.4386715
1.4342176
1.4044966
1.4169401
1.4087712
1.4196845
1.4225608
1.4259088
1.4012082
1.398535
1.4089203
1.4184842
1.3933039
1.3984925
1.4194448
1.4070693
1.4469404
1.4243006
1.4132583
1.4176533
1.4058545
1.4109596
1.3991095
1.4172003
1.3991759
1.4108534
1.4430702
1.4252403
1.4238902
1.4306474
1.4310508
1.4165517
1.4099996
1.3994647
1.4258956
1.4113598
1.4072375
1.407867
1.4126831
1.4002147
1.4359974
1.4087479
1.4088374
1.4358841
1.4232178
1.4258174
1.409012
1.412738
1.4284854
1.4080443
1.3929185
1.4184226
1.4386457
1.416578
1.4283966
1.4143132
1.4145973
1.3991824
1.4218799
1.3847277
1.4177846
1.4051921
1.4048357
1.399955
1.4267981
1.416244
1.4039729
1.4296194
1.4087548
1.4302909
1.4339156
1.4012502
1.4347656
1.4251227
1.4199686
1.3955301
1.4324738
1.3849691
1.4023384
1.4093364
1.3914334
1.4011799
1.415204
1.4052284
1.4199073
1.3998219
1.4090887
1.3721057
1.4359866
1.3992993
1.4160018
1.4176751
1.4212604
1.4042345
1.4255219
1.4083508
1.4330002
1.4006505
1.4193671
1.3985482
1.4141414
1.411492
1.422508
1.4290054
1.429063
1.4089239
1.4265289
1.4371239
1.4191197
1.426374
1.3718035
1.4125433
1.3865418
1.403139
1.3903148
1.4319654
1.4296603
1.4352375
1.3913432
1.434391
1.3969514
1.4377285
1.4300243
1.4241122
1.3959725
1.3847674
1.4275792
1.4464061
1.4382918
1.4303893
1.4231977
1.3914216
1.4022597
1.397411
1.4289553
1.4280756
1.4237083
1.3992286
1.4109633
1.3997718
1.3901713
1.4127219
1.4273865
1.4137377
1.4341979
1.4092325
1.3758031
1.4349911
1.4236746
1.3846213
1.4399403
1.3786788
1.3931972
1.4311574
1.3928372
1.4109491
1.4081612
1.4563477
1.413187
1.4322027
1.3984153
1.436109
1.4383422
1.4227536
1.4104751
1.4210284
1.4129372
1.4496542
1.4045581
1.412069
1.4308133
1.4060587
1.3966533
1.4064932
1.423159
1.4175302
1.3921398
1.4142617
1.4263458
1.4076334
1.4163218
1.4205304
1.4054903
1.426985
1.4157509
1.4313792
1.4319723
1.4209098
1.4031821
1.4277785
1.4604244
1.3884825
1.3992119
1.4144452
1.4092914
1.4396579
1.4144688
1.3839166
1.4236599
1.4019316
1.4082457
1.4266187
1.4080993
1.4149617
1.4276323
1.4019685
1.3963581
1.4268285
1.4067724
1.4092995
1.4325342
1.4228379
1.3949066
1.3711654
1.414827
1.3980417
1.4039053
1.4285636
1.4443928
1.4217148
1.4375048
1.4505733
1.4179629
1.415026
1.3838601
1.4157223
1.4268447
1.4277849
1.3990732
1.4066188
1.4368391
1.3989754
1.4163142
1.4037501
1.4130213
1.4049418
1.4235259
1.4210573
1.428639
1.4083921
1.4048697
1.4197285
1.3980058
1.4128257
1.4010432
1.4056485
1.4125149
1.4096551
1.3946832
1.4131413
1.4227895
1.4232364
1.4097818
1.432677
1.4204012
1.4011613
1.4067978
1.4057053
1.4231995
1.4018239
1.3982563
1.4344308
1.3896526
1.4146467
1.4257026
1.4145132
1.4255798
1.4056098
1.4132254
1.3837897
1.4095182
1.3930291
1.3821332
1.4184216
1.4037831
1.4234623

1.3648429
1.4151716
1.3981318
1.4038455
1.4026403
1.4219129
1.3819163
1.3993136
1.4210436
1.3934021
1.4313425
1.4283296
1.4412565
1.4069905
1.4325985
1.4249843
1.4150985
1.4153079
1.4231503
1.4335846
1.4167362
1.4380901
1.4171708
1.4273689
1.4252526
1.4106315
1.4205545
1.4241877
1.4232821
1.4082744
1.3944952
1.41349
1.4236804
1.4087167
1.3969456
1.4189622
1.4372951
1.4112389
1.4008656
1.4053341
1.4299456
1.411771
1.4282416
1.394689
1.4231279
1.4052072
1.4106417
1.4032074
1.3955216
1.405932
1.4309858
1.4207554
1.4296954
1.4237195
1.4109095
1.4064964
1.4207551
1.4382664
1.4116198
1.4203111
1.4189098
1.4168308
1.4206606
1.4335213
1.4224404
1.403187
1.4172885
1.4105027
1.4190233
1.4676106
1.4226757
1.4047441
1.4389459
1.4437609
1.4362706
1.404563
1.4239031
1.4062192
1.3974888
1.4135942
1.4307544
1.4128482
1.4154716
1.4338968
1.4250332
1.3952669
1.4280126
1.4134372
1.4269857
1.4091307
1.424201
1.4379148
1.4332308
1.4052949
1.4113487
1.3993838
1.4284474
1.4388369
1.3986007
1.4177504
1.4067081
1.4342213
1.446683
1.4315517
1.42029
1.4019599
1.4130795
1.4321525
1.409246
1.4095088
1.4199909
1.4138166
1.4126102
1.4038308
1.3964585
1.4235495
1.4033124
1.437698
1.4010957
1.4481559
1.4189197
1.4301381
1.4224437
1.4161462
1.4148358
1.4305
1.4154347
1.4158142
1.4128475
1.4166769
1.4114187
1.401765
1.4194349
1.4113873
1.4058318
1.3922309
1.3857703
1.4279199
1.4343617
1.4182694
1.4096045
1.4248047
1.4223969
1.404525
1.3947275
1.4213918
1.4385927
1.397201
1.3900795
1.419593
1.4047861
1.4391158
1.421635
1.4116884
1.3969872
1.4329046
1.4101187
1.4137621
1.4327848
1.39789
1.4152937
1.4184797
1.4061441
1.4158516
1.4228607
1.4304605
1.4264114
1.4171256
1.3965417
1.4154836
1.3962135
1.4199448
1.4148296
1.4291483
1.4124786
1.40724
1.4321463
1.4191985
1.4140667
1.397633
1.4290104
1.408945
1.4214475
1.4076803
1.4113457
1.3912766
1.4397804
1.3980554
1.4259206
1.4243996
1.4252427
1.4146044
1.399334
1.4194585
1.4163779
1.4099101
1.4157596
1.4184741
1.431369
1.3882405
1.425663
1.4311306
1.427117
1.44284
1.4125565
1.4133124
1.40294
1.4150444
1.3987211
1.4125531
1.405335
1.3980787
1.4100981
1.4193797
1.4145864
1.3730063
1.4055368
1.3973544
1.4119011
1.4213802
1.412181
1.423908
1.4219091
1.397264
1.4191537
1.4077435
1.423319
1.4101852
1.4088409
1.4203424
1.4275231
1.3755747
1.4170293
1.4206629
1.4267681
1.3978931
1.4293462
1.4203224
1.3853852
1.400854
1.4136385
1.4220548
1.399219
1.3745677
1.4313759
1.4194773
1.4334852
1.4181637
1.4147447
1.3996708
1.427149
1.4212366
1.4209483
1.4013702
1.3803607
1.4166995
1.404769
1.4152449
1.4191214
1.4268636
1.4083569
1.4064784
1.4114606
1.4016014
1.3930506
1.4094719
1.4195858
1.3999299
1.4219329
1.4004817
1.4063792
1.4229844
1.4093693
1.4346576
1.4245726
1.4027865
1.4215226
1.411977
1.4012928
1.4038336
1.4318866
1.4130577
1.4154106
1.4035167
1.3992357
1.4210021
1.4178913
1.4059774
1.4145404
1.4387509
1.4147841
1.3927528
1.393386
1.3958915
1.402071
1.3958967
1.4372897
1.4084179
1.4040651
1.4060252
1.4161869
1.3913807
1.4049711
1.4291463
1.4137512
1.4111334
1.3988703
1.409408
1.3933995
1.4056054
1.416824
1.4204013
1.4120334
1.422762
1.4376605
1.4121164
1.3968036
1.4229234
1.4372756
1.3730392
1.4308283
1.4126608
1.3940902
1.4201462
1.426013
1.3915596
1.4110105
1.4321828
1.4324086
1.427208
1.435677
1.4221995
1.4161508
1.440404
1.4185158
1.4154989
1.4157882
1.4114282
1.4089309
1.4289308
1.3973826
1.4259211
1.4197779
1.4346039
1.4305217
1.3965824
1.4189887
1.4324096
1.4201579
1.4037478
1.3912498
1.4156764
1.4309682
1.4217752
1.4291686
1.4148443
1.4048219
1.4087076
1.4241669
1.41307
1.4092344
1.4346149
1.3872777
1.4014343
1.3967506
1.3892832
1.4338652
1.4239154
1.4192169
1.4038569
1.4109542
1.4086348
1.4262141
1.4122915
1.4140927
1.4185919
1.4242738
1.4131494
1.4174508
1.4169592
1.4417679
1.3916585
1.4280527
1.4242721
1.422585
1.3986276
1.3950123
1.3942167
1.4322438
1.4357934
1.4220829
1.402682
1.3936211
1.4042399
1.4356152
1.4236878
1.4055401
1.407053
1.4227529
1.4213066
1.410649
1.4342185
1.4248214
1.4212496
1.4123229
1.4001453
1.4458107
1.3996598
1.4219201
1.4243965
1.4114691
1.436435
1.4259424
1.384152
1.4110196
1.4047381
1.3989017
1.3985689
1.4291872
1.4481992
1.4605006
1.4103566
1.4219838
1.400418
1.4433724
1.4179542
1.4233061
1.4427061
1.4024875
1.4126554
1.4150941
1.3984925
1.4257448
1.3959554
1.410554
1.402309
1.4306391
1.4157271
1.4459982
1.4351445
1.4337773
1.3900399
1.4343569
1.4168574
1.4112091
1.4016087
1.4073461
1.4205258
1.3939092
1.4255356
1.4058335
1.4184477
1.4115547
1.387173
1.4136328
1.3969554
1.4343331
1.4177457
1.4458381
1.4223627
1.417572
1.4243076
1.4511238
1.397193
1.4032938
1.4135162
1.4059223
1.4103748
1.3886902
1.421248
1.3981407
1.4145055
1.3983424
1.4255211
1.396174
1.4195969
1.4248263
1.4170413
1.4009049
1.4198724
1.4201581
1.4195507
1.4063889
1.3992752
1.3880928
1.4171071
1.4309067
1.4159162
1.4250259
1.4228492
1.402604
1.4291993
1.4184009
1.40482
1.4092542
1.4259126
1.4226166
1.3914249
1.3896631
1.4175146
1.4294007
1.4085989
1.4127212
1.4166743
1.4088594
1.4342321
1.4110332
1.3955038
1.4078447
1.3991002
1.3881601
1.4026216

1.3978622
1.4165205
1.4170917
1.3827645
1.4173592
1.4274026
1.4116077
1.4117491
1.4260658
1.4215761
1.4294754
1.3767805
1.4389043
1.411184
1.398773
1.4099671
1.4099619
1.4197758
1.4194565
1.4281529
1.3911053
1.4646543
1.4106537
1.4359268
1.4305918
1.4215282
1.43346
1.4614325
1.4294447
1.4250787
1.4182628
1.4415928
1.4165285
1.4179125
1.434538
1.4349796
1.4459451
1.4091531
1.4136571
1.4300605
1.3759164
1.4238191
1.4253124
1.3846161
1.4141154
1.4524436
1.4311463
1.420474
1.4207296
1.4359736
1.4538566
1.4022689
1.4176658
1.3881625
1.4108447
1.4313107
1.4177895
1.413172
1.4033822
1.4371707
1.4161534
1.4304885
1.4497213
1.4278884
1.4056301
1.3823432
1.4026004
1.4162369
1.4132102
1.3836484
1.3966813
1.4179618
1.4061644
1.418702
1.4052784
1.4003302
1.4129957
1.428157
1.4311869
1.4111342
1.4307958
1.4200999
1.4127429
1.4057617
1.4057399
1.3978318
1.4252168
1.3923653
1.413612
1.4314766
1.4152833
1.4071319
1.4131796
1.4478211
1.4033262
1.4339395
1.4057094
1.42057
1.4277778
1.4161583
1.3815058
1.3997372
1.4075037
1.3949999
1.4278736
1.4289191
1.4261918
1.3997921
1.4056962
1.4043169
1.4174764
1.3914331
1.4046409
1.4602754
1.4038526
1.3926455
1.4083673
1.4283608
1.423983
1.4389355
1.4230901
1.4022851
1.4006681
1.3968716
1.4118363
1.373544
1.4347602
1.4243374
1.4211994
1.3994865
1.4120709
1.426238
1.4290627
1.4201725
1.4091572
1.426133
1.4509538
1.4071258
1.3707117
1.4293712
1.4307715
1.4131018
1.4172596
1.4140165
1.4166305
1.416371
1.4197943
1.3966404
1.4019443
1.4147273
1.422051
1.4221615
1.406494
1.4302142
1.4326142
1.4256285
1.4185568
1.4222202
1.3950106
1.4221771
1.4079127
1.426885
1.4272126
1.4125813
1.4040661
1.3989779
1.415366
1.3857982
1.4200408
1.4236523
1.4398549
1.4266009
1.4224477
1.396795
1.4036542
1.4004439
1.4014128
1.4308417
1.4103141
1.4075271
1.3913945
1.4114219
1.4170839
1.4251273
1.423207
1.4132739
1.406329
1.399172
1.4237077
1.4224555
1.4405115
1.4341897
1.4173709
1.4229612
1.4153595
1.4236096
1.4465237
1.4280416
1.3997465
1.4365987
1.4162751
1.3745792
1.4142345
1.4108822
1.4063102
1.4140363
1.3988634
1.4001904
1.3964572
1.4268297
1.4505062
1.4166443
1.4126806
1.4119496
1.4022592
1.4438869
1.4249114
1.4021047
1.4150394
1.4292474
1.424278
1.405773
1.3962448
1.4184852
1.3980469
1.4220841
1.3911947
1.4449087
1.4207754
1.4257523
1.4152869
1.4463367
1.3937231
1.402729
1.416648
1.4204929
1.4200819
1.4430457
1.4313408
1.40261
1.4250824
1.414825
1.4132913
1.4021528
1.396073
1.4111874
1.4304605
1.4080064
1.3893298
1.4149098
1.4222167
1.4033856
1.4140896
1.4293193
1.4126719
1.4095128
1.3969083
1.4088079
1.4341621
1.408915
1.4038783
1.412023
1.4168702
1.393047
1.391601
1.4066099
1.4166198
1.4103572
1.3811185
1.4488337
1.398894
1.4075989
1.4624625
1.4132171
1.4094194
1.4071038
1.4556088
1.3846668
1.4104348
1.4176992
1.4255964
1.4199228
1.4045284
1.3994379
1.4062545
1.4142653
1.4021173
1.4021525
1.4368075
1.3958654
1.4297185
1.4225945
1.440141
1.4005383
1.4345082
1.4133055
1.407175
1.4051847
1.3979713
1.392478
1.4139441
1.3904121
1.4151909
1.4098305
1.4299481
1.416681
1.4278309
1.3897341
1.4189317
1.4042348
1.4053974
1.4133264
1.438749
1.4280072
1.3879584
1.4183147
1.3887062
1.4075798
1.4120513
1.4023409
1.3969213
1.384018
1.4222898
1.4422692
1.412504
1.4075168
1.4000174
1.4160398
1.399484
1.4168552
1.4188718
1.3840356
1.4254411
1.4194025
1.4299569
1.4268415
1.4016137
1.4068924
1.3895413
1.4077734
1.4287617
1.4082602
1.4227498
1.4195069
1.421326
1.4296757
1.4199282
1.4004656
1.4170812
1.4281324
1.4349983
1.4030098
1.4145927
1.4173739
1.4096411
1.4211537
1.3950435
1.4200467
1.4257365
1.4313518
1.4275092
1.411119
1.4562209
1.3937182
1.4313166
1.4222558
1.425195
1.4178295
1.3980552
1.4114909
1.4161451
1.4099545
1.4360398
1.4047515
1.4026089
1.4128243
1.4179006
1.405112
1.413062
1.4157766
1.4358764
1.3946723
1.4233273
1.4237585
1.4212147
1.401273
1.4457163
1.4146025
1.4218289
1.3958745
1.4253972
1.4199905
1.4331235
1.4096609
1.4162146
1.448134
1.3885424
1.4012793
1.4320747
1.4217361
1.3989787
1.4155275
1.4406048
1.4142212
1.422446
1.4151709
1.4218693
1.3956362
1.3954754
1.392743
1.4111499
1.4191539
1.4130001
1.4059765
1.4148389
1.4028127
1.4235121
1.4039463
1.4105409
1.3886662
1.4014239
1.4204489
1.4283811
1.4125547
1.4028516
1.401365
1.3912581
1.4097487
1.4363338
1.4352953
1.4278785
1.4091007
1.4023625
1.4083068
1.3969964
1.4315362
1.38236
1.4076545
1.4314364
1.416797
1.4486282
1.4204521
1.4326578
1.4114828
1.4097434
1.4023157
1.3994612
1.4161114
1.4612322
1.4029412
1.4151206
1.430898
1.3994665
1.4139521
1.4220259
1.4434062
1.4523989
1.4033725
1.4067689
1.4073571
1.4218447
1.4340948
1.4343449
1.4249772
1.403265
1.4102156
1.4176666
1.4250396
1.4007387
1.4148723
1.4167513
1.4390229
1.4306777
1.4199986
1.4107827
1.4285568
1.3996438
1.4201627
1.4222561
1.3944757
1.410504
1.3892125
1.4085647
1.4287772
1.4243264
1.3905293
1.4216039
1.3889942
1.4051827
1.415511
1.3863038
1.4284074
1.409969
1.4213448
1.4167976
1.3898985
1.4249365
1.4181752
1.4351944
1.4009039
1.4376154
1.4109993
1.3838032
1.4199735
1.4169533
1.4398533
1.3906957
1.4282304
1.4196347
1.4109218
1.4316962
1.3961955

1.4300883
1.4255261
1.4204786
1.4231995
1.4389877
1.3948408
1.4235253
1.4113235
1.3913996
1.4097462
1.421615
1.4188354
1.42059
1.4236155
1.415373
1.4352545
1.4297272
1.3840246
1.4108365
1.4293911
1.4360865
1.3947048
1.4392684
1.4329897
1.4379334
1.4348865
1.4117178
1.4011707
1.420472
1.4355485
1.4186913
1.4327307
1.4036405
1.4047801
1.3917466
1.3994536
1.4047894
1.3920317
1.4116683
1.4085127
1.4255464
1.4166689
1.44685
1.4312989
1.3931392
1.3830159
1.430616
1.4197371
1.3894998
1.4223832
1.408996
1.4066553
1.3853639
1.435369
1.4175141
1.4229177
1.4059473
1.4030834
1.4145553
1.4046327
1.4073249
1.4022837
1.3842989
1.4076928
1.4151587
1.405197
1.4142816
1.4157294
1.4277816
1.3985237
1.4280187
1.4137801
1.4200454
1.3969243
1.4051147
1.4060537
1.3858544
1.4460858
1.4276245
1.4216527
1.4135835
1.4106791
1.4153165
1.416288
1.4116963
1.4022104
1.3997372
1.443856
1.3833711
1.4244113
1.4332573
1.4059327
1.425194
1.4050605
1.4026836
1.4118695
1.4435695
1.4060758
1.4238707
1.386206
1.4048806
1.3952442
1.4130694
1.4099091
1.4269851
1.4152209
1.4270122
1.4185303
1.4126767
1.4189066
1.419139
1.3783995
1.4278722
1.427072
1.410903
1.4121782
1.4199408
1.4005742
1.4257854
1.4214667
1.4202913
1.3960224
1.4201301
1.4240329
1.3927288
1.421492
1.4282312
1.4191018
1.4257127
1.4314961
1.4396915
1.4399186
1.4284482
1.4025232
1.4346205
1.4152794
1.3936517
1.4061646
1.4407165
1.4173654
1.4326708
1.4054205
1.4273065
1.4235718
1.4116908
1.4173666
1.4105846
1.4380645
1.4282796
1.4294596
1.4280581
1.4072745
1.4198589
1.4300395
1.4464136
1.412477
1.4035932
1.4323186
1.4282961
1.4186492
1.4327441
1.3890252
1.4235009
1.4219383
1.4037932
1.4180332
1.4238874
1.4475232
1.4233963
1.397498
1.4617641
1.4108844
1.4454628
1.4070555
1.4219081
1.423606
1.3942368
1.436819
1.4162899
1.4211712
1.3908632
1.4012917
1.3908529
1.4289997
1.4027051
1.388001
1.4058763
1.4142255
1.426627
1.4071869
1.4306316
1.4291754
1.41653
1.4340537
1.4076872
1.4253927
1.4341875
1.4398582
1.410279
1.4063071
1.4306409
1.4320296
1.4155314
1.4160042
1.396311
1.4279399
1.3945986
1.4107921
1.414241
1.3787428
1.4040442
1.4207723
1.4087353
1.4396597
1.4366956
1.4246339
1.4452966
1.4130768
1.420608
1.40949
1.4307834
1.412492
1.394441
1.4106559
1.444205
1.4189398
1.4057273
1.3965399
1.3995994
1.4121166
1.4242312
1.4306867
1.4125419
1.39491
1.413684
1.3905797
1.4283423
1.4052808
1.3890245
1.4333974
1.4179301
1.4340972
1.4420662
1.4153316
1.4105774
1.4273545
1.4310527
1.3956015
1.4207745
1.4242603
1.4160604
1.3924818
1.423574
1.4586661
1.4192556
1.4014285
1.4227694
1.3941519
1.4155283
1.4284852
1.4307103
1.4314235
1.4030702
1.4103057
1.4059118
1.4224541
1.4072845
1.4289607
1.4108201
1.4566634
1.4126731
1.410629
1.4030963
1.3966315
1.3968107
1.4223278
1.419387
1.4385612
1.4065787
1.4329301
1.4299685
1.4092437
1.4205564
1.4001485
1.4049839
1.4314761
1.4024996
1.4302274
1.4109544
1.4142852
1.4306558
1.4127163
1.3960229
1.4105595
1.4054046
1.3973897
1.4144108
1.4170544
1.4204402
1.4316971
1.4094741
1.4030684
1.420708
1.4223664
1.4086913
1.4168152
1.3943319
1.405456
1.4007555
1.4161104
1.4130608
1.3886701
1.4096938
1.4231536
1.4047893
1.3979359
1.412058
1.4399252
1.407431
1.4158236
1.4097637
1.3954847
1.4262301
1.4097444
1.4279113
1.4366499
1.4384409
1.4167229
1.4293916
1.4396945
1.4285197
1.4109879
1.4212296
1.4214246
1.4098327
1.426949
1.4273486
1.4097351
1.4079425
1.4081447
1.423516
1.4141182
1.3967069
1.438522
1.4448246
1.4133687
1.4007306
1.4276369
1.4256399
1.4059548
1.4146907
1.396318
1.4089118
1.4066709
1.4263375
1.4141387
1.4036734
1.4094442
1.4045835
1.4015791
1.4026388
1.43407
1.4106075
1.4165401
1.413994
1.4179721
1.412403
1.4246168
1.3770038
1.4489436
1.4269451
1.3889841
1.394119
1.4186115
1.3996855
1.43431
1.4239575
1.39398
1.4258912
1.4282804
1.4165847
1.4150196
1.4284664
1.4422508
1.4212638
1.4155984
1.4220028
1.4377613
1.4120471
1.3903438
1.414875
1.4145178
1.402142
1.3949885
1.4126626
1.4104162
1.4112451
1.3980014
1.4188374
1.4059374
1.4243983
1.4183357
1.4164134
1.3985952
1.4129733
1.4325831
1.416426
1.4274099
1.3900762
1.4323599
1.3948513
1.4250209
1.3985327
1.4229472
1.4114352
1.4249833
1.3971912
1.4087757
1.4080567
1.4248792
1.4154216
1.4216143
1.3868183
1.4099048
1.4239652
1.4214097
1.4098216
1.3924497
1.420312
1.4159154
1.4108603
1.420305
1.4308269
1.4055601
1.4022481
1.4186763
1.4247582
1.424607
1.4303217
1.4274465
1.4239533
1.4236157
1.4219375
1.3800001
1.4091923
1.398169
1.4181085
1.4298414
1.4070196
1.3986558
1.429067
1.4499898
1.4201521
1.4357691
1.3944213
1.4201164
1.4220884
1.4262707
1.4058388
1.3941859
1.4339459
1.400604
1.3898414
1.4364659
1.4107796
1.384779
1.423899
1.4073111
1.4096588
1.4308398
1.3989656
1.4288641
1.411951
1.4322145
1.4057746
1.4229698
1.422803
1.446961
1.3914104
1.4216413
1.4293635
1.4217588
1.4177808
1.4258863
1.4225941
1.4105791
1.4177728
1.4116406
1.4029106
1.3886733
1.399399
1.4246117
1.3954929
1.4106334
1.3812327
1.3945522
1.4112535
1.4149482
1.4207722
1.4331069
1.4078121
1.4204911
1.4289366
1.4191962
1.4181292
1.4148679
1.3810885
1.391629
1.3981267
1.4021536
1.4302357
1.3961725

1.8141257
1.835235
1.7192603
1.6748049
1.8088907
1.7042829
1.7755157
1.7680529
1.7761971
1.7462834

