3.771677017211914
3.722778081893921
3.6751861572265625
3.6288561820983887
3.58374285697937
3.5398037433624268
3.496999740600586
3.4552903175354004
3.414637804031372
3.375007152557373
3.3363633155822754
3.298673152923584
3.2619051933288574
3.2260279655456543
3.1910135746002197
3.156832695007324
3.12345814704895
3.090864658355713
3.0590262413024902
3.0279197692871094
2.99752140045166
2.9678080081939697
2.9387600421905518
2.910356044769287
2.882575750350952
2.855401039123535
2.828812599182129
2.802792549133301
2.777324676513672
2.752392053604126
2.727978229522705
2.7040696144104004
2.680649757385254
2.6577062606811523
2.635223865509033
2.613189458847046
2.591590642929077
2.570415496826172
2.549651622772217
2.5292887687683105
2.50931453704834
2.489718198776245
2.4704904556274414
2.451620101928711
2.433098316192627
2.414916515350342
2.397063732147217
2.379532814025879
2.3623147010803223
2.3454017639160156
2.3287858963012695
2.3124589920043945
2.296414852142334
2.2806448936462402
2.2651431560516357
2.2499024868011475
2.2349166870117188
2.220179796218872
2.2056846618652344
2.1914262771606445
2.177398443222046
2.1635963916778564
2.1500134468078613
2.136646032333374
2.123487710952759
2.110534191131592
2.0977797508239746
2.085221767425537
2.072854995727539
2.060673236846924
2.0486741065979004
2.036853790283203
2.025207042694092
2.01373028755188
2.0024209022521973
1.9912735223770142
1.980285406112671
1.9694539308547974
1.9587738513946533
1.948243498802185
1.9378591775894165
1.9276179075241089
1.9175167083740234
1.9075520038604736
1.8977211713790894
1.8880220651626587
1.8784515857696533
1.8690071105957031
1.8596866130828857
1.8504858016967773
1.8414041996002197
1.8324391841888428
1.8235878944396973
1.814847707748413
1.8062169551849365
1.7976937294006348
1.789276123046875
1.7809609174728394
1.7727476358413696
1.7646328210830688
1.7566161155700684
1.7486945390701294
1.7408668994903564
1.7331311702728271
1.725486159324646
1.7179292440414429
1.7104599475860596
1.7030751705169678
1.6957755088806152
1.6885573863983154
1.6814203262329102
1.674363136291504
1.6673834323883057
1.6604809761047363
1.6536529064178467
1.646899700164795
1.6402184963226318
1.633609414100647
1.6270707845687866
1.6206011772155762
1.614198923110962
1.6078636646270752
1.6015936136245728
1.5953891277313232
1.5892473459243774
1.5831680297851562
1.5771501064300537
1.5711922645568848
1.5652945041656494
1.559455156326294
1.5536727905273438
1.5479471683502197
1.542277216911316
1.536662220954895
1.5311009883880615
1.5255930423736572
1.5201373100280762
1.5147327184677124
1.5093790292739868
1.504075527191162
1.4988200664520264
1.4936141967773438
1.4884555339813232
1.4833438396453857
1.4782776832580566
1.4732578992843628
1.4682824611663818
1.4633512496948242
1.4584637880325317
1.4536190032958984
1.4488167762756348
1.4440560340881348
1.4393359422683716
1.4346569776535034
1.4300174713134766
1.4254177808761597
1.420856237411499
1.4163333177566528
1.411848545074463
1.4074000120162964
1.4029886722564697
1.3986133337020874
1.3942739963531494
1.3899691104888916
1.3856991529464722
1.381463646888733
1.3772623538970947
1.3730931282043457
1.3689578771591187
1.364854335784912
1.360783338546753
1.356743574142456
1.3527350425720215
1.348757266998291
1.3448102474212646
1.3408926725387573
1.3370048999786377
1.3331466913223267
1.3293163776397705
1.3255150318145752
1.3217418193817139
1.317996859550476
1.314278483390808
1.3105876445770264
1.3069236278533936
1.3032855987548828
1.2996740341186523
1.2960879802703857
1.2925275564193726
1.2889920473098755
1.2854814529418945
1.2819957733154297
1.2785340547561646
1.2750959396362305
1.271681785583496
1.2682913541793823
1.2649235725402832
1.261579155921936
1.2582570314407349
1.2549571990966797
1.2516794204711914
1.2484235763549805
1.2451894283294678
1.241976261138916
1.2387844324111938
1.2356128692626953
1.2324628829956055
1.229332447052002
1.2262227535247803
1.223132610321045
1.2200627326965332
1.2170116901397705
1.2139801979064941
1.2109676599502563
1.2079739570617676
1.2049992084503174
1.202042579650879
1.1991043090820312
1.1961842775344849
1.193282127380371
1.1903976202011108
1.187530279159546
1.184680461883545
1.1818475723266602
1.1790320873260498
1.1762332916259766
1.1734511852264404
1.1706855297088623
1.1679353713989258
1.1652023792266846
1.1624850034713745
1.1597833633422852
1.1570969820022583
1.1544264554977417
1.1517713069915771
1.149131178855896
1.1465058326721191
1.1438958644866943
1.1413003206253052
1.1387195587158203
1.1361528635025024
1.1336004734039307
1.1310625076293945
1.1285386085510254
1.1260281801223755
1.1235320568084717
1.1210490465164185
1.118579626083374
1.116124153137207
1.1136815547943115
1.1112518310546875
1.1088354587554932
1.1064317226409912
1.1040406227111816
1.1016626358032227
1.0992968082427979
1.0969432592391968
1.094602346420288
1.0922737121582031
1.0899569988250732
1.0876524448394775
1.0853595733642578
1.0830782651901245
1.0808086395263672
1.0785508155822754
1.076304316520691
1.0740690231323242
1.071845531463623
1.069632649421692
1.0674307346343994
1.0652400255203247
1.06305992603302
1.0608911514282227
1.0587331056594849
1.0565851926803589
1.0544477701187134
1.0523208379745483
1.050203800201416
1.0480973720550537
1.0460014343261719
1.0439152717590332
1.0418394804000854
1.0397731065750122
1.0377163887023926
1.0356701612472534
1.0336329936981201
1.03160560131073
1.0295875072479248
1.0275789499282837
1.0255799293518066
1.023590087890625
1.0216095447540283
1.0196373462677002
1.0176751613616943
1.0157215595245361
1.013777256011963
1.0118416547775269
1.0099143981933594
1.0079963207244873
1.0060865879058838
1.004185438156128
1.0022931098937988
1.0004092454910278
0.9985332489013672
0.9966659545898438
0.9948064088821411
0.9929559230804443
0.9911123514175415
0.9892780184745789
0.9874510169029236
0.9856324195861816
0.9838215112686157
0.9820181131362915
0.9802228808403015
0.978435218334198
0.9766553044319153
0.9748830795288086
0.9731183052062988
0.9713606834411621
0.9696107506752014
0.967867910861969
0.9661330580711365
0.9644050002098083
0.962684154510498
0.9609706997871399
0.9592645168304443
0.9575648307800293
0.9558727741241455
0.9541873931884766
0.9525089263916016
0.9508374929428101
0.949172854423523
0.9475151300430298
0.945863664150238
0.944219172000885
0.9425813555717468
0.9409496784210205
0.9393247961997986
0.9377065300941467
0.9360947608947754
0.9344895482063293
0.9328902363777161
0.931297779083252
0.9297112226486206
0.9281312227249146
0.926557183265686
0.9249898195266724
0.9234279990196228
0.9218727350234985
0.9203225374221802
0.9187794923782349
0.9172417521476746
0.9157100319862366
0.9141846895217896
0.9126648902893066
0.9111506342887878
0.9096424579620361
0.9081399440765381
0.906643271446228
0.9051516056060791
0.9036661386489868
0.9021862149238586
0.9007117748260498
0.8992428779602051
0.8977795243263245
0.8963212966918945
0.8948690295219421
0.8934216499328613
0.8919798135757446
0.8905434012413025
0.8891118764877319
0.8876863718032837
0.8862656354904175
0.8848497867584229
0.8834396004676819
0.8820339441299438
0.8806342482566833
0.8792388439178467
0.8778489828109741
0.8764640092849731
0.8750836849212646
0.8737087249755859
0.872338593006134
0.8709734678268433
0.8696127533912659
0.8682571649551392
0.8669063448905945
0.865559995174408
0.8642187118530273
0.8628820776939392
0.8615500926971436
0.8602228760719299
0.8589003682136536
0.857582151889801
0.8562687039375305
0.8549602031707764
0.8536555767059326
0.8523557186126709
0.8510603904724121
0.8497695922851562
0.8484830856323242
0.847200870513916
0.8459230661392212
0.8446495532989502
0.8433804512023926
0.842116117477417
0.8408549427986145
0.8395988941192627
0.8383468389511108
0.8370993733406067
0.8358553647994995
0.8346158266067505
0.833381175994873
0.8321496248245239
0.8309224843978882
0.829699695110321
0.8284804821014404
0.8272655606269836
0.8260544538497925
0.8248474597930908
0.8236448168754578
0.8224451541900635
0.8212500810623169
0.8200589418411255
0.8188713788986206
0.81768798828125
0.8165082931518555
0.8153324723243713
0.8141604661941528
0.8129920363426208
0.811827540397644
0.8106666803359985
0.8095096945762634
0.8083561062812805
0.8072065711021423
0.8060603141784668
0.8049179911613464
0.8037791848182678
0.8026438355445862
0.8015121221542358
0.8003836870193481
0.7992593050003052
0.7981382608413696
0.7970210909843445
0.7959072589874268
0.7947960495948792
0.7936893105506897
0.7925854921340942
0.7914857864379883
0.7903885841369629
0.7892952561378479
0.7882051467895508
0.787118673324585
0.786035418510437
0.7849550247192383
0.78387850522995
0.7828052639961243
0.7817346453666687
0.7806679010391235
0.7796043753623962
0.7785439491271973
0.7774869203567505
0.7764326930046082
0.7753818035125732
0.7743340134620667
0.7732890248298645
0.7722477912902832
0.7712093591690063
0.770174503326416
0.7691424489021301
0.7681130170822144
0.7670868635177612
0.7660640478134155
0.7650443315505981
0.7640271186828613
0.7630134224891663
0.7620021104812622
0.7609946131706238
0.7599891424179077
0.7589871883392334
0.7579876780509949
0.7569911479949951
0.7559980750083923
0.7550077438354492
0.7540197372436523
0.7530354857444763
0.7520534992218018
0.7510741949081421
0.7500979900360107
0.7491247057914734
0.7481540441513062
0.7471863627433777
0.7462209463119507
0.7452584505081177
0.7442991733551025
0.7433422207832336
0.7423883080482483
0.7414365410804749
0.7404881715774536
0.73954176902771
0.738598644733429
0.737657904624939
0.7367196679115295
0.7357840538024902
0.7348511815071106
0.7339208126068115
0.732993483543396
0.732067883014679
0.731145977973938
0.7302257418632507
0.7293084859848022
0.7283933758735657
0.7274810671806335
0.7265716791152954
0.7256643772125244
0.7247598171234131
0.7238574028015137
0.7229573726654053
0.7220598459243774
0.7211652994155884
0.7202724814414978
0.719382643699646
0.7184951901435852
0.7176095843315125
0.7167270183563232
0.7158467173576355
0.7149685621261597
0.7140929102897644
0.7132194638252258
0.712348461151123
0.7114796042442322
0.7106139659881592
0.709749698638916
0.708888053894043
0.7080289125442505
0.7071720361709595
0.7063170075416565
0.7054644823074341
0.704614520072937
0.7037662267684937
0.70292067527771
0.7020766735076904
0.7012356519699097
0.7003966569900513
0.6995593309402466
0.6987245678901672
0.6978926062583923
0.6970617771148682
0.6962336897850037
0.695407509803772
0.6945838928222656
0.6937620639801025
0.6929425001144409
0.6921249032020569
0.6913098096847534
0.6904963850975037
0.6896854043006897
0.6888760328292847
0.6880691647529602
0.6872644424438477
0.6864616870880127
0.6856605410575867
0.6848616600036621
0.6840653419494629
0.6832705736160278
0.682477593421936
0.6816873550415039
0.6808986663818359
0.6801120042800903
0.6793273091316223
0.6785445809364319
0.677763819694519
0.6769846677780151
0.6762080192565918
0.6754335165023804
0.6746602654457092
0.6738896369934082
0.673120379447937
0.6723533868789673
0.6715881824493408
0.6708247661590576
0.6700631380081177
0.6693039536476135
0.6685463190078735
0.6677905321121216
0.6670368909835815
0.666284441947937
0.6655343174934387
0.6647858619689941
0.6640399098396301
0.663294792175293
0.662551760673523
0.6618110537528992
0.66107177734375
0.6603344082832336
0.6595988273620605
0.6588647961616516
0.6581328511238098
0.6574026346206665
0.6566741466522217
0.655947208404541
0.6552225351333618
0.6544992923736572
0.6537775993347168
0.6530582904815674
0.6523399949073792
0.6516237258911133
0.6509090662002563
0.6501962542533875
0.6494848728179932
0.648775577545166
0.6480674743652344
0.6473617553710938
0.6466569900512695
0.6459545493125916
0.6452532410621643
0.6445536613464355
0.6438561677932739
0.6431601047515869
0.642465353012085
0.6417726874351501
0.6410812139511108
0.6403916478157043
0.6397039890289307
0.6390171647071838
0.6383324265480042
0.6376489400863647
0.6369677186012268
0.6362875699996948
0.6356092691421509
0.6349327564239502
0.6342571973800659
0.6335834860801697
0.6329112648963928
0.6322404146194458
0.6315712928771973
0.6309038400650024
0.6302381753921509
0.6295738816261292
0.6289109587669373
0.6282497644424438
0.6275893449783325
0.6269311904907227
0.6262741088867188
0.6256186962127686
0.6249648928642273
0.6243125200271606
0.6236615777015686
0.6230120062828064
0.6223640441894531
0.6217174530029297
0.6210727691650391
0.6204290390014648
0.6197866797447205
0.6191461682319641
0.6185067892074585
0.6178690195083618
0.6172325611114502
0.6165976524353027
0.6159642338752747
0.6153321266174316
0.6147012114524841
0.6140718460083008
0.6134437918663025
0.6128174662590027
0.6121923327445984
0.6115685105323792
0.6109461188316345
0.6103247404098511
0.6097054481506348
0.6090871691703796
0.60847008228302
0.6078547835350037
0.6072406768798828
0.6066272258758545
0.606016218662262
0.6054060459136963
0.6047969460487366
0.6041897535324097
0.6035833954811096
0.6029787063598633
0.6023750305175781
0.6017728447914124
0.6011715531349182
0.600572407245636
0.5999736785888672
0.5993766188621521
0.5987809300422668
0.5981863737106323
0.5975932478904724
0.5970014929771423
0.5964105129241943
0.5958214402198792
0.5952329039573669
0.5946463346481323
0.5940607786178589
0.593476414680481
0.5928932428359985
0.5923116207122803
0.5917308330535889
0.5911509394645691
0.5905731916427612
0.5899961590766907
0.5894204378128052
0.5888460278511047
0.5882726311683655
0.5877004265785217
0.5871297717094421
0.5865598917007446
0.585991621017456
0.5854241251945496
0.5848580002784729
0.5842931866645813
0.58372962474823
0.5831672549247742
0.5826054811477661
0.5820450782775879
0.581486165523529
0.5809283256530762
0.5803719758987427
0.5798160433769226
0.5792617201805115
0.5787084698677063
0.5781563520431519
0.5776053667068481
0.577055811882019
0.5765067934989929
0.5759594440460205
0.5754128098487854
0.5748675465583801
0.5743234753608704
0.5737799406051636
0.5732380151748657
0.5726972818374634
0.5721578001976013
0.5716191530227661
0.5710812211036682
0.5705451369285583
0.570009708404541
0.5694749355316162
0.5689419507980347
0.5684096813201904
0.5678786039352417
0.5673485398292542
0.5668197870254517
0.5662918090820312
0.5657647252082825
0.5652392506599426
0.5647143125534058
0.5641909837722778
0.5636680126190186
0.5631465911865234
0.5626260638237
0.562106728553772
0.5615882873535156
0.5610709190368652
0.5605546236038208
0.5600392818450928
0.5595247745513916
0.559011697769165
0.5584993362426758
0.5579882264137268
0.5574780106544495
0.5569685697555542
0.5564603209495544
0.5559529066085815
0.555446982383728
0.5549418926239014
0.5544371604919434
0.55393385887146
0.5534316301345825
0.5529307126998901
0.552430272102356
0.5519313812255859
0.5514325499534607
0.550934910774231
0.5504384636878967
0.5499434471130371
0.5494486093521118
0.5489549040794373
0.548462450504303
0.547971248626709
0.547480583190918
0.5469908118247986
0.546501636505127
0.5460139513015747
0.5455271005630493
0.5450409650802612
0.5445562601089478
0.544072151184082
0.5435886979103088
0.5431064963340759
0.5426251292228699
0.5421445369720459
0.5416654348373413
0.5411868095397949
0.5407091379165649
0.5402325391769409
0.5397564172744751
0.5392817258834839
0.5388076901435852
0.5383342504501343
0.5378624200820923
0.5373906493186951
0.5369203090667725
0.5364506244659424
0.535982072353363
0.5355141162872314
0.5350473523139954
0.5345814228057861
0.5341159701347351
0.5336519479751587
0.5331884026527405
0.5327256917953491
0.532264232635498
0.5318033695220947
0.5313433408737183
0.5308842658996582
0.5304259657859802
0.5299686193466187
0.5295120477676392
0.5290563106536865
0.5286017656326294
0.5281473994255066
0.5276945233345032
0.5272419452667236
0.526790201663971
0.5263398885726929
0.5258899927139282
0.5254406332969666
0.5249925851821899
0.5245452523231506
0.524098813533783
0.523652970790863
0.5232077836990356
0.5227634906768799
0.5223204493522644
0.5218780040740967
0.5214364528656006
0.5209954380989075
0.5205554962158203
0.520115852355957
0.5196772813796997
0.519240140914917
0.5188029408454895
0.5183670520782471
0.5179312825202942
0.517497181892395
0.5170630216598511
0.5166299939155579
0.5161980986595154
0.5157667398452759
0.5153363347053528
0.5149064064025879
0.5144773125648499
0.5140486359596252
0.5136212110519409
0.5131943225860596
0.5127681493759155
0.5123429298400879
0.5119181275367737
0.5114944577217102
0.5110717415809631
0.5106492638587952
0.5102280974388123
0.5098074674606323
0.5093874931335449
0.50896817445755
0.5085493922233582
0.5081319808959961
0.5077148675918579
0.5072981715202332
0.5068827271461487
0.5064681172370911
0.5060538053512573
0.5056403875350952
0.5052275657653809
0.5048158764839172
0.504404604434967
0.5039940476417542
0.5035836696624756
0.5031754970550537
0.5027667880058289
0.5023592114448547
0.5019522905349731
0.5015462636947632
0.5011406540870667
0.5007361173629761
0.5003315806388855
0.4999285042285919
0.49952536821365356
0.49912354350090027
0.49872228503227234
0.498321533203125
0.49792176485061646
0.4975222647190094
0.4971235692501068
0.4967261850833893
0.49632880091667175
0.49593213200569153
0.4955361783504486
0.49514132738113403
0.4947468936443329
0.4943528175354004
0.49395984411239624
0.49356740713119507
0.4931759238243103
0.4927847385406494
0.492394357919693
0.49200427532196045
0.4916151165962219
0.49122703075408936
0.4908391833305359
0.4904518127441406
0.49006521701812744
0.489679753780365
0.48929426074028015
0.4889095723628998
0.48852598667144775
0.4881424903869629
0.4877600073814392
0.487377792596817
0.48699647188186646
0.48661574721336365
0.48623594641685486
0.48585647344589233
0.48547762632369995
0.4850999712944031
0.484722375869751
0.48434537649154663
0.4839690327644348
0.4835934638977051
0.48321855068206787
0.4828442335128784
0.48247015476226807
0.4820973873138428
0.4817243218421936
0.48135262727737427
0.48098140954971313
0.48061081767082214
0.48024046421051025
0.47987106442451477
0.4795020520687103
0.4791342318058014
0.47876638174057007
0.478399395942688
0.47803276777267456
0.4776668846607208
0.47730207443237305
0.4769374132156372
0.47657328844070435
0.47620972990989685
0.4758468270301819
0.47548478841781616
0.4751233458518982
0.47476181387901306
0.4744016230106354
0.4740416407585144
0.4736824035644531
0.47332364320755005
0.47296592593193054
0.4726080298423767
0.47225135564804077
0.47189465165138245
0.47153884172439575
0.4711834788322449
0.4708290994167328
0.47047486901283264
0.47012123465538025
0.46976810693740845
0.4694156348705292
0.469063937664032
0.46871286630630493
0.46836233139038086
0.4680121839046478
0.4676626920700073
0.46731311082839966
0.4669647812843323
0.46661698818206787
0.466269850730896
0.46592289209365845
0.4655765891075134
0.46523088216781616
0.46488577127456665
0.4645414352416992
0.46419692039489746
0.4638535976409912
0.4635104537010193
0.4631684422492981
0.4628262221813202
0.46248483657836914
0.46214359998703003
0.4618038833141327
0.4614640176296234
0.46112483739852905
0.4607863426208496
0.4604479968547821
0.46011048555374146
0.45977336168289185
0.4594372510910034
0.45910102128982544
0.4587653577327728
0.4584304690361023
0.45809584856033325
0.45776233077049255
0.457428514957428
0.45709577202796936
0.4567631483078003
0.4564313292503357
0.4561002254486084
0.45576921105384827
0.4554389417171478
0.455109179019928
0.45478010177612305
0.45445114374160767
0.4541231393814087
0.4537954330444336
0.4534676969051361
0.4531410038471222
0.4528150260448456
0.4524890184402466
0.45216360688209534
0.4518389403820038
0.4515151381492615
0.4511910080909729
0.4508678615093231
0.4505448341369629
0.45022332668304443
0.44990119338035583
0.4495798647403717
0.4492592215538025
0.44893878698349
0.44861871004104614
0.448299765586853
0.4479808509349823
0.44766244292259216
0.4473443925380707
0.4470271170139313
0.4467100203037262
0.4463937282562256
0.4460780918598175
0.44576236605644226
0.44544729590415955
0.445132851600647
0.4448188841342926
0.44450491666793823
0.444192111492157
0.4438795745372772
0.4435672461986542
0.44325560331344604
0.4429442584514618
0.44263356924057007
0.44232335686683655
0.4420134425163269
0.4417039155960083
0.4413951635360718
0.441087007522583
0.4407786726951599
0.4404711127281189
0.44016414880752563
0.4398574233055115
0.4395512342453003
0.4392457604408264
0.43894070386886597
0.4386356472969055
0.4383313059806824
0.438027560710907
0.4377237558364868
0.43742048740386963
0.4371184706687927
0.43681585788726807
0.43651431798934937
0.4362133741378784
0.4359125792980194
0.43561211228370667
0.4353122413158417
0.43501290678977966
0.4347139596939087
0.43441516160964966
0.43411684036254883
0.43381932377815247
0.43352222442626953
0.43322527408599854
0.4329283833503723
0.43263310194015503
0.43233752250671387
0.43204253911972046
0.4317476153373718
0.4314534068107605
0.43115943670272827
0.4308663308620453
0.43057313561439514
0.4302806854248047
0.4299888014793396
0.4296966791152954
0.4294058084487915
0.4291146397590637
0.4288244843482971
0.4285343289375305
0.42824453115463257
0.4279555678367615
0.4276667535305023
0.427378386259079
0.42709028720855713
0.4268030822277069
0.4265155792236328
0.42622917890548706
0.42594289779663086
0.42565685510635376
0.42537134885787964
0.4250863194465637
0.4248020052909851
0.42451775074005127
0.42423343658447266
0.4239506423473358
0.42366737127304077
0.42338478565216064
0.42310237884521484
0.4228207468986511
0.42253929376602173
0.42225801944732666
0.42197710275650024
0.4216972589492798
0.4214172959327698
0.4211380183696747
0.4208586513996124
0.42058008909225464
0.4203019142150879
0.4200238883495331
0.4197465777397156
0.41946929693222046
0.4191925525665283
0.4189165234565735
0.418640673160553
0.41836464405059814
0.4180898070335388
0.41781508922576904
0.41754066944122314
0.41726672649383545
0.41699302196502686
0.4167197346687317
0.4164470434188843
0.4161742925643921
0.41590261459350586
0.4156304895877838
0.41535937786102295
0.4150882959365845
0.4148179888725281
0.414547860622406
0.4142777919769287
0.4140084981918335
0.4137391448020935
0.41347068548202515
0.41320204734802246
0.41293439269065857
0.41266685724258423
0.41239917278289795
0.41213253140449524
0.4118662476539612
0.41160011291503906
0.41133448481559753
0.41106903553009033
0.41080400347709656
0.410538911819458
0.41027510166168213
0.41001060605049133
0.4097471237182617
0.4094838500022888
0.40922120213508606
0.40895864367485046
0.40869635343551636
0.4084347188472748
0.40817350149154663
0.40791237354278564
0.4076518714427948
0.4073910713195801
0.4071314036846161
0.40687134861946106
0.4066120684146881
0.4063534140586853
0.40609437227249146
0.40583595633506775
0.4055783450603485
0.40532106161117554
0.40506404638290405
0.4048071503639221
0.40455055236816406
0.40429431200027466
0.4040384888648987
0.40378275513648987
0.40352803468704224
0.4032733142375946
0.40301889181137085
0.40276432037353516
0.40251046419143677
0.40225744247436523
0.40200427174568176
0.4017513394355774
0.4014989733695984
0.4012467861175537
0.400995135307312
0.4007439911365509
0.40049266815185547
0.4002418518066406
0.3999914526939392
0.39974141120910645
0.3994917571544647
0.3992422819137573
0.39899325370788574
0.39874449372291565
0.3984960913658142
0.3982480764389038
0.3980003595352173
0.39775294065475464
0.39750608801841736
0.3972591757774353
0.3970127999782562
0.39676663279533386
0.3965206742286682
0.3962751030921936
0.39603015780448914
0.395785391330719
0.39554068446159363
0.39529621601104736
0.3950527310371399
0.3948092460632324
0.3945658206939697
0.39432293176651
0.394080251455307
0.393838107585907
0.39359623193740845
0.393354594707489
0.39311301708221436
0.39287233352661133
0.3926313519477844
0.3923912048339844
0.3921508193016052
0.3919113874435425
0.3916718661785126
0.3914325535297394
0.39119356870651245
0.3909551799297333
0.39071694016456604
0.39047887921333313
0.39024144411087036
0.390004426240921
0.3897674083709717
0.3895307183265686
0.389294296503067
0.3890579342842102
0.38882213830947876
0.38858678936958313
0.3883516788482666
0.3881169557571411
0.3878822922706604
0.3876480460166931
0.387413889169693
0.3871803879737854
0.3869468569755554
0.3867139518260956
0.3864811360836029
0.3862488269805908
0.38601619005203247
0.38578465580940247
0.3855532109737396
0.3853219747543335
0.3850904107093811
0.3848598003387451
0.3846298158168793
0.38439956307411194
0.3841701149940491
0.3839401304721832
0.38371092081069946
0.38348203897476196
0.38325339555740356
0.38302475214004517
0.3827968239784241
0.38256916403770447
0.3823416233062744
0.38211458921432495
0.3818875551223755
0.3816608190536499
0.38143450021743774
0.3812086284160614
0.3809826970100403
0.38075700402259827
0.3805319666862488
0.38030707836151123
0.38008251786231995
0.3798580765724182
0.3796338140964508
0.3794100880622864
0.3791865408420563
0.3789631128311157
0.37874022126197815
0.3785177767276764
0.3782951235771179
0.3780730962753296
0.37785130739212036
0.37762951850891113
0.377408504486084
0.37718719244003296
0.37696656584739685
0.3767460584640503
0.37652578949928284
0.37630578875541687
0.37608611583709717
0.37586677074432373
0.3756478428840637
0.3754284977912903
0.37521013617515564
0.37499216198921204
0.3747735023498535
0.37455615401268005
0.3743385970592499
0.3741214871406555
0.37390434741973877
0.37368762493133545
0.3734710216522217
0.37325459718704224
0.3730389475822449
0.3728233873844147
0.37260839343070984
0.372392863035202
0.37217825651168823
0.3719635009765625
0.3717493712902069
0.3715350031852722
0.3713211119174957
0.37110796570777893
0.3708944320678711
0.3706812262535095
0.37046870589256287
0.37025612592697144
0.3700438439846039
0.3698318898677826
0.369620144367218
0.3694084882736206
0.3691972494125366
0.3689866065979004
0.36877578496932983
0.36856549978256226
0.36835533380508423
0.36814504861831665
0.3679351806640625
0.36772584915161133
0.36751672625541687
0.3673080801963806
0.36709916591644287
0.3668908178806305
0.36668282747268677
0.36647480726242065
0.36626726388931274
0.366059809923172
0.365852415561676
0.36564552783966064
0.3654387891292572
0.36523255705833435
0.36502620577812195
0.36482012271881104
0.3646147549152374
0.36440908908843994
0.364204078912735
0.36399900913238525
0.3637941777706146
0.3635895848274231
0.36338552832603455
0.3631817698478699
0.3629775643348694
0.36277422308921814
0.3625711500644684
0.3623676002025604
0.3621654510498047
0.3619627356529236
0.36176055669784546
0.36155831813812256
0.361356645822525
0.36115506291389465
0.3609534800052643
0.36075252294540405
0.3605515658855438
0.36035099625587463
0.3601510524749756
0.3599501848220825
0.3597504198551178
0.3595508337020874
0.3593515455722809
0.35915225744247437
0.3589531481266022
0.3587542772293091
0.35855555534362793
0.35835757851600647
0.35815951228141785
0.3579615354537964
0.35776403546333313
0.3575667142868042
0.357369601726532
0.35717305541038513
0.3569759726524353
0.35677972435951233
0.3565835654735565
0.3563874661922455
0.35619181394577026
0.35599637031555176
0.35580092668533325
0.3556056618690491
0.3554110527038574
0.3552160859107971
0.35502180457115173
0.3548276126384735
0.35463348031044006
0.35443994402885437
0.35424649715423584
0.35405319929122925
0.3538598120212555
0.35366740822792053
0.35347452759742737
0.35328221321105957
0.35308998823165894
0.3528978228569031
0.3527064919471741
0.35251498222351074
0.3523238003253937
0.3521326184272766
0.3519417345523834
0.3517509400844574
0.3515610992908478
0.35137081146240234
0.35118088126182556
0.35099104046821594
0.3508017957210541
0.3506118655204773
0.35042309761047363
0.3502340018749237
0.35004565119743347
0.3498566150665283
0.34966883063316345
0.3494807481765747
0.34929290413856506
0.34910571575164795
0.34891802072525024
0.34873080253601074
0.34854379296302795
0.34835708141326904
0.3481706380844116
0.3479846715927124
0.3477984666824341
0.3476123809814453
0.34742671251296997
0.3472411632537842
0.3470558226108551
0.3468707501888275
0.3466859459877014
0.34650158882141113
0.34631669521331787
0.3461329936981201
0.3459485173225403
0.3457649350166321
0.34558117389678955
0.34539806842803955
0.3452146649360657
0.3450317084789276
0.3448486328125
0.34466657042503357
0.34448403120040894
0.34430214762687683
0.3441199064254761
0.3439384698867798
0.34375688433647156
0.34357526898384094
0.34339386224746704
0.34321314096450806
0.34303224086761475
0.3428514897823334
0.3426714539527893
0.3424912393093109
0.3423110842704773
0.34213101863861084
0.34195178747177124
0.34177225828170776
0.34159305691719055
0.34141454100608826
0.3412354290485382
0.3410570025444031
0.34087851643562317
0.3407003581523895
0.3405224084854126
0.34034472703933716
0.34016695618629456
0.339989572763443
0.33981284499168396
0.3396357297897339
0.3394588232040405
0.3392821252346039
0.3391057550907135
0.33892950415611267
0.3387531042098999
0.3385775089263916
0.3384019732475281
0.338226318359375
0.33805087208747864
0.33787602186203003
0.3377012014389038
0.33752650022506714
0.3373522460460663
0.3371778726577759
0.33700379729270935
0.3368298411369324
0.33665600419044495
0.336482435464859
0.3363091051578522
0.3361358642578125
0.33596253395080566
0.33579012751579285
0.3356173038482666
0.3354450464248657
0.335272878408432
0.3351008892059326
0.3349290192127228
0.3347575068473816
0.3345857262611389
0.3344145715236664
0.3342435956001282
0.33407264947891235
0.33390194177627563
0.3337310552597046
0.33356067538261414
0.33339062333106995
0.33322063088417053
0.3330509662628174
0.3328811824321747
0.3327116072177887
0.33254262804985046
0.33237335085868835
0.3322041630744934
0.3320355713367462
0.33186694979667664
0.33169886469841003
0.33153054118156433
0.33136266469955444
0.3311948776245117
0.3310271203517914
0.3308594822883606
0.3306922912597656
0.3305250406265259
0.33035793900489807
0.33019158244132996
0.3300248086452484
0.3298588991165161
0.3296923339366913
0.3295261859893799
0.3293605446815491
0.3291947543621063
0.32902926206588745
0.3288639187812805
0.3286985158920288
0.328533798456192
0.3283688426017761
0.32820406556129456
0.3280402421951294
0.32787567377090454
0.3277113437652588
0.32754722237586975
0.32738345861434937
0.3272198736667633
0.3270568251609802
0.3268932104110718
0.32673025131225586
0.3265674412250519
0.32640448212623596
0.326241672039032
0.32607972621917725
0.32591739296913147
0.3257555365562439
0.3255937099456787
0.32543206214904785
0.3252699673175812
0.3251088261604309
0.3249472975730896
0.32478684186935425
0.3246258497238159
0.3244648873806
0.32430410385131836
0.3241438865661621
0.3239835500717163
0.3238235414028168
0.3236638903617859
0.3235042691230774
0.3233445882797241
0.32318517565727234
0.3230259120464325
0.322866827249527
0.322707861661911
0.3225497007369995
0.32239100337028503
0.32223260402679443
0.3220742344856262
0.32191628217697144
0.32175832986831665
0.3216007351875305
0.32144325971603394
0.32128578424453735
0.3211284875869751
0.32097142934799194
0.32081443071365356
0.3206574618816376
0.32050126791000366
0.32034486532211304
0.32018816471099854
0.32003235816955566
0.31987622380256653
0.31972065567970276
0.31956517696380615
0.31940925121307373
0.31925395131111145
0.3190990090370178
0.31894370913505554
0.31878918409347534
0.31863442063331604
0.31848013401031494
0.3183259963989258
0.3181714415550232
0.3180176615715027
0.3178637623786926
0.3177098035812378
0.31755608320236206
0.3174029588699341
0.3172495663166046
0.3170963525772095
0.3169434070587158
0.316790908575058
0.3166379928588867
0.3164856731891632
0.31633347272872925
0.3161812424659729
0.31602922081947327
0.3158775568008423
0.31572550535202026
0.3155742287635803
0.31542253494262695
0.315271258354187
0.31512007117271423
0.3149692714214325
0.31481871008872986
0.31466808915138245
0.3145172595977783
0.3143670856952667
0.3142169713973999
0.31406673789024353
0.3139171600341797
0.31376734375953674
0.3136175274848938
0.3134685158729553
0.3133189082145691
0.313169926404953
0.3130210041999817
0.3128718137741089
0.3127232491970062
0.312575101852417
0.31242629885673523
0.3122784197330475
0.3121304512023926
0.31198230385780334
0.3118341565132141
0.3116869628429413
0.31153935194015503
0.31139159202575684
0.3112446665763855
0.3110978603363037
0.31095090508461
0.310804158449173
0.3106571435928345
0.3105107545852661
0.31036466360092163
0.31021833419799805
0.3100724518299103
0.3099265396595001
0.3097805082798004
0.3096352815628052
0.3094896078109741
0.30934417247772217
0.30919918417930603
0.30905410647392273
0.3089093863964081
0.308764785528183
0.30862006545066833
0.3084754943847656
0.30833131074905396
0.30818697810173035
0.3080427646636963
0.30789896845817566
0.30775541067123413
0.3076116442680359
0.3074684143066406
0.30732476711273193
0.30718177556991577
0.30703896284103394
0.3068956732749939
0.3067532777786255
0.3066104054450989
0.30646812915802
0.3063258230686188
0.3061832785606384
0.306041419506073
0.3058996796607971
0.3057575225830078
0.30561646819114685
0.30547478795051575
0.3053331673145294
0.3051920533180237
0.30505087971687317
0.3049098253250122
0.30476900935173035
0.30462875962257385
0.3044881522655487
0.3043476343154907
0.30420732498168945
0.3040670156478882
0.3039271831512451
0.30378708243370056
0.30364739894866943
0.3035079836845398
0.3033687472343445
0.303229421377182
0.3030899167060852
0.30295103788375854
0.30281224846839905
0.3026732802391052
0.30253493785858154
0.3023965656757355
0.30225783586502075
0.30211976170539856
0.3019815981388092
0.301843523979187
0.3017057180404663
0.3015678822994232
0.3014301061630249
0.30129289627075195
0.3011559247970581
0.3010183274745941
0.3008813261985779
0.3007444143295288
0.30060797929763794
0.30047088861465454
0.30033445358276367
0.300197958946228
0.30006179213523865
0.29992586374282837
0.2997896671295166
0.29965370893478394
0.29951798915863037
0.2993825674057007
0.2992469370365143
0.2991114854812622
0.2989765405654907
0.29884129762649536
0.2987062931060791
0.29857149720191956
0.2984364926815033
0.298301637172699
0.298167884349823
0.29803329706192017
0.2978992462158203
0.29776525497436523
0.297631174325943
0.2974972128868103
0.2973635196685791
0.29722997546195984
0.2970964312553406
0.29696351289749146
0.29683005809783936
0.2966969907283783
0.29656386375427246
0.29643112421035767
0.2962985634803772
0.2961657643318176
0.29603344202041626
0.29590120911598206
0.2957688271999359
0.2956371307373047
0.2955051362514496
0.29537317156791687
0.29524123668670654
0.29510998725891113
0.29497846961021423
0.29484719038009644
0.2947160303592682
0.29458481073379517
0.2944537103176117
0.2943231761455536
0.2941923141479492
0.29406213760375977
0.29393133521080017
0.29380112886428833
0.29367053508758545
0.2935406565666199
0.2934105098247528
0.2932807505130768
0.2931506931781769
0.2930213212966919
0.29289186000823975
0.2927623689174652
0.2926334738731384
0.29250428080558777
0.2923753559589386
0.2922462821006775
0.292117178440094
0.2919887900352478
0.2918604612350464
0.2917320728302002
0.29160362482070923
0.29147565364837646
0.29134756326675415
0.2912195324897766
0.29109176993370056
0.2909640967845917
0.2908363938331604
0.2907087206840515
0.2905815839767456
0.2904544472694397
0.2903270721435547
0.29020029306411743
0.29007309675216675
0.28994646668434143
0.28981977701187134
0.28969302773475647
0.2895667552947998
0.2894403338432312
0.28931427001953125
0.2891882658004761
0.2890623211860657
0.28893643617630005
0.2888105511665344
0.2886851131916046
0.2885594367980957
0.28843438625335693
0.28830888867378235
0.2881840169429779
0.288058876991272
0.2879343032836914
0.2878091633319855
0.28768444061279297
0.28755998611450195
0.2874353528022766
0.2873108685016632
0.28718671202659607
0.28706276416778564
0.2869385778903961
0.2868146300315857
0.28669100999832153
0.2865675091743469
0.286443829536438
0.28632020950317383
0.2861972451210022
0.2860736548900604
0.28595033288002014
0.2858275771141052
0.2857048213481903
0.285582035779953
0.28545910120010376
0.2853366732597351
0.28521406650543213
0.2850918471813202
0.2849695682525635
0.2848476469516754
0.28472551703453064
0.28460368514060974
0.28448164463043213
0.28435999155044556
0.28423818945884705
0.2841168940067291
0.28399574756622314
0.2838745415210724
0.283753365278244
0.2836321294307709
0.28351151943206787
0.2833902835845947
0.2832697629928589
0.2831490933895111
0.283028781414032
0.28290867805480957
0.28278788924217224
0.2826681435108185
0.2825477719306946
0.28242772817611694
0.28230807185173035
0.28218862414360046
0.28206878900527954
0.28194931149482727
0.2818295955657959
0.28171080350875854
0.28159117698669434
0.28147220611572266
0.28135305643081665
0.2812343239784241
0.28111526370048523
0.28099697828292847
0.2808784246444702
0.2807598114013672
0.28064125776290894
0.2805230915546417
0.2804049849510193
0.28028735518455505
0.2801692485809326
0.28005123138427734
0.2799333333969116
0.2798158824443817
0.2796984612941742
0.2795809805393219
0.279463529586792
0.27934637665748596
0.2792293429374695
0.2791123390197754
0.27899566292762756
0.27887871861457825
0.27876192331314087
0.2786451578140259
0.2785288095474243
0.2784126400947571
0.2782959043979645
0.2781800925731659
0.27806389331817627
0.27794793248176575
0.27783218026161194
0.2777162194252014
0.2776004672050476
0.27748507261276245
0.27736973762512207
0.2772540748119354
0.27713897824287415
0.27702364325523376
0.27690887451171875
0.2767936587333679
0.27667877078056335
0.27656421065330505
0.27644941210746765
0.27633482217788696
0.2762201428413391
0.2761056423187256
0.2759917676448822
0.2758772671222687
0.27576369047164917
0.27564963698387146
0.2755354940891266
0.2754216492176056
0.2753080725669861
0.27519452571868896
0.27508115768432617
0.27496761083602905
0.2748541235923767
0.2747412919998169
0.27462831139564514
0.2745150923728943
0.2744024991989136
0.2742891311645508
0.27417683601379395
0.27406394481658936
0.2739516496658325
0.2738393545150757
0.2737268805503845
0.2736145555973053
0.2735026478767395
0.27339085936546326
0.2732788324356079
0.27316683530807495
0.27305513620376587
0.2729434370994568
0.2728317677974701
0.2727208733558655
0.27260926365852356
0.2724979817867279
0.2723868489265442
0.2722756862640381
0.2721647322177887
0.2720537781715393
0.27194321155548096
0.27183258533477783
0.27172207832336426
0.2716115713119507
0.27150100469589233
0.27139076590538025
0.2712806761264801
0.27117034792900085
0.2710602581501007
0.2709507942199707
0.27084052562713623
0.27073076367378235
0.27062100172042847
0.27051153779029846
0.27040234208106995
0.27029281854629517
0.2701835632324219
0.2700745761394501
0.2699653208255768
0.2698560655117035
0.2697475254535675
0.2696385979652405
0.2695300281047821
0.2694211006164551
0.2693129777908325
0.26920437812805176
0.2690959870815277
0.2689877450466156
0.26888003945350647
0.26877152919769287
0.2686632573604584
0.2685554027557373
0.2684476971626282
0.26834020018577576
0.26823246479034424
0.2681248188018799
0.2680176794528961
0.267910361289978
0.2678029537200928
0.2676955461502075
0.2675887942314148
0.2674816846847534
0.26737505197525024
0.26726818084716797
0.2671610414981842
0.26705461740493774
0.26694855093955994
0.26684150099754333
0.2667352855205536
0.26662907004356384
0.2665230631828308
0.26641684770584106
0.26631060242652893
0.26620468497276306
0.2660990059375763
0.26599356532096863
0.265887975692749
0.26578205823898315
0.26567691564559937
0.2655711770057678
0.2654656767845154
0.2653607726097107
0.26525551080703735
0.2651505470275879
0.26504582166671753
0.2649407684803009
0.26483583450317383
0.2647313177585602
0.26462671160697937
0.2645222842693329
0.2644178867340088
0.26431339979171753
0.26420941948890686
0.2641048729419708
0.2640010118484497
0.263897180557251
0.26379305124282837
0.26368942856788635
0.2635854482650757
0.2634817659854889
0.2633781135082245
0.26327455043792725
0.2631714642047882
0.26306799054145813
0.26296478509902954
0.26286178827285767
0.2627587616443634
0.2626558542251587
0.2625528573989868
0.2624496817588806
0.26234713196754456
0.26224467158317566
0.2621420621871948
0.2620397210121155
0.2619372308254242
0.26183512806892395
0.261732816696167
0.26163047552108765
0.2615283727645874
0.26142656803131104
0.26132461428642273
0.261222779750824
0.2611214518547058
0.2610194683074951
0.2609179615974426
0.26081666350364685
0.26071539521217346
0.2606140971183777
0.26051267981529236
0.2604116201400757
0.2603106200695038
0.2602095305919647
0.2601085305213928
0.2600077986717224
0.2599073648452759
0.25980687141418457
0.25970572233200073
0.25960540771484375
0.25950509309768677
0.2594047784805298
0.25930458307266235
0.25920432806015015
0.2591041922569275
0.2590046525001526
0.2589045464992523
0.25880497694015503
0.2587050795555115
0.25860515236854553
0.25850582122802734
0.25840625166893005
0.25830698013305664
0.2582077383995056
0.2581084966659546
0.2580092251300812
0.2579095959663391
0.25781071186065674
0.2577117681503296
0.257612943649292
0.2575145959854126
0.257415771484375
0.25731679797172546
0.25721850991249084
0.2571202516555786
0.2570217549800873
0.25692322850227356
0.25682517886161804
0.2567267417907715
0.2566288113594055
0.2565309703350067
0.2564331293106079
0.25633513927459717
0.256237268447876
0.25613951683044434
0.25604233145713806
0.2559445798397064
0.25584715604782104
0.25574973225593567
0.255652517080307
0.25555530190467834
0.25545841455459595
0.2553609609603882
0.2552643418312073
0.2551669776439667
0.25507044792175293
0.25497353076934814
0.2548767626285553
0.2547805607318878
0.2546834945678711
0.2545872926712036
0.2544909715652466
0.2543949484825134
0.2542983591556549
0.2542022168636322
0.25410640239715576
0.25401026010513306
0.253914475440979
0.25381866097450256
0.253722608089447
0.25362688302993774
0.25353121757507324
0.2534359097480774
0.2533406913280487
0.2532452940940857
0.2531498968601227
0.2530548870563507
0.25295954942703247
0.2528647482395172
0.2527695894241333
0.25267499685287476
0.2525798976421356
0.252485066652298
0.25239044427871704
0.2522957921028137
0.2522011399269104
0.2521068751811981
0.2520122528076172
0.25191816687583923
0.2518238425254822
0.25172942876815796
0.25163567066192627
0.25154170393943787
0.2514476180076599
0.2513542175292969
0.25126010179519653
0.2511664628982544
0.2510725259780884
0.2509787678718567
0.2508854269981384
0.2507920265197754
0.2506985664367676
0.2506049573421478
0.25051236152648926
0.2504192292690277
0.25032564997673035
0.25023239850997925
0.2501397132873535
0.2500467002391815
0.24995392560958862
0.24986158311367035
0.24976864457130432
0.2496761977672577
0.24958381056785583
0.2494913637638092
0.249398872256279
0.24930652976036072
0.2492142617702484
0.24912208318710327
0.24903041124343872
0.24893802404403687
0.24884620308876038
0.2487541288137436
0.24866242706775665
0.24857069551944733
0.24847958981990814
0.24838760495185852
0.24829599261283875
0.24820424616336823
0.24811354279518127
0.2480221688747406
0.24793100357055664
0.2478395700454712
0.24774885177612305
0.24765753746032715
0.247566819190979
0.24747583270072937
0.24738509953022003
0.24729423224925995
0.24720370769500732
0.2471127212047577
0.24702230095863342
0.2469319999217987
0.2468414604663849
0.24675147235393524
0.24666094779968262
0.24657097458839417
0.24648088216781616
0.24639075994491577
0.24630063772201538
0.24621111154556274
0.2461208701133728
0.24603109061717987
0.2459414303302765
0.24585199356079102
0.2457624077796936
0.24567297101020813
0.24558375775814056
0.24549418687820435
0.24540480971336365
0.24531549215316772
0.24522645771503448
0.24513746798038483
0.24504855275154114
0.2449595332145691
0.24487049877643585
0.24478194117546082
0.2446933388710022
0.24460476636886597
0.24451616406440735
0.2444276213645935
0.24433912336826324
0.24425062537193298
0.24416211247444153
0.2440740019083023
0.24398571252822876
0.24389779567718506
0.24380937218666077
0.24372133612632751
0.24363350868225098
0.24354545772075653
0.24345797300338745
0.2433701455593109
0.2432824969291687
0.24319490790367126
0.24310725927352905
0.24301987886428833
0.2429324835538864
0.2428448498249054
0.24275778234004974
0.24267074465751648
0.24258340895175934
0.24249622225761414
0.24240949749946594
0.2423224151134491
0.24223554134368896
0.24214881658554077
0.24206215143203735
0.2419753074645996
0.24188865721225739
0.24180211126804352
0.24171559512615204
0.24162951111793518
0.2415424883365631
0.2414565086364746
0.24137042462825775
0.24128395318984985
0.24119822680950165
0.24111199378967285
0.24102634191513062
0.24094009399414062
0.24085435271263123
0.2407684326171875
0.24068313837051392
0.24059686064720154
0.24051165580749512
0.2404262125492096
0.24034065008163452
0.24025529623031616
0.2401699274778366
0.240084707736969
0.23999947309494019
0.23991432785987854
0.23982909321784973
0.23974409699440002
0.239659383893013
0.2395743727684021
0.23948967456817627
0.23940487205982208
0.23932015895843506
0.23923559486865997
0.23915110528469086
0.23906628787517548
0.2389816790819168
0.2388974279165268
0.23881329596042633
0.23872891068458557
0.23864497244358063
0.23856084048748016
0.23847654461860657
0.23839250206947327
0.23830868303775787
0.23822449147701263
0.23814089596271515
0.23805706202983856
0.23797334730625153
0.23788973689079285
0.23780623078346252
0.2377229630947113
0.23763921856880188
0.23755604028701782
0.23747265338897705
0.2373892366886139
0.23730617761611938
0.2372228503227234
0.23713994026184082
0.23705682158470154
0.23697373270988464
0.23689089715480804
0.2368081659078598
0.23672530055046082
0.23664218187332153
0.23655980825424194
0.23647725582122803
0.23639483749866486
0.23631232976913452
0.23622965812683105
0.23614782094955444
0.23606525361537933
0.23598328232765198
0.23590072989463806
0.23581840097904205
0.23573651909828186
0.2356545329093933
0.2355724275112152
0.23549041152000427
0.23540912568569183
0.2353273332118988
0.23524555563926697
0.2351641207933426
0.2350820153951645
0.23500078916549683
0.23491910099983215
0.2348378598690033
0.23475654423236847
0.23467519879341125
0.2345942109823227
0.23451295495033264
0.23443171381950378
0.23435071110725403
0.23426969349384308
0.23418888449668884
0.23410797119140625
0.2340272068977356
0.23394639790058136
0.23386555910110474
0.23378513753414154
0.23370429873466492
0.2336241900920868
0.23354360461235046
0.23346289992332458
0.23338250815868378
0.23330214619636536
0.23322224617004395
0.23314175009727478
0.23306182026863098
0.23298168182373047
0.23290175199508667
0.23282158374786377
0.23274199664592743
0.232662171125412
0.2325824499130249
0.2325025200843811
0.23242269456386566
0.23234331607818604
0.23226381838321686
0.2321845442056656
0.2321050465106964
0.23202553391456604
0.23194625973701477
0.23186686635017395
0.23178759217262268
0.23170875012874603
0.23162981867790222
0.2315501570701599
0.23147153854370117
0.23139271140098572
0.23131373524665833
0.23123478889465332
0.23115627467632294
0.2310774177312851
0.2309986799955368
0.23092028498649597
0.2308417558670044
0.23076310753822327
0.23068469762802124
0.23060627281665802
0.2305278778076172
0.23045001924037933
0.23037156462669373
0.2302933931350708
0.23021529614925385
0.2301374226808548
0.2300594598054886
0.22998183965682983
0.22990372776985168
0.22982583940029144
0.2297479659318924
0.22967031598091125
0.22959288954734802
0.22951537370681763
0.2294374406337738
0.22936013340950012
0.229282945394516
0.2292053997516632
0.2291284054517746
0.22905093431472778
0.2289736121892929
0.228896826505661
0.22881928086280823
0.22874252498149872
0.22866539657115936
0.22858862578868866
0.2285117208957672
0.22843483090400696
0.22835779190063477
0.22828137874603271
0.22820469737052917
0.22812789678573608
0.2280513197183609
0.22797489166259766
0.22789841890335083
0.2278221696615219
0.22774581611156464
0.2276696115732193
0.22759346663951874
0.22751697897911072
0.22744086384773254
0.22736480832099915
0.22728917002677917
0.22721311450004578
0.22713696956634521
0.22706127166748047
0.22698535025119781
0.22690966725349426
0.2268339842557907
0.22675815224647522
0.22668278217315674
0.2266073077917099
0.2265319526195526
0.2264564484357834
0.22638100385665894
0.22630572319030762
0.22623036801815033
0.22615495324134827
0.2260797917842865
0.22600477933883667
0.22592972218990326
0.22585465013980865
0.2257794886827469
0.22570477426052094
0.22562961280345917
0.2255549132823944
0.22548016905784607
0.22540545463562012
0.22533096373081207
0.22525647282600403
0.22518187761306763
0.2251071035861969
0.22503285109996796
0.22495833039283752
0.22488416731357574
0.22481000423431396
0.22473560273647308
0.22466164827346802
0.22458747029304504
0.22451317310333252
0.224439337849617
0.22436562180519104
0.22429141402244568
0.2242172211408615
0.2241436094045639
0.2240699827671051
0.22399601340293884
0.2239224910736084
0.22384873032569885
0.2237754613161087
0.2237015962600708
0.22362828254699707
0.22355486452579498
0.2234814465045929
0.22340789437294006
0.22333493828773499
0.223261758685112
0.22318866848945618
0.223115473985672
0.22304214537143707
0.2229694128036499
0.22289630770683289
0.22282344102859497
0.2227504551410675
0.22267793118953705
0.222604900598526
0.22253216803073883
0.22245973348617554
0.22238673269748688
0.22231417894363403
0.22224199771881104
0.22216956317424774
0.22209689021110535
0.2220245748758316
0.22195212543010712
0.2218800187110901
0.22180767357349396
0.2217353731393814
0.2216634750366211
0.22159124910831451
0.22151914238929749
0.22144725918769836
0.2213754951953888
0.22130370140075684
0.22123180329799652
0.2211599051952362
0.2210882306098938
0.22101643681526184
0.22094489634037018
0.22087344527244568
0.22080150246620178
0.22073018550872803
0.22065851092338562
0.22058773040771484
0.22051593661308289
0.22044479846954346
0.2203732132911682
0.22030232846736908
0.2202310860157013
0.22016018629074097
0.22008904814720154
0.22001802921295166
0.21994735300540924
0.21987618505954742
0.21980565786361694
0.21973448991775513
0.21966367959976196
0.21959298849105835
0.21952229738235474
0.21945171058177948
0.21938103437423706
0.21931031346321106
0.21924030780792236
0.2191694676876068
0.21909934282302856
0.21902886033058167
0.21895872056484222
0.21888820827007294
0.21881818771362305
0.21874818205833435
0.21867789328098297
0.21860787272453308
0.21853768825531006
0.21846789121627808
0.21839797496795654
0.21832801401615143
0.2182580828666687
0.21818837523460388
0.2181187868118286
0.21804894506931305
0.2179793417453766
0.21790985763072968
0.2178402543067932
0.2177709937095642
0.2177012711763382
0.21763187646865845
0.217562735080719
0.2174934595823288
0.21742428839206696
0.21735501289367676
0.21728560328483582
0.21721644699573517
0.21714738011360168
0.21707843244075775
0.217009499669075
0.21694065630435944
0.21687157452106476
0.21680296957492828
0.2167339026927948
0.21666516363620758
0.2165960967540741
0.21652770042419434
0.21645906567573547
0.2163904309272766
0.21632170677185059
0.21625329554080963
0.2161847949028015
0.2161165177822113
0.21604809165000916
0.2159799039363861
0.21591171622276306
0.2158435583114624
0.21577535569667816
0.21570730209350586
0.21563908457756042
0.21557113528251648
0.21550291776657104
0.21543484926223755
0.21536710858345032
0.21529924869537354
0.21523138880729675
0.21516376733779907
0.2150961011648178
0.21502837538719177
0.2149609625339508
0.21489295363426208
0.21482542157173157
0.21475814282894135
0.21469025313854218
0.21462318301200867
0.21455584466457367
0.21448855102062225
0.2144208699464798
0.2143540382385254
0.2142869234085083
0.2142198532819748
0.2141525000333786
0.21408577263355255
0.21401844918727875
0.21395157277584076
0.21388421952724457
0.21381795406341553
0.213750958442688
0.2136840522289276
0.21361728012561798
0.21355040371418
0.21348387002944946
0.21341708302497864
0.21335074305534363
0.21328385174274445
0.21321766078472137
0.2131514549255371
0.2130851447582245
0.21301868557929993
0.21295222640037537
0.21288588643074036
0.2128196805715561
0.21275368332862854
0.21268746256828308
0.21262145042419434
0.21255485713481903
0.21248933672904968
0.21242298185825348
0.21235722303390503
0.21229130029678345
0.21222542226314545
0.21215975284576416
0.21209418773651123
0.2120284140110016
0.21196249127388
0.21189716458320618
0.21183113753795624
0.21176567673683167
0.21170057356357574
0.2116347849369049
0.21156907081604004
0.21150396764278412
0.21143873035907745
0.21137350797653198
0.21130803227424622
0.21124278008937836
0.21117764711380005
0.2111128568649292
0.21104773879051208
0.21098272502422333
0.21091745793819427
0.21085280179977417
0.21078774333000183
0.21072283387184143
0.21065780520439148
0.21059349179267883
0.2105284482240677
0.2104640007019043
0.21039918065071106
0.21033446490764618
0.21027013659477234
0.2102053016424179
0.21014094352722168
0.2100767195224762
0.21001200377941132
0.20994752645492554
0.20988349616527557
0.2098190188407898
0.20975464582443237
0.20969074964523315
0.2096264660358429
0.20956209301948547
0.20949819684028625
0.2094341367483139
0.2093699872493744
0.2093060463666916
0.20924223959445953
0.20917831361293793
0.20911461114883423
0.20905092358589172
0.20898708701133728
0.20892339944839478
0.20885956287384033
0.2087959498167038
0.2087324857711792
0.20866911113262177
0.20860491693019867
0.2085416615009308
0.20847828686237335
0.20841503143310547
0.2083512842655182
0.20828838646411896
0.20822498202323914
0.20816171169281006
0.20809878408908844
0.2080356329679489
0.2079722285270691
0.20790940523147583
0.2078462392091751
0.2077835351228714
0.2077203392982483
0.20765753090381622
0.20759445428848267
0.2075318694114685
0.20746901631355286
0.20740629732608795
0.2073432207107544
0.20728062093257904
0.20721814036369324
0.2071555107831955
0.20709288120269775
0.2070305049419403
0.20696789026260376
0.20690572261810303
0.206843301653862
0.206780806183815
0.20671851933002472
0.20665599405765533
0.20659418404102325
0.20653176307678223
0.2064698338508606
0.20640741288661957
0.206345334649086
0.20628352463245392
0.20622192323207855
0.20615948736667633
0.20609739422798157
0.20603591203689575
0.2059740573167801
0.20591197907924652
0.20585012435913086
0.20578862726688385
0.20572687685489655
0.20566514134407043
0.20560351014137268
0.20554186403751373
0.2054804563522339
0.2054189294576645
0.20535752177238464
0.2052961140871048
0.20523472130298615
0.2051728218793869
0.20511175692081451
0.20505045354366302
0.2049892693758011
0.20492830872535706
0.20486699044704437
0.20480628311634064
0.20474494993686676
0.20468387007713318
0.20462290942668915
0.20456193387508392
0.20450130105018616
0.20444020628929138
0.20437946915626526
0.2043185979127884
0.20425784587860107
0.204196959733963
0.20413634181022644
0.20407579839229584
0.20401468873023987
0.20395438373088837
0.20389387011528015
0.20383334159851074
0.20377278327941895
0.20371213555335999
0.2036518156528473
0.2035914957523346
0.20353153347969055
0.20347097516059875
0.2034105658531189
0.20335035026073456
0.20329061150550842
0.20323027670383453
0.20317019522190094
0.2031102031469345
0.20304986834526062
0.2029898762702942
0.20293013751506805
0.20287013053894043
0.20281025767326355
0.20275083184242249
0.2026904821395874
0.20263096690177917
0.20257121324539185
0.20251142978668213
0.20245176553726196
0.2023923397064209
0.20233231782913208
0.20227324962615967
0.20221368968486786
0.2021537870168686
0.20209458470344543
0.20203526318073273
0.20197604596614838
0.20191624760627747
0.2018572837114334
0.20179805159568787
0.20173895359039307
0.2016797512769699
0.20162072777748108
0.20156140625476837
0.2015025019645691
0.20144304633140564
0.2013845145702362
0.20132514834403992
0.20126651227474213
0.20120763778686523
0.2011486291885376
0.20108959078788757
0.20103104412555695
0.20097239315509796
0.20091372728347778
0.20085468888282776
0.20079627633094788
0.20073746144771576
0.20067891478538513
0.20062056183815002
0.2005620002746582
0.20050355792045593
0.2004452347755432
0.20038676261901855
0.20032832026481628
0.20027007162570953
0.20021183788776398
0.2001533955335617
0.20009538531303406
0.20003727078437805
0.19997890293598175
0.19992101192474365
0.19986289739608765
0.19980476796627045
0.1997467279434204
0.1996886134147644
0.1996307075023651
0.19957281649112701
0.19951549172401428
0.19945722818374634
0.19939979910850525
0.19934163987636566
0.19928407669067383
0.1992262750864029
0.1991685926914215
0.19911125302314758
0.1990535855293274
0.19899588823318481
0.19893889129161835
0.19888082146644592
0.1988237202167511
0.19876648485660553
0.19870901107788086
0.19865141808986664
0.19859442114830017
0.1985369473695755
0.19847959280014038
0.19842267036437988
0.19836556911468506
0.198308065533638
0.19825127720832825
0.19819365441799164
0.19813698530197144
0.19807985424995422
0.19802305102348328
0.19796612858772278
0.19790923595428467
0.19785231351852417
0.19779548048973083
0.19773857295513153
0.1976819932460785
0.1976252943277359
0.19756849110126495
0.19751201570034027
0.19745543599128723
0.1973986029624939
0.1973418891429901
0.19728578627109528
0.19722941517829895
0.19717282056808472
0.19711646437644958
0.19706009328365326
0.19700351357460022
0.19694724678993225
0.19689087569713593
0.1968347430229187
0.19677847623825073
0.19672232866287231
0.1966661810874939
0.19661003351211548
0.19655409455299377
0.19649797677993774
0.19644179940223694
0.19638565182685852
0.19633018970489502
0.19627416133880615
0.1962185651063919
0.1961626410484314
0.19610658288002014
0.19605064392089844
0.1959955245256424
0.19593948125839233
0.19588398933410645
0.1958281695842743
0.19577258825302124
0.19571661949157715
0.19566138088703156
0.19560599327087402
0.19555015861988068
0.19549478590488434
0.1954391747713089
0.19538414478302002
0.19532889127731323
0.1952735185623169
0.195218026638031
0.19516250491142273
0.19510747492313385
0.19505231082439423
0.1949973851442337
0.19494223594665527
0.19488731026649475
0.19483202695846558
0.19477683305740356
0.19472190737724304
0.19466698169708252
0.1946122646331787
0.19455744326114655
0.19450262188911438
0.19444780051708221
0.19439297914505005
0.1943381279706955
0.19428318738937378
0.19422823190689087
0.19417397677898407
0.19411924481391907
0.1940644085407257
0.19401013851165771
0.1939558982849121
0.1939011663198471
0.19384676218032837
0.19379214942455292
0.19373765587806702
0.19368338584899902
0.1936289668083191
0.19357483088970184
0.19352032244205475
0.1934661716222763
0.19341211020946503
0.19335782527923584
0.19330376386642456
0.19324947893619537
0.19319553673267365
0.19314125180244446
0.1930873990058899
0.19303324818611145
0.19297951459884644
0.1929255574941635
0.19287151098251343
0.1928177773952484
0.19276359677314758
0.1927100121974945
0.19265638291835785
0.19260242581367493
0.192548930644989
0.1924949586391449
0.19244134426116943
0.19238772988319397
0.19233423471450806
0.19228070974349976
0.1922273337841034
0.19217371940612793
0.19212019443511963
0.19206666946411133
0.19201327860355377
0.19195988774299622
0.19190672039985657
0.19185391068458557
0.19180023670196533
0.19174683094024658
0.19169354438781738
0.19164060056209564
0.191587433218956
0.19153422117233276
0.19148141145706177
0.19142812490463257
0.19137504696846008
0.19132208824157715
0.19126911461353302
0.19121593236923218
0.1911633312702179
0.19111047685146332
0.19105762243270874
0.1910049021244049
0.19095191359519958
0.19089895486831665
0.19084620475769043
0.19079382717609406
0.19074095785617828
0.1906883418560028
0.19063571095466614
0.19058306515216827
0.1905308961868286
0.1904781460762024
0.19042575359344482
0.19037336111068726
0.1903209388256073
0.19026854634284973
0.19021588563919067
0.19016380608081818
0.19011151790618896
0.19005897641181946
0.1900070458650589
0.1899547278881073
0.18990230560302734
0.18985013663768768
0.189798042178154
0.18974609673023224
0.1896941214799881
0.1896420419216156
0.1895899623632431
0.1895378828048706
0.18948626518249512
0.18943428993225098
0.18938255310058594
0.18933022022247314
0.18927837908267975
0.18922686576843262
0.18917535245418549
0.18912336230278015
0.18907161056995392
0.18901997804641724
0.18896858394145966
0.18891656398773193
0.1888650804758072
0.18881341814994812
0.18876202404499054
0.18871036171913147
0.1886591911315918
0.18860752880573273
0.18855635821819305
0.18850493431091309
0.18845327198505402
0.1884022057056427
0.1883511245250702
0.18829959630966187
0.1882483959197998
0.1881970763206482
0.18814589083194733
0.18809492886066437
0.1880437284708023
0.1879926323890686
0.18794143199920654
0.1878904402256012
0.18783947825431824
0.1877884864807129
0.18773765861988068
0.18768630921840668
0.18763579428195953
0.18758493661880493
0.18753430247306824
0.18748344480991364
0.1874329149723053
0.18738168478012085
0.18733079731464386
0.18728052079677582
0.18722952902317047
0.18717898428440094
0.18712857365608215
0.18707816302776337
0.18702727556228638
0.1869768649339676
0.18692632019519806
0.18687589466571808
0.18682558834552765
0.18677526712417603
0.1867244839668274
0.18667453527450562
0.18662422895431519
0.186573788523674
0.18652358651161194
0.18647348880767822
0.1864231824874878
0.18637298047542572
0.1863226294517517
0.18627288937568665
0.18622258305549622
0.1861724853515625
0.18612249195575714
0.18607239425182343
0.18602265417575836
0.1859724223613739
0.18592266738414764
0.1858729124069214
0.18582317233085632
0.18577271699905396
0.18572303652763367
0.18567340075969696
0.1856236457824707
0.185574010014534
0.1855243444442749
0.1854744553565979
0.18542514741420746
0.1853753924369812
0.1853257268667221
0.18527618050575256
0.18522652983665466
0.18517732620239258
0.18512777984142303
0.1850782334804535
0.1850287914276123
0.1849796026945114
0.18493014574050903
0.18488061428070068
0.1848313957452774
0.1847822070121765
0.18473273515701294
0.18468376994132996
0.18463443219661713
0.1845853477716446
0.18453648686408997
0.18448679149150848
0.1844377964735031
0.18438881635665894
0.18433982133865356
0.18429073691368103
0.1842418611049652
0.18419308960437775
0.18414409458637238
0.1840950846672058
0.18404622375965118
0.18399697542190552
0.18394845724105835
0.18389956653118134
0.18385067582130432
0.1838020235300064
0.18375371396541595
0.18370482325553894
0.18365603685379028
0.18360760807991028
0.18355894088745117
0.18351063132286072
0.1834619641304016
0.1834132969379425
0.18336474895477295
0.1833164095878601
0.18326786160469055
0.1832195520401001
0.18317121267318726
0.18312276899814606
0.1830744445323944
0.18302610516548157
0.18297766149044037
0.18292942643165588
0.18288132548332214
0.1828330159187317
0.18278513848781586
0.18273678421974182
0.18268868327140808
0.1826407015323639
0.18259260058403015
0.18254435062408447
0.1824965924024582
0.18244823813438416
0.18240034580230713
0.1823526918888092
0.18230494856834412
0.182256817817688
0.1822090446949005
0.18216127157211304
0.1821136325597763
0.18206559121608734
0.1820179522037506
0.1819700449705124
0.18192225694656372
0.1818745881319046
0.18182668089866638
0.18177948892116547
0.1817317008972168
0.18168389797210693
0.18163681030273438
0.1815892457962036
0.1815418154001236
0.18149414658546448
0.18144655227661133
0.18139958381652832
0.1813519150018692
0.181304469704628
0.1812574863433838
0.18121002614498138
0.18116292357444763
0.18111558258533478
0.18106812238693237
0.18102100491523743
0.18097402155399323
0.18092679977416992
0.18087956309318542
0.18083256483078003
0.18078556656837463
0.1807384490966797
0.18069131672382355
0.1806441992521286
0.18059754371643066
0.1805499643087387
0.18050339818000793
0.1804567575454712
0.1804097443819046
0.18036285042762756
0.18031594157218933
0.18026916682720184
0.18022213876247406
0.18017548322677612
0.1801290512084961
0.18008214235305786
0.18003559112548828
0.1799888014793396
0.17994223535060883
0.17989590764045715
0.17984911799430847
0.17980244755744934
0.17975610494613647
0.1797095388174057
0.17966321110725403
0.17961663007736206
0.17957016825675964
0.17952373623847961
0.17947739362716675
0.1794307976961136
0.17938458919525146
0.1793384850025177
0.17929236590862274
0.17924612760543823
0.17919990420341492
0.17915354669094086
0.17910733819007874
0.17906144261360168
0.17901530861854553
0.17896918952465057
0.1789225935935974
0.17887693643569946
0.17883069813251495
0.17878469824790955
0.17873868346214294
0.17869290709495544
0.1786467730998993
0.17860147356987
0.17855486273765564
0.17850905656814575
0.17846351861953735
0.1784178465604782
0.17837229371070862
0.17832660675048828
0.17828035354614258
0.1782347857952118
0.1781890094280243
0.1781436800956726
0.17809811234474182
0.17805267870426178
0.17800673842430115
0.177961066365242
0.17791536450386047
0.1778700351715088
0.177824467420578
0.17777903378009796
0.17773354053497314
0.17768821120262146
0.17764274775981903
0.17759762704372406
0.17755217850208282
0.1775069385766983
0.17746160924434662
0.17741625010967255
0.17737124860286713
0.1773260086774826
0.1772807538509369
0.1772351861000061
0.17719018459320068
0.17714530229568481
0.17710016667842865
0.17705515027046204
0.17701002955436707
0.1769651174545288
0.1769198775291443
0.17687498033046722
0.17683006823062897
0.1767851710319519
0.17674027383327484
0.17669512331485748
0.17665056884288788
0.17660555243492126
0.17656075954437256
0.17651596665382385
0.17647117376327515
0.17642661929130554
0.17638181149959564
0.1763373613357544
0.17629244923591614
0.1762477457523346
0.17620331048965454
0.176158607006073
0.17611382901668549
0.17606984078884125
0.17602503299713135
0.17598044872283936
0.17593598365783691
0.17589139938354492
0.17584693431854248
0.1758028268814087
0.17575812339782715
0.17571403086185455
0.17566943168640137
0.17562519013881683
0.17558060586452484
0.17553672194480896
0.17549249529838562
0.17544834315776825
0.1754041314125061
0.17535987496376038
0.1753157377243042
0.17527173459529877
0.17522749304771423
0.17518334090709686
0.17513945698738098
0.17509543895721436
0.17505130171775818
0.17500728368759155
0.17496362328529358
0.1749194860458374
0.17487545311450958
0.1748315393924713
0.1747877597808838
0.17474372684955597
0.17469993233680725
0.17465625703334808
0.17461222410202026
0.17456887662410736
0.17452473938465118
0.17448130249977112
0.1744374781847
0.17439404129981995
0.17435045540332794
0.17430618405342102
0.17426307499408722
0.17421938478946686
0.17417581379413605
0.1741321086883545
0.17408889532089233
0.17404542863368988
0.17400172352790833
0.17395861446857452
0.17391490936279297
0.17387190461158752
0.17382819950580597
0.17378485202789307
0.1737413853406906
0.17369860410690308
0.17365513741970062
0.17361165583133698
0.17356841266155243
0.17352551221847534
0.1734820306301117
0.17343878746032715
0.17339566349983215
0.17335252463817596
0.17330974340438843
0.17326614260673523
0.1732235848903656
0.17318011820316315
0.17313721776008606
0.17309428751468658
0.17305150628089905
0.17300836741924286
0.17296531796455383
0.1729225516319275
0.17287999391555786
0.17283682525157928
0.17279379069805145
0.17275124788284302
0.17270807921886444
0.17266586422920227
0.1726227104663849
0.17257991433143616
0.17253732681274414
0.17249487340450287
0.17245231568813324
0.17240948975086212
0.17236679792404175
0.17232434451580048
0.17228199541568756
0.17223942279815674
0.17219649255275726
0.17215414345264435
0.17211154103279114
0.17206932604312897
0.1720268726348877
0.17198428511619568
0.17194202542304993
0.1718994379043579
0.1718570739030838
0.17181506752967834
0.17177248001098633
0.17173036932945251
0.1716880053281784
0.1716456413269043
0.17160362005233765
0.1715613603591919
0.17151924967765808
0.17147698998451233
0.17143461108207703
0.17139282822608948
0.17135080695152283
0.17130854725837708
0.17126676440238953
0.17122486233711243
0.17118246853351593
0.17114080488681793
0.17109854519367218
0.1710566282272339
0.1710147261619568
0.17097291350364685
0.1709308922290802
0.170889213681221
0.17084717750549316
0.17080514132976532
0.17076334357261658
0.17072200775146484
0.17067986726760864
0.17063838243484497
0.17059682309627533
0.1705550104379654
0.17051367461681366
0.17047162353992462
0.17043039202690125
0.1703885942697525
0.17034712433815002
0.17030543088912964
0.17026396095752716
0.17022225260734558
0.17018115520477295
0.17013955116271973
0.17009785771369934
0.17005661129951477
0.17001526057720184
0.1699734330177307
0.1699322909116745
0.16989082098007202
0.16984958946704865
0.16980808973312378
0.1697668731212616
0.16972585022449493
0.16968423128128052
0.16964322328567505
0.16960199177265167
0.16956084966659546
0.16951984167099
0.16947881877422333
0.169437438249588
0.16939640045166016
0.1693553924560547
0.16931411623954773
0.1692732274532318
0.1692320704460144
0.16919130086898804
0.16915050148963928
0.16910935938358307
0.16906842589378357
0.16902752220630646
0.1689862459897995
0.16894567012786865
0.16890500485897064
0.1688639521598816
0.1688232719898224
0.16878259181976318
0.16874130070209503
0.16870085895061493
0.16866028308868408
0.16861972212791443
0.16857865452766418
0.1685381978750229
0.1684977412223816
0.1684568226337433
0.16841621696949005
0.1683754026889801
0.16833482682704926
0.16829437017440796
0.16825400292873383
0.16821378469467163
0.1681731939315796
0.16813284158706665
0.16809211671352386
0.16805177927017212
0.16801151633262634
0.1679711639881134
0.16793057322502136
0.16789034008979797
0.16784998774528503
0.16780972480773926
0.16776925325393677
0.16772910952568054
0.16768884658813477
0.16764859855175018
0.16760846972465515
0.16756808757781982
0.167527973651886
0.16748781502246857
0.16744780540466309
0.16740766167640686
0.16736741364002228
0.1673273742198944
0.16728748381137848
0.1672476828098297
0.16720765829086304
0.16716785728931427
0.1671273559331894
0.16708779335021973
0.1670476347208023
0.167007714509964
0.16696816682815552
0.1669284701347351
0.16688866913318634
0.16684851050376892
0.16680869460105896
0.16676902770996094
0.16672933101654053
0.16668951511383057
0.1666494756937027
0.16661013662815094
0.1665705442428589
0.16653072834014893
0.16649115085601807
0.16645145416259766
0.1664118766784668
0.16637253761291504
0.16633282601833344
0.16629336774349213
0.16625377535820007
0.16621407866477966
0.16617508232593536
0.1661350131034851
0.16609565913677216
0.16605642437934875
0.16601718962192535
0.16597770154476166
0.16593822836875916
0.16589874029159546
0.16585972905158997
0.16582001745700836
0.16578064858913422
0.16574165225028992
0.16570249199867249
0.16566325724124908
0.16562387347221375
0.16558510065078735
0.16554537415504456
0.16550646722316742
0.16546769440174103
0.16542841494083405
0.165389284491539
0.16535025835037231
0.16531123220920563
0.16527196764945984
0.16523319482803345
0.16519378125667572
0.16515500843524933
0.16511620581150055
0.16507717967033386
0.16503825783729553
0.16499921679496765
0.16496054828166962
0.16492150723934174
0.16488246619701385
0.16484412550926208
0.1648050993680954
0.16476640105247498
0.1647275984287262
0.16468867659568787
0.16464997828006744
0.16461151838302612
0.16457247734069824
0.16453391313552856
0.16449543833732605
0.16445650160312653
0.16441816091537476
0.16437958180904388
0.16434086859226227
0.16430240869522095
0.1642637997865677
0.1642254739999771
0.16418689489364624
0.16414853930473328
0.16410993039608002
0.16407157480716705
0.16403287649154663
0.16399440169334412
0.16395626962184906
0.1639176607131958
0.16387954354286194
0.16384094953536987
0.16380293667316437
0.16376444697380066
0.1637260913848877
0.16368785500526428
0.16364972293376923
0.16361147165298462
0.16357344388961792
0.16353517770767212
0.1634967029094696
0.16345903277397156
0.16342054307460785
0.1633826494216919
0.1633443832397461
0.16330647468566895
0.1632683277130127
0.16323018074035645
0.1631922572851181
0.1631544828414917
0.16311633586883545
0.1630781888961792
0.16304074227809906
0.16300247609615326
0.16296479105949402
0.16292676329612732
0.16288895905017853
0.16285079717636108
0.16281335055828094
0.16277554631233215
0.16273750364780426
0.1626998335123062
0.16266188025474548
0.162624329328537
0.16258662939071655
0.1625489443540573
0.16251076757907867
0.1624739021062851
0.16243574023246765
0.16239863634109497
0.1623605638742447
0.1623232364654541
0.16228529810905457
0.1622479408979416
0.16221046447753906
0.16217288374900818
0.1621355414390564
0.16209782660007477
0.16206060349941254
0.16202276945114136
0.1619853973388672
0.1619482934474945
0.16191093623638153
0.16187334060668945
0.16183587908744812
0.1617986261844635
0.16176125407218933
0.16172415018081665
0.16168677806854248
0.16164952516555786
0.16161216795444489
0.16157501935958862
0.16153767704963684
0.16150076687335968
0.1614631563425064
0.1614261269569397
0.16138899326324463
0.16135187447071075
0.16131484508514404
0.16127783060073853
0.1612410545349121
0.16120342910289764
0.16116651892662048
0.16112984716892242
0.16109280288219452
0.16105589270591736
0.16101862490177155
0.16098183393478394
0.16094458103179932
0.1609077751636505
0.16087108850479126
0.160833939909935
0.16079726815223694
0.16076011955738068
0.16072353720664978
0.16068673133850098
0.16065005958080292
0.16061311960220337
0.16057643294334412
0.16053950786590576
0.16050294041633606
0.16046613454818726
0.1604294329881668
0.1603928655385971
0.16035664081573486
0.1603197157382965
0.1602831333875656
0.16024667024612427
0.1602097451686859
0.16017338633537292
0.16013656556606293
0.16010046005249023
0.1600637584924698
0.16002729535102844
0.15999069809913635
0.15995433926582336
0.15991787612438202
0.15988129377365112
0.15984493494033813
0.1598084568977356
0.15977245569229126
0.15973597764968872
0.15969961881637573
0.1596631407737732
0.1596270203590393
0.15959078073501587
0.15955428779125214
0.15951794385910034
0.15948203206062317
0.15944567322731018
0.15940964221954346
0.15937316417694092
0.15933716297149658
0.15930113196372986
0.15926523506641388
0.15922850370407104
0.15919272601604462
0.1591567099094391
0.1591203361749649
0.15908464789390564
0.1590486317873001
0.15901261568069458
0.15897658467292786
0.15894043445587158
0.1589045226573944
0.15886838734149933
0.15883269906044006
0.15879680216312408
0.15876077115535736
0.1587250828742981
0.15868952870368958
0.15865324437618256
0.15861757099628448
0.15858152508735657
0.1585460752248764
0.15851004421710968
0.15847423672676086
0.1584385633468628
0.15840287506580353
0.15836742520332336
0.15833137929439545
0.15829581022262573
0.15826034545898438
0.15822440385818481
0.15818896889686584
0.15815314650535583
0.15811756253242493
0.15808257460594177
0.1580466479063034
0.1580108255147934
0.15797536075115204
0.15793965756893158
0.15790455043315887
0.15786898136138916
0.15783336758613586
0.15779849886894226
0.1577627956867218
0.1577272117137909
0.157692089676857
0.1576564908027649
0.15762126445770264
0.15758566558361053
0.1575506627559662
0.15751531720161438
0.15748007595539093
0.15744483470916748
0.15740934014320374
0.15737409889698029
0.1573389768600464
0.1573038399219513
0.15726858377456665
0.15723323822021484
0.15719833970069885
0.1571630835533142
0.15712782740592957
0.15709294378757477
0.15705756843090057
0.15702277421951294
0.15698763728141785
0.1569528579711914
0.1569174826145172
0.15688246488571167
0.15684743225574493
0.15681253373622894
0.15677763521671295
0.1567426174879074
0.15670768916606903
0.15667255222797394
0.15663787722587585
0.15660296380519867
0.15656828880310059
0.15653349459171295
0.15649858117103577
0.15646378695964813
0.1564289778470993
0.15639418363571167
0.15635913610458374
0.1563245952129364
0.15628978610038757
0.1562550812959671
0.15622016787528992
0.15618561208248138
0.15615102648735046
0.15611658990383148
0.1560816615819931
0.15604721009731293
0.1560123860836029
0.15597817301750183
0.15594348311424255
0.15590865910053253
0.15587420761585236
0.155839741230011
0.15580517053604126
0.15577082335948944
0.15573623776435852
0.15570154786109924
0.15566743910312653
0.1556328684091568
0.15559861063957214
0.15556414425373077
0.15552979707717896
0.15549568831920624
0.15546134114265442
0.1554267555475235
0.15539215505123138
0.15535791218280792
0.1553235501050949
0.15528956055641174
0.15525507926940918
0.15522083640098572
0.1551864892244339
0.1551526039838791
0.15511822700500488
0.15508410334587097
0.1550498604774475
0.1550157368183136
0.15498137474060059
0.15494759380817413
0.15491357445716858
0.15487945079803467
0.1548454314470291
0.15481141209602356
0.15477728843688965
0.1547432690858841
0.15470924973487854
0.15467523038387299
0.15464110672473907
0.15460731089115143
0.15457341074943542
0.15453949570655823
0.15450534224510193
0.15447145700454712
0.15443788468837738
0.15440386533737183
0.15436995029449463
0.15433615446090698
0.15430225431919098
0.15426869690418243
0.15423502027988434
0.1542009860277176
0.1541673243045807
0.15413349866867065
0.1540999412536621
0.15406614542007446
0.15403223037719727
0.15399913489818573
0.15396520495414734
0.15393152832984924
0.1538977324962616
0.15386414527893066
0.15383058786392212
0.15379701554775238
0.1537633240222931
0.15372976660728455
0.15369629859924316
0.15366271138191223
0.15362951159477234
0.15359582006931305
0.15356223285198212
0.15352889895439148
0.153495192527771
0.1534619778394699
0.15342852473258972
0.15339505672454834
0.15336158871650696
0.15332822501659393
0.15329524874687195
0.15326178073883057
0.15322819352149963
0.1531950831413269
0.15316160023212433
0.15312837064266205
0.15309514105319977
0.15306203067302704
0.153028666973114
0.15299519896507263
0.1529620736837387
0.15292906761169434
0.15289618074893951
0.1528623402118683
0.15282945334911346
0.1527966856956482
0.1527632176876068
0.15272997319698334
0.15269696712493896
0.1526639461517334
0.15263095498085022
0.15259817242622375
0.15256480872631073
0.1525314301252365
0.15249890089035034
0.15246599912643433
0.15243273973464966
0.1523999720811844
0.15236693620681763
0.15233393013477325
0.1523011475801468
0.15226812660694122
0.15223532915115356
0.1522025614976883
0.15216989815235138
0.15213662385940552
0.15210384130477905
0.15207116305828094
0.15203849971294403
0.15200570225715637
0.15197303891181946
0.1519400030374527
0.15190720558166504
0.15187478065490723
0.15184222161769867
0.1518091857433319
0.1517764925956726
0.15174371004104614
0.15171127021312714
0.15167883038520813
0.15164589881896973
0.15161357820034027
0.15158064663410187
0.15154819190502167
0.1515158712863922
0.1514834314584732
0.15145084261894226
0.1514180451631546
0.15138547122478485
0.1513533741235733
0.1513209193944931
0.15128834545612335
0.1512557566165924
0.1512235552072525
0.15119072794914246
0.1511586308479309
0.1511261761188507
0.1510939598083496
0.15106149017810822
0.15102937817573547
0.15099680423736572
0.15096469223499298
0.15093211829662323
0.15089988708496094
0.15086764097213745
0.1508355438709259
0.15080319344997406
0.15077094733715057
0.15073849260807037
0.15070638060569763
0.15067437291145325
0.1506422460079193
0.15061014890670776
0.15057778358459473
0.15054579079151154
0.15051355957984924
0.15048153698444366
0.15044952929019928
0.150417298078537
0.15038540959358215
0.15035352110862732
0.15032139420509338
0.1502891629934311
0.15025761723518372
0.15022538602352142
0.15019334852695465
0.150161474943161
0.15012945234775543
0.1500975638628006
0.15006601810455322
0.15003353357315063
0.15000176429748535
0.14996974170207977
0.14993807673454285
0.14990653097629547
0.14987428486347198
0.1498425006866455
0.1498108208179474
0.14977917075157166
0.14974737167358398
0.1497155874967575
0.14968378841876984
0.1496518850326538
0.14962059259414673
0.1495889127254486
0.14955711364746094
0.1495256870985031
0.1494937688112259
0.14946208894252777
0.14943039417266846
0.14939886331558228
0.1493670642375946
0.14933562278747559
0.14930418133735657
0.14927250146865845
0.14924082159996033
0.1492093801498413
0.1491777002811432
0.14914625883102417
0.14911504089832306
0.1490834802389145
0.14905178546905518
0.14902034401893616
0.1489890217781067
0.14895768463611603
0.14892658591270447
0.1488947719335556
0.1488635540008545
0.14883245527744293
0.14880064129829407
0.1487695425748825
0.1487380862236023
0.14870662987232208
0.14867576956748962
0.14864443242549896
0.1486126035451889
0.14858174324035645
0.1485506296157837
0.14851915836334229
0.14848817884922028
0.14845684170722961
0.14842572808265686
0.1483946144580841
0.148363396525383
0.1483321487903595
0.1483011692762375
0.148269921541214
0.14823858439922333
0.14820757508277893
0.14817681908607483
0.14814558625221252
0.14811459183692932
0.14808335900306702
0.14805246889591217
0.14802145957946777
0.14799034595489502
0.14795982837677002
0.14792856574058533
0.14789745211601257
0.14786681532859802
0.14783544838428497
0.14780479669570923
0.14777377247810364
0.14774300158023834
0.1477118730545044
0.1476813405752182
0.1476505696773529
0.14761966466903687
0.14758877456188202
0.14755812287330627
0.14752699434757233
0.1474965661764145
0.14746566116809845
0.1474347710609436
0.1474040001630783
0.14737331867218018
0.14734254777431488
0.1473119854927063
0.1472809761762619
0.14725056290626526
0.14721989631652832
0.147189199924469
0.1471586525440216
0.1471281200647354
0.14709743857383728
0.1470669060945511
0.1470361053943634
0.14700567722320557
0.14697499573230743
0.14694467186927795
0.14691376686096191
0.14688357710838318
0.1468529999256134
0.14682255685329437
0.1467917561531067
0.1467616707086563
0.14673112332820892
0.14670056104660034
0.1466703563928604
0.14664001762866974
0.14660921692848206
0.14657914638519287
0.14654844999313354
0.14651836454868317
0.14648814499378204
0.14645794034004211
0.14642736315727234
0.14639751613140106
0.14636681973934174
0.14633673429489136
0.1463061422109604
0.14627605676651
0.14624571800231934
0.14621561765670776
0.146185040473938
0.14615483582019806
0.14612483978271484
0.14609484374523163
0.14606475830078125
0.14603440463542938
0.14600393176078796
0.1459738314151764
0.14594408869743347
0.1459137350320816
0.14588409662246704
0.14585377275943756
0.14582353830337524
0.14579366147518158
0.14576356112957
0.14573366940021515
0.14570355415344238
0.1456736922264099
0.14564356207847595
0.14561380445957184
0.14558382332324982
0.14555393159389496
0.14552392065525055
0.14549368619918823
0.14546415209770203
0.1454341560602188
0.1454041749238968
0.14537450671195984
0.14534476399421692
0.14531461894512177
0.14528509974479675
0.1452552080154419
0.14522546529769897
0.14519543945789337
0.14516578614711761
0.1451357752084732
0.14510634541511536
0.14507636427879333
0.14504680037498474
0.14501714706420898
0.14498749375343323
0.14495748281478882
0.14492782950401306
0.14489804208278656
0.1448688507080078
0.14483943581581116
0.14480942487716675
0.14477989077568054
0.14475032687187195
0.1447206735610962
0.14469122886657715
0.14466145634651184
0.14463204145431519
0.14460259675979614
0.1445729285478592
0.14454326033592224
0.1445140838623047
0.144484281539917
0.1444547325372696
0.14442552626132965
0.1443963348865509
0.1443667858839035
0.14433710277080536
0.1443079113960266
0.14427822828292847
0.14424927532672882
0.14421983063220978
0.14419002830982208
0.14416107535362244
0.1441316306591034
0.14410218596458435
0.1440732181072235
0.14404365420341492
0.14401456713676453
0.14398536086082458
0.1439555585384369
0.1439264565706253
0.14389747381210327
0.14386792480945587
0.14383885264396667
0.14380985498428345
0.14378078281879425
0.14375120401382446
0.14372244477272034
0.14369288086891174
0.14366355538368225
0.14363455772399902
0.14360535144805908
0.1435767263174057
0.14354762434959412
0.14351829886436462
0.1434895396232605
0.14346031844615936
0.14343121647834778
0.1434023529291153
0.14337337017059326
0.14334402978420258
0.1433151662349701
0.14328593015670776
0.14325717091560364
0.14322806894779205
0.14319919049739838
0.14317044615745544
0.14314158260822296
0.14311270415782928
0.1430836021900177
0.14305469393730164
0.1430264264345169
0.14299720525741577
0.14296820759773254
0.14293956756591797
0.1429109275341034
0.14288228750228882
0.1428528130054474
0.1428241729736328
0.14279553294181824
0.14276675879955292
0.1427379846572876
0.14270934462547302
0.14268068969249725
0.14265204966068268
0.14262303709983826
0.14259451627731323
0.14256562292575836
0.14253710210323334
0.14250832796096802
0.1424795687198639
0.14245103299617767
0.14242248237133026
0.1423938274383545
0.14236530661582947
0.14233651757240295
0.14230823516845703
0.14227956533432007
0.14225125312805176
0.14222285151481628
0.14219418168067932
0.14216552674770355
0.1421370953321457
0.14210879802703857
0.1420801430940628
0.14205169677734375
0.14202316105365753
0.1419946253299713
0.14196619391441345
0.1419380158185959
0.14190982282161713
0.14188091456890106
0.14185261726379395
0.14182429015636444
0.14179609715938568
0.14176765084266663
0.14173933863639832
0.14171102643013
0.1416829526424408
0.14165452122688293
0.14162595570087433
0.14159788191318512
0.1415695697069168
0.14154161512851715
0.1415134072303772
0.14148497581481934
0.14145687222480774
0.14142867922782898
0.14140047132968903
0.14137238264083862
0.1413440704345703
0.14131586253643036
0.1412881314754486
0.1412598043680191
0.14123158156871796
0.1412031501531601
0.14117540419101715
0.14114707708358765
0.141119122505188
0.14109089970588684
0.14106327295303345
0.14103496074676514
0.14100709557533264
0.1409788876771927
0.14095112681388855
0.14092303812503815
0.14089494943618774
0.1408669650554657
0.14083899557590485
0.1408112347126007
0.1407833844423294
0.14075514674186707
0.14072751998901367
0.14069966971874237
0.14067168533802032
0.14064382016658783
0.14061571657657623
0.14058785140514374
0.1405600905418396
0.14053258299827576
0.14050447940826416
0.14047683775424957
0.14044897258281708
0.14042134582996368
0.1403932273387909
0.1403658390045166
0.1403377205133438
0.14031019806861877
0.14028280973434448
0.1402549147605896
0.1402270495891571
0.14019940793514252
0.14017188549041748
0.14014413952827454
0.1401163637638092
0.14008861780166626
0.14006085693836212
0.1400335729122162
0.1400059014558792
0.13997827470302582
0.13995040953159332
0.1399231106042862
0.13989558815956116
0.13986803591251373
0.13984087109565735
0.13981275260448456
0.13978523015975952
0.13975781202316284
0.13973015546798706
0.13970287144184113
0.1396758109331131
0.13964813947677612
0.13962051272392273
0.1395929753780365
0.13956567645072937
0.1395382434129715
0.13951070606708527
0.13948342204093933
0.13945622742176056
0.13942880928516388
0.13940149545669556
0.13937383890151978
0.1393466591835022
0.13931924104690552
0.1392919421195984
0.13926520943641663
0.13923732936382294
0.1392097771167755
0.1391829401254654
0.1391555219888687
0.1391284465789795
0.13910125195980072
0.1390736997127533
0.13904663920402527
0.1390192061662674
0.13899236917495728
0.1389651745557785
0.13893787562847137
0.13891102373600006
0.13888348639011383
0.13885685801506042
0.13882920145988464
0.13880223035812378
0.13877491652965546
0.1387479603290558
0.13872110843658447
0.13869357109069824
0.13866682350635529
0.13863950967788696
0.1386127769947052
0.13858546316623688
0.13855861127376556
0.1385316550731659
0.13850456476211548
0.13847795128822327
0.13845086097717285
0.13842365145683289
0.13839668035507202
0.1383698284626007
0.13834285736083984
0.13831566274166107
0.13828915357589722
0.1382623016834259
0.13823509216308594
0.13820834457874298
0.13818149268627167
0.1381545215845108
0.13812802731990814
0.13810105621814728
0.13807418942451477
0.13804732263088226
0.13802047073841095
0.1379939615726471
0.13796699047088623
0.13794001936912537
0.13791349530220032
0.13788674771785736
0.1378600299358368
0.137833371758461
0.13780651986598969
0.13777953386306763
0.13775314390659332
0.13772639632225037
0.1376996487379074
0.13767312467098236
0.1376466155052185
0.13761986792087555
0.13759323954582214
0.1375664919614792
0.13753986358642578
0.13751345872879028
0.13748671114444733
0.13746018707752228
0.13743378221988678
0.13740727305412292
0.13738062977790833
0.13735422492027283
0.13732723891735077
0.13730119168758392
0.13727466762065887
0.13724803924560547
0.13722163438796997
0.13719499111175537
0.13716858625411987
0.13714241981506348
0.13711576163768768
0.13708935678005219
0.13706307113170624
0.1370363086462021
0.1370101422071457
0.136983722448349
0.1369573324918747
0.13693079352378845
0.1369045078754425
0.13687832653522491
0.13685190677642822
0.13682584464550018
0.13679932057857513
0.13677337765693665
0.13674697279930115
0.1367204338312149
0.13669438660144806
0.13666830956935883
0.13664166629314423
0.13661548495292664
0.13658928871154785
0.136563241481781
0.1365368366241455
0.13651087880134583
0.13648433983325958
0.1364583969116211
0.1364322155714035
0.1364060342311859
0.13637995719909668
0.136353999376297
0.13632771372795105
0.13630175590515137
0.13627544045448303
0.136249378323555
0.13622307777404785
0.13619735836982727
0.13617129623889923
0.13614508509635925
0.13611926138401031
0.13609306514263153
0.1360669881105423
0.1360408067703247
0.13601544499397278
0.13598911464214325
0.13596317172050476
0.13593697547912598
0.13591115176677704
0.1358852982521057
0.13585922122001648
0.1358332484960556
0.13580754399299622
0.1357816904783249
0.13575583696365356
0.13572964072227478
0.1357039213180542
0.13567808270454407
0.13565222918987274
0.1356261521577835
0.13560065627098083
0.1355748176574707
0.13554860651493073
0.13552287220954895
0.13549715280532837
0.1354716569185257
0.13544592261314392
0.1354200541973114
0.13539445400238037
0.1353684812784195
0.13534300029277802
0.1353168934583664
0.13529127836227417
0.1352657824754715
0.13524004817008972
0.13521453738212585
0.13518880307674408
0.1351630687713623
0.13513733446598053
0.1351119577884674
0.13508562743663788
0.13506047427654266
0.13503485918045044
0.13500946760177612
0.1349835991859436
0.13495822250843048
0.13493257761001587
0.1349068582057953
0.13488158583641052
0.1348559558391571
0.1348305642604828
0.13480493426322937
0.13477930426597595
0.13475379347801208
0.13472828269004822
0.13470301032066345
0.13467738032341003
0.13465213775634766
0.13462647795677185
0.13460132479667664
0.13457569479942322
0.13455042243003845
0.13452491164207458
0.13449960947036743
0.1344739943742752
0.1344485878944397
0.13442331552505493
0.13439826667308807
0.13437263667583466
0.1343473494052887
0.13432207703590393
0.13429667055606842
0.134271502494812
0.13424623012542725
0.13422104716300964
0.13419553637504578
0.13417038321495056
0.13414497673511505
0.13411955535411835
0.13409486413002014
0.13406923413276672
0.13404405117034912
0.13401900231838226
0.13399383425712585
0.133968785405159
0.13394325971603394
0.13391819596290588
0.13389328122138977
0.13386762142181396
0.13384279608726501
0.13381774723529816
0.1337924599647522
0.13376739621162415
0.133742094039917
0.1337174028158188
0.13369235396385193
0.13366717100143433
0.13364198803901672
0.13361692428588867
0.13359211385250092
0.13356705009937286
0.1335419863462448
0.13351669907569885
0.13349199295043945
0.13346728682518005
0.13344162702560425
0.13341738283634186
0.13339196145534515
0.1333671361207962
0.13334231078624725
0.13331688940525055
0.1332925260066986
0.1332675963640213
0.13324251770973206
0.13321781158447266
0.13319261372089386
0.13316789269447327
0.13314330577850342
0.13311848044395447
0.13309328258037567
0.13306832313537598
0.13304373621940613
0.13301901519298553
0.13299405574798584
0.13296911120414734
0.13294486701488495
0.13291943073272705
0.1328948438167572
0.13286998867988586
0.13284552097320557
0.13282078504562378
0.13279594480991364
0.1327713429927826
0.1327468752861023
0.1327216625213623
0.13269706070423126
0.13267245888710022
0.13264773786067963
0.1326231211423874
0.13259853422641754
0.1325736790895462
0.13254941999912262
0.13252469897270203
0.13249985873699188
0.1324751228094101
0.13245074450969696
0.13242614269256592
0.13240164518356323
0.13237692415714264
0.1323525458574295
0.13232792913913727
0.13230320811271667
0.1322786957025528
0.1322546899318695
0.13222983479499817
0.13220520317554474
0.1321810781955719
0.13215669989585876
0.13213184475898743
0.13210710883140564
0.13208284974098206
0.13205847144126892
0.13203395903110504
0.13200969994068146
0.13198532164096832
0.1319607049226761
0.13193655014038086
0.13191217184066772
0.13188767433166504
0.13186316192150116
0.13183912634849548
0.13181474804878235
0.13179048895835876
0.13176608085632324
0.13174158334732056
0.13171742856502533
0.13169340789318085
0.13166901469230652
0.13164427876472473
0.13161998987197876
0.13159584999084473
0.1315714567899704
0.13154694437980652
0.1315232664346695
0.13149899244308472
0.13147448003292084
0.1314505636692047
0.13142651319503784
0.13140177726745605
0.13137786090373993
0.13135381042957306
0.1313297599554062
0.1313054859638214
0.13128167390823364
0.1312572956085205
0.13123302161693573
0.1312090903520584
0.131184920668602
0.13116052746772766
0.1311364769935608
0.13111254572868347
0.1310887485742569
0.13106435537338257
0.1310400515794754
0.13101625442504883
0.13099220395088196
0.13096827268600464
0.13094446063041687
0.13092029094696045
0.13089612126350403
0.1308724284172058
0.13084839284420013
0.13082420825958252
0.1308002769947052
0.13077647984027863
0.1307525336742401
0.1307288557291031
0.13070479035377502
0.1306806057691574
0.13065692782402039
0.13063298165798187
0.1306091696023941
0.1305852234363556
0.13056141138076782
0.13053736090660095
0.13051365315914154
0.13049006462097168
0.1304660141468048
0.1304423063993454
0.13041824102401733
0.13039453327655792
0.1303706020116806
0.1303471326828003
0.13032296299934387
0.13029924035072327
0.1302754133939743
0.13025183975696564
0.13022813200950623
0.13020464777946472
0.13018083572387695
0.13015711307525635
0.13013294339179993
0.13010935485363007
0.13008588552474976
0.13006216287612915
0.13003835082054138
0.13001510500907898
0.12999103963375092
0.1299673318862915
0.1299440860748291
0.12992048263549805
0.12989678978919983
0.12987317144870758
0.12984970211982727
0.12982575595378876
0.12980204820632935
0.1297784447669983
0.1297549605369568
0.12973207235336304
0.12970834970474243
0.12968476116657257
0.12966129183769226
0.1296374499797821
0.1296139508485794
0.12959034740924835
0.12956686317920685
0.12954339385032654
0.12952002882957458
0.12949654459953308
0.12947341799736023
0.12944993376731873
0.12942619621753693
0.12940271198749542
0.12937934696674347
0.12935598194599152
0.1293327361345291
0.12930911779403687
0.129285991191864
0.1292622685432434
0.12923912703990936
0.12921586632728577
0.1291922628879547
0.12916889786720276
0.12914541363716125
0.12912249565124512
0.1290990114212036
0.12907563149929047
0.12905272841453552
0.12902922928333282
0.12900586426258087
0.12898260354995728
0.12895947694778442
0.12893632054328918
0.12891271710395813
0.12888935208320618
0.1288660764694214
0.1288432776927948
0.12882015109062195
0.1287970095872879
0.1287735104560852
0.12875035405158997
0.12872710824012756
0.12870407104492188
0.12868092954158783
0.12865778803825378
0.12863440811634064
0.12861113250255585
0.1285882294178009
0.12856554985046387
0.12854216992855072
0.12851890921592712
0.12849611043930054
0.12847283482551575
0.128449946641922
0.1284269094467163
0.12840373814105988
0.12838059663772583
0.12835732102394104
0.12833453714847565
0.1283116191625595
0.12828846275806427
0.12826554477214813
0.12824252247810364
0.12821924686431885
0.12819644808769226
0.12817353010177612
0.1281505972146988
0.1281273365020752
0.1281047761440277
0.12808172404766083
0.12805882096290588
0.12803590297698975
0.12801320850849152
0.12799017131328583
0.1279674917459488
0.1279442012310028
0.12792187929153442
0.1278989613056183
0.1278759092092514
0.12785275280475616
0.1278304159641266
0.12780725955963135
0.12778446078300476
0.12776176631450653
0.12773871421813965
0.12771613895893097
0.12769334018230438
0.1276702880859375
0.12764771282672882
0.12762491405010223
0.127602219581604
0.12757965922355652
0.127556711435318
0.12753413617610931
0.12751133739948273
0.12748850882053375
0.12746594846248627
0.12744298577308655
0.12742018699645996
0.12739786505699158
0.12737493216991425
0.12735235691070557
0.12732963263988495
0.12730707228183746
0.12728461623191833
0.1272619068622589
0.12723945081233978
0.127216637134552
0.12719404697418213
0.12717169523239136
0.12714864313602448
0.1271260678768158
0.12710359692573547
0.1270810216665268
0.12705856561660767
0.12703633308410645
0.12701362371444702
0.12699103355407715
0.12696868181228638
0.1269458830356598
0.12692315876483917
0.1269008219242096
0.12687835097312927
0.1268562376499176
0.12683328986167908
0.12681128084659576
0.12678906321525574
0.1267661154270172
0.12674400210380554
0.12672129273414612
0.12669916450977325
0.12667645514011383
0.12665411829948425
0.1266317516565323
0.12660951912403107
0.1265866756439209
0.12656481564044952
0.1265423446893692
0.12651973962783813
0.12649738788604736
0.1264752596616745
0.12645266950130463
0.1264304220676422
0.126408189535141
0.12638606131076813
0.1263638287782669
0.1263413429260254
0.12631922960281372
0.1262967586517334
0.12627451121807098
0.12625250220298767
0.12623023986816406
0.12620776891708374
0.12618575990200043
0.1261632740497589
0.1261410415172577
0.12611877918243408
0.12609678506851196
0.12607453763484955
0.1260521560907364
0.12603016197681427
0.1260080337524414
0.12598590552806854
0.12596365809440613
0.12594151496887207
0.12591950595378876
0.12589702010154724
0.12587490677833557
0.12585312128067017
0.1258309781551361
0.1258087307214737
0.12578672170639038
0.12576493620872498
0.12574279308319092
0.12572066485881805
0.12569865584373474
0.12567639350891113
0.12565451860427856
0.1256323605775833
0.1256103515625
0.12558820843696594
0.12556642293930054
0.12554487586021423
0.12552227079868317
0.12550024688243866
0.12547846138477325
0.12545645236968994
0.1254342943429947
0.12541252374649048
0.12539073824882507
0.12536895275115967
0.1253470480442047
0.12532490491867065
0.12530288100242615
0.12528109550476074
0.12525905668735504
0.12523704767227173
0.12521536648273468
0.12519370019435883
0.12517189979553223
0.12514977157115936
0.12512798607349396
0.1251063048839569
0.1250842809677124
0.12506236135959625
0.1250406950712204
0.1250191330909729
0.12499699741601944
0.12497543543577194
0.12495340406894684
0.12493173032999039
0.12490970641374588
0.12488826364278793
0.12486670911312103
0.12484490126371384
0.12482298910617828
0.12480119615793228
0.12477952241897583
0.12475785613059998
0.12473604828119278
0.12471447885036469
0.12469293177127838
0.12467101216316223