-6.999999999999999
-7.000264451293846
-7.1606474980803645
-7.318623291418524
-7.4987946433943975
-7.700431012720035
-7.926913057126131
-8.181328596592303
-8.467240997583982
-8.788543725407404
-9.149471939899646
-9.554547759188877
-10.008502424393953
-10.516158238279818
-11.082274059709718
-11.711359002341627
-12.40746775851167
-13.173996325080221
-14.013500361665162
-14.927556880202753
-15.916684229280433
-16.980326514346594
-18.116899457885093
-19.323887284933026
-20.5979759747523
-21.935207095233473
-23.331137902477376
-24.645190681449908
-26.04438742020583
-27.310485387435264
-28.707110011984994
-29.905036730000834
-31.29733667754158
-32.41329453855764
-33.79913988708433
-34.82831393261675
-36.200134407839954
-37.14828540010176
-38.489997882823396
-39.372262098737416
-40.660988084134445
-41.497482813703606
-42.71014720063922
-43.51997279561341
-44.64094426277159
-45.437102177708915
-46.46221502552488
-47.249375567213924
-48.184807911226926
-48.9604168593784
-49.81832496582573
-50.575955488982245