0.9954869
1.3292906
1.2224131
1.3235533
1.25308
1.5052346
1.540124
1.1431668
1.5864872
1.4553642
1.3099527
1.6189646
1.3621011
1.1081526
1.6994183
1.4531908
1.2223141
1.3494961
1.6877621
1.2392323
1.5664929
1.4462842
1.4343601
1.6829467
1.5365679
1.5580044
1.565964
1.2716563
1.6513482
1.4395334
1.3690484
1.4035575
1.5868547
1.3260816
1.442939
1.5098605
1.2451768
1.456177
1.1155102
1.6269189
1.5117242
1.5884517
1.342662
1.761166
1.4752407
1.4043293
1.6048566
1.5094496
1.6049542
1.2151563
1.4723732
1.4419832
1.2825768
1.6763002
1.3432415
1.3979964
1.6860992
1.685755
1.7108335
1.354499
1.3811939
1.484527
1.111965
1.8068482

1.3643974
1.3688092
1.2835988
1.3011148
1.3400916
1.4440238
1.4761376
1.4377937
1.4282628
1.3686383
1.4446468
1.4834044
1.3812295
1.4855952
1.4341942
1.3456826
1.4898591
1.3570908
1.417504
1.4384872
1.4246447
1.5367967
1.5257137
1.4559844
1.4290923
1.464832
1.4550762
1.2929298
1.5293881
1.3900745
1.4877554
1.4556475
1.4658117
1.4293247
1.5696551
1.4377562
1.4625854
1.362434
1.3618853
1.380705
1.485251
1.34556
1.4131521
1.4873056
1.4096235
1.4573823
1.405968
1.2646595
1.4394884
1.6524895
1.4212878
1.4237156
1.4176588
1.346581
1.5180583
1.3320932
1.4203297
1.6576655
1.4236397
1.4699605
1.3484246
1.3795538
1.5306103
1.3897245

1.3791658
1.4472429
1.4336251
1.4520584
1.4665896
1.3236624
1.4319298
1.3539505
1.4171203
1.4339927
1.423621
1.3921163
1.4175195
1.3315574
1.4010243
1.4352008
1.392907
1.4960431
1.4801586
1.3588563
1.4457362
1.3504113
1.4174606
1.4602306
1.4337008
1.4886243
1.390048
1.5389184
1.4145813
1.4332829
1.4170135
1.4824158
1.3229252
1.4329427
1.4062784
1.3531938
1.3832846
1.429764
1.369136
1.3621724
1.3958826
1.3910933
1.4373939
1.4019877
1.4240836
1.3615111
1.4431632
1.314695
1.3934047
1.3716325
1.3991011
1.4171576
1.4250982
1.5041897
1.394583
1.4468846
1.3947914
1.4532588
1.3941057
1.4047964
1.4703093
1.4340782
1.4293667
1.43557
1.429102
1.3687835
1.4360838
1.4449074
1.3383163
1.4429221
1.4536847
1.4516983
1.4210603
1.4266409
1.3411409
1.4269979
1.3928883
1.5233951
1.4552939
1.3997314
1.4270135
1.4794439
1.3866704
1.4556725
1.4172107
1.4330847
1.3422837
1.3408293
1.3917289
1.3460788
1.3892292
1.3745152
1.3263445
1.4043149
1.4651811
1.4836862
1.4735372
1.3561828
1.4573003
1.3652034
1.4327964
1.3927858
1.3981379
1.4310231
1.4805808
1.3366747
1.3033891
1.3681701
1.3452468
1.5033495
1.3923962
1.393309
1.4739532
1.3238598
1.3717347
1.3923568
1.4592111
1.3835489
1.4675862
1.4380193
1.4112673
1.4100472
1.4487079
1.3460636
1.3893499
1.4052618
1.4422852
1.4316216

1.4117825
1.4688659
1.4049135
1.4138972
1.4029859
1.3468648
1.4278771
1.4604576
1.427295
1.3833662
1.3702027
1.4842533
1.4842614
1.4367449
1.4165384
1.412209
1.4299648
1.414225
1.4511498
1.4114263
1.3459654
1.480036
1.4885777
1.3810319
1.4879749
1.3351828
1.4493532
1.4420874
1.4085516
1.4482635
1.4541532
1.4771609
1.4589473
1.3260233
1.4690827
1.4090624
1.4004279
1.4240608
1.444385
1.3869529
1.4626527
1.4121917
1.3883181
1.412265
1.3832026
1.4718068
1.4233501
1.4157547
1.4018714
1.3823017
1.4751493
1.3637085
1.4169472
1.3881476
1.3888607
1.4004301
1.416482
1.3761019
1.3982339
1.4363984
1.356307
1.470779
1.4089124
1.4428301
1.4800191
1.3910289
1.4221668
1.4052168
1.4381236
1.4744041
1.4136884
1.4529921
1.4372488
1.376981
1.3365582
1.4559796
1.40881
1.4661653
1.4123889
1.4111532
1.414265
1.3879474
1.4499152
1.410351
1.458118
1.4211277
1.456686
1.4598647
1.3886418
1.4299531
1.4072702
1.4383922
1.4364464
1.4540955
1.4228231
1.4179664
1.41802
1.4579413
1.4010997
1.4871525
1.4364468
1.4356738
1.3770636
1.4819301
1.3989772
1.3969961
1.4471376
1.3070394
1.4104552
1.3797818
1.413412
1.3973826
1.5092615
1.423608
1.4599458
1.3829682
1.4555556
1.4357498
1.3999498
1.4035528
1.3862703
1.4238412
1.3423203
1.4339448
1.4173636
1.460586
1.3565286
1.4466113

1.4174187
1.4256358
1.4409305
1.4324588
1.4344113
1.3693689
1.4233109
1.3431025
1.4008303
1.3737447
1.4283992
1.4311354
1.4050481
1.4388741
1.377621
1.3809975
1.4198995
1.4442081
1.400804
1.3734553
1.4021636
1.3585522
1.4419887
1.4500873
1.4305148
1.4076171
1.45817
1.3881019
1.4506854
1.4139042
1.4002112
1.4461893
1.4834039
1.4649737
1.4381814
1.4867398
1.3724765
1.3582747
1.3790995
1.3876061
1.4274962
1.4372984
1.3803234
1.3884152
1.3879923
1.3792319
1.4470657
1.3451614
1.3901815
1.4205632
1.4386756
1.4185537
1.4076399
1.4675752
1.378144
1.4335977
1.4386541
1.3989724
1.3810122
1.4183024
1.4078138
1.3969288
1.44556
1.4767311
1.4058268
1.3864807
1.3868282
1.4093229
1.4327084
1.4261309
1.3899517
1.4104142
1.473659
1.4095082
1.4421957
1.4050651
1.3979406
1.4074062
1.4335696
1.3944311
1.4283417
1.4446853
1.4649572
1.4087136
1.3809559
1.4211282
1.4286697
1.404451
1.3784419
1.4161409
1.3864555
1.3931818
1.4606364
1.4856313
1.4147
1.4366565
1.4337224
1.4093994
1.3895935
1.4525687
1.4487432
1.458885
1.4377364
1.3934518
1.3994664
1.4149414
1.3985664
1.3808352
1.384363
1.4395186
1.4126498
1.4546908
1.3927144
1.4249098
1.3950639
1.393778
1.4280947
1.360266
1.3936868
1.4121022
1.3982071
1.4042915
1.4163479
1.364785
1.447666
1.4019833
1.4378773
1.3903164
1.3990977
1.4018415
1.4716275
1.3886664
1.4088681
1.4185724
1.4132214
1.422095
1.4452189
1.439036
1.4069548
1.4049993
1.3946973
1.3885437
1.4242303
1.4156822
1.4298269
1.4106488
1.4474597
1.4335147
1.4593846
1.4222533
1.4328711
1.4066768
1.3774965
1.4038479
1.3483125
1.4562902
1.3369505
1.4521183
1.4083298
1.4552466
1.3914465
1.4126035
1.4147202
1.4235848
1.4177349
1.3911535
1.4097068
1.4429852
1.4478233
1.4218892
1.4333607
1.4272008
1.409725
1.439605
1.3899312
1.4410063
1.4600999
1.4496617
1.4189379
1.4606113
1.3963152
1.4121327
1.4671073
1.3477613
1.4296373
1.4687976
1.4277282
1.4451499
1.3871095
1.3730953
1.4041656
1.432945
1.4367793
1.4317324
1.4130512
1.4721661
1.4234954
1.467331
1.3440735
1.5005028
1.4243824
1.4572845
1.4497551
1.4189634
1.3803704
1.4134502
1.363954
1.4409255
1.3411666
1.4376656
1.4349731
1.4461929
1.4024119
1.4499309
1.3492838
1.4509144
1.4195329
1.3921691
1.3925934
1.4722935
1.4423193
1.4620389
1.3749897
1.390256
1.4121438
1.4287689
1.4633698
1.3314908
1.4026328
1.3835837
1.4588846
1.4238055
1.3563269
1.438969
1.380599
1.4336317
1.3712214
1.4140941
1.3959174
1.4769263
1.4014211
1.4324801
1.4544164
1.3858407
1.4464672
1.433841
1.4451683
1.3910118
1.385722
1.3884357
1.414405
1.4450285
1.4181162
1.4062926
1.3547676
1.4511456

1.4044906
1.4091496
1.429393
1.4176875
1.4124724
1.4179707
1.4076048
1.4373221
1.4210204
1.4328603
1.4297777
1.4036849
1.4165196
1.3988017
1.3953242
1.3947821
1.4175104
1.4169941
1.4254329
1.4592748
1.4088993
1.4382439
1.4540527
1.4554067
1.382561
1.3847502
1.3943919
1.4058421
1.39529
1.3678637
1.440792
1.4191661
1.3889959
1.4082208
1.4114532
1.4333937
1.4540188
1.4096373
1.4293027
1.402416
1.405313
1.4064165
1.3998846
1.4292492
1.4242095
1.4145898
1.4406807
1.374016
1.4336132
1.3962451
1.3904811
1.4656398
1.4312241
1.4537071
1.3863409
1.3940302
1.4093522
1.4275854
1.4117578
1.4172767
1.3844231
1.3960884
1.4540073
1.4258325
1.4017763
1.4441013
1.4167092
1.3820217
1.4398086
1.4493939
1.3972014
1.4062889
1.4225848
1.4129217
1.4467801
1.3791107
1.3674376
1.4340895
1.4073241
1.4124888
1.3941559
1.4471797
1.438637
1.3957012
1.4089735
1.447828
1.4332021
1.4455957
1.4138932
1.4224286
1.4317455
1.4204909
1.4157462
1.4485451
1.4312338
1.4184098
1.446771
1.3993332
1.451364
1.4293103
1.4562496
1.4297848
1.4206473
1.3924538
1.4096398
1.3986481
1.4125975
1.3663826
1.3899021
1.4146724
1.3902937
1.4385753
1.4555882
1.4211878
1.4053658
1.402986
1.4514287
1.4129341
1.4102802
1.3898107
1.4550296
1.4175402
1.4032509
1.4474865
1.3780025
1.4192086
1.427917
1.4540484
1.3877968
1.3638163
1.4080093
1.4106236
1.379375
1.4404382
1.4431397
1.4239525
1.4579133
1.4370788
1.3904631
1.4124024
1.4128565
1.4323055
1.451627
1.3922195
1.4050641
1.435389
1.4159632
1.4143978
1.426713
1.4457008
1.4165698
1.4167247
1.4190068
1.4529974
1.4147462
1.4405769
1.3905861
1.3841293
1.4123528
1.3823347
1.4219145
1.4215331
1.4007931
1.4061507
1.3912231
1.4601002
1.4135032
1.4151038
1.403684
1.3828281
1.4168994
1.3901334
1.4231166
1.4248929
1.4552802
1.4670324
1.4103129
1.3704758
1.4349816
1.4573605
1.372778
1.4384118
1.4516639
1.4064605
1.4120399
1.4474708
1.4457349
1.4087874
1.4520385
1.41179
1.4317847
1.4011534
1.420332
1.396423
1.4478333
1.4147457
1.4260042
1.429159
1.4031265
1.4361641
1.4055269
1.425636
1.3845285
1.3694564
1.4247346
1.3803991
1.4332159
1.4348798
1.3670206
1.3791044
1.4172359
1.4249657
1.4454416
1.4529142
1.4247286
1.4360249
1.4411494
1.3883818
1.4344903
1.4314111
1.4243665
1.4350967
1.4350628
1.4282777
1.4490671
1.4355792
1.3884879
1.3895901
1.4073886
1.4261478
1.4160827
1.4462881
1.4057986
1.4063528
1.4394742
1.3692657
1.416391
1.4561353
1.4094542
1.4408911
1.4388679
1.4347122
1.4783922
1.4141417
1.4154177
1.4361447
1.429686
1.3896246
1.402441
1.4432434
1.421962
1.3826509
1.4315829
1.43398
1.4030081
1.4115683

1.4066498
1.4298941
1.4074752
1.4414831
1.428123
1.4645689
1.4367144
1.4069121
1.4519987
1.4243169
1.394195
1.4878877
1.4422174
1.434788
1.425954
1.477604
1.35458
1.4439863
1.4013717
1.4060266
1.4752573
1.4583311
1.3921514
1.4258672
1.4107479
1.3750772
1.4266262
1.4072667
1.359732
1.401933
1.4257486
1.4218771
1.3999959
1.4136772
1.4413006
1.3918998
1.3805654
1.3896172
1.4251643
1.4031482
1.4277854
1.4398088
1.449819
1.4459915
1.4408144
1.3977115
1.4119481
1.3987124
1.4161874
1.4041268
1.4075874
1.3726003
1.4289863
1.441826
1.4329853
1.4223617
1.4189793
1.4033496
1.4012227
1.4093747
1.4165876
1.3749566
1.4059286
1.4472954
1.4352052
1.4538805
1.4217453
1.4504606
1.3794445
1.4083056
1.4084089
1.3814889
1.3714685
1.396744
1.3430991
1.4211309
1.3979237
1.4400185
1.3864968
1.3935214
1.4302398
1.4152907
1.4423085
1.379923
1.425256
1.4230036
1.3673811
1.4158087
1.4128393
1.4076036
1.3817949
1.4333425
1.3757643
1.4819431
1.3756931
1.4057479
1.4171629
1.4244502
1.41512
1.4092703
1.4443614
1.439768
1.4032168
1.4234383
1.3650066
1.3986145
1.4032946
1.3864764
1.4044473
1.3885508
1.387145
1.4006443
1.392914
1.4313445
1.4152685
1.4564606
1.4136451
1.4102863
1.3850613
1.419597
1.4394326
1.4487797
1.44578
1.4089162
1.4310576
1.4280561
1.4546026
1.4384584
1.4270515
1.4368746
1.4612718
1.3820797
1.3969976
1.3960471
1.4126447
1.3889707
1.4056815
1.4540735
1.4365414
1.4737363
1.4402905
1.4656355
1.4878385
1.3971152
1.3877553
1.3813018
1.4411433
1.423377
1.4223465
1.3843708
1.3918194
1.3990692
1.4034963
1.3650383
1.4183815
1.4586926
1.4046733
1.3797792
1.3919965
1.4501992
1.4022254
1.3788394
1.4370904
1.3856158
1.4613382
1.4312971
1.4053438
1.4124403
1.4272741
1.4181991
1.4356525
1.4121526
1.4124933
1.42094
1.4113051
1.3869232
1.4049829
1.4142731
1.416716
1.4102387
1.4095209
1.4095105
1.3883017
1.4550824
1.4554178
1.4209808
1.3694066
1.4134558
1.4299289
1.4379866
1.3799515
1.4742815
1.391812
1.3917307
1.4111239
1.3913306
1.422486
1.4106168
1.4707696
1.3985044
1.3686235
1.4251462
1.4332087
1.4415699
1.410114
1.3979468
1.4208955
1.4539169
1.4304652
1.3733264
1.3954139
1.342666
1.4139098
1.4123849
1.4037071
1.4245023
1.3835232
1.438498
1.4429071
1.4286292
1.394494
1.4180764
1.4381157
1.3885136
1.4457625
1.3629875
1.4169766
1.4197831
1.4331597
1.4075572
1.4272106
1.4212946
1.4467865
1.3992012
1.44718
1.4262248
1.4343839
1.444537
1.4435555
1.3951789
1.4169903
1.4170198
1.4280357
1.4224455
1.4122385
1.424497
1.4150484
1.4522742
1.4255054
1.4451028
1.4521087
1.4051929
1.4409657
1.3887626
1.4195609
1.4372762

1.4215069
1.4188231
1.4057238
1.4152349
1.3954386
1.4240589
1.3937095
1.47206
1.4200193
1.4131858
1.4121515
1.4101391
1.3790089
1.4020205
1.4122127
1.4185442
1.4113925
1.4316906
1.397043
1.3909432
1.4340149
1.3975372
1.4034634
1.4292606
1.4286177
1.4274323
1.3937479
1.3983643
1.4195529
1.4274063
1.4251713
1.4197671
1.4100819
1.4161077
1.423353
1.4256546
1.4128431
1.3775005
1.4257505
1.4213136
1.4175715
1.423609
1.4238179
1.4076499
1.423163
1.4025718
1.3893039
1.4220505
1.4159812
1.4059981
1.3824
1.4571812
1.4232436
1.429012
1.3728049
1.432065
1.4506625
1.4273866
1.3729033
1.4035859
1.40864
1.4356872
1.4291382
1.4192188
1.4290546
1.439427
1.4537494
1.4271501
1.4185922
1.4267311
1.411645
1.4418002
1.399442
1.434446
1.363448
1.3792027
1.3882682
1.4215008
1.4031545
1.4237275
1.3960191
1.3992975
1.4250406
1.3959357
1.4197639
1.430148
1.4470274
1.3420507
1.4065858
1.4258567
1.379524
1.3931286
1.4278432
1.3966674
1.4300927
1.4479629
1.4200035
1.468659
1.4170743
1.4128175
1.4489883
1.4489895
1.4309303
1.3948497
1.40181
1.3565406
1.3936496
1.4129897
1.4452559
1.3846811
1.4015347
1.3936574
1.4480704
1.4562169
1.4457392
1.4506792
1.4135996
1.4778564
1.4324338
1.4300231
1.4291899
1.3897889
1.3748345
1.4185818
1.4032433
1.390402
1.406605
1.4437981
1.4273825
1.39287
1.4317592
1.40973
1.4367958
1.374043
1.4093764
1.386357
1.4424293
1.4636344
1.4382882
1.3732183
1.4616214
1.3750912
1.4112769
1.3860434
1.4061285
1.4416269
1.4038788
1.3823777
1.3820914
1.3835983
1.4174794
1.4374135
1.4038062
1.3991684
1.4299693
1.4190623
1.377403
1.3711072
1.444409
1.4340755
1.4179499
1.4369978
1.4088068
1.3993406
1.448032
1.4460056
1.3858521
1.3777231
1.4298081
1.4379755
1.4024696
1.4036984
1.4134694
1.3897489
1.4139761
1.428404
1.3898898
1.4206389
1.4388893
1.4220207
1.3910464
1.412508
1.413407
1.4373928
1.417628
1.4416031
1.4073529
1.4496878
1.455454
1.4600523
1.3972352
1.4225438
1.4379616
1.4112183
1.4435139
1.3833712
1.3918638
1.4203506
1.3798162
1.4220954
1.4020982
1.4104137
1.3991373
1.4486057
1.3959157
1.4260254
1.4044328
1.413005
1.4071602
1.3933733
1.4092492
1.4378902
1.427704
1.4511137
1.4405167
1.4177476
1.4335278
1.427362
1.4236912
1.4055481
1.4166144
1.4058013
1.4318047
1.3953536
1.4110861
1.4284189
1.3899152
1.3854215
1.4387615
1.4199699
1.3459249
1.3916928
1.4036611
1.3877312
1.4284562
1.4599744
1.4446672
1.4289842
1.3992501
1.44247
1.3947555
1.440301
1.4358206
1.4328753
1.3492149
1.4393849
1.4261112
1.4136899
1.4274197
1.427184
1.4314259
1.4088942
1.4120741
1.4264569
1.3954525
1.3880224
1.4096638
1.399729
1.4034013
1.4330764
1.408117
1.4140872
1.4238316
1.3849663
1.4095163
1.4058561
1.4470104
1.4320111
1.4316974
1.4166687
1.3864413
1.4250835
1.4244487
1.4216591
1.373878
1.4097195
1.4765506
1.4006637
1.4174923
1.4044973
1.4011431
1.4124259
1.4223821
1.4069235
1.4010688
1.4237539
1.4570516
1.4326996
1.4078058
1.4223003
1.4065251
1.375143
1.4366528
1.4122676
1.4067407
1.4080003
1.426033
1.4046656
1.4109442
1.3955759
1.3958778
1.4147327
1.3794197
1.4598124
1.3801949
1.403473
1.4289807
1.4505607
1.3918993
1.4362413
1.372863
1.4603204
1.4043194
1.3879969
1.4261978
1.417927
1.4279885
1.3842785
1.4068527
1.4208971
1.413433
1.4320922
1.4134289
1.4106308
1.4238436
1.4226156
1.4039769
1.4444723
1.406385
1.4197346
1.4274108
1.4272811
1.3708265
1.4033759
1.4590788
1.4230722
1.4350525
1.4343092
1.3947692
1.4184821
1.3988144
1.4349791
1.3819472
1.4128032
1.408331
1.3818798
1.3948846
1.3828751
1.3913207
1.4558852
1.4159999
1.4355128
1.3996161
1.4069282
1.442643
1.428332
1.3966877
1.4260793
1.4260292
1.4068071
1.4593837
1.4016192
1.4023701
1.412647
1.4251472
1.4617394
1.3973173
1.414121
1.4415972
1.4172982
1.401818
1.4167475
1.4147761
1.3674028
1.4102374
1.4036237
1.4490304
1.4094987
1.3880082
1.3873161
1.4201963
1.4306668
1.4074339
1.3934463
1.402391
1.3935999
1.3705404
1.3723853
1.3880154
1.4249004
1.4490818
1.4347486
1.3915194
1.4257748
1.4411852
1.4385476
1.4088224
1.4121083
1.3898125
1.3652724
1.4370054
1.3981521
1.4294493
1.4252838
1.4188131
1.4135119
1.4146047
1.4220918
1.4311901
1.4447837
1.4322716
1.4174446
1.4548448
1.433782
1.4215517
1.4070904
1.4023753
1.4267758
1.4259874
1.3966168
1.408602
1.3849227
1.4203625
1.4455386
1.4278119
1.3752028
1.395937
1.4561869
1.4334587
1.4321208
1.3926404
1.43228
1.4142256
1.4116974
1.4128844
1.4853561
1.4170257
1.4671615
1.4286963
1.423765
1.4305003
1.4103462
1.4351807
1.3939576
1.3857877
1.40945
1.4105726
1.426209
1.4139379
1.4198749
1.4128635
1.4285734
1.4171195
1.4414394
1.4040729
1.4197032
1.4079269
1.4273931
1.4098893
1.3785992
1.4013157
1.4335943
1.4256006
1.4213995
1.4183908
1.4009416
1.4259975
1.4805336
1.4361345
1.4473271
1.4081416
1.398816
1.4305334
1.4187785
1.4333358
1.438725
1.4113106
1.4345798
1.4159681
1.4154259
1.4197809
1.3997952
1.4514799
1.3799419
1.4244995
1.3955574
1.4115922
1.4022659
1.4246556
1.3747923
1.4582183
1.3774719
1.4079945
1.3923063
1.3991599
1.4031917
1.3980423
1.4060616
1.429022
1.4203224
1.3861312
1.4484199
1.4072083
1.391973
1.430394
1.384703
1.4404355
1.4133961
1.3860176
1.4169393
1.4448466
1.455694

1.3995056
1.4143014
1.4234873
1.43647
1.4114673
1.4383408
1.4407063
1.4227742
1.4088818
1.4130423
1.3979002
1.4351424
1.4218535
1.408077
1.4126618
1.4003131
1.4533216
1.4343497
1.4111398
1.4012959
1.424513
1.4149342
1.406468
1.4292018
1.428398
1.4303099
1.4236258
1.3778788
1.4008384
1.4287744
1.4000442
1.4048579
1.3882967
1.4452318
1.4187099
1.396974
1.4279945
1.3875829
1.4061188
1.4341824
1.4047072
1.4295514
1.4133425
1.4066722
1.415351
1.4221718
1.4050422
1.4229945
1.4069366
1.4259372
1.4150797
1.4229729
1.4233828
1.4334165
1.4209845
1.4083681
1.4409859
1.3934579
1.3931227
1.3946205
1.3674505
1.4216686
1.4087852
1.4182992
1.4024729
1.4194045
1.3847007
1.4003563
1.3734171
1.3971345
1.3956125
1.4300791
1.3893496
1.4079596
1.4026968
1.4201448
1.3941855
1.3945272
1.4309253
1.4252203
1.4002438
1.3742441
1.4101287
1.4257299
1.4233452
1.4042883
1.435047
1.4121861
1.415713
1.4106098
1.4130284
1.4357162
1.4112719
1.4078448
1.4185059
1.4050744
1.3936133
1.4033692
1.4178076
1.4207366
1.4507897
1.4359022
1.4166169
1.423374
1.4110266
1.4253112
1.4204437
1.4155192
1.4068274
1.396463
1.4088925
1.4341749
1.3820349
1.4185928
1.4191998
1.45237
1.415101
1.3972937
1.4381483
1.4208435
1.4308186
1.405537
1.4098974
1.4134328
1.3974525
1.4265426
1.4483234
1.418504
1.4278579
1.3895111
1.3842096
1.4197515
1.4210043
1.4107054
1.4135541
1.406068
1.4468676
1.3875237
1.4146273
1.4157597
1.4381945
1.4052439
1.4130195
1.426299
1.4307072
1.4067128
1.4208258
1.3801546
1.4248413
1.4186518
1.4184555
1.3858173
1.4251996
1.3798965
1.4157443
1.4267244
1.4111657
1.405557
1.4264137
1.3984338
1.4315178
1.4127814
1.3934274
1.441433
1.4280481
1.425145
1.381078
1.3867134
1.4219913
1.4217508
1.4457643
1.4230722
1.4077427
1.4260695
1.4397466
1.4279056
1.4125973
1.4241225
1.4012272
1.4244788
1.4488579
1.4250336
1.4028152
1.3903
1.4281619
1.4358457
1.4344511
1.4101412
1.403721
1.4239361
1.4096636
1.4349437
1.4266115
1.4070903
1.419666
1.3779241
1.4242154
1.4338431
1.4207094
1.3931808
1.4381768
1.4210958
1.4304403
1.4193256
1.4009198
1.3758944
1.4232095
1.4238536
1.4130173
1.4218388
1.4031695
1.4038694
1.3875293
1.4267777
1.4161779
1.4158072
1.4168504
1.432689
1.3892701
1.4132758
1.3990064
1.4341135
1.4215847
1.4308056
1.4034996
1.4018607
1.4176583
1.4327881
1.3947136
1.3865697
1.3985401
1.4148102
1.4103976
1.4151176
1.4285134
1.4352415
1.4159186
1.4281881
1.40928
1.4210663
1.4159212
1.3763142
1.3964337
1.4201934
1.4277294
1.431882
1.4119663
1.4236138
1.4229172
1.4142938
1.4268155
1.413761
1.4088744
1.4354997
1.3958361
1.4724165
1.3812239
1.3905623
1.4098258
1.4008056
1.4343766
1.4146179
1.4271713
1.3911749
1.4122821
1.3798591
1.450411
1.4129766
1.4190601
1.405839
1.4153357
1.418544
1.4307821
1.3932914
1.4286892
1.4174957
1.4089531
1.4219104
1.4026681
1.3834654
1.4112386
1.4254984
1.4201295
1.4169081
1.4007422
1.4476775
1.4026631
1.4336315
1.4212488
1.4245362
1.3792689
1.3847252
1.3978871
1.4443059
1.4284526
1.4148376
1.3910661
1.4266912
1.4181858
1.4022
1.4494324
1.4475471
1.4007925
1.3892838
1.3823358
1.4202988
1.4121966
1.399374
1.4170713
1.4321734
1.4006324
1.4309698
1.3971596
1.4229376
1.4268286
1.3790956
1.4179555
1.4115427
1.44258
1.4256138
1.4194525
1.4119129
1.415259
1.4155511
1.4098918
1.436552
1.392535
1.4447857
1.4230862
1.4201106
1.4419796
1.426273
1.4336643
1.400377
1.4142506
1.40983
1.3691653
1.452567
1.4460627
1.3988374
1.4222083
1.4208746
1.4312185
1.4210651
1.446516
1.4072497
1.4102551
1.4241694
1.4062055
1.4407337
1.4117073
1.4092247
1.4147912
1.4339437
1.4107975
1.4276057
1.3983482
1.4373591
1.4097152
1.412239
1.4104605
1.4447147
1.3877107
1.4351827
1.4083356
1.4143457
1.3669903
1.4220299
1.4234344
1.3908972
1.3923234
1.4110003
1.4247028
1.4032897
1.4159526
1.4287385
1.4106925
1.4157609
1.4248981
1.4093004
1.4116082
1.4372232
1.4273313
1.460191
1.4256406
1.3982606
1.4078078
1.4056088
1.400982
1.3952143
1.4408169
1.4342486
1.4167118
1.41922
1.4065765
1.4078699
1.4163008
1.4124856
1.4146074
1.4365853
1.4069756
1.409335
1.4147081
1.4059294
1.419977
1.4200717
1.4124024
1.4223022
1.4120274
1.4038153
1.4218172
1.4303155
1.3962184
1.4152342
1.4120685
1.4122583
1.3983002
1.389578
1.4032995
1.415564
1.422248
1.4280871
1.4042982
1.3893152
1.426679
1.4102315
1.4205108
1.430555
1.4179509
1.4283266
1.3889345
1.414098
1.3922018
1.4305483
1.4148353
1.4024997
1.4410067
1.4566664
1.3960321
1.4244077
1.4328355
1.4090903
1.4189409
1.4249296
1.4226842
1.434759
1.4093282
1.4253646
1.4194604
1.4216937
1.4253715
1.4321144
1.432769
1.40033
1.4406966
1.4260017
1.4205339
1.419983
1.4047179
1.4206212
1.4031177
1.4245236
1.4068139
1.4128338
1.4109873
1.4014038
1.4102856
1.4081378
1.4475961
1.4163293
1.3857378
1.4323139
1.3817747
1.3521335
1.4368519
1.416074
1.4156743
1.4224273
1.42086
1.4373753
1.3891581
1.4214334
1.4173822
1.4003671
1.4511008
1.3869033
1.4193478
1.4233434
1.4080033
1.4106482
1.4116577
1.4480352
1.4146049
1.3923249
1.4082218
1.460373
1.4311922
1.4340707
1.4054549
1.4054701
1.4342417
1.4430914
1.4168985
1.413767
1.4213159
1.403329
1.4110202
1.4021122
1.4302698
1.4218118
1.4201136
1.4372064

1.4246851
1.4217494
1.3928498
1.3952653
1.4068036
1.3891027
1.4154586
1.3715092
1.3845394
1.4309533
1.4097241
1.3988447
1.4318181
1.4281734
1.4040272
1.4249816
1.3936744
1.4099545
1.3952217
1.4426211
1.3915324
1.4043404
1.3964767
1.3959639
1.3809658
1.4381512
1.3836336
1.423541
1.4238343
1.4477452
1.4084976
1.4189192
1.3820487
1.4554046
1.3956405
1.4221759
1.4297109
1.3925105
1.4268144
1.4487083
1.4192975
1.4132541
1.4377645
1.4135407
1.4110317
1.4108131
1.418374
1.417693
1.4160888
1.4094237
1.4154013
1.4139429
1.4094759
1.4121797
1.4196702
1.3976606
1.3967714
1.4012283
1.4110539
1.4105506
1.4446115
1.4393971
1.4206946
1.4063505
1.4297744
1.4235045
1.4122392
1.395182
1.4118596
1.428713
1.4108907
1.4278044
1.4333749
1.4264718
1.4100078
1.4218647
1.4014764
1.4381902
1.4067467
1.4375905
1.411618
1.4274083
1.4285696
1.4177296
1.4321771
1.4421276
1.4268043
1.4012346
1.4096051
1.4415125
1.4322708
1.4375545
1.4239708
1.418128
1.4422711
1.4166201
1.4144452
1.4276589
1.4302185
1.4449975
1.3826427
1.4210341
1.4262996
1.4089304
1.4395268
1.4209739
1.4148936
1.4018003
1.4060032
1.3758456
1.379391
1.4044454
1.4133741
1.383862
1.4170681
1.4051623
1.4326276
1.4303586
1.4468011
1.4030493
1.4377645
1.4113657
1.4093025
1.4235152
1.4099593
1.4180844
1.4222565
1.4196754
1.4190347
1.4079319
1.4410106
1.3920735
1.4004962
1.4153572
1.4172758
1.41864
1.3933437
1.4343973
1.4084809
1.3925309
1.4033775
1.4075822
1.4125538
1.4515247
1.3990501
1.4140908
1.4307818
1.4231461
1.4182947
1.4017591
1.4003642
1.3924772
1.4312806
1.4121082
1.4155767
1.3923476
1.3988606
1.4145131
1.4139035
1.4189713
1.4275765
1.4299924
1.4195161
1.3890696
1.3973638
1.4305036
1.4157952
1.4094722
1.4191216
1.4204572
1.4041569
1.393119
1.4139651
1.4248847
1.4141864
1.3972952
1.4196421
1.4122101
1.384465
1.4080615
1.4095147
1.3993173
1.4055415
1.4334844
1.4022655
1.3923459
1.4049673
1.4026556
1.4466972
1.4115189
1.4255317
1.4184763
1.4280971
1.4067172
1.410421
1.4380196
1.4125861
1.4109749
1.4186366
1.4353238
1.4070315
1.4017553
1.4136165
1.3877997
1.4216448
1.4499986
1.4329026
1.3957329
1.4163654
1.4379803
1.4412496
1.3864028
1.427992
1.4222101
1.4174567
1.4232401
1.4177554
1.4159725
1.4331996
1.410176
1.4172461
1.434124
1.3938353
1.4370804
1.4129037
1.4125199
1.4154793
1.4479077
1.4070729
1.4162182
1.4090097
1.408894
1.4377179
1.4281958
1.4007555
1.4127043
1.4400513
1.4347439
1.405116
1.4180282
1.4089476
1.4214699
1.4229078
1.426556
1.4013755
1.3986522
1.410142
1.4191498
1.394276
1.3986106
1.4213314
1.4080666
1.4478853
1.4247235
1.413938
1.418485
1.4081163
1.4119655
1.3995123
1.4177936
1.3998498
1.4116588
1.4453079
1.4263057
1.4242221
1.4329967
1.4314933
1.4168911
1.4101522
1.4006001
1.4262359
1.4122502
1.407446
1.4080192
1.4135014
1.4004079
1.4389054
1.408826
1.4104297
1.437145
1.4242674
1.4290327
1.4093454
1.413338
1.4295586
1.4080776
1.3944618
1.4185419
1.4387054
1.4170674
1.4287833
1.4157188
1.4162878
1.3994981
1.422148
1.3850611
1.4195478
1.405223
1.4051892
1.4036931
1.4268211
1.4175563
1.4057746
1.4299183
1.4088154
1.4311459
1.4345778
1.404344
1.4349698
1.42532
1.4232187
1.395601
1.4329782
1.3854246
1.4025311
1.4098864
1.3935732
1.4015496
1.4157484
1.4078354
1.4200386
1.4002864
1.4093181
1.3722484
1.4363468
1.3993133
1.4188827
1.4182681
1.4220771
1.4067643
1.4263357
1.4090117
1.43338
1.4010533
1.4195019
1.3989977
1.414417
1.4141185
1.4228132
1.4293402
1.4293569
1.4090828
1.4273485
1.4375212
1.4208258
1.4270772
1.3718338
1.4127499
1.3880082
1.4037681
1.3908858
1.4322156
1.4302042
1.4375477
1.3920013
1.4346032
1.3988646
1.4395722
1.4301735
1.4247237
1.3963922
1.386018
1.430013
1.4485549
1.4406372
1.4307973
1.4240774
1.3918339
1.4028537
1.401797
1.4318957
1.4303615
1.425122
1.3994105
1.4117529
1.4016252
1.3919319
1.4146812
1.431539
1.41385
1.4353912
1.4093499
1.3773599
1.4353395
1.4237802
1.3858495
1.4400631
1.3788108
1.3933034
1.4316547
1.3928691
1.4111655
1.4102592
1.4569032
1.4145448
1.4339848
1.3989536
1.4375772
1.4387627
1.4236809
1.4111143
1.4236493
1.4131775
1.4497867
1.4061458
1.4125732
1.4314239
1.4060677
1.3968607
1.4104269
1.4234765
1.4180562
1.392454
1.4153026
1.4280244
1.4091595
1.4166498
1.4206756
1.406009
1.4285185
1.4157867
1.4320076
1.4327943
1.4212747
1.407665
1.4286193
1.4609699
1.3895227
1.4023666
1.4159865
1.4100455
1.441116
1.4148757
1.3857296
1.4237744
1.4023595
1.409809
1.4268584
1.4093217
1.4165903
1.4301682
1.4036381
1.3967019
1.4278103
1.4083863
1.4093366
1.4344579
1.4233152
1.3960894
1.3731391
1.4154208
1.3986984
1.4054769
1.4316597
1.4443924
1.4227622
1.4398664
1.4515737
1.4194291
1.4157021
1.3840739
1.4167452
1.4270784
1.4288974
1.3993931
1.4066844
1.4394032
1.3997133
1.416465
1.4056128
1.4132786
1.4061105
1.4244945
1.4226867
1.4287689
1.4106137
1.4050843
1.4214184
1.3993142
1.413678
1.4039832
1.4064788
1.4135755
1.410087
1.3953164
1.4135904
1.4241732
1.4243643
1.4099649
1.4334348
1.4202319
1.4018862
1.4071211
1.4065061
1.4237446
1.4023551
1.398605
1.4361913
1.3931465
1.4147272
1.4275901
1.4161323
1.4258617
1.4067284
1.4151367
1.3841838
1.4098299
1.3933014
1.3835245
1.4197216
1.4059505
1.4248453

1.3650601
1.4155641
1.3982203
1.4056827
1.4033507
1.4226686
1.383288
1.3994392
1.4213632
1.3939198
1.4335214
1.4284586
1.4414363
1.407218
1.4334036
1.4254372
1.415513
1.4163206
1.4242909
1.4337473
1.4177321
1.438871
1.4194186
1.4274418
1.4257213
1.4109783
1.4208243
1.4243649
1.424423
1.409341
1.3950406
1.4155747
1.4237094
1.4094214
1.3976737
1.4191135
1.4391983
1.4150673
1.4009819
1.4054296
1.4300734
1.4118357
1.4297189
1.3948332
1.4231696
1.4054106
1.4112129
1.4038522
1.3970858
1.4065135
1.4317
1.4224086
1.4301796
1.4254028
1.4121906
1.4069141
1.4213018
1.4392378
1.4126333
1.4211265
1.4192766
1.418122
1.4210585
1.4357405
1.4245121
1.4031852
1.4178313
1.4144905
1.4206121
1.4688997
1.4228327
1.4048319
1.4392544
1.4440501
1.4372945
1.4057038
1.4240372
1.4070734
1.3984566
1.4137642
1.4326261
1.4145659
1.4158124
1.4356054
1.4252328
1.3955523
1.4281213
1.4136313
1.4287943
1.4111147
1.4243432
1.4383011
1.433241
1.4060006
1.4141349
1.4005419
1.4289476
1.4392333
1.3993616
1.417832
1.4098418
1.4361091
1.4500641
1.4320633
1.4205317
1.404715
1.4136373
1.4328216
1.4104332
1.4098136
1.420122
1.4149653
1.4134982
1.4043365
1.3966134
1.4236104
1.403801
1.4382466
1.4014884
1.4481664
1.4204187
1.4322482
1.4225211
1.416793
1.4148489
1.4309069
1.4168038
1.4163305
1.4135041
1.4174165
1.4132882
1.4031279
1.4201483
1.4118222
1.4065502
1.3952075
1.3862352
1.4283404
1.4358724
1.4183228
1.411177
1.4268296
1.4234221
1.405821
1.3965294
1.4214648
1.4392437
1.3986253
1.3901833
1.4199287
1.4048326
1.4398388
1.4219611
1.4130094
1.3984711
1.433568
1.410823
1.4139003
1.4341023
1.398729
1.416187
1.4187663
1.4077227
1.4194677
1.4233394
1.431181
1.4277211
1.421283
1.3978934
1.4157993
1.3988554
1.4203898
1.4172786
1.4291583
1.4141679
1.409214
1.4366283
1.421536
1.4163694
1.3984677
1.4297016
1.4093759
1.423933
1.4086037
1.4122696
1.3914338
1.4415168
1.3987678
1.4266728
1.4265134
1.4253535
1.4150721
1.3994519
1.4210907
1.4167417
1.4103078
1.4160879
1.419261
1.4326627
1.3902229
1.425748
1.4320445
1.4273038
1.4448111
1.4128293
1.416842
1.4052192
1.4154941
1.4008875
1.414634
1.4055183
1.3986013
1.4104449
1.4204339
1.4151441
1.3752385
1.406019
1.3980758
1.4123971
1.4215379
1.4163706
1.4250846
1.4221412
1.3976574
1.4195316
1.4088824
1.423491
1.4103954
1.4098481
1.4213921
1.4279836
1.3756276
1.4182241
1.4219426
1.4271843
1.398005
1.429366
1.4206328
1.3863784
1.4036686
1.4143991
1.425819
1.3996454
1.3756377
1.433192
1.4207988
1.4356629
1.420175
1.4151713
1.3998092
1.4287648
1.4241059
1.4222609
1.4018135
1.3818016
1.4171389
1.4058286
1.416869
1.4199871
1.4270109
1.410808
1.4064842
1.4122318
1.4037894
1.3933398
1.4097402
1.4209868
1.4022799
1.4225742
1.4004817
1.408062
1.423351
1.4099101
1.4357102
1.4250387
1.4037814
1.42431
1.4121568
1.4031324
1.4049102
1.4327995
1.4146363
1.4171647
1.4036063
1.3993903
1.4228966
1.419025
1.4065024
1.415095
1.4388703
1.4157239
1.394773
1.3952951
1.3979783
1.4024187
1.3959986
1.4379045
1.4086927
1.405528
1.4070039
1.4168183
1.3921993
1.4060872
1.4309785
1.4144937
1.4118773
1.3996408
1.4101499
1.3940164
1.4057412
1.4182415
1.4206808
1.4122359
1.4231467
1.4400403
1.4125468
1.3968297
1.4245831
1.4386028
1.3745536
1.4333647
1.413041
1.3940989
1.4203866
1.4292625
1.3922017
1.4112892
1.4327571
1.4341671
1.4292713
1.4377258
1.4228768
1.419945
1.4408897
1.4187285
1.4155408
1.4164561
1.412771
1.4104984
1.4298782
1.4004959
1.4273149
1.420257
1.4359684
1.4312333
1.39669
1.4207997
1.4324557
1.4208664
1.4047682
1.3941315
1.4166089
1.4309815
1.4228084
1.4300423
1.4159219
1.4094418
1.410051
1.4244523
1.4138768
1.4099016
1.4356973
1.3875612
1.4020944
1.3982191
1.3899993
1.435749
1.4239568
1.4208697
1.4053178
1.4113562
1.4116156
1.4273112
1.4129802
1.4143007
1.4186028
1.42578
1.4132391
1.417724
1.4169818
1.4446164
1.3931116
1.4286175
1.4252797
1.423846
1.3996131
1.3956484
1.3943338
1.4324683
1.4366425
1.4227632
1.4034737
1.3962369
1.4067224
1.4366473
1.4246135
1.406214
1.4076822
1.4238664
1.4215223
1.4109521
1.4345287
1.4252027
1.4212451
1.41269
1.4013882
1.4473797
1.4015963
1.4227786
1.4248285
1.4116513
1.4371564
1.4261123
1.3847057
1.4114859
1.4049379
1.4037832
1.3986846
1.4292302
1.4499592
1.4612719
1.4123986
1.4229742
1.4005598
1.444262
1.4190481
1.4238702
1.4428669
1.4025509
1.4145677
1.4167881
1.3988055
1.4261851
1.3966266
1.410554
1.4033842
1.4337789
1.4200251
1.4464029
1.4359848
1.4348174
1.3906796
1.4344445
1.4199133
1.4116514
1.4021345
1.4081715
1.423238
1.3958708
1.428549
1.4087753
1.4185822
1.4118032
1.3879061
1.4154453
1.3971725
1.4348005
1.4182955
1.4489715
1.4254946
1.4179801
1.4259766
1.4519386
1.3977722
1.4032966
1.4140297
1.4059477
1.412205
1.3891007
1.4212555
1.3995975
1.4192504
1.398991
1.4273036
1.3972195
1.4200227
1.4262313
1.4185358
1.4041077
1.4199828
1.4206381
1.4196235
1.407035
1.3993466
1.3888242
1.4179772
1.4317173
1.4164753
1.4291879
1.4253178
1.4034088
1.4312348
1.4191289
1.405892
1.4108036
1.4267445
1.4226655
1.3920001
1.3906919
1.4188347
1.4302481
1.4104509
1.4132175
1.4186049
1.4108136
1.4342706
1.4123496
1.3977106
1.407948
1.3991655
1.3882937
1.4029363

1.3984214
1.4174844
1.4196596
1.3830671
1.4203396
1.4288195
1.4119946
1.41243
1.427882
1.4228828
1.429694
1.3774776
1.440659
1.4111896
1.3988757
1.4115274
1.410719
1.4208026
1.4201797
1.4293387
1.3932041
1.4649497
1.411522
1.4376769
1.4314544
1.422046
1.4339324
1.4621613
1.4303255
1.4255093
1.4192913
1.4424576
1.4174579
1.4187082
1.4362204
1.4367421
1.4468578
1.4103044
1.4146864
1.4306207
1.3764205
1.4254845
1.426176
1.3853681
1.4155716
1.4540106
1.433592
1.4212643
1.4212683
1.4383103
1.455048
1.4032763
1.4185419
1.388918
1.4111811
1.432287
1.4180499
1.4144291
1.4038314
1.4375695
1.4162177
1.4320186
1.450698
1.4278843
1.4058452
1.3841032
1.4033678
1.4174666
1.4141842
1.3837934
1.3968943
1.4208353
1.4067371
1.420352
1.4068844
1.4035938
1.4136794
1.4287472
1.4323336
1.4113785
1.4317868
1.4205946
1.4147031
1.4059829
1.406554
1.3987166
1.4258349
1.3948418
1.4143057
1.4332193
1.4166652
1.4073052
1.414888
1.4484495
1.404144
1.4341763
1.4079518
1.4217433
1.4284384
1.4161831
1.381928
1.4004006
1.4086671
1.3953907
1.4292022
1.4295572
1.4273045
1.4015173
1.4071581
1.4058471
1.4178413
1.3918617
1.4052087
1.4602976
1.4048702
1.3944418
1.4092395
1.4311442
1.4254504
1.4394879
1.4238003
1.4028381
1.4010096
1.3973945
1.4119254
1.3745688
1.4348344
1.4264467
1.422343
1.4017767
1.4124192
1.4274715
1.4297702
1.4232043
1.4092373
1.4274306
1.4527551
1.4081242
1.3725718
1.4309772
1.4326447
1.4134473
1.4175755
1.4154994
1.4170015
1.416922
1.4200381
1.3973267
1.4035236
1.4157943
1.422875
1.4238162
1.4073038
1.4302299
1.4334536
1.4271835
1.4201083
1.423485
1.3962749
1.424184
1.408879
1.4281888
1.4277197
1.41273
1.4055997
1.4003611
1.4167529
1.3865744
1.4213221
1.4237531
1.4412822
1.4272103
1.423535
1.3981102
1.4047168
1.4011565
1.4024013
1.4326934
1.4103575
1.4088017
1.3923663
1.4123509
1.4176462
1.4265426
1.4234692
1.4143158
1.4077021
1.3995999
1.4251442
1.4247453
1.4427433
1.434751
1.4196055
1.4243234
1.4167031
1.4249883
1.4481711
1.4294207
1.4009935
1.4374627
1.4185628
1.3763207
1.4157965
1.4131606
1.4065564
1.4148549
1.3994541
1.4010319
1.3970011
1.4281424
1.4519823
1.4173818
1.4137932
1.412916
1.4031037
1.4446131
1.4253937
1.4025288
1.4156324
1.4300354
1.4249111
1.4069346
1.3966217
1.419462
1.3990816
1.4221444
1.3921938
1.4457035
1.4224306
1.4260099
1.4157693
1.4470161
1.3944215
1.402747
1.4168636
1.420952
1.4201562
1.4432131
1.4318095
1.4027584
1.426521
1.4160103
1.4153422
1.4026695
1.3962595
1.4149008
1.4307108
1.4086757
1.3907723
1.4161179
1.4242418
1.4047042
1.4153676
1.4299202
1.4142433
1.4107565
1.3986181
1.4091821
1.4358938
1.4105622
1.4048238
1.4129963
1.4187685
1.3934029
1.3929386
1.4073007
1.417854
1.4109715
1.3822708
1.448934
1.3999234
1.4078476
1.4624648
1.4153332
1.4109514
1.4083626
1.4561188
1.3859639
1.4112449
1.4183207
1.426299
1.4207457
1.4065189
1.3997334
1.4064468
1.4153014
1.4027152
1.4031096
1.436826
1.396155
1.4308584
1.4226794
1.4404902
1.4011142
1.4360254
1.414191
1.40836
1.4063898
1.3985407
1.3925066
1.4144253
1.3906956
1.4153467
1.4113833
1.4302517
1.4170128
1.4297826
1.3910234
1.41997
1.4066516
1.4067439
1.4140344
1.4391875
1.4280759
1.3893505
1.42049
1.3894017
1.4079664
1.4121326
1.402515
1.3988633
1.384018
1.4223766
1.442714
1.413997
1.4083991
1.4021413
1.4165403
1.4003794
1.418193
1.4197437
1.3844527
1.4259529
1.419771
1.4311404
1.4283187
1.405299
1.4076344
1.390626
1.4090596
1.4299904
1.4087915
1.4236884
1.4197198
1.4219774
1.4321663
1.4209554
1.4018815
1.4173489
1.429117
1.435389
1.4038023
1.4154478
1.4178296
1.4110487
1.4212888
1.3967242
1.4200569
1.426689
1.4336811
1.4279138
1.4136678
1.4563751
1.3944808
1.4313308
1.4227988
1.4259151
1.4186978
1.3989972
1.4122757
1.4181439
1.4107491
1.4364194
1.4049659
1.4038914
1.413478
1.417902
1.4064556
1.4131941
1.4169991
1.4363616
1.396845
1.4241035
1.4245905
1.4215623
1.4021325
1.4468925
1.4151644
1.4219424
1.3958682
1.4269116
1.4210349
1.4333942
1.4098866
1.4185965
1.4498571
1.3897364
1.4025761
1.4320798
1.4219624
1.400105
1.4159107
1.4425236
1.4160755
1.422477
1.4166079
1.4242306
1.3960129
1.3958316
1.3937056
1.412797
1.4214679
1.4145387
1.4069093
1.4157815
1.403606
1.4246768
1.4048748
1.4118382
1.3893147
1.4021139
1.4221288
1.4290634
1.4139966
1.4036758
1.4030255
1.392058
1.412054
1.4368373
1.4372422
1.4279264
1.4106305
1.4039576
1.4086646
1.3979222
1.4333985
1.3825239
1.4081795
1.4326526
1.4171959
1.4494616
1.4214841
1.4344932
1.4127873
1.4104536
1.4023156
1.4004183
1.4172534
1.4650246
1.4038543
1.4153748
1.4325805
1.4004842
1.4151883
1.4234796
1.4441074
1.454124
1.4050342
1.4074576
1.4080502
1.4237432
1.4347664
1.43727
1.4284712
1.4056944
1.4110637
1.419671
1.427863
1.4014632
1.4161731
1.417433
1.4393069
1.4308555
1.4214954
1.4114497
1.4303852
1.4000598
1.421129
1.4225299
1.3955997
1.4116933
1.3899993
1.4092368
1.4301534
1.4245495
1.3914251
1.4222678
1.389742
1.4075358
1.4167993
1.3871047
1.428708
1.4104846
1.4219491
1.4171724
1.390109
1.4266734
1.4194522
1.435911
1.4021072
1.4383887
1.413346
1.3852524
1.4217507
1.4174329
1.44088
1.3911338
1.4287404
1.4204329
1.4115183
1.4334104
1.3975203

1.4314189
1.425712
1.4212972
1.4241314
1.4400516
1.3953029
1.4242227
1.4118726
1.3919107
1.4101912
1.4223018
1.4191904
1.4209054
1.4245542
1.4159337
1.436533
1.4310744
1.384378
1.4117894
1.4310341
1.4379777
1.3962523
1.4395194
1.433642
1.439299
1.4353942
1.4123062
1.4028556
1.4228449
1.4365486
1.4201245
1.4341383
1.4050272
1.4063834
1.3920784
1.3994536
1.4066117
1.3935196
1.412319
1.4093636
1.4264327
1.4174606
1.4481726
1.4321141
1.3937168
1.3849036
1.4316323
1.4208506
1.3897272
1.423941
1.409681
1.407671
1.3856589
1.4356148
1.4189242
1.4239566
1.4070048
1.4042675
1.4153607
1.4050593
1.4076351
1.4034771
1.3845546
1.4080192
1.4164186
1.4074146
1.4151866
1.4173894
1.4290953
1.3990518
1.4284568
1.4144512
1.4204935
1.3982185
1.4064102
1.4066523
1.3874186
1.4479527
1.4281226
1.422533
1.4149702
1.4111724
1.4167995
1.4173331
1.4136047
1.4032179
1.4016279
1.4458033
1.3851863
1.425997
1.4341184
1.4068295
1.4253426
1.4064257
1.4035251
1.4126674
1.4455434
1.4080015
1.4242892
1.3876286
1.4054037
1.3959639
1.4144613
1.4107542
1.4288435
1.4157885
1.4289169
1.4194968
1.4140161
1.4206961
1.4193774
1.3784965
1.4297504
1.4276868
1.4131107
1.41323
1.4218102
1.4020977
1.4264297
1.4229833
1.4208888
1.397287
1.4208167
1.4255018
1.3932225
1.4229484
1.4289426
1.4198424
1.4272064
1.4323152
1.4403567
1.4405515
1.4290344
1.40448
1.4354359
1.4161235
1.3939726
1.4081985
1.4419038
1.4184153
1.4340744
1.4064863
1.4277614
1.4237355
1.4123961
1.4183642
1.4129131
1.4389966
1.4288433
1.4306709
1.4285697
1.4080341
1.4204794
1.4311438
1.4483777
1.4136951
1.4055185
1.4331654
1.428959
1.4201502
1.433441
1.3903401
1.4246328
1.4249238
1.40509
1.4183863
1.4242568
1.4487656
1.4245683
1.3982025
1.4633664
1.4114927
1.4474361
1.4071361
1.4239314
1.4249277
1.3948215
1.4398887
1.4165629
1.4219296
1.391587
1.4018638
1.3930798
1.4312878
1.4042784
1.3889916
1.4073426
1.415501
1.428031
1.4079826
1.4311264
1.4293758
1.4177885
1.4345422
1.4079368
1.426577
1.4350072
1.4421118
1.4108295
1.4067866
1.4316689
1.4329859
1.4155422
1.417275
1.3982048
1.4288291
1.3948574
1.4112493
1.4145743
1.3810084
1.4045286
1.4217519
1.4099413
1.4412516
1.4371817
1.42559
1.4479263
1.4141047
1.4217491
1.410682
1.4329857
1.4136368
1.3948901
1.4114492
1.4455149
1.4202303
1.4062316
1.3976107
1.3999567
1.4136202
1.4260247
1.4323289
1.4131495
1.3952444
1.4141732
1.391935
1.430251
1.405962
1.390528
1.4346356
1.4195883
1.4350694
1.4428679
1.4164685
1.4113649
1.4277866
1.4317031
1.3963856
1.4220053
1.4254254
1.4163415
1.3933427
1.4240817
1.4618256
1.4194765
1.4024693
1.4248475
1.3949933
1.4171163
1.4294873
1.4315207
1.4340435
1.403692
1.4109676
1.4062245
1.4230101
1.4078966
1.4296609
1.4117562
1.4579407
1.4140493
1.4120908
1.4040071
1.3976619
1.3981532
1.42262
1.4199103
1.4390056
1.4072695
1.4364145
1.4304149
1.4099798
1.4217374
1.40086
1.4059097
1.4315459
1.4032633
1.4319322
1.4116377
1.4153244
1.4320168
1.4131501
1.3968931
1.411645
1.4063148
1.3979509
1.415298
1.4174469
1.4204397
1.4338131
1.4107958
1.4037848
1.421285
1.4231938
1.4092357
1.4194365
1.3953667
1.4062093
1.4008085
1.4164213
1.4137799
1.3898869
1.4109823
1.4245175
1.4063458
1.399846
1.413566
1.4406861
1.4110706
1.4169589
1.4121041
1.3966788
1.4265605
1.4099941
1.4296167
1.4373509
1.4396178
1.4171069
1.4303573
1.4407427
1.4297739
1.4125085
1.4213313
1.4220835
1.4111037
1.4277627
1.4283577
1.4100361
1.4086131
1.4083973
1.423653
1.4151325
1.397277
1.4392598
1.446427
1.4154456
1.4019808
1.4300089
1.4259787
1.4068072
1.4151212
1.3963205
1.4096686
1.406959
1.4276315
1.4146826
1.4051677
1.4106867
1.4069437
1.4026058
1.4032359
1.4353116
1.4114095
1.417489
1.414995
1.4186485
1.4132154
1.4248097
1.3773385
1.4509878
1.4293221
1.3894247
1.3957647
1.4207054
1.4006674
1.4353944
1.4248593
1.3948168
1.4264857
1.4288477
1.4186323
1.4164943
1.4296634
1.443083
1.4227638
1.4165224
1.422558
1.4387546
1.4125111
1.3918557
1.4161708
1.4155892
1.4027205
1.3954486
1.4133191
1.4120935
1.412405
1.3994654
1.4195178
1.4072495
1.4261808
1.4188111
1.4169796
1.3996382
1.4147342
1.4331665
1.4174012
1.4285743
1.3911971
1.4326385
1.3960922
1.4258807
1.398842
1.4231466
1.4124554
1.4257704
1.3988035
1.410516
1.4087955
1.4250648
1.4161795
1.4224025
1.3873609
1.4104463
1.4250652
1.4216977
1.41095
1.3926938
1.4203314
1.4170924
1.4111613
1.4214183
1.4315705
1.4063112
1.4029049
1.4188108
1.4256265
1.4255555
1.4316425
1.4287295
1.4243901
1.4243541
1.4229739
1.3804976
1.4098724
1.3990414
1.4193672
1.4309297
1.4081966
1.3988441
1.4297239
1.4507446
1.4211856
1.438013
1.3948145
1.4216521
1.4247513
1.4268649
1.4064887
1.3965815
1.4347527
1.4017859
1.3904835
1.4381661
1.4111168
1.3858994
1.4246277
1.4073755
1.4107115
1.4313143
1.4004568
1.4291046
1.4130462
1.432723
1.4065521
1.4242293
1.4237112
1.4487942
1.3919982
1.422124
1.4296823
1.4225899
1.4194686
1.426531
1.4237676
1.4124864
1.418703
1.4126571
1.4033402
1.3900214
1.4008213
1.4252676
1.3971727
1.4118112
1.3830823
1.3955661
1.4130454
1.4157889
1.4210298
1.433527
1.409531
1.4210187
1.4303538
1.4199013
1.4189863
1.4158459
1.3820124
1.3930286
1.3982925
1.4030743
1.4316629
1.3971437

1.8588724
1.8710382
1.766695
1.7256849
1.8474957
1.7578354
1.8107666
1.8091551
1.8087811
1.7878608

