1.4629592
1.410884
1.4522741
1.4109721
1.4474066
1.3959302
1.4263388
1.4420674
1.5094471
1.4180311
1.474493
1.418451
1.4563044
1.4026469
1.4709543
1.4207805
1.4434233
1.4831417
1.4520748
1.4531142
1.4558038
1.3955928
1.4734879
1.4514173
1.4933536
1.3630241
1.4174496
1.4103426
1.4225818
1.4429787
1.4066616
1.4270402
1.3889649
1.3756943
1.3981521
1.4228909
1.3914618
1.4284862
1.3954312
1.4766998
1.490758
1.4624908
1.4620167
1.4165591
1.4499234
1.3431797
1.4533128
1.3876687
1.4343665
1.4661303
1.4286422
1.4363576
1.5110518
1.3719947
1.4903792
1.3973424
1.4423202
1.4315108
1.4486324
1.4377543
1.4356436
1.4025862
1.4346169
1.4707272
1.4427956
1.3748732
1.4053493
1.4270048
1.3784802
1.3915669
1.423362
1.3927704
1.3849019
1.4274406
1.5322083
1.4215964
1.4228759
1.4437057
1.4012363
1.5163558
1.4182217
1.3970673
1.3829118
1.4327674
1.4747427
1.3974859
1.4930966
1.4452509
1.4136496
1.3341647
1.4554511
1.4596883
1.481447
1.4435842
1.4217508
1.416038
1.4455857
1.4430557
1.45565
1.4580824
1.3707498
1.4487511
1.4591491
1.4088849
1.3962998
1.4843258
1.3820769
1.3526624
1.3722693
1.4366727
1.4181805
1.4581233
1.3599782
1.4458041
1.601118
1.4506049
1.4078951
1.4596132
1.4482065
1.4578849
1.3891889
1.393102
1.5044868
1.4617643
1.4759362
1.3879726
1.3932735
1.4400859
1.5426527
1.435556
1.5009143
1.3599641
1.4516398
1.4711756
1.4338608
1.5027004
1.4957768
1.4055133
1.4192953
1.4686961
1.4290514
1.4563128
1.3966359
1.4434359
1.397619
1.4037558
1.3835851
1.4473882
1.4475173
1.4375875
1.4260153
1.5259789
1.3915309
1.4319472
1.4361134
1.4478712
1.4317759
1.4013035
1.3658133
1.3980296
1.4499276
1.4121128
1.4567975
1.3706102
1.4299862
1.3974143
1.452282
1.4671472
1.4549516
1.401629
1.4022173
1.4247518
1.4413749
1.3739951
1.4803267
1.4043996
1.4191363
1.4451603
1.3901889
1.4603517
1.3964081
1.439517
1.3992413
1.4863772
1.4299026
1.4199873
1.4250544
1.4223901
1.421485
1.4234903
1.4137249
1.4173719
1.4687676
1.4255258
1.4606475
1.4456244
1.429999
1.4785097
1.4442042
1.3986509
1.4287758
1.4384865
1.4053844
1.4419849
1.4858851
1.479182
1.3987288
1.4836651
1.4553063
1.3940904
1.4108638
1.3784549
1.3828522
1.4305321
1.4607892
1.4415979
1.4213911
1.4110371
1.4596399
1.445962
1.4649398
1.4439977
1.4157336
1.3979684
1.5302454
1.4028906
1.4416108
1.4507341
1.4483352
1.3845496
1.4501339
1.4126065
1.4282464
1.4478703
1.5338417
1.434558
1.4720474
1.4036065
1.3554817
1.385478
1.4837699
1.4384629
1.377188
1.4736524
1.4143541
1.4529389
1.3703212
1.5543847
1.5283985
1.4615589
1.4706544
1.4500988
1.4793378
1.4408973
1.3272125
1.4361178
1.4899625
1.5527027
1.3647785
1.3856314
1.4682665
1.4242355
1.422149
1.4095118
1.4674257
1.4372355
1.3957113
1.3959601
1.4255586
1.438601
1.4573756
1.3919427
1.4560609
1.4064829
1.4153445
1.4393774
1.3959703
1.4866469
1.431451
1.4290326
1.4587942
1.4358143
1.4791852
1.4140424
1.4119086
1.4935093
1.3549395
1.4487414
1.3870194
1.4414017
1.4972078
1.3895035
1.380461
1.3948442
1.495563
1.459842
1.4827358
1.5044616
1.4544458
1.380323
1.4910719
1.3921845
1.427205
1.4844993
1.4362704
1.4904058
1.4003255
1.3986645
1.5570277
1.4212546
1.4327561
1.4508961
1.4517202
1.4272075
1.3134297
1.4021988
1.4041494
1.4907892
1.494416
1.4301833
1.4285282
1.4589548
1.4144657
1.434904
1.4782381
1.4446058
1.4181994
1.3865961
1.4278331
1.3676435
1.3821437
1.3993213
1.4043721
1.374769
1.4823606
1.4356774
1.4151648
1.4190886
1.4245743
1.4606655
1.4327714
1.429326
1.4267472
1.3784145
1.3397315
1.4458774
1.4094694
1.3839325
1.4440485
1.4513849
1.466322
1.462108
1.4059591
1.399132
1.4140625
1.4449316
1.4425052
1.5177342
1.483454
1.4505696
1.4110582
1.4356477
1.4438958
1.4081243
1.3606521
1.4632175
1.3921218
1.3660817
1.4273759
1.4078403
1.4996136
1.5168412
1.4802643
1.450882
1.420875
1.435317
1.5036525
1.4533638
1.446301
1.438578
1.3817765
1.440998
1.4468422
1.4108568
1.4204557
1.4326805
1.402881
1.423489
1.4587586
1.3970591
1.423005
1.4130545
1.3558501
1.4606408
1.4613509
1.4222944
1.4413986
1.4884262
1.5294367
1.4402806
1.4302653
1.4002444
1.3507149
1.4003419
1.4898853
1.3970276
1.4472374
1.3834502
1.4596337
1.4295862
1.4602212
1.4560803
1.4235826
1.4628042
1.3918122
1.4435564
1.4583346
1.3896621
1.4789803
1.4213336
1.4609051
1.4341972
1.3903515
1.4470433
1.4337897
1.4022515
1.4499974
1.4352157
1.4080286
1.4627346
1.4477642
1.4455513
1.3643723
1.4791222
1.4213451
1.3535026
1.4229535
1.4250077
1.3937484
1.3419634
1.4323812
1.480243
1.4146407
1.417626
1.4781837
1.3553711
1.4384373
1.3801198
1.4106176
1.4478564
1.4894636
1.4569904
1.4484605
1.4283226
1.4487443
1.3597788
1.3964583
1.3660772
1.4684317
1.4702058
1.3936785
1.4539796
1.3638059
1.4081006
1.4073812
1.4834086
1.4027106
1.3857709
1.4730192
1.4356507
1.4856548
1.4605635
1.4600503
1.4819006
1.5280312
1.4390401
1.4035841
1.4409157
1.3673977
1.4264418
1.4294486
1.3978928
1.4071134
1.3752728
1.4434395
1.4414252
1.4062005
1.435497
1.4786805
1.4620863
1.4105252
1.4102684
1.4212646
1.4334738
1.4532926
1.4191037
1.4182665
1.450312
1.4770024
1.465351
1.3953156
1.4394528
1.4189403
1.4543357
1.4225726
1.4305584
1.4039047
1.4461784
1.4920576
1.3907949
1.4612814
1.4586382
1.368662
1.4135514
1.407156
1.378677
1.4310316
1.4811133
1.3586222
1.4005637
1.4594878
1.4463962
1.5135472
1.4421198
1.4125012
1.3963177
1.4773694
1.446825
1.5283293
1.4086208
1.472714
1.4420626
1.4508082
1.4604515
1.4045743
1.4006224
1.3965013
1.4246993
1.4099426
1.3639565
1.4908057
1.4300312
1.4607956
1.3960725
1.4305203
1.4380612
1.4407374
1.4607438
1.4850457
1.4262553
1.4543494
1.400253
1.4209349
1.4518658
1.398807
1.3927042
1.4139757
1.4390329
1.4862821
1.3761437
1.4150939
1.4038322
1.4425539
1.4751114
1.4649203
1.3934973
1.441103
1.409132
1.4367633
1.4317884
1.4485269
1.3781027
1.4407579
1.4532509
1.4314003
1.4277164
1.4670383
1.4978142
1.4633859
1.4316299
1.3624859
1.3608084
1.3797362
1.3577266
1.4893512
1.395493
1.4532422
1.4156975
1.3819674
1.4473656
1.4104562
1.4097481
1.4609253
1.4582266
1.4647852
1.4446644
1.40524
1.4628208
1.4003818
1.3737853
1.3984345
1.4509262
1.3873727
1.4713165
1.4734565
1.4695741
1.4232787
1.466085
1.4442521
1.3871734
1.4083767
1.4243242
1.4444234
1.4426935
1.4436244
1.3969275
1.5278301
1.3710636
1.4041146
1.4568856
1.4666725
1.4458572
1.3451176
1.3862135
1.5224763
1.3820713
1.4519864
1.4251057
1.3996711
1.4047059
1.3693217
1.4236492
1.3684026
1.4453217
1.4473342
1.4029901
1.4360647
1.3812027
1.4066199
1.3979155
1.4548144
1.4407018
1.4320095
1.3571994
1.4873297
1.4938691
1.4631289
1.3985108
1.4515938
1.4262372
1.4416225
1.4709774
1.4899161
1.4588361
1.4033132
1.4007432
1.4725269
1.402533
1.418336
1.4588445
1.4098548
1.4270654
1.4439806
1.4337025
1.430563
1.4574833
1.4255804
1.3890423
1.3952436
1.3665388
1.4305046
1.3938249
1.4020548
1.427425
1.4438818
1.4025017
1.4411482
1.4252927
1.4261357
1.3985381
1.390574
1.4634178
1.4622189
1.4121959
1.3761963
1.4073534
1.5140451
1.4353496
1.4016832
1.4260721
1.3957653
1.4886994
1.4120568
1.4380318
1.4496311
1.3979608
1.4016304
1.4828922
1.4173071
1.3824614
1.4460067
1.3794734
1.449326
1.494511
1.4056565
1.4030894
1.4572549
1.4560492
1.4644091
1.4126709
1.3966651
1.4741352
1.404606
1.4375359
1.3787153
1.4250747
1.4098142
1.3745605
1.517664
1.4928753
1.4257711
1.3872298
1.3928415
1.4296808
1.4732914
1.350674
1.3969243
1.3924378
1.4410002
1.4064897
1.4271853
1.4360199
1.4215419
1.4698492
1.5554107
1.4564999
1.3772612
1.527169
1.3695393
1.4452778
1.4422426
1.429247
1.407047
1.477723
1.392117
1.4744714
1.4058541
1.4605452
1.4417506
1.4788429
1.5029335
1.4773378
1.4170588
1.4188219
1.4351172
1.4289314
1.4537389
1.3868123
1.3884757
1.4542507
1.4073364
1.4317992
1.3711416
1.3834184
1.4774442
1.4739548
1.4292126
1.3862779
1.3850738
1.4752806
1.43189
1.4409599
1.3781506
1.5231419
1.4585977
1.4165803
1.4557891
1.4107642
1.4671073
1.4069194
1.433247
1.4408205
1.3985577
1.4306978
1.4679692
1.3900862
1.4210342
1.4432803
1.3825805
1.3875606
1.4550331
1.418737
1.4786357
1.4413956
1.496634
1.4342129
1.4761965
1.3981375
1.4979949
1.3076319
1.4108305
1.4424889
1.4181206
1.3717785
1.4133164
1.3396565
1.5094857
1.429944
1.4022107
1.4685808
1.4207017
1.3810309
1.4096681
1.3453076
1.4432586
1.4393605
1.4437113
1.3987238
1.3973705
1.4130931
1.4431152
1.3922236
1.3750938
1.4128622
1.4463785
1.3878067
1.4449333
1.4795138
1.4009553
1.4092177
1.4104102
1.475345
1.4713044
1.3943864
1.3999052
1.4310168
1.439094
1.3974973
1.4415357
1.4186414
1.4270331
1.4244314
1.4846324
1.4102118
1.4794483
1.3948159
1.3920366
1.4057282
1.3984938
1.313572
1.4073684
1.488667
1.4166098
1.3871526
1.4056634
1.428744
1.4609158
1.3769581
1.3845861
1.4841805
1.5165211
1.402837
1.395049
1.4052727
1.4193679
1.454158
1.3468482
1.4034415
1.4970421
1.4573038
1.4865208
1.4407158
1.4893398
1.3912934
1.4596374
1.4414026
1.3693548
1.409527
1.382944
1.3881868
1.4085686
1.3600798
1.406783
1.406188
1.4317144
1.4439464
1.4281571
1.4270455
1.3867898
1.4546312
1.4294124
1.5006701
1.4978456
1.3841965
1.4310334
1.4229555
1.4489545
1.4292967
1.4173453
1.4335461
1.4326191
1.430148
1.3913542
1.4335494
1.4305595
1.4135619
1.5159386
1.5199275
1.4387411
1.4311535
1.4332072
1.4696606
1.4388499
1.3574806
1.4692352
1.4584503
1.463779
1.5398158
1.4434234
1.4128307
1.4151572
1.4073697
1.4152449
1.4488286
1.3953764
1.4162825
1.5017897
1.4335295
1.4102664
1.4144386
1.4675353
1.4040589
1.409387
1.4518908
1.4013673
1.4183586
1.4335753
1.4944533
1.3963196
1.3790214
1.3841654
1.4410771
1.4128355
1.4419022
1.4150487
1.4366163
1.4188558
1.2918416
1.4164655
1.406926
1.4289564
1.4822601
1.4950801
1.4677557
1.3980043
1.3401308
1.4528041
1.4894181
1.4851283
1.4269722
1.3968686
1.4258277
1.4348158
1.4399743
1.445777
1.4557437
1.400474
1.4188101
1.5470792
1.4844085
1.3958164
1.4145014
1.4530809
1.4190328
1.5130051
1.4539671
1.3859682
1.4769253
1.4151913
1.4619497
1.4803663
1.3891493
1.4321162
1.3824216
1.3829563
1.411483
1.4492583
1.4949868
1.444718
1.4163891
1.398468
1.5073439
1.5107003
1.4450765
1.3848842
1.4648179
1.3854517
1.3847066
1.4416267
1.3928485
1.4371135
1.3910322
1.4706198
1.4525093
1.3852445
1.5040946
1.467434
1.4081626
1.4132346
1.4937108
1.4809167
1.4613461
1.4069046
1.4050419
1.383037
1.3455712
1.4344952
1.4193856
1.408969
1.4789988
1.4852833
1.4116102
1.3960457
1.4370999

3.0104795
3.1389363
3.5098631
3.660266
3.6394348
3.6466095
3.173462
3.5238593
3.5734994
3.6941133

