1.5282147
1.5499619
1.3865021
1.0647218
1.6943202
1.267206
1.3487872
1.1388689
1.6435536
1.3590063
1.4867295
1.6038069
1.423038
1.2317655
1.5330944
1.7029759
1.4467727
1.3160226
1.45512
1.7296765
1.328396
1.6443791
1.4371082
1.4120284
1.2535176
1.2592534
1.1550474
1.4811716
1.232293
1.7740507
1.2749681
1.4059341
1.44027
1.4645021
1.4746048
1.6552737
1.274286
1.4123634
1.2532094
1.6348467
1.3741001
1.101419
1.898352
1.7663071
1.3670641
1.3407104
1.2110566
1.4274684
1.4599053
1.5779749
1.1738328
1.565031
1.5435039
1.1168007
0.97547334
1.1911865
1.4781806
1.2238702
1.0767298
1.448539
1.3198689
1.4552394
1.6473577
1.3748612

1.5096629
1.4435482
1.4691869
1.4238596
1.4687598
1.664685
1.4399644
1.3397962
1.4579885
1.407915
1.42693
1.5145042
1.5109932
1.4113353
1.4762753
1.6215886
1.4371604
1.5496483
1.4891275
1.4411029
1.492252
1.5427957
1.3972511
1.4898317
1.4205253
1.3977016
1.4174523
1.4881535
1.3378835
1.5716094
1.4245999
1.4328678
1.3769382
1.4471287
1.4305403
1.3925798
1.4215014
1.567002
1.369754
1.54364
1.3419737
1.4558296
1.3559405
1.4312861
1.3851956
1.4494991
1.4834416
1.49159
1.4226052
1.4149668
1.4913243
1.4476564
1.3813422
1.4114717
1.5581224
1.431236
1.3830454
1.4146112
1.4477495
1.4610653
1.4022336
1.5109192
1.3479695
1.5307922

1.5110815
1.3704817
1.4380088
1.3948224
1.5004238
1.3998268
1.407172
1.4671067
1.4906813
1.5169965
1.4164706
1.450201
1.4513766
1.4659759
1.4385271
1.4736052
1.4688777
1.4590205
1.5134354
1.407916
1.3940524
1.4495536
1.4372829
1.3955431
1.4130063
1.4053911
1.4003
1.4203569
1.4864581
1.4599258
1.3958415
1.4180329
1.4313115
1.4565847
1.5087287
1.4560822
1.4643034
1.453973
1.4293835
1.4185168
1.3746792
1.4556849
1.4964689
1.3830913
1.5515703
1.4033244
1.4429047
1.4579434
1.4761876
1.4318324
1.4435687
1.4845387
1.4142064
1.360341
1.4110535
1.3982824
1.4802352
1.4399303
1.46011
1.4448316
1.4225659
1.4747279
1.398636
1.4818887
1.4403632
1.4487568
1.4213612
1.4018106
1.4142393
1.4219561
1.4604437
1.3460479
1.3574507
1.3800917
1.4589227
1.4405915
1.3935752
1.505647
1.473769
1.3987737
1.5090868
1.346666
1.3705045
1.4529012
1.463312
1.4139585
1.4480398
1.4231274
1.4133023
1.3177898
1.4332877
1.4194717
1.3626496
1.4102459
1.4113271
1.5170472
1.4793136
1.444895
1.3848407
1.5095094
1.4299724
1.418709
1.3457146
1.4932373
1.4666157
1.3669583
1.4182823
1.4480813
1.4374217
1.431951
1.4666679
1.479782
1.4352312
1.4718233
1.3660126
1.4600277
1.4748338
1.4027925
1.4347775
1.3971084
1.4635301
1.4026057
1.4612432
1.3894478
1.3969766
1.4247708
1.4178739
1.4051573

1.5061227
1.4408871
1.4534347
1.4268878
1.4601886
1.402715
1.4126489
1.4767102
1.395359
1.4606676
1.4341869
1.4373975
1.5061494
1.4547962
1.435414
1.4015394
1.3875339
1.4753159
1.4796563
1.4674264
1.3810595
1.4074571
1.402844
1.4414574
1.4214474
1.4440545
1.4319687
1.4055097
1.4009149
1.4636706
1.3635157
1.3828338
1.4208435
1.4003097
1.4548881
1.4158839
1.4359647
1.438583
1.4430485
1.4432324
1.4632773
1.4329176
1.4271653
1.4502031
1.4009407
1.4505904
1.4935987
1.4093575
1.4866369
1.4364895
1.430523
1.4693849
1.4221809
1.4150715
1.4817265
1.4749342
1.4242799
1.4440534
1.3655977
1.3935777
1.4294258
1.4355612
1.4397275
1.4013318
1.4545598
1.4177321
1.418965
1.4226938
1.4407091
1.423567
1.4121596
1.4001285
1.4087878
1.4903423
1.4368244
1.459673
1.4188634
1.4052172
1.3776288
1.4294653
1.4501206
1.3630419
1.4657732
1.3808764
1.3992666
1.4052775
1.3830731
1.416625
1.4342258
1.410811
1.3772436
1.513966
1.4229463
1.4867158
1.3205718
1.4560543
1.3862913
1.4331933
1.4539682
1.4203438
1.4159629
1.430032
1.3994299
1.3858538
1.4278548
1.4382807
1.447657
1.3909975
1.4663805
1.4546261
1.3883775
1.4517204
1.4726319
1.4066892
1.4055221
1.4430685
1.4680445
1.4284945
1.4549083
1.4967818
1.374687
1.4304929
1.3854249
1.4630522
1.4477544
1.4079566
1.4587458
1.3813665

1.4471393
1.4714185
1.430417
1.3998097
1.4085932
1.4346111
1.411252
1.363752
1.4381518
1.3934252
1.4012983
1.4268554
1.4134767
1.4253575
1.4750859
1.4545537
1.416078
1.4396017
1.4588821
1.3923874
1.3974268
1.463333
1.3752209
1.4286088
1.3992852
1.4128594
1.430709
1.4342543
1.4256678
1.3794756
1.3517818
1.4063665
1.4464351
1.4063406
1.4284761
1.4688135
1.456073
1.4408952
1.3598095
1.4199759
1.4159124
1.4357979
1.4349158
1.4486163
1.4343436
1.386569
1.4259061
1.4180578
1.4096967
1.3785024
1.3420115
1.3887209
1.4023451
1.3699658
1.4394877
1.405475
1.3836544
1.3973007
1.4492736
1.419393
1.3715254
1.3813366
1.3780236
1.4068816
1.3717159
1.4012144
1.4309719
1.4433354
1.3998334
1.4006447
1.4174092
1.4572741
1.3630488
1.4191706
1.399994
1.3685733
1.4457003
1.4033389
1.4500263
1.3759193
1.4110259
1.4725636
1.3942233
1.4649365
1.3674281
1.4427471
1.4178438
1.4798371
1.4418159
1.3917524
1.4241105
1.4219023
1.4419084
1.3915875
1.4248135
1.3995028
1.4091337
1.4042679
1.3760474
1.442657
1.406019
1.4232461
1.4539161
1.4356592
1.4124539
1.4022001
1.3814057
1.4490494
1.4262421
1.3728254
1.4348575
1.3972938
1.383224
1.3817111
1.3846016
1.4090918
1.4872026
1.4040186
1.4073972
1.4624684
1.4146312
1.4332347
1.4053453
1.378595
1.463436
1.406277
1.4065951
1.4622797
1.4130133
1.4273957
1.4051151
1.3897485
1.4452376
1.4722053
1.4121125
1.3868147
1.3819178
1.417951
1.4483951
1.4253227
1.4130237
1.4501097
1.4270245
1.3836699
1.4712243
1.4194006
1.4478786
1.4448487
1.3788381
1.4573479
1.4396044
1.4589134
1.4228675
1.4079187
1.4205444
1.4122103
1.4309311
1.4368957
1.4395319
1.450733
1.3734851
1.4241711
1.4400587
1.4696344
1.4720331
1.4129578
1.4384339
1.4540687
1.4250664
1.4379649
1.4370602
1.4136567
1.4148756
1.3990195
1.4792441
1.4208152
1.4586933
1.3670505
1.418706
1.4276811
1.3813232
1.3904899
1.4107373
1.4411641
1.4412799
1.37594
1.4023238
1.422376
1.4125091
1.4032626
1.3841552
1.3632864
1.3972384
1.4537307
1.401753
1.3821777
1.3829254
1.3855203
1.4064698
1.3829219
1.3829031
1.4216911
1.429101
1.42421
1.4435103
1.470265
1.4313344
1.4317943
1.3867173
1.4473568
1.4334854
1.4407885
1.3955832
1.3905418
1.4654506
1.4077339
1.4830855
1.4256198
1.4243535
1.4212463
1.3904952
1.4272122
1.4701658
1.4047005
1.4404588
1.4534593
1.3877615
1.3790125
1.4115874
1.4437901
1.4634355
1.4439726
1.4427309
1.4673692
1.5015874
1.4965863
1.4409045
1.4125645
1.4404126
1.4590085
1.3772656
1.3934941
1.4399567
1.4411209
1.4138869
1.4305207
1.4758974
1.3801349
1.4181497
1.4190394
1.4454898
1.4502678
1.4718655
1.3757294
1.452158
1.4656067

1.4167956
1.4281875
1.4096072
1.4516548
1.4159169
1.4308732
1.3773768
1.4263659
1.3954532
1.4092909
1.3979084
1.4205552
1.4045336
1.4104395
1.4241312
1.411378
1.4387469
1.4190395
1.4608179
1.4138833
1.4325398
1.4232004
1.4269621
1.4114907
1.4092369
1.4488056
1.4837537
1.4184374
1.4199092
1.4383346
1.4177415
1.4565006
1.4247888
1.4299757
1.4119697
1.4481174
1.433457
1.3818241
1.4464198
1.4540256
1.3559171
1.427534
1.4237304
1.418674
1.4032425
1.4331517
1.431875
1.4212587
1.3939793
1.3902117
1.401496
1.4017096
1.3836092
1.4469645
1.4603336
1.4052323
1.4382452
1.3725148
1.4324629
1.4436815
1.4255505
1.4524332
1.4265143
1.4041297
1.4271587
1.4116253
1.4239042
1.3959205
1.3886797
1.4606938
1.3951787
1.4164861
1.4024215
1.393451
1.4009678
1.443474
1.4220788
1.5047332
1.4049811
1.3992078
1.4365704
1.4295542
1.4443945
1.4407625
1.4050273
1.4282502
1.4166435
1.4251903
1.411256
1.4489855
1.4436923
1.4126601
1.4067359
1.4063022
1.4073466
1.4269965
1.4334385
1.4094698
1.4436457
1.4143802
1.4397053
1.4577605
1.4418631
1.4338402
1.4287332
1.4485437
1.4422022
1.4097415
1.4282857
1.4133209
1.4388211
1.4526495
1.403033
1.4158107
1.4131993
1.4476806
1.4237738
1.4296451
1.4122351
1.4380765
1.4594476
1.4217477
1.412237
1.4169416
1.4076971
1.4450498
1.4063777
1.3944792
1.4014992
1.4215325
1.4395038
1.4128002
1.4055598
1.4506338
1.4384524
1.3882871
1.4343729
1.3733356
1.393119
1.4311706
1.3833433
1.3902912
1.4484619
1.4467942
1.4417485
1.4721582
1.4597847
1.4433246
1.4613272
1.4685009
1.404835
1.4330773
1.4253699
1.3743101
1.3671225
1.4252187
1.4204612
1.3830478
1.3778782
1.4135067
1.4001981
1.3930227
1.4396555
1.42577
1.3998294
1.4226332
1.4310291
1.4498472
1.443127
1.4019532
1.422234
1.4075279
1.4563482
1.4359237
1.4053086
1.4015899
1.4284395
1.45163
1.4285624
1.4284246
1.4338895
1.3922516
1.4144397
1.386016
1.421263
1.425913
1.44468
1.3996961
1.422152
1.4255649
1.4113072
1.3907553
1.422755
1.4155684
1.3978677
1.4479599
1.4082098
1.4272429
1.4352247
1.4642338
1.4213182
1.4188339
1.4532326
1.3713921
1.387384
1.431919
1.4003384
1.4405904
1.4182197
1.4413837
1.4175565
1.4318328
1.4321747
1.4337212
1.4220864
1.3993645
1.4263946
1.4161388
1.4213562
1.4314874
1.4251881
1.4222126
1.4486594
1.4413794
1.4060124
1.4203281
1.4084004
1.3936361
1.4349321
1.4191931
1.3918648
1.4357402
1.420384
1.4447216
1.4451667
1.4376922
1.4316051
1.405189
1.4265299
1.4159166
1.4254681
1.407823
1.413818
1.4212755
1.3886427
1.446549
1.4236015
1.4493178
1.4265378
1.4174819
1.4116516
1.4280235
1.440259
1.4558482
1.4011502
1.415612

1.4245006
1.4364549
1.4492383
1.3948648
1.447241
1.4326608
1.3723243
1.4474177
1.3975123
1.3953524
1.4153446
1.4251366
1.4320621
1.450487
1.3949051
1.4348193
1.4362867
1.380042
1.3979869
1.4738325
1.4069792
1.409249
1.4651188
1.4621457
1.4097952
1.4014709
1.4328177
1.4486256
1.4204165
1.4270548
1.443048
1.433005
1.3825413
1.4492488
1.3825704
1.4064388
1.4080237
1.4634674
1.4055377
1.4050101
1.4304867
1.4256651
1.452429
1.4749823
1.3480496
1.4030961
1.4418061
1.4009602
1.4561375
1.3663242
1.4262912
1.3988692
1.4197912
1.4106352
1.4232206
1.4124105
1.4258231
1.4105265
1.4536542
1.4417542
1.402855
1.415679
1.448075
1.3920264
1.4487271
1.4106834
1.4763876
1.4036531
1.3865103
1.4326187
1.4705398
1.4106319
1.3908138
1.4026626
1.3877574
1.4004383
1.4188602
1.3878613
1.3910987
1.4560083
1.4475105
1.4089615
1.4205177
1.4174149
1.4258686
1.4095441
1.3884363
1.424251
1.4840597
1.397671
1.4550263
1.3953599
1.4333019
1.4142063
1.4240398
1.430676
1.4404277
1.4215573
1.402923
1.3924781
1.437387
1.4221437
1.4080614
1.403873
1.4352177
1.410941
1.4277704
1.4469627
1.4097759
1.3919811
1.4142061
1.4061936
1.4170033
1.4449698
1.4266609
1.4369283
1.4367359
1.3994397
1.4096031
1.3880305
1.4111606
1.4375789
1.4198983
1.4172626
1.451176
1.4030333
1.4148297
1.4357034
1.3791555
1.4460834
1.4490498
1.4468883
1.4491029
1.4315689
1.4121274
1.4408027
1.4169695
1.4233993
1.4224998
1.3946043
1.4437964
1.4079237
1.3991365
1.4396026
1.4346645
1.4269983
1.4466354
1.4174644
1.3912697
1.4268731
1.4401817
1.4011288
1.3961431
1.429778
1.4446347
1.4487103
1.4053056
1.4196763
1.4244474
1.4330505
1.4455074
1.4227642
1.4129283
1.4169918
1.4419682
1.4315962
1.4438332
1.4502516
1.4357456
1.4143931
1.4291487
1.4123669
1.4011945
1.4156631
1.414068
1.413537
1.4427253
1.4294122
1.3940883
1.4009447
1.4111968
1.4253162
1.4452385
1.4488037
1.4434824
1.4513419
1.3915633
1.4305147
1.4183747
1.47812
1.411381
1.4591157
1.4679734
1.4479505
1.4229008
1.4186836
1.4164176
1.4195876
1.4334735
1.4267048
1.434208
1.3803855
1.393437
1.4137626
1.3665242
1.422227
1.4219917
1.4478177
1.3866124
1.4170151
1.4323273
1.4404685
1.4323554
1.4469519
1.440138
1.4135684
1.417387
1.4112531
1.4062375
1.42582
1.4162862
1.4228582
1.3974701
1.4199722
1.4345534
1.3849982
1.3580911
1.4233748
1.4176918
1.4207048
1.4067047
1.4254825
1.4121342
1.4479651
1.3958849
1.4364631
1.4123615
1.4555275
1.4560472
1.4179653
1.396522
1.4103447
1.4400952
1.4149517
1.4177107
1.3896245
1.4395283
1.4254044
1.446769
1.4292943
1.4492867
1.4292299
1.4280037
1.3865902
1.4276532
1.4282959

1.4026899
1.4112115
1.42709
1.4538205
1.3979684
1.4032009
1.3942719
1.4245507
1.4102907
1.4493825
1.4073414
1.4381816
1.4269791
1.4237204
1.4254774
1.3876315
1.4212393
1.3960551
1.4223757
1.4520072
1.3937751
1.4287852
1.4719265
1.4370229
1.4302244
1.4215002
1.4620303
1.4315258
1.4121317
1.4116992
1.3880788
1.4073608
1.3747773
1.4244955
1.448571
1.3912235
1.4753178
1.3869265
1.4195923
1.4056288
1.4357058
1.406993
1.4434152
1.4246955
1.4064243
1.3951968
1.3928936
1.4376072
1.4176571
1.4168932
1.4151343
1.4201955
1.4026797
1.423364
1.4058933
1.4276831
1.4320405
1.423273
1.4141192
1.4461662
1.4159882
1.4310093
1.4058869
1.433965
1.4330778
1.403188
1.3804454
1.422257
1.4084104
1.4405493
1.4408423
1.4633287
1.4883072
1.4169505
1.417494
1.4181207
1.4282898
1.4495037
1.4074465
1.4077048
1.440309
1.4039776
1.4478136
1.4388474
1.420239
1.3909606
1.4115156
1.4038386
1.417965
1.413769
1.4001439
1.4237639
1.4377052
1.419151
1.3989339
1.4418242
1.3991693
1.3996142
1.4050212
1.4009793
1.3830293
1.4106625
1.4287432
1.3971584
1.4290816
1.4066579
1.3937963
1.4333562
1.4137378
1.4441751
1.4259886
1.3999821
1.3700602
1.4296865
1.3981267
1.4134163
1.398871
1.3866245
1.4212682
1.3978668
1.3905176
1.4083778
1.452037
1.409188
1.4095067
1.4415389
1.4494243
1.3924682
1.4260657
1.4136401
1.442033
1.4132982
1.4236608
1.4127617
1.4065906
1.4221492
1.4065317
1.4030267
1.3787382
1.4105301
1.4210802
1.3851492
1.4072357
1.4208522
1.3933983
1.4486772
1.4205672
1.457934
1.4071251
1.4384032
1.4280212
1.4198806
1.4307029
1.4295772
1.405467
1.388372
1.4186782
1.4309115
1.388407
1.3997257
1.4033986
1.3921111
1.4052545
1.4220546
1.4206125
1.3996464
1.4020245
1.4450359
1.4395379
1.3806882
1.4160389
1.4012631
1.404366
1.3986001
1.4078902
1.4160745
1.4188596
1.4297338
1.4172622
1.382884
1.3721267
1.4201971
1.4133058
1.4130436
1.4362797
1.4253879
1.4033065
1.408871
1.4112313
1.3876529
1.4082345
1.3686111
1.3972849
1.3903786
1.4365478
1.4031044
1.4085943
1.4185243
1.4227378
1.4131997
1.4137851
1.408117
1.4354596
1.4492627
1.4235839
1.427134
1.4670768
1.384391
1.4190562
1.4432625
1.4218515
1.4539468
1.4096714
1.4241061
1.4423536
1.4249818
1.4315175
1.4115919
1.4142138
1.4353434
1.3946801
1.4376303
1.3717531
1.4570522
1.3969948
1.4604911
1.4358718
1.3890682
1.4454489
1.3860735
1.4401842
1.4355837
1.4270967
1.391816
1.3957769
1.4340478
1.4314579
1.4116714
1.4161605
1.4282972
1.3877407
1.4172226
1.4086698
1.4129515
1.4224904
1.4255899
1.4480469
1.3851316
1.3832084
1.3695694
1.426665
1.4310023
1.451394
1.4150267
1.3907603
1.4664565
1.4158434
1.3891413
1.4056594
1.3633325
1.4164971
1.4102662
1.4373353
1.4178362
1.3730929
1.4011012
1.3833865
1.4306604
1.3986726
1.4326557
1.3990288
1.3926781
1.4324551
1.4088387
1.4141637
1.4068874
1.4346786
1.3999615
1.4209329
1.3963821
1.4473158
1.4550143
1.4234296
1.4451473
1.4529818
1.4388452
1.445018
1.4274663
1.4263085
1.4309578
1.4083097
1.4400197
1.4571913
1.3775058
1.4579234
1.4124529
1.4264121
1.4282175
1.4077985
1.3797011
1.4157089
1.40529
1.4144576
1.4309804
1.429783
1.3847282
1.3945237
1.4051077
1.4379485
1.4079514
1.4383506
1.41914
1.4215149
1.4272845
1.4041969
1.4201875
1.3939761
1.4130216
1.4346633
1.4660151
1.4542484
1.4630644
1.3771468
1.4135891
1.4246764
1.4498171
1.4175285
1.4465598
1.4041278
1.4402794
1.4089949
1.3995036
1.3795822
1.4078356
1.4020121
1.4133512
1.3902706
1.4194158
1.387092
1.4455043
1.4026561
1.4390383
1.4266071
1.4029416
1.4103839
1.4265534
1.4217104
1.4094701
1.3997557
1.4210441
1.4158367
1.4262816
1.4272566
1.3812796
1.4506663
1.3801255
1.4221085
1.4137022
1.412684
1.4153746
1.4173265
1.4401026
1.4017432
1.4103781
1.4697866
1.4488645
1.4352651
1.4021975
1.3833232
1.4327223
1.4279752
1.3709894
1.4345847
1.4102925
1.4176803
1.4463481
1.4166662
1.421417
1.4196788
1.3844728
1.4339015
1.4383893
1.4097202
1.4154085
1.3947684
1.4037337
1.4626746
1.4129025
1.3962133
1.4451349
1.4485209
1.4317997
1.4332422
1.4224415
1.4262253
1.4137009
1.4143248
1.4178318
1.3925905
1.4180342
1.4053339
1.4285595
1.4089326
1.4673451
1.3916398
1.4269707
1.4211098
1.4410622
1.4459873
1.4020382
1.4054036
1.4120795
1.4065955
1.3869103
1.3792454
1.4329008
1.4300007
1.414679
1.3998566
1.4288608
1.4251891
1.4435543
1.4092604
1.4123955
1.3947619
1.4357141
1.4064043
1.4555279
1.4376274
1.4047008
1.457735
1.441328
1.4090552
1.4002984
1.4764866
1.3837068
1.4188732
1.3993416
1.4317405
1.396711
1.4126978
1.4052664
1.4294076
1.4098364
1.3903987
1.428565
1.4180409
1.4559177
1.4648691
1.3832492
1.4100602
1.4306452
1.4348963
1.43191
1.4000245
1.3944205
1.4003092
1.4018986
1.3697895
1.4218994
1.428736
1.3972496
1.4153705
1.4591323
1.4285791
1.3991702
1.4142601
1.4473132
1.395883
1.4140242
1.4254143
1.4343512
1.4070448
1.439083
1.4083499
1.4342942
1.4149153
1.3940415
1.4112676
1.4544926
1.4269605
1.4168389
1.4472709
1.3764429
1.3976926
1.441228
1.4144204
1.3933455
1.4320393
1.4508027
1.4450023
1.4408523
1.424079
1.4507751
1.4190457
1.396403
1.4382187
1.4449981
1.4433932
1.4309763
1.4085554
1.4115762
1.4440614
1.45595
1.4363236
1.408183
1.410487
1.4667273
1.4273868
1.4232429
1.4186182
1.3897297

1.4088974
1.4130801
1.4057522
1.4206464
1.3643864
1.4006941
1.4310485
1.4314272
1.4295441
1.404065
1.4015338
1.4332694
1.3999722
1.43068
1.4257965
1.4149556
1.4099115
1.4198889
1.4061868
1.3896948
1.4048554
1.4299808
1.4196498
1.4242394
1.4021999
1.4182166
1.4093734
1.4543233
1.4181523
1.4333081
1.4116737
1.4428173
1.416798
1.4178998
1.430432
1.4048113
1.4130371
1.4217628
1.3886434
1.4064643
1.4101937
1.4254199
1.4257796
1.403004
1.4178398
1.3954989
1.434679
1.4099815
1.4002625
1.4109678
1.4031109
1.417408
1.397956
1.4110954
1.4336143
1.3992895
1.4072229
1.4284176
1.4292167
1.4082491
1.4004575
1.4009647
1.4624797
1.371511
1.4429449
1.4088368
1.4285945
1.3902677
1.419107
1.4082823
1.4130803
1.4295577
1.429385
1.4175203
1.4496101
1.4139954
1.4315408
1.4274285
1.4146057
1.4286323
1.4036133
1.4078541
1.3972784
1.4357451
1.4127116
1.4138142
1.4194716
1.4056052
1.4181771
1.4006387
1.4299507
1.3933264
1.4302988
1.4308794
1.417053
1.4113746
1.4135919
1.420716
1.4065309
1.3958204
1.3948047
1.429512
1.4168135
1.3977807
1.4387392
1.4278575
1.4304638
1.4119235
1.4324852
1.4189101
1.3917892
1.402425
1.4225657
1.4184395
1.3936499
1.420006
1.4285524
1.4142478
1.4096408
1.407458
1.3983667
1.4204162
1.4312133
1.4317484
1.4143972
1.4114722
1.433299
1.4280653
1.4103568
1.4220756
1.4056835
1.4195516
1.4396727
1.4202002
1.4131064
1.3984095
1.4373362
1.42859
1.4246231
1.4148571
1.4279515
1.406274
1.4010581
1.4157772
1.4118434
1.4075087
1.42018
1.4134339
1.4132242
1.3851025
1.3940024
1.4082184
1.403369
1.3989053
1.4053012
1.4307605
1.4294492
1.4294915
1.4246962
1.4179231
1.4178692
1.4150448
1.4433948
1.4144808
1.420021
1.4327673
1.4001125
1.4152306
1.4123493
1.437241
1.4280412
1.4418988
1.4133008
1.454729
1.4242103
1.412982
1.425237
1.4002142
1.3995024
1.4174726
1.3987812
1.4170442
1.4168528
1.4072663
1.4261004
1.3982509
1.4206113
1.425887
1.4026768
1.439158
1.4323316
1.4084394
1.4203502
1.4098095
1.4319559
1.4621547
1.4389572
1.434739
1.4123403
1.4364601
1.4390556
1.4327698
1.3916554
1.4267385
1.4097916
1.4080058
1.4350485
1.4112649
1.4082901
1.4105457
1.4164578
1.3907802
1.4145813
1.4169484
1.4163421
1.4218763
1.4296551
1.4354218
1.4263031
1.4157124
1.4154785
1.3882508
1.4342644
1.4130177
1.3990134
1.3994895
1.3925335
1.407768
1.4115299
1.410066
1.404431
1.4014596
1.4139551
1.430017
1.4051131
1.3879371
1.4459666
1.4169449
1.4098039
1.4390941
1.4300745
1.4127628
1.4205568
1.419613
1.4111758
1.4413472
1.408229
1.3937913
1.41741
1.4195917
1.4362036
1.3983626
1.4288421
1.4103144
1.4383638
1.4054924
1.4185807
1.4041067
1.4111221
1.4092131
1.4316655
1.4275641
1.394136
1.4406258
1.4199902
1.4265027
1.4129986
1.4291167
1.4010898
1.4152932
1.4216269
1.409821
1.3893903
1.3788373
1.3944103
1.4324635
1.4268734
1.3990296
1.4232227
1.4377686
1.4487045
1.4224048
1.413398
1.4197097
1.4149039
1.4199902
1.4188622
1.4542918
1.3942574
1.4304775
1.4231294
1.409774
1.4530292
1.4199218
1.4306673
1.4332085
1.4283589
1.425425
1.4055672
1.4230063
1.4395404
1.4001914
1.4054698
1.4261116
1.4207976
1.4350848
1.4129922
1.405119
1.3944428
1.4206188
1.4061363
1.4331431
1.4249704
1.4317962
1.4252937
1.4160831
1.4024749
1.4204766
1.4433296
1.415229
1.4030342
1.4314661
1.4154009
1.4042181
1.4153357
1.4276996
1.4084096
1.4271574
1.4169402
1.4112535
1.4031398
1.4357151
1.4370265
1.3976148
1.3964218
1.43926
1.3691269
1.4023223
1.4198655
1.4448999
1.4185305
1.4359424
1.4172268
1.3989828
1.4165115
1.4311781
1.3997451
1.4057577
1.3863722
1.4222609
1.4105015
1.4379783
1.4220635
1.4237269
1.384811
1.4024426
1.3877958
1.4076439
1.4252161
1.4356693
1.4326828
1.4315901
1.4111696
1.410439
1.4272918
1.417845
1.405551
1.4319937
1.411433
1.3882704
1.4126617
1.3937678
1.4125543
1.3901858
1.4098392
1.4259754
1.4266492
1.4246156
1.44767
1.4396962
1.4162621
1.3810904
1.4048458
1.4409202
1.4123019
1.4297563
1.4204081
1.4512147
1.427795
1.3908566
1.4162538
1.4201608
1.4077934
1.4055456
1.4097528
1.3952017
1.426328
1.4052497
1.3902221
1.423374
1.4487643
1.4423035
1.4213815
1.431516
1.4293438
1.4115727
1.4290487
1.4412887
1.4064733
1.3968769
1.4193012
1.4299978
1.4017493
1.4769669
1.3956531
1.4224823
1.3971206
1.4025944
1.4156564
1.4328474
1.4493359
1.4325334
1.4022341
1.4253564
1.4116472
1.4260168
1.4019086
1.4240562
1.4483663
1.4402063
1.4360303
1.4444798
1.413195
1.3928447
1.4002016
1.3912362
1.4026108
1.3955315
1.4296386
1.3979247
1.4100415
1.4061654
1.4148223
1.4420521
1.4270084
1.4234945
1.4184085
1.4222157
1.4112477
1.4267961
1.4134129
1.4234167
1.4267827
1.4292684
1.4080477
1.403031
1.4507381
1.4232211
1.4205823
1.4216572
1.4068357
1.4290624
1.4175093
1.4217355
1.4101198
1.425489
1.4042722
1.4365935
1.4125212
1.4218616
1.4187282
1.3981538
1.4030792
1.4154786
1.4437702
1.4300673
1.4270593
1.3990399
1.4158014
1.4270322
1.425263
1.4049865
1.4056666
1.3846391
1.4138557
1.4182866
1.4103011
1.4033046
1.4227247
1.4222254
1.4194278
1.400518
1.4243145
1.4250957
1.4167486
1.4242698
1.3908707
1.4283696
1.4438722
1.4187462
1.4093581
1.4052421
1.409051
1.3910244
1.4237307
1.4227474
1.424276
1.4069425
1.4017993
1.3856124
1.4070842
1.3925316

1.4087255
1.4116807
1.4170243
1.4522392
1.4195473
1.4319085
1.3945254
1.402488
1.4304287
1.4062327
1.4000243
1.4196469
1.394452
1.4033499
1.3961048
1.4152166
1.4062185
1.40646
1.4179119
1.406976
1.4382908
1.4236097
1.4185266
1.4166654
1.406878
1.4272166
1.4178085
1.4274688
1.4101009
1.4007987
1.4208345
1.395412
1.4060434
1.4158223
1.4204735
1.4108034
1.4196773
1.4466894
1.4185141
1.4212955
1.4341687
1.4514463
1.4245595
1.4208466
1.4134514
1.4027859
1.4104735
1.4260432
1.4349817
1.4124969
1.4247608
1.4140631
1.4285916
1.4358385
1.4247453
1.4145167
1.4037408
1.4141543
1.4060974
1.4021041
1.4008003
1.4374944
1.4301656
1.4018589
1.4458569
1.3917229
1.4195436
1.3943657
1.4289392
1.4224731
1.4302726
1.414215
1.4119308
1.4218928
1.4251201
1.4048338
1.4013923
1.434718
1.4226494
1.4337823
1.4097503
1.4015095
1.4387106
1.4043857
1.4079074
1.3959101
1.4106567
1.4039239
1.4098734
1.4029871
1.4242686
1.4068846
1.4328337
1.4239289
1.4108474
1.4135039
1.450183
1.4338503
1.4204731
1.397208
1.430085
1.4129409
1.4351864
1.4268649
1.4266049
1.4441509
1.429077
1.4129301
1.4176035
1.4165299
1.4086752
1.4037436
1.4163173
1.4129479
1.4172461
1.3851843
1.4415843
1.4252658
1.4065788
1.3980862
1.4062343
1.4169502
1.3914484
1.4107066
1.4341714
1.4034477
1.4223025
1.4308172
1.39139
1.4169195
1.4325833
1.4034997
1.4071283
1.4129616
1.4172897
1.4207324
1.4143562
1.4324754
1.3860513
1.4080766
1.4202113
1.4112604
1.4210689
1.4251634
1.4085658
1.388783
1.3953747
1.4215473
1.4330117
1.4356967
1.3920685
1.3945972
1.396022
1.4220905
1.4285495
1.4387975
1.4140431
1.4248297
1.4218056
1.3971049
1.4353473
1.4235047
1.414846
1.4373491
1.4008684
1.417897
1.4332242
1.4180346
1.4147857
1.415803
1.4153912
1.421532
1.4044162
1.4139993
1.3995852
1.4062715
1.398871
1.4120044
1.4151651
1.4310169
1.392896
1.4178203
1.4294324
1.4211845
1.4142942
1.4163198
1.4131685
1.4055456
1.4118773
1.41652
1.3988026
1.4340055
1.4044338
1.4155201
1.4122462
1.4157218
1.4150617
1.4303211
1.4467727
1.4088407
1.4160231
1.4088122
1.4093297
1.4061145
1.4344597
1.4037021
1.4050616
1.413511
1.3884164
1.4273976
1.433038
1.4330456
1.4138824
1.4033248
1.4334967
1.4023602
1.4010367
1.4265336
1.4025357
1.4256588
1.4201403
1.4419446
1.4071794
1.4045933
1.426837
1.4370078
1.4035276
1.4338036
1.408747
1.4291636
1.4425677
1.4285058
1.419328
1.4303695
1.4026841
1.4360118
1.4271452
1.4155287
1.4266802
1.423372
1.4241923
1.3772393
1.3991438
1.4106778
1.4198469
1.4078037
1.4289738
1.417895
1.4165571
1.408149
1.4011773
1.4244455
1.42669
1.4153662
1.4239721
1.4201891
1.4156854
1.4351768
1.415424
1.4129049
1.424084
1.4147832
1.4135555
1.4132591
1.413031
1.4079783
1.4146932
1.4165672
1.4001068
1.4197865
1.4311757
1.4289508
1.3885452
1.4120787
1.4336809
1.4232061
1.4336771
1.4214753
1.4200889
1.4227252
1.424409
1.412793
1.4247168
1.4131072
1.4059814
1.4317214
1.4139711
1.459176
1.4054704
1.420624
1.4216764
1.3928506
1.4006907
1.4518534
1.4321711
1.40045
1.4198309
1.4273117
1.4282606
1.4325542
1.430788
1.4092197
1.4440466
1.4227226
1.4305245
1.4252633
1.417341
1.4306929
1.4200007
1.4061669
1.4066894
1.4061251
1.4033915
1.4155523
1.4162557
1.4065028
1.4302814
1.405827
1.4236302
1.4449667
1.4255035
1.4162457
1.4135022
1.4237102
1.4264832
1.4003825
1.4137152
1.4204643
1.4404223
1.4176292
1.4118068
1.4285408
1.4485204
1.4125626
1.4307432
1.428069
1.4171519
1.3994825
1.4154376
1.394103
1.3989328
1.4309251
1.4261311
1.4222288
1.4334654
1.4076325
1.399228
1.4346598
1.4050882
1.4193037
1.4125148
1.423018
1.408126
1.435475
1.4243007
1.4244883
1.4336711
1.4054537
1.4117364
1.4002705
1.4111433
1.4421002
1.4253805
1.4373759
1.4070169
1.4069442
1.4102746
1.4241843
1.403106
1.4235308
1.4341193
1.3945955
1.4233894
1.4111493
1.4054866
1.4383912
1.4466712
1.4003264
1.4595108
1.4193969
1.4366113
1.4216733
1.4429435
1.4166027
1.4266167
1.3934681
1.4160976
1.4013765
1.4329869
1.4088198
1.4219533
1.4068146
1.440105
1.4019362
1.4550554
1.4278357
1.4110738
1.4357735
1.430297
1.4190222
1.4090644
1.4122617
1.4110333
1.4105527
1.4100825
1.4132682
1.4225019
1.4173754
1.4179378
1.4335195
1.4265867
1.4055138
1.4106383
1.4307402
1.4260437
1.4377031
1.4168386
1.4010154
1.4300003
1.437082
1.3948023
1.4186906
1.4174149
1.4196866
1.4239823
1.4275495
1.4297435
1.4230198
1.4087095
1.4175872
1.4189707
1.3987883
1.4280392
1.4079691
1.4342688
1.38316
1.4177797
1.4096012
1.4263004
1.4149324
1.4314631
1.4136645
1.4110067
1.4385521
1.4140501
1.4211293
1.4217795
1.4140649
1.4030559
1.3934017
1.4019809
1.4251605
1.4329789
1.4061075
1.4091749
1.4097238
1.4083068
1.4237967
1.4085552
1.4256356
1.4092112
1.4129782
1.3909922
1.4180428
1.4258416
1.4238214
1.4067249
1.4064763
1.4466258
1.3932105
1.42245
1.418157
1.4128858
1.4207457
1.3903031
1.3887408
1.4431419
1.432719
1.4034327
1.4237679
1.3973032
1.4414624
1.4218851
1.4045355
1.4114482
1.4101256
1.3881505
1.4180609
1.4152538
1.3866702
1.4213196
1.4202216
1.4314337
1.4057889
1.4156849
1.4236639
1.4160112
1.4684578
1.4029677
1.4435863
1.4078788
1.4316968
1.4096214
1.4237033
1.4354497
1.4462436
1.4195282
1.4067458
1.4387901
1.420974
1.3734505
1.4236355

1.4244561
1.4011571
1.4111692
1.4381884
1.4116625
1.4212526
1.4496632
1.4144735
1.4329369
1.3898401
1.4166226
1.4210867
1.436792
1.4296435
1.395363
1.4206678
1.4348398
1.420541
1.4423519
1.4072522
1.424156
1.4058282
1.4516871
1.425485
1.3961737
1.3945059
1.4323052
1.4173511
1.4153963
1.4335967
1.430992
1.4253262
1.4117541
1.426583
1.4257085
1.4051217
1.4230633
1.4068137
1.4219255
1.4093453
1.413326
1.4010844
1.3988327
1.4051825
1.3688596
1.435143
1.4440408
1.4110307
1.4502975
1.4449725
1.4234161
1.4179709
1.3963088
1.4064548
1.4085392
1.4104396
1.4175125
1.415019
1.4261888
1.437852
1.4065144
1.3979551
1.4198099
1.4131587
1.4354978
1.4336526
1.4338354
1.3973374
1.4184519
1.3958675
1.4263966
1.4375335
1.4098419
1.438525
1.4372625
1.4184803
1.412404
1.4164898
1.4304639
1.4059265
1.4170896
1.4306868
1.4322345
1.4259263
1.3960866
1.4014007
1.4303681
1.3757166
1.4106928
1.4097914
1.4438871
1.4133327
1.4204243
1.4191552
1.4335161
1.3885574
1.4000458
1.4008782
1.4272362
1.4243648
1.4097875
1.409303
1.3992538
1.3967079
1.4076973
1.4152563
1.4166197
1.4091609
1.4447135
1.4289899
1.4009689
1.4099255
1.3980733
1.4378548
1.422856
1.4096981
1.38622
1.4340677
1.4361933
1.4198545
1.4174691
1.425192
1.425163
1.3986651
1.4191971
1.395394
1.4258722
1.4312522
1.4247932
1.4132769
1.4244345
1.4585564
1.4190457
1.434765
1.4129397
1.4189306
1.433781
1.4129045
1.39817
1.4425939
1.4041477
1.4117594
1.4090233
1.4048351
1.4231777
1.3939793
1.4118047
1.4310056
1.417404
1.4392031
1.43818
1.4195015
1.4113799
1.4308964
1.3892729
1.4164934
1.4081447
1.4164848
1.4260397
1.3928115
1.4332218
1.4206558
1.4325991
1.4074203
1.4072094
1.4139606
1.417718
1.4297266
1.412194
1.389925
1.3975784
1.4120681
1.3961654
1.426615
1.4083364
1.4164193
1.4363508
1.4120454
1.419883
1.4019904
1.4126052
1.3968606
1.4272418
1.4228753
1.4249016
1.4202521
1.449907
1.4404464
1.3877285
1.4411225
1.4280758
1.4271563
1.4549798
1.4192095
1.4161687
1.3940232
1.4068478
1.4319562
1.4242994
1.4617428
1.3909477
1.4338287
1.4221293
1.3896205
1.4284103
1.428393
1.4207313
1.4086614
1.4125004
1.4249095
1.409155
1.4321439
1.4167687
1.4106977
1.4305813
1.4383143
1.4198861
1.4254502
1.4277169
1.4424994
1.4134802
1.4173852
1.436688
1.4091107
1.4148753
1.3967634
1.3880261
1.4228308
1.3975588
1.4384633
1.4017988
1.4354979
1.4296794
1.4252293
1.4358133
1.4047152
1.4224464
1.406301
1.4058923
1.4260725
1.4316592
1.425468
1.4250494
1.4002632
1.4186777
1.4213606
1.4263198
1.4142367
1.4204199
1.4101883
1.4072971
1.4235067
1.4169654
1.4178877
1.4133613
1.4016117
1.3992679
1.4145149
1.3917991
1.4044806
1.4151008
1.3905176
1.3958955
1.4140432
1.4488235
1.3962044
1.4185171
1.4264178
1.4304721
1.4041787
1.419335
1.4139096
1.418005
1.4174526
1.3893449
1.4224564
1.3822632
1.4251727
1.4205104
1.4077373
1.4429579
1.3979173
1.4333493
1.4326913
1.4112995
1.3703068
1.4194226
1.4273301
1.4110591
1.4277045
1.4197664
1.4083736
1.4005882
1.3963281
1.4189337
1.4132181
1.426868
1.4107406
1.419017
1.4249703
1.403809
1.4241824
1.3977861
1.4055692
1.4261241
1.4024628
1.4211191
1.4246817
1.4368236
1.4104245
1.4213649
1.4020386
1.4212741
1.4177643
1.4396814
1.4025214
1.4157805
1.4336445
1.4263387
1.404785
1.3773468
1.4275001
1.4535389
1.4079173
1.44282
1.4340894
1.4120307
1.4322506
1.4148061
1.4319596
1.4268153
1.430039
1.4309201
1.4132404
1.4103088
1.4137264
1.4282634
1.419889
1.3903635
1.4264059
1.4154536
1.434292
1.4055182
1.4128622
1.3978112
1.4211197
1.4272231
1.4003428
1.3878324
1.4098142
1.4028767
1.4178697
1.4406604
1.4480382
1.4107524
1.4304148
1.4466766
1.410254
1.4342093
1.4149499
1.3884604
1.4221798
1.4417682
1.4338968
1.4027241
1.4220183
1.4274309
1.4169254
1.4069146
1.4314556
1.4099897
1.4181756
1.431512
1.4197736
1.4285743
1.4291831
1.434803
1.4103322
1.4025887
1.416312
1.3913497
1.4451373
1.4163901
1.4389503
1.4066757
1.4189811
1.4334413
1.4157056
1.4224372
1.4097319
1.4276624
1.4215763
1.4391301
1.3993953
1.4035554
1.4165975
1.4086658
1.4220039
1.4413072
1.4303797
1.4193909
1.4128709
1.4027927
1.4136965
1.4242054
1.4167712
1.429611
1.4225447
1.4291633
1.405655
1.4255266
1.410252
1.4171778
1.4149407
1.4390937
1.4109396
1.415048
1.4311323
1.4201415
1.4104121
1.4167328
1.4319046
1.3936498
1.3981436
1.4425356
1.4197145
1.4103131
1.4020612
1.4062471
1.4153793
1.4164141
1.4035217
1.4175483
1.3964471
1.4122152
1.4294753
1.3935786
1.4262946
1.4058342
1.399838
1.4103442
1.4182155
1.42784
1.401924
1.3967327
1.418831
1.4233186
1.4169624
1.4048729
1.4206332
1.4013269
1.4199593
1.4103327
1.4201914
1.4219965
1.4400258
1.4445428
1.420107
1.4075007
1.4263831
1.419924
1.4095635
1.4165531
1.4218502
1.4416709
1.4179277
1.3966408
1.4425895
1.4262842
1.383987
1.425971
1.3978784
1.4099047
1.414498
1.4063511
1.4053012
1.3906522
1.4369444
1.4230666
1.3980592
1.4069955
1.4155058
1.4332625
1.4074701
1.4098095
1.4245005
1.443557
1.4134134
1.4123421
1.4149792
1.4281477
1.4182435
1.4153315
1.4189887
1.4370642
1.3902682
1.4162927
1.4348891
1.4073564
1.4191139
1.4171584
1.3962189
1.4243135
1.4103535
1.4072053
1.411636
1.3959159
1.4367901
1.4297197
1.4030968
1.4039481
1.4333851

1.4480245
1.3976693
1.4245971
1.4336075
1.4527895
1.393724
1.4011495
1.4061557
1.4070977
1.4257725
1.4049958
1.3991549
1.4216112
1.4264835
1.4457344
1.4330219
1.4090779
1.4211136
1.4054075
1.4169437
1.400506
1.4021711
1.4373618
1.4108763
1.4205987
1.4574082
1.4193608
1.3978939
1.4243648
1.4098972
1.4200617
1.4077278
1.4142374
1.4189074
1.4244483
1.4258006
1.3796948
1.4060668
1.4015971
1.3818188
1.4094605
1.4509563
1.4045396
1.4191034
1.4322295
1.4037832
1.3888552
1.4172213
1.4066374
1.4126917
1.4190489
1.4044161
1.424085
1.4458201
1.4189461
1.3907014
1.4173248
1.4304427
1.4151225
1.4247469
1.3880178
1.4097867
1.4309964
1.4279424
1.4167957
1.4200735
1.4251149
1.4172841
1.4393249
1.4217372
1.3903632
1.4150872
1.4254649
1.4002044
1.3936754
1.405342
1.4303585
1.4193425
1.4206381
1.3960683
1.4068738
1.412857
1.442687
1.4018098
1.4156412
1.402451
1.4047858
1.4244598
1.4154161
1.421639
1.4409668
1.4237562
1.417339
1.4290414
1.4276209
1.4458767
1.3969884
1.4154114
1.4157617
1.4145766
1.4090852
1.4362226
1.4440672
1.4278932
1.4243382
1.392665
1.4080133
1.416194
1.4019343
1.4552081
1.3954432
1.405333
1.4077868
1.4180801
1.4498657
1.418292
1.3929627
1.430016
1.4169806
1.4236362
1.412966
1.4129016
1.4272311
1.43867
1.4117191
1.4427599
1.4191903
1.4160457
1.4277796
1.4072119
1.4068927
1.436556
1.3947138
1.4186891
1.4453735
1.4374106
1.4255165
1.4173642
1.4031537
1.3979383
1.4214809
1.4155525
1.4049406
1.4344363
1.4209905
1.4305441
1.3994406
1.4079647
1.3770511
1.4144892
1.4292666
1.433154
1.425388
1.4335546
1.4066099
1.390357
1.4299676
1.3891774
1.4402039
1.4351639
1.4389378
1.4252607
1.403463
1.4196557
1.4333838
1.4080346
1.4272674
1.4342734
1.3745242
1.3944628
1.4501854
1.4142302
1.4090936
1.4029558
1.415489
1.4190392
1.4209846
1.4031143
1.4194164
1.3958527
1.3987111
1.4009174
1.4180137
1.405109
1.4245622
1.4358606
1.4508417
1.423076
1.4053004
1.4168311
1.4287612
1.4220262
1.4100611
1.390713
1.4165659
1.4231448
1.4053065
1.4262362
1.404782
1.3969175
1.4012775
1.3886645
1.4046186
1.4228301
1.4253589
1.3945248
1.4097826
1.4191027
1.4325901
1.393466
1.4203146
1.4069979
1.4273291
1.4362581
1.411318
1.4210923
1.419648
1.4097093
1.4330921
1.4294071
1.4100931
1.3964989
1.4539627
1.4117861
1.3953892
1.3972844
1.4076847
1.424538
1.4312881
1.430749
1.412022
1.4198234
1.4004227
1.4238036
1.3921856
1.3845701
1.4160097
1.4245304
1.4194674
1.4185039
1.4161803
1.4105818
1.4045787
1.419337
1.3999995
1.4326478
1.4179451
1.4106226
1.4192269
1.4094747
1.426714
1.4136467
1.4223105
1.412663
1.4267145
1.3942351
1.4180479
1.4088211
1.4390004
1.4382436
1.4342887
1.4179546
1.4335942
1.4261692
1.4163519
1.4218328
1.397251
1.4073104
1.4130162
1.4098977
1.4285015
1.4083412
1.4084295
1.3886712
1.414464
1.4111435
1.3939645
1.4134496
1.4263722
1.410021
1.4521506
1.4065591
1.3984704
1.4118258
1.4090482
1.4118679
1.3974675
1.4022372
1.4288186
1.399741
1.419408
1.4228648
1.4243634
1.4383434
1.4162599
1.400663
1.4123358
1.4407166
1.4546561
1.4221984
1.4224641
1.4310148
1.4318233
1.3863558
1.4173638
1.4165258
1.4260377
1.4284608
1.4136666
1.4181838
1.4175088
1.4164815
1.4195417
1.4186969
1.4134817
1.418391
1.4247217
1.3973804
1.388544
1.4134963
1.4132912
1.4191996
1.4149355
1.3986869
1.4129921
1.4077662
1.4475251
1.3978019
1.4271883
1.4260823
1.4075559
1.3932297
1.4343328
1.4292347
1.4359182
1.4183838
1.3999062
1.4341829
1.414653
1.4040298
1.4099725
1.4165442
1.4287778
1.4051754
1.4013475
1.4230384
1.4041406
1.4104296
1.4035666
1.4128816
1.4419317
1.4281988
1.4103304
1.4159212
1.4068209
1.4147477
1.4418443
1.3840536
1.4087712
1.4160155
1.4167893
1.4139359
1.4249157
1.4088697
1.4475319
1.416554
1.4349169
1.3992735
1.3937314
1.4290243
1.4276313
1.4223138
1.4299625
1.4152853
1.4216514
1.4064862
1.4125159
1.4352955
1.4263488
1.4265842
1.3965833
1.4105415
1.4373446
1.4373904
1.4479599
1.4465088
1.4231099
1.4137899
1.4101287
1.4125412
1.397654
1.3995895
1.4243163
1.4444987
1.42874
1.4179718
1.4095161
1.4356217
1.4441903
1.3993292
1.4110631
1.434182
1.4356416
1.4163243
1.3936135
1.3852154
1.4301292
1.4232857
1.4019579
1.4281299
1.4032451
1.4151605
1.4177556
1.432967
1.3945973
1.4070617
1.3965422
1.3984883
1.4066379
1.4395691
1.424764
1.4284959
1.4415338
1.425171
1.3900543
1.4221582
1.3967823
1.3945147
1.4235224
1.4263
1.4447739
1.4224881
1.4363852
1.3976259
1.4328333
1.4430422
1.40224
1.4550289
1.4177883
1.4376862
1.4172754
1.4090827
1.4154191
1.4315813
1.4309528
1.4060462
1.418611
1.3969531
1.38742
1.4010707
1.4504225
1.4128501
1.4035895
1.4007382
1.4264817
1.422981
1.3983499
1.4034046
1.4218978
1.4235675
1.4130067
1.3947172
1.4120969
1.4366714
1.4046392
1.4100344
1.4111931
1.4164089
1.417786
1.4375325
1.4167273
1.4016169
1.4180999
1.4570504
1.4427671
1.4052958
1.4029814
1.4108573
1.4304847
1.4140141
1.4384978
1.4181834
1.4417908
1.4231852
1.4172206
1.4165021
1.3851436
1.4437228
1.413219
1.4366434
1.4059991
1.4135153
1.426734
1.4383028
1.4427552
1.4121504
1.4253254
1.4130194
1.4234811
1.4015212
1.4127724
1.4120997
1.3903017
1.4212128
1.4139397
1.4066691
1.4345937
1.3738977
1.4028568
1.4329748
1.4432037
1.3888856

1.4092708
1.4190595
1.4057766
1.4359818
1.4138851
1.4167726
1.4367468
1.418399
1.398326
1.4103054
1.4335107
1.431645
1.4075168
1.390065
1.4239001
1.3974427
1.422201
1.4117461
1.4184809
1.4092509
1.407438
1.4056399
1.4357419
1.4281509
1.4333234
1.3918434
1.415339
1.4420409
1.4081817
1.4047664
1.4099196
1.4071742
1.4291526
1.4103322
1.4137641
1.4374297
1.3913163
1.4203093
1.3942411
1.4108369
1.385354
1.4128418
1.4381813
1.4062606
1.4023912
1.4180125
1.4012464
1.4473867
1.4070879
1.3930168
1.4107381
1.424731
1.432263
1.4049596
1.4144726
1.4189668
1.4354215
1.4490328
1.4067445
1.3773463
1.4140404
1.4082706
1.4309154
1.4080203
1.4016182
1.4129989
1.413099
1.4057293
1.4286596
1.4447966
1.4294559
1.4220568
1.4020399
1.4074683
1.4272246
1.4135933
1.4248236
1.4088918
1.3863305
1.418878
1.4103838
1.4115186
1.4193316
1.4103248
1.4282326
1.4140546
1.4170812
1.4119962
1.4297495
1.4199154
1.4147377
1.4139473
1.4501144
1.409088
1.4201131
1.416776
1.4208858
1.4105136
1.4046768
1.40005
1.3993301
1.3949244
1.4257706
1.4458703
1.4066452
1.3996519
1.421307
1.4057757
1.4102048
1.4262408
1.4339205
1.4182783
1.4195968
1.4476913
1.4134442
1.4086876
1.4022944
1.4326221
1.3972464
1.4174397
1.4148184
1.4337062
1.4375229
1.4159142
1.414653
1.4626915
1.4614857
1.4033258
1.4133455
1.410253
1.4194671
1.3985126
1.4162592
1.4249356
1.4121137
1.398396
1.430038
1.414482
1.4462723
1.4173074
1.4196951
1.4313996
1.439096
1.4210219
1.3992412
1.418948
1.4344122
1.4327724
1.4529057
1.431845
1.4197731
1.4006978
1.4201294
1.4104438
1.4065136
1.4206029
1.3919771
1.3917952
1.3979237
1.422778
1.4065106
1.401257
1.4293549
1.4365207
1.3804977
1.4165556
1.4268975
1.429684
1.432663
1.3972505
1.3979893
1.4087486
1.4174159
1.4011637
1.4317077
1.4048363
1.4195067
1.4159291
1.416781
1.3953118
1.4283834
1.3960937
1.4264296
1.4180521
1.4167812
1.4283483
1.4211472
1.439334
1.4359804
1.4170471
1.403849
1.4251357
1.4158291
1.4243063
1.3998199
1.3994131
1.4083164
1.4087694
1.4384499
1.4244795
1.4189861
1.4223583
1.4063059
1.4185983
1.4176766
1.3835516
1.4159054
1.4035931
1.4251006
1.4242551
1.4072578
1.4256142
1.4062967
1.4193355
1.4163762
1.3994737
1.4266825
1.4147325
1.4104228
1.4269097
1.4513865
1.4100729
1.4232594
1.4037719
1.4284116
1.4190584
1.4407507
1.4138625
1.4236674
1.4373138
1.4163072
1.3872212
1.4185171
1.3929001
1.4177773
1.4083418
1.4011751
1.431974
1.4218085
1.423693
1.4168847
1.3928312
1.4129562
1.418083
1.3929111
1.43115
1.4364707
1.4448497
1.4217968
1.4237825
1.3978322
1.4250015
1.4314185
1.384382
1.4195335
1.3904412
1.4093387
1.4477332
1.3653811
1.3888572
1.407418
1.4360712
1.427396
1.4247936
1.39885
1.4111305
1.4163417
1.3887172
1.4450511
1.417069
1.4077225
1.4433653
1.414924
1.4285929
1.4146075
1.4323697
1.424167
1.4070562
1.425566
1.4002373
1.3826814
1.4156685
1.4169692
1.4354389
1.4034387
1.4038368
1.3823227
1.4245448
1.4123092
1.423866
1.421429
1.4424223
1.3886775
1.4380404
1.4132096
1.4054389
1.3908367
1.4372659
1.4115391
1.3986619
1.4186283
1.4128648
1.4431565
1.4061359
1.4295572
1.4170597
1.414707
1.4346844
1.4379301
1.4374981
1.414239
1.403898
1.4567441
1.4128126
1.4303976
1.4515795
1.4130803
1.4348675
1.4152416
1.4150642
1.4207722
1.410187
1.4063922
1.3820717
1.3964168
1.4367872
1.4322283
1.4438913
1.4240566
1.4236053
1.4042813
1.3963932
1.4408044
1.4541339
1.4130799
1.4267652
1.42107
1.437804
1.4025342
1.4352815
1.4192014
1.4269089
1.4232297
1.390401
1.3894097
1.4228451
1.4411116
1.4126081
1.4051974
1.3890024
1.420703
1.4258717
1.3925931
1.4182116
1.4091818
1.4219942
1.4168773
1.4061254
1.4367911
1.4052526
1.4240813
1.416555
1.4072568
1.3817621
1.398292
1.4160019
1.4274263
1.388886
1.3926922
1.4392581
1.4055562
1.4069836
1.4237927
1.427695
1.4260359
1.4197867
1.4124389
1.4469436
1.395261
1.4301865
1.431944
1.4133676
1.4326802
1.430674
1.4316552
1.408457
1.4308127
1.4299128
1.4457507
1.4183679
1.4027503
1.4303086
1.4139999
1.4086665
1.4256527
1.4104762
1.3991202
1.3866391
1.4286147
1.4433439
1.4342803
1.413677
1.4247148
1.3977602
1.4157516
1.4197347
1.429179
1.4079893
1.4038049
1.3984684
1.4346875
1.4139249
1.4215044
1.4161973
1.423436
1.403398
1.4359037
1.417585
1.4133911
1.3973231
1.4049023
1.4097824
1.4327712
1.4336172
1.4101924
1.4067315
1.4074013
1.432822
1.4102883
1.4273713
1.397421
1.4168506
1.4380293
1.413607
1.40712
1.4042591
1.4160624
1.3991718
1.4042763
1.4097008
1.415138
1.441015
1.4224801
1.4103384
1.4096352
1.4252776
1.4210908
1.4213294
1.3940264
1.4216838
1.4150661
1.4254205
1.4149654
1.4072495
1.4345001
1.3934875
1.4329331
1.4376413
1.4208428
1.429329
1.3964529
1.4338976
1.4160613
1.4308189
1.427936
1.4054581
1.4066938
1.4304832
1.4050545
1.4217501
1.4127232
1.3998914
1.4122707
1.4633552
1.4297999
1.401792
1.4113275
1.4123011
1.4016939
1.4367881
1.4296947
1.3892022
1.4128201
1.3950903
1.416051
1.4311478
1.4196776
1.4190342
1.4118553
1.4148656
1.3925353
1.3994128
1.419067
1.4178629
1.4147472
1.439348
1.427999
1.406855
1.435104
1.425984
1.3967836
1.4133875
1.4436958
1.4317933
1.4330132
1.3964143
1.4277065
1.4109894
1.3990185
1.4136716
1.3912748
1.388494

1.8033509
1.7822064
1.7402579
1.6801335
1.7571429
1.7365112
1.7925919
1.7812809
1.7640502
1.7291814

