1.4232459
1.4887464
1.3240552
0.5901476
1.3775499
1.027716
1.771837
0.8532301
0.86301136
0.713619
2.8746958
1.2243772
1.3580923
0.54010665
1.4282182
0.5915655
1.4665823
1.0989875
1.713439
0.8404124
1.9506712
1.1604598
1.5853323
0.73784673
1.0100754
1.6853333
0.19129431
0.90106356
1.8674164
1.9263358
1.540169
1.8946385
1.4638042
0.37812626
1.455729
1.0962031
0.9326408
1.0980018
0.61435854
1.2499466
0.8741138
2.0815434
0.84956264
1.5943614
1.9622382
0.7185911
0.33861303
1.3817515
0.9858439
0.5638603
1.4260162
0.9203409
0.8205322
1.0516526
1.3935647
0.8063289
1.598433
1.5049869
0.84546864
0.98243725
1.5131251
1.0612948
0.99381924
1.5197302
1.4280025
0.536041
1.2612721
1.1659421
1.3399111
1.4465098
1.880344
1.1411669
0.99382687
1.4340843
1.0182086
1.5940787
2.0825734
1.7450117
1.4159545
0.7655897
2.075409
1.4075955
1.2671646
1.2465905
1.0552664
0.9325582
1.3193355
0.91567755
1.4257753
1.1461762
1.2206002
1.6333033
1.0751209
1.2149392
1.8612604
1.4574854
1.478437
1.5172352
0.48230588
1.108017
2.8036823
1.0576067
1.2804197
1.2686778
0.893744
0.4267167
0.9677899
0.596848
1.4530067
2.46319
0.70620346
0.74133956
0.6461936
0.5618719
0.49431443
1.5179074
1.4368585
1.2110122
0.95446813
1.5446737
1.1438575
1.3842489
1.2323495
0.81774855
0.13226354
1.0684375
2.0136409
0.99691856
0.32274365
0.68314457
1.134078
1.8349497
1.2151533
1.0079384
0.4792689
0.8750967
1.9132446
1.2190218
1.2202001
1.5568568
0.6721008
1.5840579
1.6328967
1.6603117
0.53264844
1.2119877
1.709761
0.8768754
1.5527815
1.5733483
0.9512867
1.2498114
1.2933519
1.6374807
0.8522879
0.6117579
1.2227328
1.457217
1.2301575
1.1246064
1.943798
1.3798907
1.321748
1.217194
1.2449994
0.7433307
0.4934318
0.5753896
1.9679108
1.534571
0.8865992
1.438517
1.7232779
2.199893
1.2249795
1.2881677
0.7626207
1.71886
0.8187835
0.40018952
1.3142827
1.2494116
0.8257984
1.3884822
1.2565058
0.96944785
0.69727933
1.3953938
1.491257
1.1805766
1.0180873
0.5013025
1.9968343
1.7572714
1.8232551
1.7043973
1.0511281
2.2384524
1.1540062
2.0450203
0.96175313
1.2491986
0.494776
1.5970513
0.40596914
1.3638057
1.5540571
1.1111296
1.6940845
1.7452357
0.67241454
1.453512
1.4360368
1.2947792
1.8537325
0.5765352
1.5475627
0.6596532
1.5254439
1.8953416
0.50908375
0.5253601
0.6816354
2.0406823
1.3617694
1.4157532
0.77360165
1.3185741
1.4336765
0.9917295
1.3071536
1.0256542
1.4509628
1.2460613
1.3059671
1.5122497
1.5128828
2.6828103
0.9123572
1.784755
1.6171161
1.2653614
1.7795831
0.8897625
1.6654019
1.0530996
1.6309584
1.993068
0.8363966
1.9959613
1.6952424
1.7467425
1.6799383
1.3737702
0.8472825
0.9554721
1.5438836
0.82220304
1.6604308
0.89297307
1.4918014
1.4515407
1.779827
1.1745863
1.1713371
1.6978338
1.0446088
1.2498605
1.7086567
1.6055744
1.3324257
0.9303272
1.4467238
0.57007563
1.3791872
1.0126591
1.0407702
1.466558
2.3699193
1.1446337
0.81745267
1.0311121
1.7391641
2.2215016
1.5402389
0.82373536
1.5711167
1.2632565
1.0815064
0.199592
1.5976576
0.81540203
1.3739473
1.7558799
1.0036479
0.8368213
1.2580676
1.1792196
1.5963253
0.9883988
1.6950436
1.0441365
1.6279254
1.0051628
0.62046504
1.7879076
1.5239393
1.219972
1.866327
0.62628627
1.0946891
0.86164653
1.1324186
1.3504716
1.7756307
2.042859
1.623345
0.41207898
0.4369496
1.8674535
0.9667318
1.0519582
0.8649435
0.7472315
0.5710033
1.415705
0.2729373
1.1703327
0.5896101
1.3713951
0.479836
1.4892169
1.3830023
1.0816898
1.6145474
0.79837286
1.345961
1.3141102
1.3667432
1.1106733
0.99935925
2.122757
0.829767
1.9735876
0.92271996
0.80060005
1.2556996
0.65100324
1.1469259
1.029429
0.9678931
0.96488416
1.4145641
2.0472405
0.5514387
1.6847833
0.6077056
1.2350719
1.6000904
1.065219
1.5320826
1.3436524
1.4209604
0.8772663
1.1297282
1.2794645
0.9065337
1.7806976
1.5207518
1.1771706
1.2817482
1.6747215
1.8293526
2.074268
1.7795507
1.2873747
1.1477859
1.1255994
0.82424736
1.1469467
0.837528
2.3954582
1.9595647
1.1502316
0.8725307
0.9088119
1.7279168
0.52058303
1.6067134
1.4489315
0.99632907
1.0578785
0.3950143
0.0692544
0.6801412
1.265175
0.5368266
0.65308857
0.8446535
2.6369076
0.89488184
0.56279206
0.37558627
1.471362
1.174584
1.4173955
2.0311198
1.0987247
0.9452696
0.7133701
0.63623893
1.1227658
1.0702846
0.22540832
1.0905257
1.2615482
1.6465231
1.3011885
0.7656517
1.3534534
0.5059835
1.1103762
1.084638
0.6274775
1.3092102
1.4079573
1.2213223
1.6155614
1.4912558
1.1036458
1.2059623
0.99006414
0.42369413
1.604988
1.2278963
0.79853654
1.275465
1.9396608
1.3445339
1.4541464
0.67209554
1.035602
1.4384818
1.5564516
1.6612434
1.4436512
0.48050022
1.2985915
2.2379355
1.1311623
0.72028136
1.0599293
1.1766808
1.2908148
0.98463523
2.011332
1.2342299
1.020801
0.4429226
1.5508151
1.0343792
1.2371646
1.0686666
0.9066373
0.8005644
1.0653539
0.6529151
0.8656305
0.95242476
1.4188364
0.768648
1.2694327
2.268612
0.55776834
1.5015227
1.591548
1.0075067
1.0069855
1.3536662
1.6125702
1.188577
1.0369536
0.9625672
0.8308768
1.6196928
0.62687373
1.6288142
1.2429253
1.383537
1.8913331
1.8691963
1.446953
0.94333136
1.4854859
1.080802
1.4259071
1.4488871
0.9806849
1.5908073
1.4182448
1.1665962
1.1812507
1.1220392
1.1861894
1.3907536
3.1796017
1.4968661
1.4033946
1.0938103
1.4085827
1.4953707
1.5478315
1.2009627
0.8571005
0.83460546
1.2274177
0.8659694
2.0998607
1.3257486
2.4007144
0.9536923
1.5165855
1.4649479
1.734993
0.8457767
0.6608244
0.76002645
0.7355517
1.3312777
1.0727372
0.7100049
1.0643013
1.4089414
2.086979
1.4568248
0.9989487
0.8408011
1.799718
0.9632571
3.1572495
1.1982691
1.8055652
1.2276095
1.6318749
1.1213771
1.010892
1.254118
1.7111896
0.19260621
0.73360157
1.038215
0.8109833
2.3957853
1.9214461
1.5110401
1.6674907
0.71932137
0.87930536
2.6957626
0.9344306
1.6150706
1.2372462
1.5713938
1.1944537
0.82159424
0.76135314
1.771164
1.0156543
1.4382771
1.1199347
1.4295516
1.271542
0.8527001
1.2730538
0.9334167
3.692201
1.5691128
2.0997033
1.9972804
0.9709419
1.3965487
0.3598603
1.2657135
1.5757592
0.90639186
0.15315866
1.3223614
2.4215984
1.8317373
2.1072311
0.9941052
1.2535648
1.74995
1.2523161
1.3650594
0.52441
1.6745596
1.1251458
1.2232671
1.1395422
0.98774326
1.2598026
1.2150015
1.0600303
1.8975223
1.0224382
1.0003492
1.2036756
1.5906353
2.058638
0.57578015
1.4756373
1.2790642
1.0524392
1.3148451
1.3893136
1.3962523
0.537951
1.3273294
0.95391333
1.223373
1.8374693
1.1427763
1.9200917
1.3296936
0.68232465
0.9609132
1.387587
0.42190278
0.6975658
1.7965285
1.6651849
0.098253846
1.1414847
0.37033153
1.5664696
1.2454882
0.83293545
1.5102211
1.9703356
0.90326786
1.1643459
0.7953613
1.2206299
1.0675741
1.5309161
0.7570659
1.1131012
0.99130964
0.3671167
1.1107897
2.1734962
1.4093764
1.4580507
2.2898278
1.9710522
0.71476364
2.295624
1.3295523
0.4393847
0.85301673
1.6217161
1.9020395
0.96593225
2.4372873
0.54650307
1.2168705
1.2569807
1.1705921
1.0484657
2.5458074
0.09547591
0.2687217
1.6280701
0.73390293
1.6062473
1.6961169
1.6287946
0.31566548
1.0899383
0.9978901
1.375467
1.056243
1.037258
1.1988921
2.2903657
1.1130285
1.4106781
2.2522464
1.7196283
0.65390694
1.4947965
1.2402488
0.21625388
1.233851
1.7272032
0.6794089
1.038785
1.7706468
0.7171819
0.8790387
0.8990693
0.97007763
1.7051291
1.6310666
1.4339523
0.77495146
0.22483742
0.919335
1.1716757
1.5771319
1.3086098
1.0988269
0.88956726
1.0977764
1.0340356
0.67237353
1.2386383
1.9305235
0.9585711
0.8958229
1.934365
0.93645203
1.2245966
1.1904798
1.3706003
1.4085587
1.4484174
1.6026303
1.7924093
2.2277706
2.065812
0.85985017
2.551889
1.0695345
0.87106967
0.70776427
1.444391
1.4618776
0.20213711
0.97083867
1.8250825
0.79579926
1.2349188
1.8215936
0.9808283
0.92006767
1.1032747
1.1733193
1.839776
0.2791823
1.3646507
1.8741264
0.71398497
0.36622655
1.702244
1.1679018
0.94961
1.0539052
1.0216371
0.82391095
1.2718183
1.5830563
1.0901723
0.707654
0.8366754
1.0709164
0.9018241
0.73144984
1.5954578
1.2061155
1.2025647
0.44330192
0.97049534
1.461765
1.0328255
0.8223828
0.5995847
1.1019341
1.0919155
1.5014199
1.021103
1.2133523
0.4681512
1.5270704
0.95179963
1.6368992
0.56278384
0.2919792
1.3328216
1.025193
1.9688667
0.7444701
1.1056031
0.50563383
0.32602787
1.0304501
1.0283653
1.8863909
1.1559981
0.9056746
1.1593912
0.9767214
0.37214375
0.532711
1.7710044
1.105035
1.5977672
0.85314393
1.5302896
1.302536
1.1034695
1.3651481
1.418218
0.8287916
1.0884432
2.1499987
1.2378873
2.2102492
1.9413654
1.1443197
2.2753043
0.78841114
1.5187317
0.5445405
1.54625
1.1645569
1.5693854
2.4340482
1.3574607
1.1258092
0.9775057
1.2850077
1.523953
1.2764771
0.4223174
1.1891458
1.1592946
0.6815425
1.1473193
1.8050264
1.5455453
0.42692733
1.4812921
0.9274852
0.83498216
1.0775466
1.3162876
0.11898029
1.0435777
0.6214638
0.57442784
1.6562959
1.0230869
1.4978437
0.95977676
1.2536702
1.6415652
1.0727081
0.96651435
0.9002578
0.94726026
0.6636337
1.7605895
2.2904804
1.5675716
0.8128562
1.185105
1.561303
0.8945757
2.2291899
0.9273833
1.5042238
1.2023784
1.4422842
1.5820949
1.365636
1.6044426
1.0752988
1.4861217
0.5929916
1.3573312
1.3730123
1.8152566
0.3662629
0.9017999
1.6228182
0.70479953
1.6682333
0.5401521
1.0294443
0.8966274
0.751842
1.5005608
1.0365793
1.5344076
0.99939036
1.3980757
0.7834368
1.0363388
1.1801845
1.849893
0.6035197
1.2173784
2.1379132
1.0938754
0.9313717
1.5463613
1.1143779
1.9710832
0.7975879
0.5244812
1.1632986
0.84612954
1.5595089
1.3312445
1.0026364
0.75850356
1.3581558
1.331939
1.5761017
0.9171114
0.9366739
0.936308
0.4026109
1.5152429
0.748906
1.007125
0.9985422
1.2132924
1.3088465
1.2596614
1.1159433
1.6822969
1.4578857
1.661457
1.2788332
1.1082022
1.1369096
1.5853283
1.3544316
2.2723582
1.0872067
1.0439078
0.93796813
1.9528879
1.7790585
1.5293734
0.9066379
0.9982302
0.65135396
1.4666103
1.6162968
0.91508794
1.2705044
2.1573877
1.4796636
1.0846571
0.7029842
1.3733087
0.78459764
1.2338907
1.0477045
1.5319299
0.7042222
1.2392156
0.91547596
0.54096055
1.1392012
0.048344016
1.2856871
1.5890856
1.4276314
1.7273376
0.57189906
1.3019278
0.8733963
1.2487414
1.1361405
0.90465486
1.2369827
0.985127
2.4922771
1.0495796
0.81341565
1.3650336
1.0641462
0.87479806
1.0177792
0.8873309
1.6050346
1.0816472
1.2105874
1.54384
1.3076195
1.5023425
1.15076
1.5072801
1.6122518
1.6509824
1.3496644
1.287703
1.3847837
1.112116
1.0353545
1.4165599
1.3336126
0.681816
0.8065747
1.2066535
1.1350381
0.7735157
0.8330312
1.3024485
0.71902776
1.989534
1.809226
1.2345583
0.9305905
1.1902522
1.2630975
1.0497814
1.0398165
0.8738276

14.609347
18.343658
20.040573
21.068232
20.195452
20.371758
17.255617
21.2278
21.72471
23.970568

