0.6405066
0.3962406
0.14692664
0.43645513
0.37274885
0.5434177
0.5787928
0.58793473
0.5910727
0.36448932
0.35540652
0.59036064
0.63557744
0.8262137
0.4855913
0.49858236
0.92335725
0.82510614
0.8409301
0.46039712
0.59980905
0.63956106
0.5973083
0.883065
0.53239584
0.86157167
0.78222084
0.41472733
0.3791635
0.30551016
0.6221739
0.48417914
0.60788226
0.619676
0.1349523
0.44121194
0.22443771
0.55025256
0.4063089
1.2768555
0.7844024
0.3105526
1.1789823
0.291355
0.2615528
0.8022293
0.32727277
0.57607615
0.25572574
0.7840735
0.4561882
0.812745
0.660447
0.3238603
0.7277515
0.4325589
1.047027
0.35266173
1.1771878
0.5820478
0.48090303
0.5360236
1.001105
0.38607574
0.5626948
0.1483643
0.46731746
0.4180354
0.36624455
0.5271857
0.6339849
0.48057854
0.5460317
0.2769345
0.9323132
0.38882804
0.3980111
0.3363874
0.34491134
0.5394825
0.37659097
0.34844494
0.40003824
0.26081586
0.68252826
0.55074847
0.83929527
0.5398805
0.5399473
0.30910218
0.51315475
0.4682306
0.7726499
0.4595307
0.65510714
0.2583741
0.9814329
0.4279195
0.06684744
0.3573215
0.2960714
0.1824671
1.3178473
0.32208097
0.5218018
0.5156505
0.77455413
0.5600599
0.6736778
0.47538888
0.27795005
1.1383567
0.33990514
0.44753444
1.936042
0.8045043
0.47500074
1.1738988
0.5715195
0.29150498
0.40425706
0.5660306
0.5243825
0.3916124
0.2791046
0.52063525
0.21603024
0.8020067
0.96778214
0.5343685
0.67428243
0.41143525
0.30604792
0.6703868
0.4901166
0.70178545
0.75543964
0.556721
0.2434417
0.7376555
0.57057834
1.0419232
0.16200948
0.5211127
0.6687536
0.2754377
0.63986444
0.8775085
0.36980283
0.76456666
0.8132994
0.5018331
0.6459124
0.9071394
0.45068324
0.45316434
0.24751985
0.22252834
0.530388
0.5825349
0.50699186
0.7740313
0.9642056
0.3955425
0.37026763
0.27313542
0.5099386
0.6285727
0.7012905
0.39272463
0.33016372
0.596563
0.60295045
0.52521074
0.58442354
0.37874675
0.42962706
0.38624835
0.528774
0.36499608
0.3780142
0.74122226
0.27401865
0.758505
0.46272695
0.5378436
0.47843206
0.33699286
0.6287627
0.9178364
0.5803287
0.5730467
0.44844425
0.5579879
0.4591334
0.6135942
0.30379808
0.41327274
0.4901675
0.4461764
0.3990184
0.46894252
0.69664776
0.34449482
1.1976542
0.45668304
0.4284581
0.40993667
0.23496497
0.49481487
0.21392727
0.41285467
0.33255482
0.21955776
0.26356506
0.8171612
0.6305511
0.7624339
0.5766661
0.527256
0.45868254
0.6949419
0.67309153
0.23608458
1.1636099
0.32177925
0.5957655
0.8178909
0.4965588
0.75514054
0.3222984
0.10780752
0.3850317
0.695438
0.29377496
1.0089535
0.7225708
0.97629833
0.50815594
0.5101049
0.7609056
0.38913023
1.374198
0.43495512
0.26876354
0.62888515
0.51188374
1.1140031
0.35566676
0.3347205
0.26819408
0.43568552
0.8933339
0.53287816
0.27171052
0.69964695
0.76994586
0.76477206
0.5515219
0.5696316
1.0856023
0.31868064
0.5916903
0.38259983
0.71985173
0.7028327
0.3432623
0.49180055
0.92895687
0.5093224
0.6305344
0.7765119
1.1781737
0.2338711
0.60721135
0.31654322
1.1392195
0.84093606
0.63430345
0.6544862
1.1672258
0.087450385
0.31507325
0.7540839
0.5063144
0.77837396
0.31203437
0.39484
0.4498335
0.71205187
0.29456055
0.68816435
0.18980682
0.5192952
0.9101535
0.5690628
0.4192078
0.5074899
0.56147087
0.14174342
0.620085
0.23974407
0.5671544
0.8284607
1.2191576
0.47236943
0.59435546
0.30477166
1.1692475
0.45652056
0.3832432
1.4309094
0.29580903
0.44490814
0.4106003
0.5205525
0.5127195
0.76341844
0.69121516
0.24039388
0.32044315
0.7006104
0.7350762
0.63894343
0.5033461
0.5185063
0.22291493
0.5534836
0.39410186
0.5430926
0.8772813
0.09003532
0.38813257
0.34556937
1.1593472
0.48642516
0.23328364
0.20210421
0.012083411
0.4562391
0.6865735
0.46843863
0.3747604
0.16238725
0.3256979
0.21807718
0.7692002
0.45233607
0.19179451
1.0593059
0.29980683
0.43353927
0.75935507
0.5904734
0.47447598
0.4721663
0.53498065
0.33755672
0.7022685
0.6238364
0.5119338
0.2317797
0.35529494
0.4023509
0.85906017
0.41563988
0.5055349
0.29465365
0.5960702
0.35543156
0.42998898
1.5079939
0.8570857
0.47364116
0.55495656
0.2491113
0.35329223
0.2842126
0.16018856
0.24266064
0.24645734
0.32052338
0.49885976
0.6520401
0.28510523
0.38534403
0.47734487
0.4816028
0.61170375
0.34804177
0.56557286
0.6546792
0.29703426
0.16058767
0.5030464
0.93430984
0.2755295
0.49393427
0.33927977
0.4178506
0.5921823
0.3681066
0.24730945
0.3489071
0.4647982
0.24328709
0.7164353
0.40001142
0.8395344
0.28350496
0.47191513
0.669384
0.5219259
0.3868345
0.41817057
0.45340955
0.55557513
0.28047633
0.5547073
0.61276126
0.5392425
0.4491166
0.6524813
0.55678844
0.73862123
0.2825824
0.41901875
0.7349653
0.11807728
0.47561085
0.36614704
0.44936657
0.44849777
1.0817051
0.3835529
0.69441986
0.8292788
0.7468153
0.6895541
0.5062736
0.21234143
0.76638186
0.6847309
0.27051485
0.39069474
0.38882196
0.14105201
0.6532335
0.36640155
0.5084108
0.68855786
0.27425897
0.5511043
0.73373187
0.5849937
0.32885933
0.1435802
0.36612892
0.77016544
0.9573859
0.67937887
1.1113926
0.39864206
0.805894
0.45626783
0.68842137
0.38951516
0.47673464
0.113702774
0.67282
0.87332
0.89147305
0.5566286
0.503837
0.6179025
0.9578415
0.513703
0.5667726
0.3495227
0.43427694
0.30804288
0.46963274
0.7145623
0.4830315
0.420447
0.35112822
0.71947956
0.80678165
0.96453893
1.1562736
0.6147059
0.59830046
0.95134556
0.96934915
0.72746277
0.32726717
0.4255464
0.19732773
0.87730265
0.38339865
0.5032885
0.8244004
0.72354984
0.5545399
0.33919203
0.13504899
0.109178305
0.626781
0.91999984
0.36082482
0.17359161
0.32054853
0.64734924
0.5660238
0.7846482
0.54339707
0.6175897
0.6117555
0.5208086
0.74066174
0.57205284
1.0870627
0.43868005
0.47116923
0.12711394
0.4885124
0.27071512
0.40204382
1.2952127
0.3677889
0.7933129
0.46806097
0.73557603
1.0400593
0.48072827
0.4968524
0.5058794
0.22646928
0.18551445
0.5613481
0.45468605
0.28664625
0.5852499
1.0775807
0.35795033
0.7128544
0.3732431
0.4790517
0.97525537
0.760996
0.6562872
0.5158256
0.27821565
0.7973896
0.19498825
0.4945134
0.4177847
0.5897951
0.53132224
0.5439236
0.15108013
0.44209492
0.33989084
0.6689513
0.4419737
0.24299419
0.67564476
0.6404214
0.4600011
0.61027074
0.6987834
0.63951266
0.9573778
0.2568122
1.0118381
0.360134
0.38831115
0.71823955
0.42550075
0.46623254
0.12491286
0.5751469
0.6755854
0.30056632
0.60515904
0.16942239
0.3752185
0.37244225
0.5246481
0.55725515
0.55870605
0.42366552
0.96060395
0.56699574
0.44336057
0.6385529
0.27719212
0.82824373
0.3669405
0.61128783
0.47401488
0.7486311
0.22559321
0.8419497
0.2567693
0.43210888
0.18086874
0.4712932
0.8053266
0.3754518
0.6591097
0.41988707
0.4095006
0.56412435
0.59056294
0.16479886
0.6587533
0.40422165
0.70343375
0.33676398
0.52242994
0.47133958
0.7465434
0.0034388304
1.0284325
0.0640167
0.3654282
0.8503889
0.48517764
0.55876017
0.14451706
0.38081646
0.29593134
0.22513652
0.9045156
0.57249045
0.48570514
0.03971243
0.46477687
0.20254922
0.7101494
0.32668674
0.34615946
1.0186323
0.47668505
1.1192757
0.17523491
0.70076
0.3512045
0.5169667
0.47871482
0.33106756
0.7039205
0.43645895
0.5909095
0.42619085
0.34396517
0.51975584
0.69820154
0.33814144
0.6514143
0.8989246
0.58947396
0.6122862
0.3703009
0.8389876
0.5321777
0.5455096
0.38256133
0.5332924
0.5783137
0.40574992
0.47885346
0.43264842
0.42534244
0.17697644
0.38308024
1.1382556
0.04142642
0.6373712
0.21991742
0.51218736
0.84737694
0.7819134
0.64215887
0.3877306
0.5208458
0.2948935
0.2166909
0.364542
0.38411832
0.59776795
0.47579908
0.7749047
0.75679576
0.57198834
0.8115468
0.93027747
0.39208627
0.44155443
0.90487814
0.7592031
1.2355072
0.41225863
0.5418886
0.4684676
0.41851497
0.7441306
0.5744791
0.35045385
0.22543538
0.8982327
0.3642875
0.32571673
0.2972418
0.9855906
0.66701996
0.31489956
0.45549285
0.73456883
0.27426028
0.48862135
0.12928808
0.1424911
0.13207579
0.53846157
0.58989406
0.4136939
1.6072983
0.81272125
0.32442534
0.29641747
0.7730895
0.70171046
0.61192894
0.5689657
0.43579304
1.0112914
0.6124171
0.46340084
0.5727372
0.6827766
0.24679673
0.8032664
0.418177
0.93993735
0.89927495
0.8879248
0.5376704
0.73121536
0.4973334
0.39309192
0.35029697
0.7695085
0.13459074
0.64623666
0.15225065
0.24443614
0.14491773
1.3200676
0.29697227
0.7010385
0.30241013
0.6245991
0.5319338
0.7238091
0.36824393
0.03184676
0.4353788
0.2988155
0.6778655
0.38995194
0.8126744
0.42316914
0.83807755
0.8571694
0.23576128
0.49058044
0.2602806
0.18897426
0.42984366
0.7619002
0.3126186
0.43915093
0.8819945
0.8838613
0.40429306
0.4898677
1.3260074
0.5800506
1.2469301
0.35108674
0.70767057
0.8417916
0.38127446
0.65958726
0.8433267
0.45042276
0.48394072
0.09752834
0.36956596
0.24372411
0.6316416
0.1999737
0.55709696
0.7460166
0.37392318
0.7403017
0.5780717
0.36603928
0.588274
0.28464162
0.6184335
0.24924791
0.56041014
0.43037617
0.686618
0.7169601
0.4447769
0.5511234
0.38273025
0.7856369
0.11327791
0.40678275
0.4684888
0.4429704
0.4217075
0.44770133
0.47237444
0.5272424
0.36845624
0.4191804
0.94000065
0.5846715
0.27308917
0.5734559
0.8701451
0.36771643
0.45483327
0.3102498
0.32629025
0.77081716
0.27249336
0.65427554
0.5902281
0.66494286
0.5651697
0.002278328
0.5860388
0.16730356
0.40473998
0.5132947
0.65715003
0.35545886
0.08510423
0.971858
0.71091807
0.5369779
0.24323046
0.55562544
0.57567954
0.46649623
0.38631904
0.34672523
0.47498655
0.88266706
0.41865027
0.5202373
0.45510757
0.51849246
0.5243515
0.52425385
0.57061064
0.6330278
0.53929615
1.4000298
0.16030681
0.39003086
0.1533395
0.46946383
0.5086589
0.041127324
0.3544141
0.124506
0.4156263
0.51625454
0.4847988
0.98842466
0.20930171
0.44609666
0.65865755
0.57565033
0.9835894
0.4279176
0.35011482
0.72002757
0.5103184
0.24896216
0.7106719
0.2293545
0.27883315
0.8896971
0.33271897
0.62081003
0.5110011
0.6933385
0.48967743
0.7731477
0.6523453
0.13324082
0.28749752
0.39601707
0.2985611
0.22514868
0.5741178
0.6352465
0.027305365
0.55754113
0.61198294
0.31519103
0.025265455
0.54382455
0.48279786
0.6389601
0.813995
0.66105986
0.5141126
0.56129766
0.30901527
1.0523176
0.3115126
0.3058393
0.76847064
0.57586145
0.29684162
0.27314973
0.9852092
0.31512296
0.62932587
0.28361273
0.38955307
0.41706526
0.3068787
0.09849799
0.3347292
0.52339983
0.4292102
0.4703406
0.9069059
0.28319657
0.984401
0.4809234
1.0884296
0.42979896
0.61777997
0.46179986
0.22479165
0.6535071
0.9919927
0.36323965
0.58647645
0.42442894
0.37128437
0.15956831
0.56125796
0.12711883
0.37184012
0.52603745
0.7010462
0.58687294
0.632517
0.057471514
0.4341762
0.86194277
0.3384552
0.26507974
0.3066132
0.27033663
0.33801174
0.14320397
0.412027
0.3511485
0.47283983
0.19690001
0.4076743
0.22008157
0.42194664
1.2871789
0.60843956
0.17735851
0.40455365
0.64978456
0.4732039
0.60654795
0.76486564
0.33282006
0.6957443
0.54108226
0.46327102
0.3183745
0.5212916
0.61313665
0.62968075
0.35606468
0.13877964
0.40365875
0.7649245
0.418864
0.54524696
0.98236525
0.29770076
0.14981842
0.79013836
0.29416907
0.8663912
0.6382265
0.4021274
0.21373963
0.1580764
0.74291635
1.2032797
0.23190844
0.46112442
0.7026471

7.9369125
9.844202
10.642433
11.167125
10.813181
10.816862
9.16091
11.196044
11.572916
12.703672

