1.5962049
1.521848
1.5627401
1.3551828
1.4434696
1.2875066
1.4524869
1.4555589
1.1048857
1.4921187
1.4969174
1.28043
0.9870316
1.8969262
1.292872
1.8324131
1.4762343
1.5847515
1.7991631
1.2874893
1.2065742
1.0567178
1.4651718
1.5939952
1.5450017
1.4515742
1.6626315
2.0881922
1.6246523
1.344205
1.6872905
1.5180292
0.9275099
1.2923975
1.6221865
1.4044926
1.4431534
1.3275402
1.0655644
1.4358883
1.8398281
1.2581996
1.5562638
1.4974772
1.079283
1.544968
1.577524
1.5529099
1.4075187
1.4893131
1.3354393
1.4481508
1.4460443
1.5348359
1.2754546
1.9109722
1.1878194
1.4107099
1.5973116
1.6137383
1.9614512
1.2695099
1.5832478
1.6900283

1.4854771
1.3964468
1.4129379
1.5285724
1.51754
1.4371421
1.4896233
1.4114044
1.374626
1.5309292
1.4280905
1.4906168
1.4303685
1.4188775
1.3883768
1.6077535
1.3957545
1.3440641
1.433373
1.4433687
1.3156943
1.4548366
1.3319137
1.4877838
1.4591588
1.4772305
1.4542485
1.4887279
1.3796473
1.434337
1.4851257
1.4394541
1.5704985
1.6502112
1.4582752
1.4846377
1.3310935
1.5132103
1.4530523
1.3977457
1.4261277
1.4815527
1.509581
1.4720532
1.4331974
1.6098508
1.3682988
1.5482533
1.4731485
1.5448937
1.3754622
1.4835315
1.4434136
1.4685466
1.5292354
1.4475211
1.4885983
1.3774426
1.4101152
1.3565949
1.5138687
1.5950335
1.4624585
1.3982288

1.4210329
1.4670038
1.4125794
1.3931524
1.3406887
1.4494829
1.4696801
1.3637102
1.3362905
1.442618
1.4984188
1.4884952
1.3855071
1.4310474
1.3659525
1.4682337
1.3397094
1.4328933
1.3770702
1.4466496
1.4771829
1.4920073
1.4402646
1.4588852
1.3942996
1.4952404
1.4045867
1.4456292
1.4965084
1.5035641
1.4662713
1.4574172
1.4918692
1.5359298
1.3801937
1.3166555
1.3344516
1.3909919
1.4299561
1.396746
1.4164813
1.4863611
1.4794568
1.4159416
1.5041294
1.3832169
1.4723198
1.4645712
1.5011407
1.4099345
1.3573468
1.4789358
1.4866437
1.4227123
1.3905894
1.369851
1.4350439
1.5631336
1.6085937
1.4523603
1.4306182
1.4189596
1.4137311
1.4430013
1.4562087
1.3895746
1.4103136
1.4352075
1.450732
1.4473708
1.5462213
1.4479023
1.4892545
1.4956459
1.5118345
1.4881054
1.3718284
1.4280092
1.4769952
1.439915
1.4299543
1.490875
1.3679383
1.3772162
1.4211713
1.4591869
1.5021641
1.4511796
1.4373436
1.4001379
1.4249902
1.4620525
1.5409733
1.5104758
1.5407181
1.449785
1.408486
1.3712467
1.3154905
1.4264443
1.4861203
1.4485227
1.4432441
1.484171
1.4335824
1.450983
1.4081073
1.4408892
1.4607054
1.4381983
1.450186
1.4589201
1.3624288
1.4230278
1.3930101
1.4096919
1.4574053
1.4658424
1.4487139
1.40198
1.4015213
1.4914508
1.439771
1.4233153
1.4556146
1.3979627
1.4214826
1.4365071

1.4319261
1.3741943
1.4286001
1.4954809
1.3808225
1.4015377
1.481085
1.4179455
1.430093
1.4347525
1.4752109
1.461549
1.4598032
1.4651982
1.3943052
1.342868
1.4637257
1.3864436
1.417364
1.3972399
1.4551771
1.4092227
1.4091568
1.5237738
1.3948196
1.4080938
1.4470034
1.4529071
1.4395168
1.4281746
1.387379
1.4667639
1.5089502
1.4397938
1.4557925
1.3950288
1.3839786
1.4240978
1.4772677
1.4134363
1.4303714
1.4193205
1.4457977
1.4802314
1.4211968
1.4432642
1.5245293
1.4434108
1.5259104
1.4448143
1.4696732
1.4902959
1.4334866
1.4448278
1.4029464
1.4368733
1.3814445
1.4488113
1.4702387
1.4408801
1.4797698
1.4906343
1.5662987
1.5104517
1.4821796
1.4562354
1.4644147
1.4814886
1.3733786
1.377609
1.4312899
1.4954106
1.5394454
1.4365908
1.4938635
1.4502584
1.4258809
1.4177585
1.4649909
1.3899851
1.3854928
1.4232643
1.4039003
1.4913008
1.4410087
1.4406054
1.418263
1.4694189
1.3749388
1.4424863
1.4126594
1.454875
1.432993
1.4735518
1.4121763
1.4083346
1.4309329
1.4004502
1.4242543
1.4309754
1.4212244
1.3652289
1.4600567
1.3959625
1.4233687
1.4401262
1.4644909
1.4525188
1.4491423
1.4052544
1.4530507
1.4445659
1.374447
1.3671104
1.4838765
1.5144255
1.4374156
1.3797193
1.4656216
1.4935094
1.3775816
1.4212337
1.3863399
1.4377657
1.4280167
1.487438
1.4240676
1.4494013

1.4315528
1.4573205
1.4503853
1.4730175
1.4357898
1.4328316
1.4461496
1.4358383
1.4537069
1.4339206
1.4223124
1.4713757
1.3628709
1.4675283
1.4017841
1.4227686
1.4430033
1.4652256
1.4848845
1.4327642
1.3923041
1.4292334
1.4201456
1.3912008
1.4401691
1.4439402
1.3700093
1.4599125
1.4337655
1.387923
1.4230573
1.4840777
1.4905913
1.4196688
1.3996617
1.4410169
1.4666557
1.3935144
1.4875551
1.4370067
1.4787036
1.4608394
1.3786582
1.4014105
1.4545177
1.4193748
1.4341646
1.421448
1.3976161
1.4564947
1.3840619
1.3882148
1.4524821
1.4775003
1.4401145
1.4411609
1.4561929
1.3770161
1.4052305
1.3911219
1.4449549
1.4188339
1.417727
1.4163679
1.4796633
1.4586463
1.4344428
1.4086233
1.407936
1.3924055
1.4839418
1.4203495
1.4123455
1.3326176
1.3796412
1.3672897
1.4265227
1.4324492
1.4967955
1.4362246
1.3841163
1.4373277
1.4582114
1.3760054
1.4857844
1.4261781
1.391656
1.4416943
1.4461915
1.3728168
1.3841977
1.4353576
1.4174321
1.4250677
1.4152863
1.3910532
1.4293574
1.429918
1.3989938
1.4040716
1.4311723
1.4256095
1.3955683
1.4204103
1.3124672
1.4449645
1.4120685
1.4250298
1.42813
1.3536223
1.4299338
1.4489604
1.431291
1.4116298
1.3754512
1.4289259
1.4245429
1.4150544
1.438105
1.4439569
1.3860393
1.4104451
1.3909415
1.4496243
1.427917
1.4469676
1.4048158
1.424294
1.4470965
1.4209199
1.4398779
1.3956602
1.4056008
1.3936683
1.4708459
1.4039973
1.4268258
1.4451056
1.4104573
1.3904496
1.3934364
1.4359593
1.4702258
1.3938595
1.434412
1.4617237
1.4982367
1.4004236
1.444151
1.4711276
1.4121943
1.3588066
1.5093007
1.4162308
1.4352692
1.4513638
1.4086084
1.4326279
1.4312471
1.4480618
1.4414948
1.4297316
1.4215306
1.3862472
1.4457686
1.3927661
1.3782895
1.4403526
1.3937495
1.5023916
1.3582879
1.4531611
1.4559311
1.4061314
1.4576358
1.4155611
1.4752072
1.4559423
1.4860253
1.4308724
1.391226
1.4058255
1.4801728
1.3952233
1.4215426
1.4424855
1.4266164
1.4244562
1.4580148
1.445885
1.439406
1.4680938
1.4126478
1.4212413
1.4135431
1.394192
1.4179078
1.4050888
1.3863393
1.3661472
1.4187299
1.4146018
1.3985723
1.4133248
1.4343799
1.4843795
1.4150314
1.4060465
1.4419864
1.5016147
1.4374659
1.5075716
1.4407204
1.44041
1.4221401
1.365798
1.4070452
1.4587357
1.3828135
1.3927994
1.44981
1.4420166
1.4543297
1.3905127
1.4455724
1.459843
1.4084326
1.4429489
1.4657623
1.4149321
1.4558619
1.452908
1.4223275
1.5245111
1.4365411
1.4694747
1.4348505
1.4058907
1.4036502
1.4178779
1.4576797
1.4302984
1.4870044
1.4200284
1.3662597
1.4747771
1.412743
1.4841965
1.4089383
1.4480687
1.4624798
1.3685782
1.4129225
1.4739505
1.4526473
1.4237499

1.4044884
1.421505
1.4394556
1.440557
1.4169098
1.422144
1.36021
1.3879242
1.4280155
1.3996717
1.431789
1.4444132
1.4395965
1.4404151
1.4178882
1.4212785
1.3900064
1.4027951
1.4175369
1.4223354
1.4170357
1.4312962
1.3929495
1.4032317
1.4997925
1.4326203
1.3991746
1.4303714
1.436822
1.4231759
1.4792085
1.4303674
1.3970517
1.4330521
1.4098059
1.4008034
1.4420441
1.4339364
1.3876423
1.3900732
1.4230589
1.4240447
1.4469599
1.3917509
1.4404864
1.4418006
1.4329592
1.4083652
1.423592
1.368722
1.387618
1.4216045
1.4084709
1.394002
1.4545993
1.4492687
1.4480147
1.4352529
1.5135134
1.4271512
1.397354
1.4252144
1.3912932
1.4422975
1.4384234
1.4629996
1.3830955
1.4423622
1.4258788
1.4034765
1.4304115
1.4050751
1.4228636
1.4491093
1.4446036
1.4266019
1.4146075
1.4194754
1.4893812
1.3899344
1.4295031
1.3888237
1.3832601
1.4360067
1.4386506
1.4013075
1.4291369
1.4440174
1.4610122
1.4206347
1.418369
1.3989738
1.4412898
1.4400102
1.4397994
1.4087799
1.4291166
1.4136132
1.4380872
1.4589254
1.4634024
1.4213502
1.4453707
1.4620496
1.4386643
1.4378475
1.4353877
1.4448327
1.405329
1.3953875
1.4982076
1.4076728
1.4575199
1.4236532
1.4359257
1.4489805
1.414432
1.4201
1.417371
1.4152243
1.420032
1.4564786
1.4033654
1.4656711
1.4293908
1.4356344
1.4191003
1.4322928
1.4040465
1.4329933
1.4623883
1.4291314
1.3961453
1.4450103
1.4166977
1.4318256
1.412418
1.3964653
1.3888429
1.4432867
1.4069991
1.4425073
1.4288546
1.4021285
1.3837651
1.4504808
1.4172094
1.417227
1.4272016
1.4208078
1.4159981
1.4464318
1.4873844
1.421662
1.392308
1.4347655
1.4207733
1.4062331
1.4131495
1.4069031
1.4184623
1.4575384
1.4186759
1.4639404
1.4469687
1.4059976
1.4439889
1.3982664
1.3955692
1.4000332
1.4184804
1.4365532
1.4228262
1.4068824
1.4237398
1.4212439
1.3941367
1.4320856
1.4519792
1.4126456
1.4125537
1.44295
1.4141052
1.4626957
1.4482737
1.4633265
1.4428385
1.4225861
1.4491837
1.4355079
1.3689224
1.4126704
1.4208835
1.4243257
1.3646711
1.4071839
1.42016
1.422776
1.3935885
1.3869505
1.4620461
1.4466519
1.4189574
1.3979405
1.4110448
1.4031609
1.4138787
1.4101437
1.3898629
1.3773035
1.4422195
1.4323273
1.4695681
1.3977938
1.4188987
1.4400133
1.4353579
1.4231795
1.4509215
1.4516448
1.4327987
1.4515826
1.4283762
1.4127222
1.4148569
1.4262698
1.4062709
1.4114368
1.3895848
1.4329509
1.3861777
1.4251982
1.4798545
1.4377275
1.4327385
1.4275557
1.4026444
1.4359115
1.4730178
1.4468812
1.456976
1.4557337
1.4082488
1.4226294
1.4162452
1.4197423
1.4385195
1.4193588
1.4028064
1.4022115
1.4105281
1.4391623
1.4187896
1.432862
1.4178444
1.400766

1.4621719
1.3549811
1.4446748
1.4277294
1.4296019
1.4254818
1.4288375
1.4632207
1.4261913
1.4109994
1.420055
1.3987328
1.4306633
1.4615929
1.4905863
1.4728
1.4592361
1.4842926
1.4158977
1.4317276
1.44618
1.4581816
1.4225106
1.4497032
1.4707516
1.4216394
1.4668318
1.4233437
1.4069949
1.4428436
1.4132057
1.4583379
1.4647788
1.4493113
1.4375755
1.393492
1.4445521
1.419449
1.4596741
1.4248786
1.4739531
1.438253
1.432626
1.4299341
1.4138207
1.4175959
1.4563882
1.4708824
1.4025426
1.4649637
1.4268799
1.3707057
1.4458449
1.4092991
1.4563817
1.4184463
1.4161634
1.4064046
1.3854853
1.3843942
1.3941383
1.4301567
1.4341131
1.4694611
1.4100304
1.3998328
1.448767
1.4817604
1.4918532
1.4677054
1.394746
1.477805
1.4623429
1.445991
1.4495593
1.4195299
1.4350268
1.4103487
1.406989
1.400296
1.4168745
1.3950573
1.3870748
1.3969716
1.3956481
1.4156297
1.4266033
1.4080331
1.4488109
1.4219668
1.4256183
1.3731865
1.4516572
1.4094703
1.404009
1.3909773
1.4426159
1.4190787
1.4252782
1.427039
1.419669
1.4568638
1.3987743
1.4270191
1.4580386
1.4342213
1.460925
1.4633029
1.4219395
1.4577113
1.4544259
1.3919923
1.436334
1.4249942
1.399539
1.463298
1.4265898
1.4283245
1.4137919
1.4103717
1.4008964
1.4256997
1.3944552
1.4349124
1.3823752
1.4692997
1.5389001
1.4006929
1.4277614
1.4156367
1.3802217
1.4317951
1.4115894
1.3725293
1.4386189
1.4256876
1.4407122
1.3839896
1.3922122
1.4898053
1.4361047
1.426417
1.4198515
1.446101
1.3906608
1.4461724
1.3759202
1.447466
1.4025578
1.4583611
1.3881805
1.468021
1.3906162
1.4367511
1.4512988
1.4374561
1.4342375
1.4603634
1.4283828
1.472494
1.4288576
1.4406266
1.4374933
1.4420574
1.4144354
1.3993782
1.4079484
1.5026809
1.4278185
1.3903267
1.4191258
1.4345258
1.4154211
1.4029437
1.4361452
1.44571
1.4190447
1.3826735
1.4196091
1.4253768
1.4514844
1.4441993
1.3812898
1.4442837
1.4142513
1.4543309
1.3986278
1.4570808
1.441484
1.4323372
1.3858283
1.4121188
1.4055483
1.4337337
1.4274333
1.4597965
1.4070795
1.387823
1.408313
1.3974588
1.4161215
1.371177
1.4530368
1.4710878
1.4611208
1.446027
1.4355828
1.4362899
1.4080144
1.4231462
1.4674227
1.4475682
1.3907042
1.4043124
1.4221532
1.4405819
1.4187092
1.4075669
1.4251126
1.487161
1.4555284
1.4785475
1.4392842
1.401015
1.4290413
1.436429
1.4323332
1.386559
1.4373305
1.41361
1.4351757
1.4158179
1.4458599
1.4588974
1.4268293
1.4510702
1.4168459
1.4106617
1.4618487
1.4008262
1.4454858
1.4022367
1.4516325
1.4512439
1.417212
1.4058335
1.4224148
1.4743634
1.3978256
1.454532
1.3983241
1.4345021
1.4150978
1.4007878
1.4711363
1.3936858

1.451858
1.4552774
1.4367431
1.4286324
1.3916574
1.445501
1.4310899
1.3959066
1.4092292
1.438259
1.3903255
1.40573
1.4447912
1.4317956
1.4172837
1.4174625
1.4178289
1.3692441
1.4453821
1.3913124
1.4156078
1.4687921
1.4291997
1.4367425
1.4111289
1.4201479
1.4201225
1.3806832
1.4089035
1.3815924
1.4021536
1.4211292
1.392945
1.3970838
1.4422483
1.4328685
1.4353136
1.4328471
1.4889084
1.4176522
1.4107065
1.4011072
1.4014374
1.4357622
1.4471014
1.4316933
1.4427819
1.4475753
1.436359
1.4149014
1.4297019
1.4213349
1.4261482
1.433223
1.4044583
1.4133601
1.3786886
1.4071083
1.4049804
1.4190619
1.426703
1.4117188
1.4121035
1.4402864
1.4517635
1.333759
1.3811523
1.4320085
1.4448725
1.4197335
1.4292257
1.4038365
1.4020548
1.4622618
1.4123491
1.4386839
1.4253932
1.4818885
1.4092352
1.4150183
1.4250083
1.3927257
1.3495405
1.3710043
1.4048153
1.4235018
1.391673
1.4050854
1.4036052
1.4200776
1.3978813
1.4236841
1.4404788
1.3973072
1.4238061
1.4384571
1.4593009
1.389044
1.4362247
1.3957534
1.40702
1.4207562
1.4343257
1.4270418
1.434943
1.4180694
1.4019318
1.4486818
1.4180326
1.4404831
1.3967258
1.3861246
1.4406313
1.4043411
1.4777504
1.4198352
1.4146904
1.4691194
1.3937327
1.399654
1.4193764
1.4033554
1.42618
1.4433168
1.4376593
1.4097996
1.4059249
1.4328471
1.4122107
1.4290923
1.408807
1.4368453
1.4082211
1.4442254
1.4005176
1.4234835
1.4196532
1.4426912
1.3996863
1.4355551
1.3867376
1.3957721
1.4310879
1.3908938
1.4420809
1.454197
1.4245175
1.4399686
1.434644
1.3984416
1.4097011
1.4409183
1.465392
1.406129
1.4263172
1.4290643
1.4114783
1.3973353
1.4032817
1.4343598
1.3624263
1.4254911
1.399687
1.4371148
1.4098208
1.4222828
1.3925214
1.4642569
1.4014127
1.4076817
1.4302081
1.3734803
1.3992184
1.4159878
1.4410963
1.4365497
1.3781524
1.4105229
1.4207653
1.439186
1.4167786
1.428524
1.4448471
1.4262825
1.3951757
1.4010313
1.382419
1.3977456
1.4394519
1.419955
1.4100811
1.3814962
1.4079407
1.3798845
1.3920242
1.4492029
1.3967128
1.4303861
1.4008802
1.4053426
1.4198772
1.426276
1.4067959
1.4249586
1.4512655
1.4481269
1.4335696
1.4225677
1.4229845
1.4066558
1.4293373
1.4269774
1.4189444
1.3909059
1.4455751
1.4252137
1.3939582
1.4190315
1.4736683
1.4173257
1.4534057
1.4413865
1.4380541
1.4195974
1.4666922
1.4200542
1.3921807
1.4222686
1.4310052
1.410762
1.4384629
1.4132504
1.4261963
1.4386072
1.4687326
1.4346986
1.4214677
1.4085352
1.4639827
1.4265379
1.4225718
1.4224008
1.4220386
1.4276886
1.4002732
1.4044306
1.4275376
1.3901025
1.4277799
1.4077427
1.3878946
1.447175
1.4139
1.4277805
1.4079303
1.4281483
1.418103
1.4036062
1.3544048
1.4183913
1.4201493
1.4092966
1.4590744
1.4717704
1.4637572
1.4214606
1.429987
1.3991189
1.4176947
1.3964655
1.42934
1.4028963
1.4160554
1.4385806
1.396795
1.4061707
1.4121897
1.4289763
1.4486661
1.4044416
1.3913449
1.4091868
1.4273709
1.3823695
1.4185905
1.4069967
1.4033413
1.3968203
1.3847624
1.4556055
1.4362177
1.4236364
1.4195702
1.4223439
1.3996212
1.4454982
1.4128672
1.4286507
1.4268057
1.3972895
1.3954093
1.4224912
1.4198732
1.4318688
1.413046
1.4046861
1.4322153
1.4281605
1.4124475
1.4013394
1.422004
1.3999414
1.3986353
1.4285816
1.3813772
1.4385144
1.4057031
1.4067936
1.4590596
1.4274744
1.4304001
1.4212083
1.3745389
1.3758556
1.4101187
1.4041152
1.4003379
1.4442583
1.4162973
1.431687
1.4094774
1.4076165
1.4343982
1.4386027
1.412632
1.4483073
1.4281241
1.4368665
1.3706126
1.4355233
1.388641
1.4368933
1.4053205
1.4335326
1.428278
1.4341446
1.4318306
1.4073733
1.4209234
1.4174981
1.4240083
1.414907
1.415192
1.4197704
1.4364669
1.4233496
1.4130272
1.4165977
1.3981392
1.4393656
1.4126
1.3924892
1.419357
1.4402689
1.3929744
1.4215069
1.4572859
1.4323714
1.4056228
1.3851446
1.4346663
1.3926401
1.4311376
1.4226674
1.4150317
1.4322221
1.4169225
1.4152633
1.4151838
1.4338195
1.4147209
1.3810945
1.433703
1.4092572
1.4352494
1.4453145
1.4096318
1.4054171
1.4224427
1.4514912
1.4240658
1.4367054
1.4063088
1.3998852
1.4012972
1.4592346
1.4201597
1.3953817
1.3995069
1.4302912
1.4227132
1.411796
1.4288797
1.4290433
1.4178166
1.4427379
1.4324611
1.4183216
1.4277688
1.4606359
1.4422442
1.4117986
1.4181371
1.4466913
1.4383932
1.4296623
1.4539626
1.4314747
1.3960173
1.4186049
1.4098458
1.3674033
1.4073178
1.4036072
1.40776
1.4251567
1.4429449
1.4131856
1.4180087
1.368076
1.4182793
1.4441501
1.4560399
1.4320484
1.412953
1.3864158
1.4159553
1.4134626
1.3928087
1.4274921
1.4450042
1.3996919
1.4086095
1.4624697
1.4473214
1.4320728
1.4121884
1.448137
1.4273145
1.4119319
1.3923181
1.3974625
1.4031935
1.4316179
1.4184545
1.4073762
1.4639138
1.4286753
1.4032136
1.4189467
1.4113793
1.4188536
1.4137255
1.4491208
1.3970091
1.4249539
1.3929762
1.4295443
1.4364232
1.4239941
1.4412674
1.4332712
1.3698548
1.4001726
1.4346029
1.3932877
1.4199723
1.4121339
1.4242485
1.4460851
1.4445528
1.3928988
1.4280252
1.3956403
1.4497306
1.4383029
1.4084876
1.4443104
1.401064
1.4454379
1.4150374
1.3775901
1.4362165
1.3868878
1.3640442
1.4101228
1.4259387
1.4348193
1.4535301
1.4224353
1.4625914
1.4309014
1.3809406
1.3966525
1.4427406
1.4391524
1.463521
1.4555192
1.482722
1.4627935
1.448125
1.4011205

1.4144725
1.4323255
1.4226471
1.4450816
1.3938589
1.4468642
1.393024
1.4145497
1.4586743
1.433344
1.4195931
1.4283222
1.4067656
1.4343548
1.4430549
1.4236112
1.4150108
1.4098209
1.3893799
1.4031008
1.4036229
1.4197469
1.4075646
1.4123309
1.4264333
1.4064438
1.4162372
1.4183669
1.4032043
1.4260893
1.4154769
1.4456216
1.4350961
1.3934096
1.4159452
1.4217583
1.4198291
1.426441
1.4293374
1.4207499
1.4233627
1.4296448
1.4331889
1.4560905
1.4030437
1.4448924
1.4173522
1.4218194
1.4114705
1.4139206
1.4456044
1.4341036
1.4197941
1.4116979
1.4033052
1.4242874
1.44651
1.4240886
1.4067355
1.4041396
1.4392526
1.4038306
1.4134309
1.4190738
1.4321052
1.4238504
1.4541343
1.4331197
1.4241284
1.4449642
1.409635
1.4071783
1.4467025
1.4228563
1.4076505
1.4227703
1.4192703
1.4066256
1.3960992
1.4440663
1.410115
1.3991836
1.4216672
1.4176135
1.389753
1.4183465
1.4154508
1.4179845
1.4535979
1.4183165
1.454599
1.4317174
1.4210582
1.4455596
1.42413
1.4194809
1.4309992
1.4300356
1.3878584
1.3892016
1.4381145
1.4011861
1.4147527
1.4141417
1.4279933
1.4371395
1.4180315
1.4474396
1.4381552
1.4130788
1.4224191
1.4218575
1.4215449
1.407646
1.4167143
1.4283084
1.4179254
1.4149531
1.4207866
1.4522793
1.4089656
1.4040449
1.4275147
1.4046022
1.4293386
1.4104766
1.4217919
1.4144647
1.4173443
1.4360328
1.4033719
1.4472857
1.4271528
1.3880739
1.4286944
1.4163121
1.4308096
1.4268353
1.4081459
1.4515774
1.4203221
1.4342781
1.4116592
1.4444033
1.4057754
1.4413571
1.4157054
1.4304903
1.4158438
1.4263508
1.4481494
1.4191326
1.4317516
1.4453001
1.386894
1.437039
1.4213707
1.4312214
1.4435543
1.4034499
1.4215472
1.41667
1.4151496
1.4002104
1.4456637
1.4294354
1.4462304
1.4021686
1.4024386
1.4092155
1.4311575
1.4282844
1.4190545
1.4336164
1.4590675
1.4305761
1.4293306
1.4138063
1.4072831
1.4366628
1.4211544
1.4186572
1.4371585
1.4189011
1.3955007
1.4092331
1.4300345
1.4168506
1.4044906
1.4232697
1.4581814
1.4381099
1.434495
1.426176
1.4163381
1.402452
1.4316821
1.4281205
1.4208596
1.4247676
1.4269497
1.4087199
1.4163191
1.4219542
1.4207804
1.4271673
1.4217118
1.4516914
1.3762386
1.41735
1.444791
1.4363852
1.4299077
1.4077352
1.4145305
1.4098268
1.4258139
1.4578263
1.4232024
1.4040047
1.4208015
1.3978603
1.448947
1.4427313
1.4056531
1.3930739
1.4161937
1.4158688
1.4082283
1.3980719
1.4434314
1.4537916
1.4170697
1.4346623
1.4301486
1.453037
1.4210556
1.4007281
1.4215102
1.4443463
1.4369012
1.4110578
1.4411365
1.4047359
1.4505739
1.4365035
1.4196045
1.417592
1.4400941
1.4155164
1.4257807
1.4140368
1.4403114
1.4255189
1.4366789
1.3876312
1.440753
1.4218571
1.4219619
1.3865372
1.4297407
1.4160393
1.4448639
1.4153233
1.4519262
1.4343853
1.4512725
1.4493589
1.4327873
1.4100925
1.398264
1.4000883
1.4343698
1.3957906
1.396995
1.4417348
1.452854
1.4023937
1.3990802
1.4104387
1.4084574
1.4101889
1.4349043
1.3925153
1.4329836
1.4091593
1.4128183
1.4055375
1.4370816
1.4125746
1.4254175
1.4037862
1.4143642
1.4187285
1.4402797
1.4342551
1.4467134
1.4212376
1.4022833
1.4036609
1.4079043
1.435228
1.4228315
1.4060411
1.4281709
1.4236301
1.4109036
1.4212567
1.4088783
1.4288793
1.4109854
1.4070776
1.4096894
1.4392636
1.4111247
1.4059793
1.4090612
1.4121611
1.4273002
1.4183077
1.4500974
1.4029323
1.4391389
1.4130157
1.4132448
1.420765
1.4123939
1.4342337
1.4406257
1.4053298
1.4159764
1.4171757
1.427301
1.4269193
1.4363489
1.4069686
1.4563658
1.4457703
1.4275874
1.4235624
1.4363539
1.4497426
1.4058664
1.4306943
1.4322078
1.426032
1.4300277
1.4200412
1.4297733
1.4179251
1.4145838
1.4373511
1.4251304
1.4034767
1.4007267
1.4126296
1.401369
1.4240656
1.3941015
1.4367048
1.425403
1.4315729
1.435537
1.4162024
1.423752
1.4334688
1.4006115
1.4140661
1.429049
1.425261
1.4155844
1.4165741
1.4083753
1.4139594
1.4294302
1.4042964
1.4260259
1.426675
1.4459243
1.4315102
1.4364097
1.4201533
1.4135706
1.4197298
1.4017419
1.4427462
1.4505825
1.4295313
1.4032018
1.4080148
1.4031438
1.4045421
1.4139658
1.4335936
1.4436392
1.4098724
1.4404391
1.4178556
1.4523473
1.42759
1.4498805
1.4101639
1.4171141
1.4024556
1.4435447
1.4279691
1.4131795
1.4270147
1.4062605
1.4265549
1.3999262
1.4447153
1.4240022
1.4285346
1.4349382
1.3963566
1.4010259
1.4092928
1.4203043
1.4116355
1.4199078
1.4409375
1.4414642
1.4101641
1.4170206
1.4315537
1.4430203
1.4146832
1.4176662
1.4110736
1.458886
1.4404345
1.4198393
1.4416325
1.400336
1.4356687
1.3867362
1.4588524
1.4162664
1.424203
1.4180532
1.4514427
1.422271
1.4169012
1.3984528
1.4308585
1.4265673
1.403038
1.4271774
1.4352973
1.4174563
1.4138992
1.420383
1.4367626
1.4305277
1.416544
1.4236282
1.4555411
1.4225686
1.4047854
1.4347049
1.4115384
1.4147701
1.4004276
1.4532576
1.3873236
1.4223274
1.4215479
1.4154824
1.4254212
1.3731308
1.4144481
1.3839629
1.4329783
1.4405162
1.4089413
1.4130665
1.4662157
1.4474353
1.4091787
1.4082375
1.4065913
1.4356819
1.443904
1.4215033
1.439479
1.4493369
1.4252636
1.4010986
1.4090166
1.4177383
1.4357141
1.4155757
1.4176774
1.4356955
1.437037
1.4163737
1.4205531
1.3926734
1.4254972
1.4548299
1.4024601
1.4157902
1.4243442
1.4352088
1.4036835
1.4306009
1.443531
1.4092666
1.4631922
1.4355531
1.4291024

1.4314553
1.4352821
1.4021188
1.3928338
1.405952
1.4496294
1.417926
1.4343443
1.4178015
1.4151988
1.4309679
1.4319777
1.4353296
1.4325795
1.4278294
1.4126962
1.4216092
1.4084474
1.4070457
1.3950353
1.4381212
1.4319605
1.4039005
1.4096416
1.4252056
1.4187808
1.4391248
1.4487576
1.3922944
1.4413418
1.4095565
1.4480004
1.3985549
1.4157897
1.4035678
1.4142016
1.4148382
1.4279957
1.429093
1.4229002
1.3898858
1.4259782
1.3993882
1.3963089
1.4141629
1.3842425
1.4205804
1.4234045
1.4361835
1.4347469
1.4029282
1.4330164
1.4275188
1.434409
1.4280852
1.4112047
1.4139954
1.4373602
1.416561
1.4085368
1.4137471
1.4293035
1.4004978
1.4019951
1.4030752
1.4145198
1.4059885
1.4073465
1.4291922
1.4444014
1.3880452
1.435503
1.4305167
1.3943597
1.438067
1.4161713
1.4017295
1.4359754
1.4209427
1.4100863
1.4408075
1.4178617
1.4314061
1.4229786
1.4322046
1.4028636
1.40181
1.4353929
1.402163
1.4116858
1.4265255
1.4241108
1.3981922
1.4303328
1.3986999
1.4148209
1.4210428
1.4445658
1.4185687
1.4532686
1.4141085
1.4202596
1.4222269
1.4090972
1.4179475
1.416243
1.4240757
1.4251182
1.4217715
1.4020873
1.4114598
1.4197341
1.4394274
1.4174874
1.421181
1.394153
1.3916503
1.4326991
1.4233598
1.4472729
1.401709
1.4070672
1.4073925
1.4171973
1.4285787
1.4356922
1.4310217
1.4297048
1.4311293
1.4182634
1.4308013
1.4243509
1.4162219
1.4373635
1.4323715
1.4147385
1.4358703
1.4088234
1.4402536
1.3983092
1.4378253
1.4181805
1.4020665
1.4075303
1.4029081
1.3830941
1.4403807
1.4160421
1.4067911
1.4174838
1.4239287
1.4437422
1.4382682
1.4295528
1.4217741
1.4316413
1.42738
1.4444174
1.4055809
1.4196062
1.4209255
1.4530474
1.4353869
1.4258312
1.4401194
1.4098852
1.4411827
1.4220426
1.4384857
1.4358704
1.412202
1.4265387
1.4273864
1.4173056
1.3902221
1.4226414
1.4140837
1.4254326
1.4275526
1.4279573
1.4132158
1.4302957
1.4127495
1.4137559
1.4227836
1.4158009
1.3924663
1.4171214
1.4023399
1.4064188
1.4397261
1.4365584
1.4426821
1.4227397
1.4210337
1.4319984
1.4357247
1.4173685
1.4047955
1.4027232
1.4211218
1.463549
1.4230356
1.4371142
1.4068232
1.4216675
1.4399645
1.42209
1.4067575
1.4345311
1.4165804
1.4070398
1.4085419
1.4411553
1.418795
1.4307872
1.4175243
1.4074097
1.4161049
1.4482452
1.4305559
1.3906554
1.4037943
1.4381471
1.4125419
1.4010884
1.4169163
1.4258583
1.4140416
1.4304832
1.4251351
1.4222182
1.4637232
1.4091263
1.4307507
1.4458148
1.4280905
1.4245918
1.4220912
1.4128969
1.4296297
1.4012426
1.4387976
1.4234383
1.4201856
1.4283249
1.4238529
1.4133091
1.4240899
1.4131279
1.4606513
1.458049
1.4390059
1.3969505
1.4160752
1.447929
1.4176469
1.4350488
1.4485449
1.4168441
1.4256165
1.4063174
1.4345564
1.4319068
1.4307535
1.4413651
1.4009144
1.4253439
1.423249
1.4334874
1.3987345
1.4092091
1.4030964
1.394006
1.4063623
1.4514483
1.4136993
1.4295344
1.3981826
1.4257703
1.3996503
1.4136298
1.418514
1.3781424
1.4077508
1.4072574
1.3954453
1.4196242
1.4268285
1.4327582
1.4551158
1.4125966
1.4196262
1.4239405
1.4225508
1.4081811
1.4426717
1.410564
1.3927662
1.4262339
1.3995436
1.4393653
1.3881583
1.4387302
1.4173954
1.4199945
1.4213082
1.3970295
1.4100292
1.4424404
1.4297829
1.4289807
1.4035739
1.4245968
1.4200693
1.4122721
1.4382885
1.3953001
1.4126785
1.3978267
1.3805488
1.4208823
1.4364312
1.4165018
1.4405434
1.4424162
1.4029585
1.4380102
1.4153403
1.4331454
1.4584395
1.4052835
1.3944784
1.4212233
1.423647
1.456446
1.4330059
1.4297237
1.4121745
1.4253912
1.4174426
1.4212854
1.4277086
1.4334372
1.4310651
1.4358578
1.4463786
1.4104433
1.4207909
1.4161862
1.4569798
1.410961
1.431699
1.4181157
1.4232326
1.3942908
1.428147
1.3995883
1.4257066
1.4048853
1.4317633
1.4161319
1.4384727
1.4276272
1.4005969
1.4197149
1.4134835
1.430864
1.4563817
1.4041471
1.4342048
1.4444969
1.432728
1.4304767
1.3988025
1.4431142
1.3927717
1.451755
1.4220426
1.4209151
1.4251931
1.4001942
1.4115486
1.4112368
1.4084139
1.4347252
1.4168937
1.4128672
1.4099741
1.4466414
1.4321058
1.4191084
1.4478383
1.4241468
1.4365051
1.4200711
1.413636
1.3983912
1.4194129
1.4099244
1.4335122
1.4437472
1.4200624
1.424112
1.4302009
1.4315277
1.4296271
1.4409412
1.4264021
1.4226351
1.4063053
1.4046053
1.3953508
1.4101168
1.4259231
1.408219
1.4577733
1.416843
1.4089141
1.4015102
1.4105115
1.4235033
1.455184
1.4472827
1.4339508
1.4344132
1.4107115
1.4153934
1.4139488
1.4075683
1.4035772
1.4188486
1.4510622
1.4124254
1.4286343
1.4065473
1.4438998
1.4387363
1.4084169
1.4245477
1.4211708
1.4146423
1.4236995
1.4150425
1.4207665
1.4143686
1.402028
1.3740755
1.4217352
1.4136364
1.4135092
1.4411026
1.425757
1.4020461
1.4135941
1.4185688
1.411685
1.409884
1.4024419
1.4427948
1.4105077
1.4021548
1.4162354
1.4308629
1.3944415
1.4187576
1.4253733
1.4290596
1.408194
1.4486737
1.4108335
1.4049085
1.4188362
1.4251373
1.4461377
1.4296569
1.4285414
1.4292352
1.4157183
1.4345444
1.4083335
1.4209512
1.423009
1.4283423
1.4102595
1.3931335
1.4169834
1.3947132
1.4236141
1.413594
1.4127377
1.416319
1.4206315
1.402695
1.4129963
1.4282442
1.4332789
1.4189787
1.4115149
1.4428458
1.4417982
1.4193499
1.4203163
1.4209291
1.4183546
1.4309322
1.4147847
1.4422693
1.4368838
1.4251757
1.4281831
1.4110161

1.4215178
1.4240063
1.4107846
1.4324272
1.4174345
1.416656
1.4353813
1.4166348
1.4016743
1.3908987
1.4161018
1.3986596
1.4100847
1.403308
1.4230008
1.4419705
1.3959666
1.4202882
1.4182273
1.4150414
1.4259737
1.4000201
1.391717
1.3863231
1.4277933
1.4419893
1.3891205
1.4372901
1.4485193
1.4148635
1.430106
1.4198352
1.3969184
1.4276841
1.4294999
1.4250729
1.4036393
1.4160317
1.3915815
1.4110698
1.4583535
1.4094751
1.443812
1.4202973
1.4187065
1.4260361
1.3649791
1.4250699
1.4161707
1.4143901
1.4598663
1.446876
1.4068567
1.4366981
1.4347618
1.4282396
1.3908598
1.4032539
1.4458171
1.4232368
1.4513421
1.4207692
1.4089375
1.4222933
1.4182774
1.4233484
1.4107103
1.3832151
1.4004761
1.4472944
1.4214953
1.4650123
1.4191285
1.3905935
1.429815
1.3986533
1.42676
1.4312484
1.42945
1.4217677
1.4307443
1.4118232
1.3940858
1.3959332
1.4094216
1.4193876
1.4322404
1.4234593
1.4286451
1.4401355
1.4452657
1.4088975
1.4426287
1.4100163
1.4186739
1.4121407
1.3885692
1.467556
1.4058553
1.3990784
1.4275825
1.4261438
1.414053
1.41615
1.4105885
1.4121301
1.4353361
1.425204
1.4017502
1.4289787
1.409152
1.4179815
1.4156196
1.4179467
1.4147958
1.398763
1.4292674
1.4091374
1.407517
1.4112608
1.4251561
1.449616
1.3877025
1.4012271
1.4490057
1.3769611
1.3893031
1.4052575
1.4185133
1.4024911
1.3909425
1.4223449
1.4338976
1.4080625
1.4080482
1.405178
1.4206591
1.418743
1.3960626
1.4126685
1.416635
1.3996261
1.4311793
1.4407979
1.4297444
1.4283317
1.4205146
1.408057
1.4507233
1.4225671
1.4281001
1.4329749
1.4386048
1.4437091
1.4189819
1.4247137
1.3995769
1.4205594
1.4232345
1.4092897
1.4292045
1.406942
1.4195721
1.4358441
1.4046558
1.4333954
1.4684889
1.4388227
1.4097843
1.4192244
1.4061269
1.414605
1.4164599
1.4270526
1.4110651
1.4138339
1.4268004
1.3894047
1.3930539
1.4677887
1.4182523
1.4326297
1.418755
1.4250518
1.4163327
1.4181837
1.4193286
1.4003567
1.3918864
1.4249612
1.4007059
1.4237597
1.4168112
1.3993801
1.414347
1.4131837
1.4275047
1.4247314
1.4107208
1.415997
1.4184108
1.4264662
1.4133334
1.3970027
1.4434322
1.4295071
1.429371
1.4029473
1.4297494
1.4215363
1.4250014
1.444152
1.4392842
1.3948433
1.4209017
1.4292599
1.4150405
1.439857
1.4251382
1.4337289
1.409527
1.4046595
1.419797
1.4166147
1.4295822
1.404193
1.4299691
1.437139
1.4178008
1.4410121
1.4494581
1.4099921
1.412423
1.4238187
1.40944
1.4112695
1.4234213
1.4604564
1.4079758
1.4083015
1.4004394
1.4318206
1.4442698
1.4265714
1.4347888
1.4166412
1.4263014
1.391377
1.3841673
1.4030718
1.4149264
1.45139
1.4232891
1.4242369
1.4456788
1.3974069
1.417218
1.4398049
1.4566076
1.435395
1.4147617
1.4206443
1.4354812
1.4114057
1.4166279
1.4281468
1.4083573
1.4117733
1.4202352
1.4299226
1.4279741
1.4166929
1.4363481
1.3942816
1.4206235
1.4350941
1.4359282
1.3831428
1.4276809
1.4149381
1.4281448
1.4245615
1.4399003
1.4090879
1.4091958
1.4239041
1.4308106
1.430206
1.4538125
1.3950752
1.4573969
1.3954633
1.4158809
1.4206301
1.418458
1.4351262
1.4101422
1.3886316
1.4079812
1.397741
1.444578
1.4413923
1.4249072
1.4174832
1.4177207
1.4305024
1.4302485
1.4146432
1.4089038
1.3926338
1.4305505
1.4070545
1.4203209
1.396972
1.4307524
1.4279522
1.4458487
1.4294499
1.4252492
1.4325383
1.4228725
1.4252492
1.4397691
1.397831
1.4247763
1.4114852
1.3903471
1.3977681
1.4506037
1.4416435
1.4573206
1.4151791
1.4124908
1.4318253
1.376879
1.3781521
1.4264795
1.429478
1.4304116
1.4373322
1.4090852
1.4018947
1.4449753
1.4054253
1.4094558
1.4417698
1.4171085
1.4477352
1.4275956
1.4419186
1.4212654
1.4101825
1.412285
1.4036384
1.439978
1.4077457
1.396602
1.3933234
1.4509413
1.4212635
1.4046338
1.4277618
1.4350667
1.4095565
1.3853601
1.4433339
1.4256938
1.403922
1.428256
1.4306575
1.4111418
1.4059383
1.4286857
1.4517986
1.4210082
1.4180192
1.4333221
1.4192135
1.4040322
1.392892
1.4181722
1.4294367
1.4612474
1.4693584
1.4383264
1.4217231
1.4131093
1.420082
1.4193522
1.4236025
1.4010402
1.4093496
1.410449
1.3941275
1.4316195
1.4068801
1.4276106
1.4217469
1.432919
1.4195077
1.406205
1.409644
1.4254099
1.418266
1.4237
1.4232336
1.4103355
1.3995049
1.389032
1.4115202
1.4372759
1.4184206
1.3825928
1.4366913
1.4171929
1.4242575
1.4522018
1.4133557
1.4219896
1.4087648
1.4144033
1.4202297
1.3923544
1.439507
1.4163698
1.4199504
1.4151036
1.4550961
1.4121261
1.4158705
1.421107
1.4387059
1.4397017
1.3910128
1.4015115
1.4138652
1.4278265
1.4204828
1.4424015
1.4102938
1.40809
1.4068582
1.4321107
1.4124616
1.3933065
1.4156604
1.4218265
1.4162261
1.4238127
1.4281011
1.3929373
1.4008758
1.4159486
1.4344686
1.3843708
1.4053243
1.4609827
1.412033
1.4402688
1.3983146
1.4285523
1.4491313
1.4022428
1.4213787
1.3953001
1.4107352
1.419706
1.438471
1.4101623
1.4161499
1.4265143
1.4561075
1.3948256
1.4211307
1.4284428
1.4039423
1.409999
1.426644
1.410764
1.4459208
1.4553193
1.3921046
1.4387587
1.4340328
1.4433218
1.4125872
1.4252437
1.4075638
1.4261323
1.4321806
1.420722
1.4155304
1.4162223
1.4148885
1.4431328
1.4062756
1.4308163
1.4306445
1.3895627
1.4530907
1.3971778
1.4450582
1.3875241
1.4210637
1.3722095
1.4164741
1.451903
1.4223052
1.4188708
1.3895631
1.4445876
1.413453

1.4316179
1.4014753
1.4325694
1.4398558
1.4209563
1.4564416
1.4383951
1.3716038
1.430377
1.4357365
1.4204946
1.4374217
1.4442654
1.4199927
1.4186218
1.4276832
1.4042747
1.4190066
1.4202944
1.4060575
1.4296112
1.425757
1.4152801
1.4126942
1.416949
1.4327394
1.4102913
1.4197071
1.4083931
1.3978943
1.4422183
1.4122779
1.4420279
1.4062114
1.4332018
1.3988707
1.4187133
1.3989809
1.4317122
1.4262967
1.4304914
1.4332962
1.3938065
1.3923311
1.4338893
1.438805
1.4057239
1.4299679
1.3972027
1.4589769
1.3970753
1.4334322
1.4457057
1.4267912
1.4421647
1.4221067
1.3988156
1.4158354
1.3983791
1.413876
1.4093219
1.4595011
1.4434084
1.4164286
1.4206016
1.4341943
1.412222
1.4074348
1.4301322
1.4435066
1.4219687
1.4099376
1.4189453
1.460368
1.4401412
1.4504411
1.4415741
1.4069438
1.440295
1.4158542
1.4242243
1.4272683
1.43268
1.4446168
1.4237802
1.4012312
1.3985022
1.4387741
1.4421244
1.4163904
1.4457198
1.4372903
1.4238824
1.3974162
1.4410553
1.3990614
1.4245567
1.3937275
1.4175572
1.4046263
1.4254271
1.4235036
1.4059963
1.3952831
1.4180076
1.4384402
1.4493117
1.4240031
1.3957521
1.4298525
1.417475
1.3928671
1.4268866
1.437588
1.4172032
1.4362428
1.4677951
1.4097087
1.4223304
1.4231926
1.425438
1.4084179
1.390452
1.4157648
1.4285458
1.4251621
1.4156555
1.4271716
1.4276284
1.4179249
1.3941656
1.4128094
1.430462
1.3955678
1.417852
1.4478418
1.4377425
1.3899899
1.4162647
1.4483175
1.4455241
1.4136627
1.4206825
1.4471583
1.4112078
1.412887
1.4323307
1.429933
1.3818797
1.4077307
1.4347626
1.4118309
1.4009895
1.4011036
1.4390774
1.4150039
1.445012
1.4060504
1.4178377
1.4109331
1.4183681
1.4262062
1.4089497
1.4081664
1.4124008
1.4062601
1.4008365
1.4360399
1.4169837
1.396926
1.406237
1.4100372
1.4183823
1.4416155
1.4092333
1.4276857
1.4326011
1.4001609
1.4245669
1.4319803
1.4204012
1.4306998
1.4029471
1.4407802
1.4004925
1.4430338
1.4218048
1.4222956
1.4639977
1.4093947
1.4447896
1.414239
1.4147574
1.4408442
1.4277496
1.4117758
1.4439108
1.3890418
1.4059815
1.4080614
1.4263202
1.3805653
1.3944894
1.4092176
1.4164345
1.4318482
1.4033614
1.4444926
1.4273566
1.3812268
1.4336908
1.422415
1.3946162
1.4098848
1.4361012
1.4021173
1.4214369
1.390128
1.4192373
1.3929979
1.421238
1.4065237
1.4369804
1.4253539
1.4345591
1.4302065
1.4346272
1.4152268
1.4377817
1.4264197
1.4264542
1.3981599
1.4310832
1.4146669
1.4340708
1.4257292
1.4325036
1.4239007
1.4084647
1.4251196
1.4388998
1.42849
1.4256302
1.4241357
1.4295695
1.4010512
1.4323361
1.4192351
1.4237524
1.4192216
1.4226569
1.4143662
1.4416064
1.4008614
1.410941
1.4283199
1.4051688
1.3883742
1.4204768
1.3952585
1.4192501
1.4066426
1.3992525
1.4305856
1.4180988
1.4209853
1.4195598
1.4318867
1.4373811
1.4345694
1.4151887
1.4163097
1.4260725
1.4472027
1.427313
1.4177433
1.421137
1.4148104
1.4224647
1.4233562
1.4303355
1.4247333
1.4149302
1.412281
1.4523641
1.4384519
1.4157097
1.4287872
1.4113958
1.4021783
1.4071883
1.4326673
1.4364014
1.4410596
1.4225599
1.3875684
1.4169618
1.4581409
1.4237245
1.4050988
1.4115481
1.4170454
1.4183129
1.4233165
1.4237708
1.4119191
1.3985511
1.4251615
1.4615973
1.4305123
1.3928393
1.4303771
1.3861449
1.4539548
1.4517981
1.4537381
1.4138836
1.4156418
1.4330469
1.4108759
1.4232638
1.4198766
1.4094379
1.4242857
1.4296222
1.4074178
1.4383067
1.4067802
1.4140422
1.4047825
1.4153864
1.4335625
1.4075534
1.4303707
1.4182458
1.4204196
1.4150193
1.4144006
1.4169853
1.4069915
1.4156549
1.4153122
1.4173472
1.4431882
1.4292389
1.4361602
1.4212571
1.4288516
1.4518669
1.402396
1.4181886
1.42268
1.4063663
1.4264859
1.4217105
1.4158688
1.4181067
1.4106039
1.4335685
1.4308714
1.4395778
1.3942122
1.4377851
1.3788742
1.431134
1.4165306
1.4358981
1.4363055
1.4351431
1.4195309
1.4176679
1.4173033
1.4142027
1.4041443
1.4293367
1.4125327
1.416747
1.4142607
1.4216734
1.3979636
1.434532
1.4224597
1.4241682
1.4047827
1.4082241
1.4108974
1.38783
1.3974053
1.4432244
1.4246719
1.4071462
1.4300116
1.4152464
1.3996531
1.4258299
1.418733
1.4079416
1.4254682
1.4309719
1.4202114
1.4276508
1.405443
1.4070488
1.4140993
1.3943785
1.411538
1.4249744
1.3874254
1.4099151
1.4361831
1.4566176
1.3965871
1.4183608
1.3995156
1.4542123
1.4384855
1.4315963
1.4258953
1.4422807
1.433208
1.409817
1.3978686
1.4010019
1.4032913
1.4476398
1.4193069
1.4240004
1.4376723
1.4238334
1.4158089
1.4539964
1.4178176
1.4493722
1.3864384
1.4334804
1.4101715
1.4453037
1.4329885
1.402509
1.4450086
1.4160688
1.4374226
1.4141338
1.4148874
1.4280646
1.4107351
1.4376727
1.4293935
1.4413314
1.4040558
1.4315872
1.4065604
1.43236
1.4187844
1.4167475
1.418988
1.4015356
1.4070946
1.4173403
1.4342796
1.4084214
1.4150717
1.4166492
1.3977937
1.4491118
1.4207395
1.421764
1.403192
1.397804
1.4321238
1.4160095
1.4073659
1.4386873
1.4236244
1.4117347
1.3994356
1.4194272
1.3841377
1.4347376
1.4298809
1.4388349
1.4066302
1.4126444
1.4323468
1.4416164
1.407563
1.4341673
1.3915112
1.443206
1.4278051
1.4004025
1.4047663
1.416293
1.4061404
1.4433032
1.3948233
1.4210986
1.4363497
1.4151367
1.4418502
1.4363946
1.4309642
1.4289657
1.4078088
1.41229
1.3949251
1.4321699
1.3844506
1.436154
1.3983415
1.4041593
1.439721

1.4110862
1.4129542
1.4232342
1.426945
1.3916045
1.4553728
1.4240928
1.4578
1.4254119
1.4306294
1.4313576
1.4222175
1.4340436
1.4424889
1.4130006
1.4315406
1.4439874
1.4385256
1.4180152
1.4339964
1.412067
1.4073032
1.407631
1.451049
1.4139646
1.4090489
1.430328
1.4025426
1.4316685
1.4234087
1.4420391
1.4399889
1.4178418
1.4087589
1.3993288
1.4006724
1.4305798
1.421623
1.4380845
1.434503
1.416137
1.4095746
1.430536
1.4277295
1.4233733
1.4052799
1.4067048
1.4331717
1.4236819
1.4334562
1.422101
1.425266
1.4095625
1.4130125
1.3918537
1.4162318
1.4345242
1.4151869
1.396578
1.4428898
1.4100126
1.4283502
1.4082268
1.4341853
1.4183785
1.4206357
1.4110605
1.43537
1.4189758
1.4173126
1.4312373
1.4029332
1.4294406
1.4139978
1.4090577
1.4185907
1.4167325
1.4238896
1.3703197
1.4384036
1.4181278
1.4001553
1.4169246
1.4355586
1.398529
1.4123846
1.4428264
1.4338592
1.4297168
1.4150335
1.3901296
1.3929523
1.4219157
1.4173627
1.4173057
1.4212523
1.4376671
1.4137301
1.4009486
1.4284573
1.4067323
1.4063323
1.407055
1.4389014
1.4320152
1.4212635
1.4038167
1.4168023
1.4202135
1.4342871
1.4190601
1.411056
1.4194556
1.4196558
1.3998884
1.4283364
1.4126624
1.3951358
1.4090445
1.4088907
1.437337
1.419189
1.4457976
1.4319367
1.4077438
1.4118073
1.4061366
1.4256024
1.418666
1.4402583
1.4329482
1.4411927
1.4527404
1.427056
1.4282728
1.4152769
1.3954375
1.4177567
1.4385712
1.4138134
1.4286706
1.3990201
1.4061167
1.4117324
1.4394485
1.4079924
1.4332998
1.3923483
1.4233991
1.4450984
1.4225358
1.3991954
1.4198773
1.4187375
1.4094708
1.4126617
1.3945023
1.4164588
1.4206628
1.3970051
1.435465
1.4319532
1.4598765
1.4248368
1.3837423
1.399443
1.4460866
1.4515682
1.4279733
1.4148437
1.4292941
1.4127222
1.4102274
1.4134923
1.4131504
1.4148204
1.4102085
1.4343399
1.4254657
1.400334
1.4581281
1.4385691
1.4044656
1.4309131
1.4140465
1.4379162
1.4346024
1.4200788
1.4337931
1.428174
1.412286
1.3944136
1.4011596
1.4295274
1.4171193
1.434239
1.4183581
1.4206283
1.4224702
1.4408765
1.4223263
1.4077977
1.3980995
1.4134442
1.4501126
1.4521699
1.4364761
1.402018
1.4268328
1.3974981
1.4105004
1.4162259
1.3851244
1.4229115
1.4459718
1.405226
1.4319478
1.4517047
1.452771
1.4155143
1.4228609
1.3925998
1.4345995
1.4221863
1.3988336
1.429539
1.4103428
1.4105084
1.3990467
1.4200677
1.4088777
1.4690433
1.411493
1.4365557
1.4582334
1.4343412
1.4047877
1.4083741
1.410555
1.431967
1.4178418
1.4272863
1.4068296
1.4221214
1.4335415
1.3787042
1.421579
1.4517691
1.4242245
1.4284713
1.4099646
1.4180694
1.4285858
1.4108713
1.439079
1.4057927
1.426513
1.4102006
1.4221169
1.4161708
1.4260637
1.4124671
1.4460188
1.4408871
1.4064219
1.4309239
1.4298663
1.4182545
1.4325744
1.4021491
1.4474297
1.431085
1.4217999
1.4461818
1.4464805
1.3908001
1.4412177
1.4115455
1.4038303
1.3922505
1.4241496
1.4027898
1.4268056
1.4015735
1.4205589
1.4038718
1.4029495
1.4296504
1.4111528
1.402294
1.4177736
1.435463
1.4210521
1.425647
1.4258219
1.4313346
1.4143574
1.3824235
1.400054
1.4042144
1.4114941
1.457708
1.4547024
1.4200665
1.429781
1.4272892
1.4425623
1.4277117
1.4286767
1.4075782
1.4194622
1.3995615
1.4417862
1.3885132
1.4479539
1.424702
1.3945035
1.3916439
1.4040985
1.4103502
1.4522947
1.4033217
1.4223408
1.4049689
1.4189891
1.4219552
1.3925375
1.4230664
1.4124178
1.4300165
1.407823
1.4240583
1.4267355
1.4059086
1.4255595
1.4150746
1.4338615
1.4125698
1.4315397
1.4468586
1.4277328
1.4024938
1.3942113
1.3975512
1.4183595
1.4041612
1.4374129
1.3881679
1.4217068
1.4169093
1.4148252
1.41358
1.4045995
1.4417378
1.4136341
1.4273038
1.4404835
1.4109846
1.4158764
1.4377813
1.4225268
1.4238904
1.4294702
1.428434
1.4196935
1.4566772
1.4172951
1.3932664
1.3939921
1.3978611
1.4429957
1.4248872
1.4106584
1.4372517
1.4088798
1.432767
1.3985955
1.4187096
1.4011196
1.4155695
1.4215994
1.4109215
1.4202503
1.4015127
1.4162419
1.4359237
1.4441577
1.4586459
1.4015716
1.4200047
1.4069275
1.3757151
1.4102056
1.4281784
1.4277414
1.4215479
1.4056425
1.4002904
1.4020545
1.4074126
1.4638392
1.4407313
1.4338815
1.4120338
1.4037437
1.4013586
1.3989911
1.4115667
1.4081365
1.416367
1.4420099
1.4379555
1.4306551
1.4223928
1.4091742
1.4100873
1.4389426
1.4174942
1.4153085
1.4093467
1.3857405
1.4293617
1.4140049
1.4501135
1.4018849
1.4164678
1.4523191
1.4699293
1.4081699
1.414185
1.412366
1.4377799
1.4246771
1.4103838
1.4057618
1.4409477
1.4043511
1.3917629
1.4217834
1.429163
1.3930372
1.4199437
1.4253137
1.4408449
1.4192603
1.4010229
1.4332184
1.4175467
1.4047989
1.4313227
1.4358785
1.4223541
1.4246069
1.3895987
1.4483058
1.4102353
1.4184707
1.4006859
1.4217551
1.4124565
1.433093
1.4112331
1.3994453
1.4340124
1.4395583
1.4242693
1.421711
1.4185904
1.4119455
1.4217211
1.39694
1.4274583
1.4388918
1.4233996
1.4215792
1.419403
1.4192549
1.4093032
1.4527029
1.4171296
1.4223324
1.4235439
1.4156103
1.3904345
1.4032577
1.4192584
1.4199618
1.4169624
1.4378402
1.4237689
1.4167548
1.4143496
1.4401343
1.4299502
1.4002182
1.4297435
1.4079549
1.4342283
1.4129212
1.3954204
1.3968892
1.424122
1.4067384
1.4244622
1.4212544
1.432664
1.3897862
1.4136657
1.4289656
1.4349275
1.427042
1.3956308

1.719969
1.6462413
1.626616
1.5928146
1.6519134
1.6452041
1.6297405
1.7339443
1.726726
1.7083116

