0.6438519
1.5507807
0.9906604
0.9514432
2.1152534
1.9761711
0.921744
0.62058675
0.9026538
1.149069
1.0315175
1.1818292
2.0373363
0.6978513
0.93507373
0.74743366
0.9815495
0.6256238
0.6453706
1.58857
1.6615481
1.8190339
1.5150164
0.7075672
1.3425478
1.9725156
1.465228
1.3370494
1.707788
0.4987986
1.7530427
1.0409673
1.1647768
0.33452415
0.7638233
0.42961228
1.0131989
1.1556776
1.2521496
1.752561
1.5431085
0.7530371
1.5042974
1.1264182
1.3256514
1.0559065
1.6065959
1.190596
1.3741169
1.4741113
1.9305127
1.4035081
1.936528
1.0638263
1.4841521
1.4130591
1.6881471
1.1496121
1.7037842
0.88883924
0.5923395
0.623911
1.002341
2.4358559
0.8650633
0.73983526
1.402112
2.2326193
2.0928764
1.6869833
1.1383362
1.0642086
1.0031528
1.4516522
0.72197556
1.610344
0.93421125
1.4195458
1.226113
0.33416724
0.8376856
1.8436741
1.4987303
0.6189387
0.83819187
0.93453
1.1522127
1.9605318
1.2792262
0.5610603
2.0802593
0.4446131
1.952457
2.093973
1.2113757
0.9104887
2.028409
1.1514853
1.9301833
1.447926
0.5612676
1.5370283
1.5036564
0.54978645
0.9538735
1.2450005
0.86985755
1.5020807
1.3055915
1.1738344
1.5534074
1.7268257
1.0025095
1.53596
0.160846
1.444358
1.0466677
1.1163425
0.9801315
0.74623513
1.0880382
0.738137
1.5681609
1.4891561
1.3542448
0.20082808
0.8114419
2.015834
1.9831901
1.3263278
0.85982096
0.9295111
1.4665407
1.2192106
1.3399167
0.9252622
1.4362112
0.5466862
0.8277563
1.6388065
2.2380483
0.882215
1.7528343
2.7570696
0.33472228
1.4206411
0.65677583
1.670535
1.4555378
1.4615437
1.9560384
1.0886037
1.1942158
0.7848189
1.8636086
1.2832056
1.3081032
1.7478691
0.98736024
2.2901773
0.2509917
1.6810157
1.617181
2.1899495
0.96874475
1.50376
2.1805677
1.1870716
0.81570125
0.9941274
1.5117327
1.375125
1.5733362
0.86470234
2.0496683
1.5053235
1.3106532
1.6585957
0.7436497
1.0740801
0.6670226
1.1992784
1.2874616
1.0348569
1.4913303
1.2146132
1.020027
1.3024621
1.6727355
1.1557164
1.9350753
1.6527965
1.7280692
0.1909256
1.2857001
0.5770061
1.1198416
2.175633
1.774622
1.3432473
1.4232914
0.89601827
1.3435229
0.61654973
1.7243675
1.7855451
1.1309091
2.0112982
1.8468131
1.0602062
1.126359
1.4350653
0.9268445
2.3116455
0.16251218
0.36409092
1.4158945
0.9335487
0.6275979
1.2079868
0.9560621
1.2332422
0.0059781075
1.4673597
1.0163171
1.396792
0.8585911
0.89374125
1.3556397
1.4962234
1.1690588
0.87057424
0.52773845
0.21912456
2.645986
1.0625411
0.97932446
1.9331967
0.30266905
1.5088276
1.211746
0.81672645
1.2593045
1.2112916
0.7271675
1.1563631
0.984877
0.85346675
0.28457606
0.5806849
2.0852976
1.0674121
1.4843922
2.1418848
0.7057705
1.046779
0.34536016
0.97823083
0.93841827
2.0966487
2.133595
0.5436847
1.4861361
1.3287859
1.0460117
1.2511243
0.7248672
2.079887
0.7536962
1.8191469
0.8540385
1.037642
0.3444984
1.8315076
0.37058604
1.1379892
1.1588848
1.218764
0.6766118
0.29776895
1.8117448
1.2458729
1.5031757
0.7339549
0.97265685
1.3732046
1.360967
1.1202945
1.3534632
1.5791416
1.39785
0.3663075
1.0002118
1.3340034
1.1907957
1.3783619
0.89547443
0.19142866
1.2137139
0.6093905
1.6949651
0.049954414
1.8161659
1.0304037
0.5360608
2.0344567
1.1582373
1.2423711
1.6426861
0.8903545
1.2822669
1.5157425
0.63333106
1.7925862
1.4632947
1.181378
1.2661965
1.4557934
0.7944417
2.315006
1.5717622
1.3569397
1.5634516
1.5430928
1.2204019
1.6882622
1.2898861
1.9315971
1.9460753
0.7885214
1.0742474
1.5621343
2.3181794
0.5559393
1.3651979
1.5879211
0.29954112
1.6045855
0.7059072
2.2742684
1.3635441
0.89826965
0.91672313
1.2702357
0.84207
1.6238286
1.0586127
0.4509232
0.22849524
0.76020765
1.7682346
1.6411111
1.099664
1.1229621
1.319944
1.7518764
0.4950385
0.76497567
1.1219783
0.09197843
1.4548464
1.6812593
1.8330064
0.9867362
0.33523273
0.19021583
0.9483955
1.0010422
1.4701737
1.6922363
1.8607882
1.6749191
0.8458599
1.7772473
1.1707251
1.6175811
0.8519211
1.1585466
1.8748178
1.1666479
1.4428612
1.6631417
1.9422649
0.8090131
0.5882511
2.2858834
1.8732065
1.4319097
1.3728689
2.8012466
2.6705673
0.2724949
1.212729
1.3501248
2.0701082
1.9321587
0.70607865
1.7373533
1.5050017
1.6780515
1.6872731
0.9059187
0.8579576
0.86374927
1.6860123
1.2168992
1.3184594
1.1396474
1.4679649
0.9309046
1.6498612
1.7114162
0.6709056
0.8780414
1.4213418
1.2214373
1.9869896
1.3063651
0.8403785
0.7646059
0.89543974
0.38922548
1.0229965
1.6341277
1.9878625
0.90585864
0.47421277
1.7646613
1.8698094
0.12958443
0.9168105
0.22759819
1.1751142
0.6353984
1.5023632
1.0764296
2.6082296
0.43413925
1.4848654
2.0572653
3.1076632
1.7968339
1.9348532
1.2270595
1.2912328
1.4531304
1.091014
1.113878
1.1969469
1.0015929
3.4603379
1.7619777
0.81620884
1.3958279
0.83763194
1.6506915
1.4690565
1.1466584
1.3505211
1.7331448
0.9166175
1.2580167
0.8752085
2.9517777
1.9698616
1.6292351
2.5084596
1.1675868
1.4653671
1.4315591
1.2527539
1.1828759
1.1757075
0.8585384
1.4243352
1.476849
1.427016
1.304503
1.6288197
0.93936706
0.48166883
0.23929763
2.133793
1.3545413
0.5459713
0.85930884
0.4150833
1.4932396
1.2332643
1.7308437
1.6802796
0.22301817
1.3281883
1.4653441
1.1376581
0.9623085
1.519999
1.3336546
0.25864923
1.6182066
1.6524206
1.1651783
1.3295038
0.35289848
0.15802479
0.99148905
0.72448385
1.3165262
1.4731296
1.6746666
1.2599567
1.6689683
1.3138279
0.291883
0.26755857
1.0449142
1.069129
0.9146613
1.846156
0.91511333
1.4300437
0.47359335
2.1662004
1.0639082
0.88644254
1.3400539
1.4594271
1.9576669
1.3756032
1.0686276
1.5853506
0.8770927
1.1284232
1.3865613
1.0810094
0.9816458
1.1372796
0.99728096
0.48022044
1.0721346
1.190667
1.4027638
0.9219575
0.24865961
1.1484514
0.8196968
1.5545253
1.9176315
1.4669884
1.9560858
1.3844395
0.964036
1.504335
2.0863266
0.33241117
0.87256324
0.46873534
0.4001044
1.9092468
1.0287955
1.6646092
2.3087943
2.0021172
1.3366104
0.79111207
0.82959175
0.9507458
0.7332914
0.10575068
2.5195813
1.2121162
1.2363423
1.510939
0.32190263
0.8880116
2.0726328
2.152554
1.3591273
2.2656097
2.0535693
0.84916437
1.3223524
0.927819
1.6911165
1.4774864
0.44939017
1.565817
1.3570263
0.91568196
1.2381113
0.82385576
1.5073999
1.2731329
2.156765
1.0831934
0.3091253
0.6097162
2.513434
2.1436784
1.7076745
1.6155837
0.10238898
0.9284184
1.1183609
1.411909
1.6129544
1.0717818
1.1453123
0.94228625
2.0917847
1.1916288
0.8479651
0.7878417
1.5912322
1.3671204
1.7460026
0.955734
1.4304247
1.2894675
0.27507854
1.7626891
2.2010336
0.7868031
1.028632
1.1648788
0.6266055
0.8846216
1.4352831
1.2178049
0.53435993
1.3618461
0.49643767
1.0275449
1.490403
0.62177324
0.7529979
0.86999893
1.109918
1.4629341
0.8964938
0.7146224
1.5873038
0.81658566
1.372026
1.2940512
0.9982803
0.63505113
1.356072
0.7650379
0.9694383
0.10353458
1.3563112
0.7228075
0.8667643
1.6759245
1.497819
1.2426906
1.1862357
1.5682104
1.8790166
1.236623
1.3898089
1.0410124
1.8714769
0.6441165
0.9699012
1.2157062
1.9393467
1.0743364
1.0162175
1.0101016
0.7321744
0.70250213
0.90071654
1.2795601
0.648891
1.3333684
1.1734706
1.2398508
0.6922146
0.7747865
1.6116408
0.6916387
2.7724738
0.5695789
1.4085315
1.4478184
1.32337
0.5957031
1.4269358
1.1704124
1.1120211
1.0753448
1.6903898
0.41636026
1.5828245
1.5032444
2.6446476
0.64647675
3.4855723
2.0968492
1.03392
0.5317017
1.4485426
1.129661
1.8622262
2.071764
1.0288583
1.2016436
1.0827587
1.2189902
0.5427736
1.4002665
1.7344068
1.4608607
1.1811312
0.65159404
0.9224161
1.541272
0.86992776
0.44259202
0.91431403
1.6146528
1.7661427
1.7021619
1.5930858
2.312614
0.99193656
1.2296162
0.7706337
0.102199316
0.5413898
0.77512085
0.7550857
1.1143398
1.0907001
1.4839692
1.925467
0.16376066
0.35695827
1.7859288
1.2273661
1.8261458
0.94496405
1.0946918
1.5996753
1.3340954
1.606725
0.04678166
0.7188375
1.6949165
0.7534839
1.2805854
1.1378335
0.7098124
0.5119784
0.96522737
0.33357322
2.3426595
0.9556935
1.0613233
1.4423975
2.3137646
1.9544152
1.1367536
0.8830271
2.5873075
1.3180784
3.524848
0.7052798
2.7043438
1.4334753
1.6452284
0.5685471
0.6079483
0.99468076
0.7106086
2.0536091
1.299216
0.673931
1.4594793
1.4286492
1.0443565
1.2911447
1.3972013
1.2762961
0.7753414
0.867355
2.2880416
0.94351614
1.9159993
2.6188378
0.8369254
1.1225826
1.6931359
1.6939129
1.0200422
0.5093943
0.7035284
0.65858495
1.242614
0.7492341
0.2746657
0.38813293
1.0920876
1.1465752
0.75563574
1.422822
1.4354439
1.036226
1.3030647
0.6894082
1.4236647
1.7306067
1.5667009
1.6063976
1.8797622
1.6104206
1.1041094
2.1538014
1.119831
1.1992887
0.9389638
0.5782045
1.5703443
0.70898545
1.2316848
0.21004605
1.9358048
1.1354263
1.4177632
1.354828
1.113923
1.853576
1.0327243
1.1587102
0.69750834
1.6910479
0.5862706
1.1748457
0.80584216
0.9808016
2.548234
0.904868
1.2610353
0.59706914
0.814293
1.3705931
2.7862935
1.0994632
1.4652897
0.5804509
1.4421135
0.7974558
1.4579768
2.8602746
1.5073596
1.3292061
2.0373158
0.32082748
0.82021546
0.6133889
0.84952104
1.1795791
1.0952733
2.015295
1.509584
0.2029717
1.4834517
1.6207917
0.7119082
1.0749276
1.3847573
2.3325217
1.375641
1.2339847
0.9779819
1.8638563
0.24036205
1.3144027
0.70103145
1.333881
0.71908414
1.4673065
1.5179052
2.3758507
1.1297871
1.2659639
1.4606369
2.555462
0.63473225
0.9144014
1.323973
1.6519837
1.17087
1.0544174
1.474903
1.7509813
0.9697523
1.2549576
1.3988817
1.3793445
1.159246
1.8419479
0.5859405
1.5700628
1.0059658
1.1676385
1.6744019
0.694669
0.66704667
1.6136878
1.1522274
1.106056
1.020299
1.0352433
1.0133171
1.6564813
0.57195926
0.7264949
0.5329455
2.530626
0.2672422
0.957368
0.9840257
1.8742429
0.7806376
1.6303965
1.517489
1.4473734
2.1164522
0.99987817
1.4955741
1.5388429
1.3490059
1.4833729
2.5605717
1.4584267
1.1267288
0.87414885
1.2970728
1.3975223
1.7099392
0.8522688
1.5913746
1.4260534
0.94725394
1.0595975
1.1387612
1.0790858
0.76065886
0.78049004
1.1790853
0.7517991
0.4095124
1.3975489
1.389356
0.7965089
1.2174503
1.5734705
1.4505694
1.4821448
1.8293436
0.5981513
1.30082
0.9013648
1.34475
1.1411719
1.2119219
2.343583
0.5258491
1.4658096
2.1884732
1.1168271
0.7897688
1.3243654
1.3536173
0.916813
0.52966845
1.9775677
1.8695675
0.91754603
1.2449533
1.6182927
1.6990899
1.5101415
1.2952732
0.57998896
2.5408287
1.2530059
1.0286292
0.58253765
1.77467
0.76802385
0.7645521
1.1187142
0.8255447
1.040627
0.6753198
0.85584295
1.3053987
2.4435382
1.7282423
1.8021659
1.5527031
1.0338811
0.5741544
0.8223288
1.9364034
0.6927004
1.219075
0.8630552
2.1654837
0.96491873
1.4132003
2.2825065
0.51651835
0.7965081
1.32958
1.9818077
0.88055587
2.1659555
1.9286678
2.0622315

16.565304
20.194958
22.172356
23.40567
22.66101
22.777151
18.993649
23.380516
24.0729
26.46559

