1.2012334
1.2864501
1.4295491
1.2232668
1.2608424
2.0642111
1.0831178
1.3440213
1.7141677
1.2737356
1.0658845
1.6637948
1.5763811
1.9345253
1.2801898
1.4244845
1.6323508
1.2423224
1.4282832
1.4741758
1.5059395
1.1260114
1.516562
2.0286565
1.2030855
1.2972678
1.5060041
1.3301091
1.2972457
1.4292223
1.2084447
1.8426555
1.5414304
1.3687888
1.3008741
1.0450492
1.1303958
1.6937995
1.3697157
1.2543948
1.2882975
1.4635808
1.7703077
1.1638347
1.771281
1.4105964
1.4361824
1.2103888
1.3714287
1.3246386
1.6278358
1.3930994
1.4730326
1.3100468
0.99190897
1.3375831
1.5020969
1.5674336
1.9068016
1.2730137
1.4118104
1.7746795
1.6915821
1.687168

1.5417278
1.4827062
1.327019
1.4409964
1.3760614
1.3766958
1.546186
1.47302
1.3004011
1.7317978
1.5226285
1.3863945
1.4066802
1.3211318
1.4063613
1.4485403
1.4850298
1.3041501
1.4939754
1.4624151
1.3154987
1.4534703
1.4228219
1.3870798
1.4583877
1.0745213
1.4879259
1.4746072
1.4051203
1.5853426
1.1544442
1.6814834
1.4218906
1.2347499
1.664982
1.4306281
1.5575542
1.3517525
1.3530437
1.869386
1.4541736
1.4108976
1.4824847
1.5571517
1.4998091
1.7155207
1.3783661
1.3343378
1.2711898
1.5520968
1.6594696
1.4961088
1.5895805
1.5309455
1.4791262
1.4075918
1.3661557
1.3386201
1.3745221
1.6720034
1.3398045
1.3077893
1.3766607
1.2540725

1.3920181
1.5649992
1.4430624
1.4349688
1.3633225
1.4834994
1.3600205
1.5007262
1.3438648
1.4717695
1.4671555
1.3670486
1.4370321
1.4676657
1.3979644
1.5171597
1.5345169
1.4984709
1.4405489
1.4574324
1.5859916
1.4844915
1.2578154
1.3446945
1.2411108
1.404044
1.3742867
1.451375
1.3887602
1.460147
1.429489
1.444242
1.5092168
1.3901043
1.4611233
1.4798119
1.4668897
1.4962789
1.495533
1.493284
1.5268378
1.4340055
1.4089724
1.422447
1.4547747
1.4197494
1.472645
1.444563
1.4250573
1.4951117
1.3294274
1.4495538
1.4373562
1.5236182
1.4340583
1.3651683
1.40959
1.3060075
1.3674763
1.4549296
1.4448066
1.4678609
1.416438
1.3469977
1.4944575
1.4743367
1.3261601
1.4297962
1.499608
1.3605787
1.4429736
1.522038
1.4334623
1.3816497
1.5152665
1.4347205
1.425028
1.3472434
1.426109
1.459519
1.3693749
1.3717192
1.391144
1.5732173
1.3757626
1.4510205
1.4523127
1.2872953
1.3282225
1.4021534
1.4879539
1.3469584
1.5908152
1.3979249
1.4759724
1.2978765
1.4289589
1.3291576
1.3724562
1.4138594
1.3493705
1.5169274
1.6840558
1.5186414
1.4948846
1.4080977
1.5874652
1.3885334
1.5139779
1.5157335
1.322717
1.4061087
1.4562079
1.5156453
1.5038365
1.4027184
1.6029761
1.3679051
1.4408767
1.3283387
1.2438616
1.4984788
1.49818
1.5297778
1.2912593
1.4615023
1.4743761
1.5435718

1.4268289
1.5111684
1.3633159
1.2149891
1.4228984
1.4042003
1.3683734
1.3869979
1.477033
1.3868306
1.4262303
1.4010066
1.38147
1.5599926
1.3655592
1.4674777
1.3420628
1.4510167
1.4707745
1.4120889
1.4738683
1.3997067
1.3858994
1.3320316
1.3376942
1.4388543
1.4372054
1.3956233
1.494879
1.5077722
1.4800245
1.4570723
1.5025829
1.5499837
1.1952661
1.4019458
1.4716667
1.2795621
1.431749
1.4580972
1.4490494
1.5280688
1.5075207
1.4448303
1.463298
1.4366626
1.3863289
1.3859321
1.4178808
1.3501621
1.4835323
1.3532605
1.4034655
1.3827171
1.5683718
1.4317694
1.4582427
1.3983897
1.4411156
1.3548571
1.3346694
1.4429228
1.4562601
1.410473
1.4533974
1.4013524
1.3875194
1.4719578
1.3913605
1.4373126
1.431625
1.525138
1.3518173
1.384245
1.477693
1.5075003
1.4285895
1.4436154
1.4240015
1.4423959
1.4867954
1.486129
1.4352512
1.4443684
1.4420328
1.4256148
1.4131821
1.3487728
1.4839551
1.3601567
1.4535663
1.4585739
1.4645163
1.5223932
1.4287676
1.4039102
1.4100658
1.4316947
1.4369578
1.4099523
1.449842
1.2689555
1.4028783
1.4160025
1.3593466
1.414099
1.4805994
1.3407667
1.3998935
1.4462824
1.3939234
1.5362519
1.3924919
1.4544947
1.3581176
1.3460131
1.5500482
1.4998217
1.3538152
1.4877602
1.3056915
1.3389344
1.4401069
1.5368209
1.4824065
1.4115413
1.4955912
1.3224047

1.4222465
1.4393322
1.3655121
1.3885238
1.3568538
1.4436252
1.3641626
1.485951
1.4319835
1.3841629
1.3391541
1.4002906
1.4589741
1.3947387
1.429295
1.4580995
1.4212596
1.5086756
1.4692668
1.4736958
1.3622069
1.4007057
1.3744295
1.326484
1.4336175
1.4111645
1.407911
1.3805196
1.3497614
1.3951589
1.5042934
1.4448493
1.4458271
1.42995
1.4267157
1.4543041
1.4291041
1.3943366
1.4212227
1.3806691
1.4467112
1.4439077
1.4714898
1.4237182
1.5022165
1.439553
1.3252484
1.4593633
1.4082283
1.484127
1.4635085
1.4713874
1.4023122
1.415794
1.4146179
1.49779
1.3862085
1.3797487
1.4522526
1.4809747
1.4706928
1.444056
1.4625102
1.3888677
1.4883721
1.4523901
1.3849787
1.4822807
1.4249761
1.3878425
1.3751335
1.3299496
1.3945985
1.4127235
1.40199
1.448644
1.4514011
1.4931169
1.3580265
1.4447302
1.5151728
1.3572732
1.397928
1.403547
1.3629649
1.3932766
1.4514337
1.4684508
1.4373859
1.4233214
1.3906885
1.4635967
1.4817312
1.4552279
1.480012
1.3543879
1.4307287
1.4568262
1.3823143
1.4259373
1.4948348
1.4570442
1.4065809
1.417025
1.4173154
1.3611262
1.3958843
1.4497737
1.4160255
1.4393725
1.3994697
1.4382634
1.4128121
1.4119577
1.4103343
1.4648154
1.4279264
1.3622177
1.3536278
1.4253424
1.3819776
1.3282382
1.3596293
1.4776127
1.4567364
1.4437573
1.4090754
1.4207013
1.3532113
1.4202907
1.3954397
1.470853
1.3658743
1.4204917
1.4173473
1.442239
1.4657419
1.4616995
1.4580048
1.4538481
1.4026226
1.4329588
1.3807284
1.4316344
1.4108897
1.3903008
1.4507587
1.4227852
1.4543704
1.4640449
1.3889123
1.3284976
1.4590441
1.4009203
1.4044522
1.3772643
1.4375257
1.474315
1.4139749
1.4354663
1.3827623
1.4337438
1.3701319
1.3948588
1.4067287
1.3913178
1.416073
1.4008965
1.4508075
1.4698209
1.428883
1.4725922
1.3787094
1.429458
1.4050606
1.4750898
1.478991
1.39875
1.4161739
1.3931589
1.4315611
1.4543005
1.4713563
1.3712176
1.379778
1.3857807
1.3964133
1.3390146
1.4216379
1.3932242
1.4615781
1.4547229
1.4888276
1.4301864
1.4429804
1.4066931
1.4120693
1.3729596
1.3321944
1.4420149
1.4721715
1.4101225
1.5044144
1.456866
1.3797632
1.3998332
1.4638572
1.3934633
1.4268959
1.3803655
1.3102103
1.3577404
1.4345948
1.3981458
1.4893667
1.4485803
1.3724959
1.3959023
1.4217968
1.4432414
1.3832132
1.444431
1.4260873
1.4563521
1.3713939
1.4186327
1.4810786
1.4069878
1.4968671
1.3947673
1.3413022
1.38369
1.4107013
1.4768516
1.387714
1.3822464
1.5011986
1.4703308
1.399048
1.516547
1.4568803
1.4193907
1.3677386
1.3953017
1.4833378
1.4521948
1.4002707
1.4015332
1.4389393
1.445601
1.4236875
1.399152
1.4845068
1.3563569
1.4099635
1.4116879

1.4258487
1.4698352
1.4211
1.4342874
1.3965722
1.3567463
1.4370239
1.4653553
1.4246061
1.4898627
1.443145
1.4543183
1.431087
1.4680363
1.3649318
1.398272
1.4068959
1.3651654
1.4038631
1.4328417
1.4229119
1.479295
1.452519
1.4422277
1.4409777
1.422894
1.4801478
1.432483
1.4101735
1.5832641
1.4481118
1.3679614
1.3516598
1.4347284
1.434268
1.3981434
1.4383901
1.4052957
1.3871316
1.4109144
1.4028233
1.4388068
1.4414132
1.4123553
1.3994089
1.4490663
1.5047181
1.4176635
1.4707948
1.4063545
1.3932676
1.4166853
1.4693321
1.3938626
1.4755181
1.4283162
1.4548709
1.3576965
1.394196
1.3895968
1.4095788
1.3023121
1.4172198
1.4132034
1.4595351
1.421043
1.4111392
1.4748255
1.4314388
1.4460381
1.4859438
1.3627301
1.4283836
1.3987619
1.4161493
1.4296526
1.4120233
1.3439779
1.464599
1.410544
1.4203779
1.4282099
1.4099511
1.4329109
1.427043
1.3872656
1.406375
1.4312592
1.4846982
1.394185
1.4362822
1.414409
1.3914348
1.4530079
1.4142555
1.4128146
1.4525964
1.4004124
1.4215752
1.5004818
1.4168676
1.363049
1.4313356
1.3409655
1.4010158
1.3939093
1.4570397
1.3968382
1.3520381
1.3870456
1.4386748
1.4396107
1.4010153
1.4626656
1.4247239
1.4479375
1.3626996
1.3993254
1.4523787
1.3981632
1.3956195
1.4252669
1.4344965
1.3899508
1.4264611
1.4182492
1.3816061
1.4213074
1.4425633
1.4418399
1.4201035
1.3897514
1.4268256
1.4260898
1.4244668
1.4373544
1.4074273
1.4672841
1.4376334
1.4461938
1.4209428
1.4489918
1.4229567
1.4717062
1.451029
1.4068815
1.4729897
1.4616861
1.323305
1.4310608
1.4613695
1.4216799
1.3878032
1.406083
1.3873639
1.4210304
1.3941692
1.4043945
1.4222007
1.4499587
1.345566
1.4201242
1.3944081
1.520753
1.4412344
1.4336168
1.4152049
1.429182
1.4490342
1.3970013
1.3672856
1.4286846
1.4228348
1.3659576
1.4742738
1.4478842
1.4442152
1.4269415
1.3656667
1.406165
1.3431023
1.4393095
1.4453647
1.4026049
1.3763444
1.4841022
1.3938099
1.4291579
1.4065008
1.3719602
1.3929293
1.3754474
1.439879
1.5136864
1.4128731
1.4604071
1.3521324
1.4734418
1.420352
1.4280715
1.4093336
1.4512423
1.4225498
1.4615319
1.3958962
1.4188118
1.4348325
1.3895823
1.4505081
1.3689916
1.4116908
1.4693325
1.4851613
1.4456503
1.3890307
1.3859829
1.4817934
1.4293175
1.3945636
1.5393802
1.4248979
1.3672216
1.3873622
1.4141403
1.391138
1.4887452
1.4342521
1.4278797
1.4503115
1.3908217
1.3879342
1.4019604
1.4020498
1.4338045
1.4244231
1.4224892
1.3741115
1.4300921
1.4430758
1.4351685
1.4370985
1.4634069
1.3928573
1.4598788
1.4347992
1.4399772
1.3996936
1.4166207
1.4581013
1.4394462
1.3729523
1.3889347
1.3923236
1.4304107
1.4536128
1.4517137

1.4949518
1.4280262
1.401203
1.4625665
1.4314278
1.4614704
1.4186475
1.4290949
1.4729916
1.3967507
1.4283369
1.4198278
1.4624596
1.4043196
1.4260069
1.5056866
1.3655348
1.4003552
1.4445512
1.4347519
1.4280901
1.3776449
1.4058077
1.4125522
1.4280764
1.4166539
1.3986951
1.4907947
1.3383944
1.4093109
1.4136293
1.4015377
1.4336233
1.4215018
1.4163728
1.4603575
1.4992125
1.4379066
1.380105
1.4237404
1.4804417
1.4547437
1.4101354
1.392772
1.3548489
1.4267929
1.4582916
1.402751
1.4805639
1.4738137
1.3536967
1.4302891
1.38977
1.4428746
1.4642624
1.4234836
1.419265
1.310687
1.4797038
1.4678258
1.4064913
1.4207498
1.3922442
1.4491765
1.4217464
1.4142249
1.4554049
1.3735499
1.4224855
1.4370205
1.4015491
1.4270508
1.3899932
1.4271293
1.438285
1.4736018
1.4174912
1.3652551
1.3979493
1.4331547
1.4793457
1.4252911
1.4146304
1.4209458
1.4025122
1.4061158
1.4178504
1.4283133
1.388258
1.3551542
1.3877602
1.4442778
1.3722804
1.4340519
1.3797038
1.5095361
1.373429
1.4587678
1.4713796
1.4211783
1.3573186
1.385552
1.4371605
1.4494836
1.3893657
1.3943436
1.3806031
1.3917972
1.3866795
1.4194317
1.4019654
1.4767094
1.399552
1.4517037
1.4549197
1.430056
1.3999718
1.4898899
1.4972435
1.4178302
1.3543466
1.4930304
1.4380506
1.4635417
1.3789873
1.4214066
1.4219763
1.3990437
1.4249386
1.4208981
1.3907297
1.3947666
1.37193
1.4179989
1.4175016
1.4506472
1.4616569
1.4412743
1.4656711
1.4443405
1.4115381
1.4395226
1.4379213
1.3439645
1.3307568
1.4091424
1.4350606
1.3613542
1.4032975
1.4213352
1.4600908
1.4145626
1.4345762
1.4272095
1.4161865
1.4369366
1.4354986
1.3993284
1.4119974
1.4992157
1.4604019
1.4188579
1.3854895
1.359712
1.4001923
1.3868911
1.4660357
1.4513663
1.3269796
1.4269748
1.4342195
1.4172952
1.3705974
1.3765948
1.3735642
1.4644489
1.4212282
1.4181166
1.3257928
1.4484365
1.4638327
1.4044337
1.4252926
1.3547689
1.3774039
1.4224672
1.4369471
1.414862
1.421805
1.442728
1.4018238
1.3799001
1.3670727
1.4394894
1.4041327
1.3591093
1.402869
1.454891
1.4429086
1.3735621
1.4080058
1.4665446
1.3555015
1.4191576
1.445956
1.4427495
1.4493669
1.4153469
1.4070568
1.4260678
1.4697752
1.4476773
1.3984287
1.4097997
1.4515758
1.4469917
1.3716322
1.392431
1.4384297
1.3826411
1.4134375
1.4294262
1.4928949
1.468107
1.39838
1.4280962
1.4645436
1.4663359
1.4421208
1.413519
1.3966653
1.4112741
1.4224478
1.3722389
1.4006348
1.406247
1.4166034
1.4731326
1.3886803
1.4731625
1.4172528
1.4677861
1.519497
1.3352181
1.4603552
1.42739
1.4540417
1.5152881
1.3626069
1.3448098
1.4055133
1.4341849
1.3773167
1.4342413
1.3940736
1.4376429

1.4155678
1.4129248
1.4030464
1.3955414
1.4214826
1.4245948
1.4141166
1.4826282
1.448845
1.4322402
1.4186628
1.4531147
1.4376345
1.4501865
1.3657511
1.3364388
1.4317727
1.4288754
1.4337372
1.4098963
1.4114319
1.4095557
1.3751303
1.3953168
1.4571813
1.4170072
1.4426585
1.3819257
1.445588
1.4043783
1.4129612
1.3911923
1.3694292
1.3605735
1.4506365
1.4121233
1.3893193
1.4417208
1.4441742
1.4345187
1.4014208
1.3981062
1.4004614
1.4263409
1.405874
1.4273978
1.4186594
1.3753645
1.3867322
1.4402871
1.4310971
1.4229765
1.4428521
1.4687268
1.3990229
1.4480414
1.4106176
1.4110284
1.4944235
1.391315
1.4044614
1.348903
1.4302684
1.4153755
1.448327
1.4513417
1.4375414
1.3707516
1.4812531
1.3821785
1.4143513
1.4293803
1.3741511
1.3851665
1.4213926
1.4264058
1.4127465
1.4180088
1.4052429
1.4369818
1.3890249
1.421311
1.4215131
1.4393874
1.4417597
1.4038696
1.441404
1.3697816
1.4460456
1.3989961
1.4155996
1.4143924
1.402869
1.4304278
1.427418
1.4844826
1.4375128
1.3930867
1.4685279
1.4106334
1.3779869
1.3949202
1.422793
1.4478414
1.4151531
1.4297311
1.3940362
1.4574062
1.369193
1.4081986
1.3970965
1.428898
1.4120777
1.4368309
1.4503007
1.3994167
1.4287562
1.4473746
1.428179
1.4530711
1.4363765
1.3911252
1.4446552
1.4681607
1.4675874
1.3985307
1.4397533
1.4279779
1.4340117
1.4346097
1.5205835
1.3946797
1.3975086
1.393877
1.4891133
1.3939118
1.4781209
1.4284581
1.4215178
1.4378594
1.4317299
1.456969
1.4414974
1.413829
1.3918282
1.3889825
1.4277295
1.3648019
1.375165
1.448194
1.4516242
1.383294
1.4231608
1.3999299
1.3854315
1.3936988
1.422982
1.4300764
1.3981022
1.4499716
1.4238003
1.4588504
1.4408674
1.3955401
1.4667995
1.3964499
1.4539402
1.4341959
1.4101956
1.4202332
1.4168795
1.421906
1.3955718
1.4693872
1.3789387
1.3972949
1.4457586
1.4419543
1.3902041
1.4331264
1.4477736
1.377828
1.4160557
1.3966805
1.4634144
1.3500539
1.4273664
1.4317787
1.3576137
1.4357842
1.3906779
1.3987137
1.4694939
1.4324174
1.429259
1.4093521
1.4360224
1.463967
1.4347786
1.4146733
1.427421
1.3764032
1.4364569
1.4278911
1.3941476
1.423633
1.441258
1.4178967
1.4168338
1.421119
1.341413
1.4119434
1.4301028
1.4269891
1.3966638
1.399005
1.4296882
1.3898404
1.4402348
1.4403098
1.4132078
1.4365673
1.4437569
1.4433397
1.4237474
1.3994777
1.3883804
1.4552722
1.416437
1.4725615
1.4079366
1.4326704
1.4023649
1.37282
1.4454473
1.4229488
1.4383159
1.4574054
1.4599019
1.4266096
1.3846452
1.4493046
1.3826
1.341629
1.3791846
1.406546
1.4546509
1.4274865
1.4152391
1.4173748
1.4687953
1.4350514
1.4146504
1.3699741
1.4316567
1.4417118
1.421697
1.4186275
1.407254
1.4814644
1.3950727
1.4249363
1.4399726
1.4228525
1.4083669
1.3461139
1.4526799
1.4237651
1.4308707
1.4144553
1.4157737
1.4285084
1.4083656
1.4359623
1.4442217
1.4194154
1.4455885
1.3947556
1.4103209
1.463272
1.3971612
1.4337102
1.4259522
1.4109029
1.3959225
1.456617
1.4004414
1.4112632
1.4067572
1.4496193
1.4054276
1.4042222
1.4508444
1.442331
1.3942653
1.471024
1.409788
1.3830533
1.3967441
1.391665
1.4543749
1.406728
1.4121202
1.3898609
1.3708681
1.4122858
1.4282271
1.3099513
1.4058465
1.4453603
1.409363
1.3694593
1.4087226
1.4169425
1.4448262
1.3562303
1.4864511
1.4161282
1.4412087
1.3828632
1.4229585
1.4236553
1.4676639
1.3977737
1.46901
1.4467592
1.4409025
1.3747963
1.3905692
1.3884526
1.4381801
1.4673486
1.444811
1.4215466
1.3587997
1.400522
1.4258318
1.3894837
1.424506
1.4507426
1.3796475
1.4223918
1.433257
1.4253789
1.4579022
1.354308
1.4022018
1.4066628
1.4501355
1.4297153
1.4085454
1.3847431
1.3965783
1.4422293
1.3919387
1.3973054
1.4242072
1.441297
1.429753
1.4133619
1.417815
1.4459033
1.4726857
1.4596605
1.4133912
1.4146975
1.424015
1.4105313
1.4620967
1.4303434
1.383966
1.3692181
1.4438703
1.4034886
1.4014062
1.4229453
1.3954625
1.4606539
1.4243026
1.4587771
1.4301074
1.4619629
1.4007351
1.3509837
1.4210254
1.4218568
1.4289801
1.396442
1.3754448
1.4212801
1.4109462
1.3818638
1.4586422
1.427805
1.4328225
1.3709946
1.4235884
1.4525975
1.4438528
1.4311041
1.4264745
1.3984803
1.4264618
1.411214
1.4647969
1.3962578
1.4265372
1.3708205
1.4626412
1.4275614
1.4221083
1.4335421
1.4326868
1.4255257
1.4174691
1.4064316
1.3977488
1.403347
1.4479765
1.4431576
1.4254159
1.4467784
1.45827
1.4168301
1.43917
1.4181827
1.3854624
1.4065
1.4042878
1.392098
1.3974588
1.387485
1.4351463
1.3725481
1.4225316
1.3891728
1.4221454
1.3854486
1.3201901
1.4380139
1.3977565
1.4469041
1.4179872
1.349234
1.4719229
1.4752564
1.4416121
1.3765371
1.4556142
1.4060563
1.4480344
1.391099
1.4013975
1.4775527
1.4164894
1.4373962
1.4337168
1.3809934
1.40067
1.3985958
1.4116142
1.3965014
1.3753272
1.3938397
1.3855158
1.3926741
1.4252855
1.4171432
1.4049656
1.4003582
1.4202756
1.4313684
1.4065391
1.3963695
1.4188454
1.3970027
1.444808
1.4353523
1.403947
1.4136624
1.4257938
1.4053327
1.4327884
1.4143019
1.4395086
1.3987751
1.3949996
1.4354205
1.4034417
1.397187
1.418307
1.4245772
1.4081203
1.3965734
1.4307587
1.4032006
1.3750551
1.4048364
1.363071
1.4168239
1.4208153
1.4109797
1.4169004
1.4136829
1.3946524
1.4406257
1.3853136
1.4270356
1.4084344
1.4226955
1.3848056
1.425635

1.4207573
1.4181042
1.4144806
1.4385504
1.4288746
1.4124155
1.4432721
1.4414959
1.4173579
1.4510148
1.3876559
1.4539943
1.4015111
1.4101806
1.3993893
1.4042383
1.3909316
1.4361199
1.4503397
1.395282
1.3845596
1.4224876
1.4393077
1.438379
1.4348575
1.4470284
1.3613867
1.3790623
1.4195957
1.4018013
1.4192274
1.4040791
1.3706037
1.424763
1.4087455
1.4105835
1.434891
1.4433013
1.397773
1.4190824
1.3844937
1.3959212
1.4119567
1.4397748
1.4138663
1.4168072
1.4167424
1.4224596
1.3916111
1.4375833
1.4167446
1.4198072
1.397012
1.4414663
1.4038662
1.4550774
1.4026893
1.390402
1.4258959
1.380102
1.3794571
1.4031895
1.4513807
1.4379743
1.4064379
1.422683
1.439759
1.4281611
1.4271944
1.4253931
1.3940738
1.3900722
1.4349279
1.4126
1.3856987
1.4018745
1.4391305
1.4328898
1.3821785
1.4130821
1.4148433
1.4005911
1.4197644
1.3923609
1.4239844
1.444201
1.4152559
1.4415672
1.4159044
1.4145218
1.3895301
1.4215883
1.4350953
1.4333831
1.3839606
1.4030095
1.3902555
1.4070511
1.4448857
1.4210143
1.440825
1.3669585
1.4558018
1.4437473
1.4029584
1.4369221
1.4210787
1.4242042
1.4259704
1.4132745
1.4413757
1.384605
1.411016
1.3925753
1.4552841
1.4494965
1.4045824
1.4030033
1.4705311
1.3957269
1.4297993
1.4198544
1.3878396
1.4236416
1.4119645
1.4205505
1.406098
1.3944681
1.385861
1.3971325
1.4404417
1.3949671
1.4397506
1.4021904
1.4269816
1.4412805
1.4047273
1.374273
1.4167612
1.4432623
1.4247725
1.4295727
1.4438807
1.4392194
1.4393185
1.4339628
1.4047993
1.4087232
1.4106886
1.3631912
1.4209665
1.4190623
1.43513
1.4154915
1.4177464
1.3899329
1.4180603
1.4444549
1.414429
1.4415311
1.4100598
1.3957869
1.4282042
1.4022228
1.4263809
1.4260186
1.4295384
1.4168546
1.420309
1.4382468
1.4155988
1.426682
1.4291536
1.4096516
1.4240088
1.402912
1.4215668
1.3903842
1.4348186
1.4362596
1.3785388
1.4074401
1.3923298
1.427198
1.4359739
1.4189456
1.4461721
1.4250264
1.4192235
1.4328402
1.4196012
1.4044636
1.3772534
1.3882484
1.4647044
1.4191289
1.3935845
1.4545113
1.4184078
1.4064119
1.4281446
1.4409797
1.4031421
1.385603
1.4393562
1.4124663
1.4003214
1.4537754
1.3947791
1.4025608
1.3847628
1.4118805
1.3793386
1.4290395
1.4133028
1.4524282
1.4254534
1.4347998
1.4178562
1.335099
1.443837
1.4282043
1.4097646
1.4131979
1.4357569
1.417446
1.4290904
1.428925
1.4161683
1.3783002
1.3955837
1.4388602
1.4441444
1.4569451
1.4161432
1.4576415
1.4350163
1.4785776
1.4422609
1.4097084
1.4282268
1.4024851
1.4176363
1.4025896
1.4199816
1.3800644
1.4098113
1.4203502
1.4129823
1.4692851
1.417443
1.4297379
1.4124478
1.3989167
1.4266855
1.4007864
1.4064741
1.4184941
1.3955986
1.4133193
1.4557333
1.4362043
1.4155691
1.4125882
1.4380976
1.4258089
1.4056104
1.4199365
1.4388938
1.3692162
1.4267666
1.4503237
1.4081308
1.4207629
1.4258252
1.4325441
1.3937825
1.3857629
1.3914376
1.3970577
1.4053856
1.4848653
1.4539877
1.4425176
1.3958572
1.4107274
1.4231275
1.4178015
1.4393612
1.3690125
1.4180728
1.4105198
1.4153013
1.3851277
1.4226688
1.4359416
1.4080153
1.4268116
1.4282932
1.3996999
1.4181619
1.398024
1.4504553
1.4465089
1.4708716
1.4268944
1.4207265
1.3755834
1.4549382
1.3965402
1.4112096
1.4766543
1.4088264
1.3820897
1.4319391
1.4060118
1.410621
1.4106224
1.3877999
1.4487046
1.4108368
1.410657
1.4079927
1.3962638
1.3929826
1.3896831
1.449035
1.4101847
1.4169592
1.395799
1.4211411
1.3967042
1.4425329
1.4665934
1.4241315
1.3571417
1.4310081
1.3726991
1.448605
1.38829
1.4006567
1.4331428
1.4439963
1.4180766
1.4110012
1.4108222
1.422533
1.4106113
1.4401009
1.383762
1.4138477
1.4164526
1.4128442
1.4558072
1.3888601
1.4424201
1.4464358
1.4034063
1.407581
1.4254714
1.461245
1.3819278
1.4153773
1.3872287
1.453295
1.4722812
1.405327
1.4294378
1.391545
1.3752741
1.4145057
1.4299619
1.4057206
1.4241619
1.4223043
1.408323
1.3754352
1.3926927
1.4224136
1.4286076
1.4096819
1.3945581
1.4280454
1.4167268
1.3948122
1.3692746
1.4166836
1.3910831
1.3560865
1.408533
1.441106
1.3766524
1.4498451
1.4184134
1.3984665
1.3900274
1.4322888
1.4158269
1.4247078
1.3874803
1.4042001
1.4400038
1.3778282
1.4560972
1.419093
1.3838613
1.4593813
1.4094471
1.4246157
1.4317714
1.4003638
1.4541731
1.4303348
1.367829
1.4303632
1.4245609
1.4271299
1.4291257
1.4084833
1.4260817
1.4108438
1.3825119
1.4113922
1.3955772
1.4449044
1.395404
1.4204965
1.4244736
1.4268764
1.3881663
1.3845807
1.4122343
1.4188416
1.4483963
1.3850074
1.3819737
1.4025561
1.4157137
1.4003757
1.4155577
1.4431976
1.4161807
1.4119977
1.4331596
1.4290956
1.4741912
1.4620693
1.4497969
1.4494932
1.4317244
1.4381024
1.43283
1.4402704
1.431094
1.4655788
1.4364036
1.4032211
1.4506373
1.3886782
1.4160541
1.4266272
1.3941113
1.4404804
1.4557288
1.3792558
1.4286661
1.426971
1.3968846
1.4144367
1.4322878
1.3984127
1.381059
1.4231117
1.3960357
1.3908792
1.3949077
1.4158865
1.3958453
1.4020507
1.4104568
1.4464343
1.4023563
1.423055
1.4112335
1.4369943
1.428504
1.4215434
1.4056268
1.4113212
1.4513348
1.4081622
1.3975444
1.4298345
1.4000598
1.41212
1.4023058
1.3787625
1.4057773
1.4446706
1.4022776
1.4248459
1.4477891
1.4061955
1.418018
1.4216573
1.4458643
1.4006821
1.4367975
1.4170523
1.4187853
1.4032184
1.4411677

1.4022619
1.4033377
1.4298252
1.4349494
1.4112295
1.4416722
1.4074979
1.4250438
1.4113808
1.4085026
1.3922087
1.4186361
1.3912342
1.3934623
1.4254878
1.4270397
1.3981005
1.4135047
1.4088005
1.4053938
1.4129426
1.4088318
1.4136753
1.447299
1.4001739
1.4420013
1.4189485
1.4324964
1.4360657
1.4084542
1.400388
1.4096223
1.380179
1.4094812
1.3839946
1.4072013
1.4124441
1.4378866
1.4268749
1.4447802
1.4079636
1.4220169
1.3987471
1.4197026
1.4079667
1.4107932
1.4240322
1.3830487
1.4016228
1.4124734
1.3915733
1.4114895
1.4162812
1.4268976
1.4380858
1.3819563
1.4201202
1.4012635
1.432752
1.4114769
1.4351355
1.4332885
1.423521
1.4088744
1.410464
1.4125676
1.4557208
1.4139177
1.3919281
1.4205116
1.4335417
1.3934982
1.392947
1.4041889
1.4450707
1.423947
1.437841
1.4501761
1.402793
1.4340062
1.43243
1.4225497
1.4170911
1.3929951
1.3764896
1.4060262
1.4096868
1.4282031
1.4163336
1.414812
1.427055
1.4255195
1.4321874
1.4550169
1.4259732
1.4229652
1.4258962
1.397253
1.4455317
1.4078794
1.4271262
1.4022268
1.4146061
1.4103814
1.4546407
1.4159862
1.4060078
1.4290953
1.402129
1.3982177
1.4250659
1.4426391
1.4132167
1.4124796
1.434311
1.4010719
1.406532
1.3918499
1.4246787
1.4688128
1.4129236
1.4183047
1.3999034
1.427357
1.3948884
1.4539143
1.387959
1.4619406
1.408643
1.4223609
1.4242175
1.4397578
1.4159237
1.4013273
1.4483256
1.4014668
1.4542105
1.4123126
1.4016253
1.4375348
1.4232628
1.417495
1.39454
1.4615215
1.4487109
1.3908837
1.3955412
1.424071
1.4178042
1.4210941
1.3797048
1.4425678
1.3906786
1.4668993
1.4310865
1.4076862
1.4006991
1.4267695
1.4378257
1.4004643
1.380081
1.4375561
1.432466
1.4092747
1.42543
1.3931348
1.4240842
1.3949593
1.4114944
1.4351808
1.4456147
1.4084002
1.3984598
1.4138668
1.439997
1.3975673
1.4095095
1.4074286
1.4295402
1.4300969
1.4163581
1.4386638
1.4236288
1.3902807
1.4204526
1.4143246
1.3875887
1.3916326
1.4051272
1.4339135
1.3716381
1.4087983
1.3998678
1.4093677
1.424137
1.4650213
1.4143615
1.4289191
1.3926631
1.4451214
1.4033628
1.3860601
1.4494737
1.4464549
1.4173162
1.410353
1.3952701
1.418373
1.4128588
1.4000987
1.4456778
1.4235675
1.3755747
1.4248874
1.4220858
1.4154735
1.4302659
1.4029527
1.4221548
1.4248167
1.4067574
1.392997
1.4247463
1.4082966
1.4186007
1.4294982
1.4391476
1.4209939
1.4029002
1.4085433
1.4336424
1.4272835
1.4087228
1.4389002
1.4392986
1.4484376
1.4453205
1.4158281
1.451588
1.4372796
1.4185532
1.3798971
1.3969891
1.4215214
1.4277782
1.4371004
1.3997046
1.4448901
1.3887047
1.4256222
1.3962893
1.398834
1.4465679
1.4373355
1.4138882
1.4472845
1.4097344
1.4047769
1.4176702
1.3846824
1.4299414
1.4073774
1.4278618
1.4355087
1.4600474
1.4806854
1.3994808
1.4392064
1.3981451
1.4413626
1.4273341
1.4542091
1.4253193
1.406757
1.4217248
1.4231079
1.4044334
1.4253864
1.4569283
1.4332447
1.4234356
1.4156508
1.4310669
1.3954847
1.4366198
1.4286946
1.4263791
1.462427
1.4360007
1.4055883
1.4072009
1.4565859
1.4175332
1.4201207
1.4425888
1.395071
1.4242611
1.4433936
1.4300389
1.4190376
1.4090317
1.4250717
1.4005086
1.4324386
1.4487786
1.4439653
1.4455439
1.425122
1.4172705
1.3992139
1.4321626
1.4113156
1.4224083
1.4271603
1.4317315
1.433533
1.4284831
1.4294218
1.4117182
1.4404113
1.4265499
1.4214314
1.4147011
1.3846
1.4117438
1.4105301
1.4278643
1.4500544
1.4253796
1.5053307
1.4083941
1.4178015
1.3840306
1.4484338
1.4195482
1.4510983
1.3950278
1.4097643
1.4145752
1.3748269
1.4239995
1.4563769
1.4193343
1.4179397
1.406556
1.3833331
1.408746
1.4107472
1.3986855
1.407822
1.3916423
1.3835186
1.4151932
1.4216095
1.4079707
1.4180194
1.4141272
1.413185
1.3974946
1.3855976
1.4177449
1.425752
1.42864
1.4158521
1.4430745
1.446839
1.4457258
1.4380114
1.4146051
1.4091351
1.4235582
1.3438659
1.4189271
1.3732876
1.4215975
1.4089903
1.4073081
1.4095385
1.4371727
1.413892
1.4054486
1.4011909
1.4093446
1.4322323
1.4301369
1.445242
1.4088212
1.41454
1.4154606
1.4367206
1.4009398
1.4249598
1.4222598
1.4067583
1.3917257
1.4140636
1.4034865
1.4434309
1.4243383
1.4419075
1.4203323
1.3862975
1.4460584
1.4127849
1.4029452
1.4403745
1.4073677
1.429938
1.3842105
1.3977078
1.3998837
1.419192
1.4353634
1.4212239
1.4334067
1.4121103
1.385276
1.418011
1.3688589
1.4158688
1.4343523
1.4315395
1.3947254
1.4000397
1.4175175
1.4624431
1.398353
1.4005377
1.4142778
1.4011605
1.3991839
1.4275644
1.3943987
1.3989325
1.4189267
1.4130555
1.4095153
1.4107469
1.404495
1.3966496
1.4020503
1.3861625
1.4437314
1.4247178
1.4227183
1.4074506
1.4245431
1.4307278
1.4353611
1.4607178
1.4105158
1.4139425
1.3982939
1.4276115
1.4207429
1.4443717
1.4275478
1.4052708
1.4065248
1.3936416
1.4540135
1.3772697
1.3991479
1.3989427
1.3903252
1.4345558
1.4338434
1.4415233
1.402472
1.4173803
1.4060819
1.4149936
1.4147751
1.3792955
1.4143454
1.4058868
1.4246037
1.41257
1.4233117
1.4252354
1.4126344
1.4033278
1.4284009
1.3922979
1.4158586
1.3968725
1.4221606
1.4251673
1.4130745
1.3965622
1.3970408
1.3938177
1.4186302
1.4288753
1.4098618
1.3853595
1.4185104
1.4075733
1.4258615
1.3943594
1.439216
1.4272015
1.4112694
1.395312
1.4386551
1.4316703
1.4193366
1.3872712
1.4044927
1.424706
1.4128147
1.4271396

1.422385
1.465899
1.4110683
1.4102737
1.4396057
1.4297079
1.4187756
1.4228954
1.4129807
1.4226509
1.407753
1.4368328
1.3836771
1.420866
1.4136101
1.4414129
1.4170166
1.4003392
1.4135693
1.432376
1.4090899
1.406023
1.4465687
1.4217138
1.4091771
1.422798
1.4158715
1.4164802
1.4147869
1.3955486
1.434557
1.4201313
1.4094348
1.4434136
1.4006749
1.3968624
1.421651
1.4252657
1.4467859
1.4156688
1.4058639
1.444348
1.4044641
1.4189906
1.4030203
1.4141188
1.4167508
1.4364102
1.4416891
1.437776
1.4154958
1.4181806
1.4163319
1.4094858
1.3943266
1.4093242
1.4187417
1.3955715
1.4437462
1.4125284
1.3927
1.4439114
1.4292558
1.4118676
1.4420244
1.4365878
1.4199069
1.4290309
1.414728
1.4146273
1.4041255
1.4146371
1.4075683
1.4218912
1.4063159
1.4195503
1.4314216
1.4286608
1.4311616
1.4161795
1.3920641
1.3979743
1.4294206
1.3918952
1.4329754
1.424008
1.3871232
1.4333104
1.4282633
1.4195384
1.4152241
1.388482
1.4057724
1.3990916
1.4183781
1.4220277
1.414683
1.3860896
1.3865596
1.4165734
1.4015043
1.4361794
1.4328402
1.4165026
1.4230443
1.3990729
1.4354621
1.4347042
1.4303359
1.4192343
1.4061376
1.433827
1.4162165
1.4257782
1.4381875
1.4174981
1.430495
1.42112
1.4384001
1.4119414
1.3910712
1.4250842
1.4208573
1.3911111
1.4124124
1.3962499
1.431575
1.4068762
1.4041814
1.4261162
1.3985851
1.3881531
1.3957508
1.4086204
1.3920302
1.4061947
1.446667
1.4228636
1.4163274
1.4341197
1.4074205
1.4295083
1.4186022
1.4327785
1.3903346
1.4066551
1.4084762
1.4241427
1.4082435
1.3991665
1.413536
1.415742
1.4184387
1.4119885
1.4151629
1.4320698
1.3884985
1.4176053
1.4318563
1.4418131
1.3889083
1.3947682
1.3998871
1.3949218
1.4364637
1.4122577
1.4135482
1.4227399
1.4120284
1.4628419
1.4349585
1.4330982
1.4210281
1.4233575
1.421847
1.4037501
1.3949451
1.4050136
1.3911881
1.413969
1.4019195
1.4231921
1.4020678
1.4282036
1.4309841
1.4128001
1.4356606
1.4574103
1.4196054
1.4118142
1.4359946
1.4483237
1.4194299
1.4096835
1.4086298
1.4113524
1.4144607
1.3987168
1.4220136
1.4380034
1.4263521
1.4321008
1.4287667
1.4008427
1.4029788
1.4299542
1.4177862
1.4107807
1.4015716
1.4138643
1.4331639
1.4049454
1.4072839
1.4511904
1.4265023
1.4208511
1.4191749
1.4092516
1.4290068
1.3859279
1.4091609
1.4174016
1.4086448
1.412244
1.4164447
1.4092511
1.4146957
1.4467921
1.4027556
1.3913096
1.4247772
1.3800515
1.4083439
1.4010751
1.4340338
1.4380714
1.4083165
1.4291984
1.4087411
1.4165881
1.4522959
1.4065871
1.4145936
1.4051434
1.413339
1.4003326
1.4051175
1.4060329
1.4158133
1.3910275
1.4393872
1.4383684
1.4300133
1.4116614
1.4008527
1.4338741
1.4185234
1.4123925
1.4048133
1.4189497
1.4168589
1.4578522
1.4033093
1.4104432
1.4161794
1.4073915
1.409456
1.3810059
1.4318954
1.3909135
1.4241385
1.4167058
1.4137723
1.4109827
1.433103
1.4199032
1.4288871
1.4542251
1.4046509
1.404261
1.4229656
1.4041972
1.4244453
1.4349694
1.429046
1.4172907
1.412164
1.4155602
1.4111598
1.4349623
1.4123085
1.4327322
1.4197835
1.3981347
1.4311358
1.4281287
1.398165
1.4157363
1.4156016
1.4006057
1.4365447
1.4140162
1.4110818
1.4202539
1.4240624
1.4251722
1.4136763
1.4419767
1.4668468
1.4137614
1.4144411
1.4144566
1.4231361
1.4491979
1.4095975
1.4136358
1.419786
1.4008453
1.4336087
1.392326
1.4271866
1.4048711
1.4410899
1.4172182
1.4265088
1.4142491
1.4179758
1.4215453
1.3921702
1.41298
1.4447271
1.4029541
1.411651
1.4239733
1.4311512
1.4032999
1.4386895
1.4216468
1.3893007
1.3819767
1.4233819
1.4222709
1.3970684
1.4130031
1.4321162
1.408973
1.3943268
1.4154606
1.4054776
1.405614
1.4417776
1.4155575
1.4236952
1.4146082
1.4220407
1.3951706
1.4051785
1.388575
1.4265378
1.4133912
1.4089328
1.4343818
1.4057465
1.3982012
1.4207178
1.4378306
1.4181097
1.4301405
1.4173009
1.4253783
1.4134269
1.3832103
1.411332
1.4485512
1.4119381
1.4029768
1.4180536
1.4108527
1.4063845
1.4157279
1.4212824
1.4086341
1.4239935
1.4006226
1.4264004
1.4178343
1.4298213
1.4160807
1.4122672
1.410858
1.4293984
1.4168359
1.4285365
1.3905643
1.4133781
1.4122936
1.4190505
1.4132918
1.4243951
1.45327
1.399269
1.4331912
1.4085498
1.4110638
1.4213772
1.4008917
1.4269325
1.4288249
1.4174895
1.4072887
1.4099255
1.4171166
1.4027511
1.4151212
1.412358
1.4158012
1.3815564
1.4149619
1.4100269
1.4045615
1.4203423
1.4079592
1.4295521
1.3940687
1.4072002
1.4075218
1.4040401
1.4274639
1.4197683
1.4058923
1.4160174
1.4266447
1.412721
1.4106096
1.4304402
1.3817052
1.4113741
1.4515887
1.411874
1.4217851
1.4220504
1.4529914
1.4079492
1.4024698
1.4433748
1.4026271
1.423705
1.4221398
1.4144127
1.4172732
1.4238144
1.4226975
1.4303657
1.4026183
1.4006249
1.4101218
1.4038929
1.4528222
1.390014
1.4200767
1.4060907
1.4024405
1.422508
1.4220525
1.405132
1.4402353
1.4220862
1.383696
1.439069
1.4175707
1.4196403
1.4067267
1.4075863
1.4385842
1.4070479
1.4029281
1.4371257
1.4127142
1.4194385
1.4116961
1.4328735
1.4155457
1.4346919
1.419095
1.4047062
1.4114798
1.4008398
1.4219004
1.418114
1.4060321
1.3996584
1.4152298
1.4029648
1.415288
1.4433823
1.4149644
1.4136597
1.4260863
1.4263827
1.4160739
1.4103273
1.4024265
1.3941725
1.4317523
1.3834251
1.4242575
1.4185625
1.418116
1.4221557
1.4281359
1.4099066
1.4089689

1.412497
1.4374486
1.4036237
1.4069161
1.4309162
1.3999174
1.3987119
1.4017131
1.4140949
1.4330878
1.4121804
1.4592161
1.3996086
1.4054096
1.4191158
1.4012241
1.4322735
1.4282715
1.3843119
1.428783
1.4391241
1.3748631
1.4281917
1.3943052
1.395268
1.4249245
1.4154087
1.4273577
1.4361758
1.4102806
1.42826
1.422674
1.4246653
1.4259163
1.4182174
1.4166358
1.4068254
1.4011879
1.3969028
1.384058
1.4020201
1.433398
1.4440261
1.4169139
1.4020817
1.4445434
1.4053538
1.4300557
1.4025348
1.4305323
1.3909007
1.4125086
1.4220517
1.3827933
1.4268943
1.4177611
1.418346
1.4019039
1.408662
1.4013234
1.4099225
1.4038041
1.41087
1.4165165
1.4297258
1.426445
1.4069772
1.4012781
1.3912177
1.4171506
1.4227082
1.4080181
1.4169388
1.4020065
1.4233793
1.4134017
1.4055573
1.4074718
1.4339564
1.3927358
1.4303038
1.3752943
1.3989453
1.4137033
1.4179672
1.4272765
1.3861151
1.3922509
1.4439075
1.4234512
1.4434333
1.4192566
1.4448969
1.3910221
1.4239355
1.434125
1.4162997
1.4204218
1.4207824
1.430935
1.403897
1.4172469
1.3986166
1.4193741
1.4504974
1.3957653
1.4181854
1.4167985
1.4257715
1.4599328
1.4167324
1.4051017
1.4226466
1.4253447
1.3845184
1.4196512
1.4139262
1.3991734
1.4236388
1.4366078
1.4275213
1.4158546
1.4021268
1.4080523
1.4401193
1.4298431
1.4220128
1.4047287
1.4068984
1.405701
1.42536
1.4256195
1.4067532
1.4191024
1.4498385
1.4327888
1.4208004
1.3968097
1.414962
1.3868836
1.4199576
1.4159985
1.422265
1.4370756
1.4127167
1.4381387
1.4031111
1.4307814
1.4322096
1.4051498
1.4381875
1.4099401
1.4379518
1.4237204
1.3907096
1.4134566
1.4359707
1.4243205
1.4438283
1.4135408
1.4376957
1.4347181
1.4285282
1.4262276
1.3991743
1.4311374
1.425784
1.4520886
1.4146743
1.4393821
1.4135249
1.411194
1.4386587
1.387739
1.4291581
1.393419
1.414948
1.4494456
1.3876183
1.4281564
1.4001396
1.4177896
1.3877659
1.4168721
1.4247153
1.4642892
1.4448272
1.415747
1.4013085
1.4120176
1.4273946
1.4090369
1.4144174
1.4248681
1.4160663
1.4178658
1.4159521
1.4112482
1.4150052
1.3850338
1.4247137
1.44247
1.4169929
1.406128
1.4505581
1.4287475
1.397308
1.4142727
1.3897046
1.4131314
1.4290359
1.4359614
1.4226652
1.4118229
1.413692
1.3969207
1.4191831
1.4244614
1.4222646
1.4131159
1.415531
1.4071978
1.3945423
1.4128406
1.3949559
1.4216517
1.3861923
1.4366258
1.4193575
1.4318942
1.4282157
1.4004197
1.4359618
1.420952
1.4232112
1.3985809
1.4113755
1.4055514
1.4170313
1.4322697
1.4457676
1.4086015
1.3996054
1.4134884
1.4011825
1.4260666
1.4328341
1.4333681
1.4052126
1.4181987
1.4356865
1.4343188
1.4420983
1.431678
1.4071006
1.4204242
1.4442692
1.4115189
1.4139496
1.4431885
1.4466006
1.4149264
1.3984736
1.4280279
1.4313992
1.4223921
1.4311047
1.432488
1.416127
1.4210354
1.4009593
1.4227169
1.4305543
1.4410136
1.411001
1.422297
1.41795
1.4264233
1.4399347
1.4136826
1.4434601
1.4082181
1.4391963
1.4051198
1.4256436
1.4350893
1.4164912
1.4201845
1.4293249
1.4315342
1.4205664
1.4120626
1.409344
1.4078773
1.4407159
1.4044514
1.399827
1.407588
1.4009763
1.3947679
1.4004682
1.4395938
1.4363236
1.4200076
1.444799
1.4028755
1.4202964
1.4006871
1.4071803
1.4135439
1.4039832
1.4283583
1.4355426
1.4366927
1.4359564
1.4102256
1.4161657
1.4322438
1.4043447
1.415504
1.4068832
1.4129858
1.4276719
1.420578
1.4084039
1.4376261
1.4297205
1.4284905
1.38934
1.4253168
1.4427668
1.4300611
1.4257213
1.4474488
1.4269923
1.4259086
1.4136382
1.4409032
1.3796152
1.4002178
1.4079518
1.4130481
1.4206824
1.4112232
1.4143682
1.4301388
1.4254885
1.3932354
1.4079509
1.4231943
1.4175197
1.3723621
1.3925427
1.4061091
1.4032311
1.4228772
1.440384
1.3890667
1.4349506
1.4205997
1.4102863
1.4281268
1.4196292
1.432996
1.4337999
1.4026583
1.4070939
1.4159925
1.3906925
1.4212998
1.4061717
1.4121208
1.3903655
1.3980526
1.37811
1.4093916
1.3883772
1.4143238
1.3978007
1.4109893
1.3976763
1.4115967
1.3980258
1.4203386
1.4270031
1.3981119
1.4104651
1.4123954
1.3967619
1.4382828
1.401025
1.4412514
1.4185182
1.4204756
1.4237183
1.4185257
1.4326357
1.4068072
1.4107913
1.4402835
1.3985857
1.3914139
1.4124328
1.4300679
1.4152926
1.4226153
1.404188
1.3879217
1.4267385
1.4235744
1.4301331
1.4228879
1.421466
1.4372832
1.4125597
1.3998667
1.4034216
1.4087298
1.4261224
1.425563
1.3988605
1.4094146
1.413526
1.4362167
1.4360027
1.4288775
1.4093206
1.4287844
1.410032
1.4260772
1.4445685
1.4121814
1.4220433
1.4275261
1.421674
1.4399924
1.4161998
1.4186175
1.4202995
1.4117851
1.4328508
1.4083105
1.4088792
1.435252
1.4285858
1.4429128
1.3777895
1.40837
1.4416555
1.4413562
1.3993212
1.4151579
1.458047
1.4100319
1.4274075
1.419243
1.439165
1.4056957
1.3969442
1.3970175
1.3985189
1.4158804
1.4201956
1.4291482
1.4348888
1.404105
1.4254378
1.415329
1.4033924
1.4282881
1.400981
1.422614
1.4204323
1.4471076
1.4405732
1.4345615
1.4125426
1.4198719
1.4061458
1.4239212
1.4334213
1.4356278
1.4441243
1.4235281
1.4220967
1.4381721
1.4212382
1.4120107
1.4214954
1.4256458
1.4068788
1.4249846
1.40278
1.4342493
1.4282618
1.427699
1.4099638
1.4006749
1.4152598
1.4302119
1.4008853
1.412842
1.4377706
1.4147333
1.4495441
1.4081095
1.4156804
1.4137555
1.4503769
1.4316938
1.4286164
1.4054874

1.4222032
1.427765
1.4250993
1.4260355
1.40869
1.4171827
1.4219549
1.4525999
1.4188113
1.4316932
1.419713
1.4207067
1.4128083
1.412144
1.4302425
1.4179273
1.371483
1.4167749
1.4031769
1.4193624
1.3819401
1.4311856
1.3899523
1.4591385
1.4582514
1.4472104
1.4233501
1.4285507
1.4286599
1.4018722
1.402387
1.4557585
1.3904321
1.4139175
1.4059399
1.4053856
1.3975278
1.4079945
1.3955349
1.3858345
1.4078522
1.41396
1.4229445
1.4035281
1.4044138
1.4289162
1.4050752
1.4209129
1.465055
1.4157945
1.4163411
1.4281657
1.4316887
1.4110601
1.403966
1.4034352
1.4174719
1.452236
1.4231039
1.4216359
1.4436309
1.429043
1.4168478
1.4434279
1.4167962
1.3936577
1.4055054
1.4088937
1.4019022
1.435064
1.4303186
1.4393624
1.4278551
1.3912494
1.3705845
1.4103194
1.4077955
1.4044563
1.442177
1.4320669
1.4205048
1.3885593
1.4197026
1.397001
1.4096787
1.3946851
1.4051443
1.4154035
1.3980206
1.4158127
1.4281871
1.4122474
1.3932681
1.4336493
1.393053
1.4241183
1.4277843
1.4173921
1.4185055
1.4149075
1.3949962
1.4224579
1.4235859
1.4105864
1.4000765
1.423077
1.4078339
1.4197494
1.4099367
1.4354779
1.4312971
1.4216295
1.4342266
1.4188889
1.4027447
1.4165967
1.3954043
1.4141419
1.4473679
1.4297179
1.4100281
1.4187131
1.411328
1.4189093
1.415079
1.4079655
1.4124155
1.4046675
1.4189267
1.4154949
1.4376951
1.4157785
1.3995835
1.4369107
1.4117072
1.4136713
1.3838556
1.4543889
1.4148654
1.4360031
1.4143614
1.4037713
1.4317787
1.4308988
1.4199845
1.4199402
1.3971905
1.4286318
1.4146893
1.4466779
1.3965337
1.4681572
1.4080616
1.4317787
1.4449118
1.4022528
1.3990711
1.4384983
1.4360482
1.3924421
1.4048109
1.425155
1.4264785
1.4380325
1.4192479
1.4142709
1.431994
1.4147261
1.4406914
1.4074699
1.4253033
1.4109349
1.4102633
1.3938366
1.4531099
1.4425492
1.4317381
1.4277272
1.4302422
1.4210539
1.4271303
1.4135727
1.4156611
1.4036288
1.4221159
1.4126464
1.4099407
1.4245119
1.4286085
1.3989409
1.4076391
1.4061726
1.4051979
1.4380922
1.391177
1.4017212
1.3875613
1.4421477
1.4329102
1.4276123
1.4312453
1.3927826
1.4366181
1.4375389
1.4439136
1.4086039
1.429435
1.4138896
1.4009839
1.4600676
1.418724
1.4230063
1.4264306
1.4216273
1.3872485
1.4077291
1.4205321
1.4274652
1.4200479
1.4200965
1.420179
1.3943713
1.4310824
1.4249091
1.4230326
1.399943
1.4462334
1.4111671
1.4221267
1.4285059
1.4241993
1.417436
1.4372667
1.406929
1.4110329
1.4108744
1.443918
1.4099501
1.4269367
1.426229
1.4143927
1.4170849
1.3910443
1.4267794
1.4261934
1.4268944
1.4702244
1.395851
1.4000925
1.4136367
1.4123266
1.4201645
1.4148526
1.4314876
1.4230828
1.3980696
1.4634595
1.416382
1.4433222
1.4118502
1.4675378
1.3957045
1.4211006
1.4286959
1.4182092
1.4167122
1.4089317
1.4177331
1.4048195
1.4233572
1.4241216
1.4505519
1.4110686
1.4166294
1.4319043
1.4024174
1.4156678
1.4258822
1.4138504
1.4324001
1.4204806
1.4046075
1.4228092
1.4235898
1.4119989
1.4049704
1.4208254
1.3920648
1.4189259
1.400792
1.4322503
1.3984333
1.4079283
1.4403232
1.4182103
1.4366952
1.410292
1.4123579
1.4117864
1.3879758
1.4152311
1.4122839
1.4558234
1.4066025
1.4116561
1.4138415
1.4450601
1.4306995
1.4368721
1.3932341
1.4262528
1.4229673
1.4444083
1.419871
1.4188757
1.4166433
1.4177665
1.4184465
1.402107
1.4234413
1.429901
1.4185038
1.41174
1.4277868
1.4266307
1.4079787
1.4100655
1.4023255
1.405746
1.4443942
1.4222925
1.4054352
1.4066553
1.4293053
1.4405731
1.4224203
1.3905997
1.4144012
1.4229146
1.4238161
1.4259465
1.3873123
1.4212931
1.4087753
1.4019058
1.4188833
1.432664
1.432845
1.4159955
1.4032035
1.4023261
1.410896
1.3883607
1.4119399
1.41742
1.4489394
1.3978921
1.4434085
1.4345617
1.4311885
1.423773
1.4152386
1.4312419
1.4043888
1.4086689
1.3986679
1.3990705
1.413233
1.4250067
1.3883078
1.4278444
1.430934
1.4464035
1.4007322
1.4374558
1.4311388
1.4074895
1.4028695
1.4108387
1.4063792
1.398592
1.3983963
1.4292152
1.437944
1.412792
1.4220271
1.4220129
1.4228064
1.4118809
1.4129194
1.4080366
1.4273907
1.4233396
1.4505056
1.4380853
1.4362926
1.430426
1.4429667
1.4104865
1.3989059
1.4083382
1.4219525
1.4071146
1.418555
1.4085542
1.4496747
1.4015064
1.3912729
1.4430109
1.4439386
1.4182485
1.418315
1.4413314
1.4222859
1.4286661
1.4199896
1.3851373
1.4215746
1.4064839
1.4363574
1.4048859
1.4033533
1.4351624
1.4053761
1.4235308
1.4302025
1.4324716
1.4090989
1.4270338
1.4328027
1.4163293
1.3945962
1.4203237
1.4185462
1.4344193
1.4285394
1.4341915
1.4027375
1.4065218
1.3846214
1.4281863
1.4026103
1.421427
1.4326313
1.4017653
1.40528
1.4243959
1.4003084
1.4171499
1.4193525
1.4337603
1.4106386
1.4234507
1.4120253
1.4176403
1.4138292
1.4376897
1.4056767
1.4170454
1.3938375
1.4465563
1.4170632
1.4241052
1.4348596
1.3962289
1.4118732
1.4068357
1.4160197
1.4239452
1.4268649
1.4043255
1.4140052
1.4123019
1.4009597
1.4260272
1.4111663
1.4048527
1.4475005
1.4161937
1.3799797
1.4230195
1.4231148
1.4003326
1.3920414
1.4189805
1.412712
1.3952798
1.4261997
1.4111168
1.4160966
1.4070268
1.3982683
1.4113096
1.4218302
1.4189737
1.4080414
1.4277958
1.4202218
1.4499812
1.4106994
1.4228078
1.4176953
1.4066366
1.4474483
1.4169984
1.4112262
1.4434549
1.4056842
1.4535697
1.4068916
1.3950554
1.4028527

1.9326084
1.891502
1.8356911
1.7792
1.9012269
1.8189194
1.7834667
1.8822821
1.8652759
1.8041515

