1.619852
1.5539645
1.4418927
1.077924
1.7593409
1.3038105
1.3767108
1.2233142
1.6585736
1.405314
1.556679
1.6635478
1.4361517
1.2959838
1.6001186
1.7155998
1.4372746
1.3608072
1.5816408
1.753023
1.3652755
1.6573777
1.4538456
1.4510515
1.3287405
1.2951354
1.2218448
1.5981343
1.3124311
1.8829519
1.3063304
1.4723573
1.4983974
1.5166675
1.5364175
1.7327163
1.3492665
1.4423444
1.2538688
1.7006675
1.381007
1.1054474
1.8748827
1.9242607
1.4005362
1.3827466
1.1920419
1.4958202
1.491664
1.7338182
1.1757582
1.6021643
1.6527122
1.1549687
1.1305733
1.1986525
1.5270337
1.2836976
1.093991
1.5195651
1.3036579
1.4741085
1.694389
1.4935017

1.842825
1.717468
1.5383884
1.4912963
1.6125023
2.1155577
1.6763014
1.3729696
1.5900437
1.5950304
1.4879088
1.7131537
1.6768118
1.449727
1.5107052
2.0547843
1.4831356
1.6632448
1.644733
1.680201
1.6915286
1.6415173
1.4655995
1.5275531
1.5229384
1.5472293
1.6266518
1.5133207
1.4411502
1.9591305
1.5720985
1.4939797
1.5921826
1.6718444
1.5423409
1.5437021
1.5724499
1.7872846
1.5302097
1.7092136
1.3410612
1.5896834
1.5210366
1.4919559
1.4634885
1.6810728
1.6315985
1.7064594
1.6690973
1.5215834
1.521044
1.6202018
1.5258689
1.5981263
1.6143378
1.5185114
1.4750029
1.56832
1.6436301
1.6314427
1.5711533
1.5599893
1.4697611
1.7903188

1.6945753
1.4822983
1.5015355
1.5709113
1.5846808
1.4398409
1.4263438
1.4893473
1.6199486
1.6244371
1.4951029
1.4869305
1.5622233
1.5137836
1.6016786
1.563763
1.4976575
1.5202061
1.6609998
1.5458347
1.5619223
1.4968182
1.4493666
1.4879677
1.4342402
1.4298551
1.4443507
1.4240638
1.5532501
1.521966
1.4603155
1.5701061
1.5301605
1.4653004
1.6059285
1.4687821
1.5600442
1.6129335
1.452564
1.5026499
1.4521912
1.5969352
1.5430118
1.5819203
1.6402701
1.505035
1.4959011
1.5269132
1.5847304
1.5075321
1.5044141
1.5766499
1.5888586
1.439564
1.5268481
1.5181447
1.584368
1.563658
1.465918
1.5152678
1.5379812
1.48654
1.4478952
1.535584
1.5336158
1.4787034
1.5442458
1.4769468
1.4761691
1.5725738
1.5505207
1.4309245
1.5982622
1.4670924
1.5461712
1.5014424
1.4700332
1.539369
1.4752398
1.4570843
1.6143695
1.4799625
1.5243163
1.5758917
1.4859006
1.4613827
1.5527788
1.4419956
1.5300006
1.4741895
1.490457
1.5289814
1.4544814
1.4337541
1.550462
1.6014597
1.5352583
1.4571645
1.5147539
1.5492625
1.4664431
1.4863468
1.4511731
1.5385661
1.5312738
1.5110646
1.4364865
1.4610233
1.5249602
1.4304338
1.4689522
1.4954787
1.5583206
1.5423604
1.4784731
1.4683173
1.5360942
1.4160187
1.5194678
1.515574
1.4713522
1.4626597
1.6268163
1.4825706
1.3982303
1.5132346
1.5325259
1.5611846

1.6114445
1.5243713
1.5840237
1.5205479
1.5653447
1.5343198
1.55971
1.637354
1.512883
1.5617902
1.650675
1.5077353
1.7123227
1.5509647
1.5997834
1.5343379
1.5681573
1.602883
1.6520718
1.4815361
1.5514416
1.5132881
1.4550254
1.6514587
1.5897464
1.4962337
1.559704
1.5099213
1.5645647
1.6102189
1.5622944
1.4136238
1.5208162
1.4229543
1.6525937
1.509622
1.5055662
1.5288001
1.5431765
1.6550137
1.6141319
1.5539335
1.5630366
1.5295703
1.5324723
1.6233895
1.6088194
1.5612187
1.5522712
1.4462929
1.5643524
1.5992833
1.5557511
1.4944879
1.5374807
1.5938365
1.5465006
1.450379
1.5768832
1.4079765
1.5393196
1.5035939
1.5601541
1.3998785
1.6034738
1.5948424
1.5601587
1.4496298
1.6005851
1.60649
1.5105124
1.4145614
1.5102018
1.5663631
1.5213664
1.5310881
1.4212825
1.5689344
1.4614402
1.5673519
1.51315
1.5177718
1.6278389
1.4725608
1.5541478
1.5621129
1.5116096
1.5436304
1.5305265
1.4488567
1.6207947
1.6660078
1.4995351
1.5947682
1.5100433
1.5744075
1.5906768
1.4948945
1.6914693
1.4855406
1.5299054
1.6682305
1.5397052
1.4221233
1.5751156
1.6178383
1.5534484
1.3960336
1.5615947
1.5873381
1.4078082
1.5919693
1.5256555
1.5381054
1.5479401
1.5503031
1.5913863
1.4952213
1.5516309
1.6585529
1.514274
1.5376463
1.4001563
1.6051272
1.6256062
1.5364622
1.5631093
1.425037

1.5413557
1.5045826
1.5259181
1.5363114
1.4733732
1.5265461
1.4328052
1.390105
1.5363141
1.4921376
1.5120631
1.4377416
1.5065184
1.5303265
1.548425
1.5117515
1.4185963
1.5229168
1.558259
1.3985089
1.5375539
1.5699692
1.4496921
1.5027114
1.4193385
1.4820898
1.5138817
1.5213603
1.5969048
1.4538679
1.4217644
1.5538934
1.600386
1.4153568
1.4319286
1.5962276
1.4823338
1.4640585
1.4353421
1.4835832
1.5259749
1.5606439
1.5297879
1.508953
1.4654903
1.4358835
1.4548389
1.5257998
1.4854902
1.5202065
1.5009004
1.5432863
1.4084616
1.4083445
1.559362
1.5403363
1.4347275
1.5688273
1.4789364
1.5869544
1.4530461
1.4710467
1.4205884
1.5009503
1.4025381
1.4872391
1.5317143
1.4977291
1.4574684
1.4058021
1.5074261
1.5337164
1.3761686
1.4697489
1.4626739
1.5130308
1.5199506
1.5251186
1.4717686
1.5350413
1.5071026
1.537386
1.4007757
1.5665863
1.5145288
1.555405
1.448844
1.5048048
1.4726161
1.5675446
1.482013
1.5100938
1.539461
1.5378437
1.5005616
1.5389664
1.4677726
1.4989978
1.4965326
1.4873275
1.4178127
1.5116647
1.4814225
1.5074648
1.5207583
1.4790753
1.4769939
1.5649284
1.4895015
1.4370223
1.5394882
1.3998164
1.4120258
1.4153664
1.4721825
1.5252609
1.5420882
1.413096
1.4819341
1.4807361
1.4193172
1.482544
1.4807978
1.4565432
1.5730813
1.5384867
1.4113171
1.4784796
1.5076371
1.4862219
1.5204859
1.5356486
1.5643028
1.5611662
1.5211651
1.4915526
1.4710591
1.5763011
1.5205187
1.5392262
1.4886967
1.542896
1.4480745
1.3833148
1.5632484
1.424096
1.4731866
1.5200509
1.4087919
1.5792106
1.480083
1.5569097
1.507967
1.5114068
1.5174663
1.4877642
1.5494698
1.4422256
1.4951168
1.5599047
1.4425616
1.4431401
1.5239022
1.5599738
1.4892955
1.5396827
1.5185623
1.4750488
1.4880179
1.4780821
1.5270096
1.5282156
1.4909785
1.4289908
1.63175
1.4503351
1.6130456
1.4686077
1.4317871
1.5436037
1.5136915
1.4928277
1.529352
1.5635868
1.4662917
1.5205605
1.4031596
1.5322564
1.5352199
1.5177122
1.4494753
1.4873285
1.5259963
1.4676045
1.4052705
1.4888742
1.5083599
1.4707173
1.4867595
1.4210913
1.4711682
1.5187783
1.4385076
1.4750805
1.5100679
1.5691153
1.4856284
1.6006547
1.3908194
1.4893337
1.5709031
1.6094986
1.4279398
1.4933586
1.5054199
1.5080037
1.6114415
1.5784699
1.4258549
1.5360168
1.4504628
1.5335717
1.5175767
1.5407606
1.4939455
1.5059111
1.4644674
1.517678
1.4125994
1.5439377
1.5426997
1.5684919
1.5268329
1.5682474
1.6044768
1.5928557
1.5346135
1.4748584
1.5192617
1.5715027
1.4837508
1.490597
1.4702921
1.4985621
1.4174839
1.4839528
1.6110052
1.5645996
1.511038
1.5042198
1.5578129
1.5487282
1.5587492
1.4502008
1.5508872
1.5529424

1.46752
1.5771526
1.5859131
1.575205
1.6022531
1.6321342
1.5385611
1.5624769
1.5297104
1.4195973
1.5287608
1.5753058
1.4243284
1.4590806
1.5636969
1.4636766
1.4629496
1.5387868
1.5881118
1.5191237
1.4522854
1.5205309
1.4450642
1.5713302
1.4993646
1.5946175
1.6418151
1.595513
1.584211
1.5744632
1.5560017
1.5073309
1.5625588
1.6686666
1.5625997
1.5788916
1.4677129
1.4986719
1.5994452
1.4634417
1.3920674
1.5607628
1.5913594
1.4996297
1.526441
1.4749074
1.4925383
1.4649994
1.5427111
1.5721012
1.5435873
1.5550529
1.3899528
1.6316124
1.6481453
1.5406712
1.5106114
1.4689664
1.6127143
1.6511883
1.5066745
1.657113
1.5907625
1.4667472
1.5692073
1.425358
1.5997914
1.548918
1.5311216
1.5941678
1.5683529
1.5814329
1.4393063
1.4373299
1.4379655
1.4710686
1.6018153
1.6065146
1.4540557
1.5612445
1.5832243
1.4305704
1.5621171
1.575936
1.4153991
1.5844418
1.5351775
1.5788587
1.455349
1.6270068
1.6535867
1.5351219
1.5562365
1.5775017
1.486389
1.6206005
1.5827829
1.5579882
1.605799
1.5384778
1.4820727
1.589637
1.468478
1.6530583
1.5734766
1.4837185
1.5459629
1.4966315
1.6087166
1.5668386
1.4728696
1.530465
1.570783
1.4300185
1.5476491
1.5126398
1.4609843
1.550958
1.5825944
1.5930635
1.5267758
1.4367182
1.5135992
1.4851377
1.5131323
1.6325241
1.4232205
1.4723428
1.5213314
1.503429
1.5779775
1.5569696
1.4932282
1.6202457
1.4637688
1.5036734
1.5059507
1.5152662
1.5440105
1.5315393
1.4921124
1.5638342
1.5163237
1.4966136
1.6094064
1.5954641
1.595219
1.5041335
1.602491
1.6469276
1.5303357
1.6176519
1.5487323
1.5593119
1.5010707
1.612364
1.5260375
1.3871627
1.5347816
1.5885231
1.5941545
1.5542358
1.5355568
1.6223788
1.5903605
1.6047422
1.4315162
1.5241749
1.5548896
1.5634761
1.5802718
1.4906738
1.5813606
1.5685203
1.4849545
1.5646111
1.5283482
1.6028258
1.5681229
1.582976
1.5686356
1.5757148
1.5768343
1.504219
1.570201
1.547157
1.5862786
1.5045472
1.5754018
1.4359913
1.4522245
1.5715019
1.578661
1.4542898
1.5657492
1.5962615
1.505807
1.5259928
1.5808884
1.6553969
1.4922898
1.5405668
1.5865507
1.4882054
1.4904501
1.4554485
1.5221223
1.4571927
1.5612097
1.5744531
1.633678
1.4843467
1.5671432
1.5689886
1.4959321
1.4285011
1.529074
1.5585887
1.4616652
1.5630693
1.5897928
1.4890935
1.5104173
1.5976778
1.5929298
1.620175
1.5120702
1.6169262
1.5383601
1.5617473
1.4692966
1.4791158
1.6133554
1.5886737
1.4540284
1.5642302
1.5644926
1.421772
1.5642359
1.5709699
1.4367493
1.5125875
1.4234872
1.4513173
1.440718
1.603512
1.5027099
1.479199
1.497938
1.547608
1.5753491
1.4727064
1.5369893
1.6004971
1.4510721
1.5581434

1.5903766
1.4756316
1.6509606
1.4656787
1.6345606
1.5782975
1.5966634
1.5781255
1.6295466
1.528268
1.5614572
1.6364785
1.7133574
1.4999646
1.5826805
1.5941186
1.5173011
1.543974
1.6356759
1.5992332
1.4728342
1.6033045
1.6501472
1.6436952
1.5705551
1.6210164
1.5353396
1.6745869
1.6172532
1.5597625
1.6296657
1.4573741
1.5037781
1.594851
1.6266996
1.5254415
1.471547
1.6610839
1.604669
1.6280165
1.5370367
1.4912189
1.666042
1.5601836
1.703109
1.6484041
1.6022079
1.5054319
1.5826511
1.539802
1.5538568
1.596193
1.4958471
1.5550737
1.5812576
1.4783051
1.6019752
1.710557
1.6453179
1.6111053
1.547844
1.4567925
1.636133
1.5574471
1.5154966
1.4401945
1.6203399
1.4803476
1.4232599
1.6544479
1.5976897
1.5844682
1.4227422
1.560558
1.4182554
1.6062726
1.5983957
1.5255983
1.5413547
1.5970435
1.6512934
1.5371022
1.5747808
1.4549114
1.5185965
1.6237127
1.4870962
1.4562081
1.6227632
1.5420082
1.6983118
1.5695641
1.6262814
1.6233512
1.6067649
1.5690508
1.6164914
1.4683691
1.4544731
1.6277769
1.6363107
1.5233141
1.50443
1.5702486
1.5808245
1.6239142
1.6609663
1.6049907
1.4655231
1.427758
1.536202
1.6324747
1.4902062
1.545873
1.5371398
1.5731914
1.4792933
1.5298547
1.5306138
1.5755701
1.4469874
1.6084871
1.6762265
1.6603364
1.574772
1.4901929
1.476115
1.4904041
1.5898422
1.4840412
1.5193373
1.6884006
1.6042408
1.6487335
1.6095647
1.6166173
1.5590634
1.636925
1.6624132
1.5399672
1.6122342
1.4716084
1.5423392
1.4887135
1.6286944
1.5271263
1.6776978
1.5609444
1.5592031
1.5509173
1.4807463
1.4253306
1.4370283
1.6229469
1.6616479
1.6129273
1.5413725
1.6562703
1.4998864
1.452196
1.5974729
1.4700402
1.5624118
1.5547616
1.6740419
1.6786686
1.4646492
1.6303303
1.6281698
1.4303311
1.5617319
1.55016
1.5745678
1.6032672
1.4496273
1.5742892
1.524129
1.6022172
1.443159
1.5382481
1.5682594
1.5420964
1.530378
1.5818805
1.6341617
1.6327235
1.5567884
1.4852855
1.6012002
1.6418784
1.4993937
1.5945985
1.6060028
1.4820457
1.6050241
1.465292
1.5986817
1.5942233
1.6108705
1.6280702
1.6214876
1.472595
1.6599233
1.5679466
1.7294527
1.5188313
1.6036514
1.5965589
1.4858752
1.4649373
1.5835025
1.6313174
1.6192557
1.6075649
1.6322235
1.5505439
1.4950335
1.5418364
1.603634
1.5528926
1.467896
1.535807
1.5877409
1.6096919
1.6155924
1.4442598
1.4916775
1.5979741
1.5416179
1.6250768
1.4672656
1.5131093
1.5562338
1.6279582
1.6217177
1.5221646
1.5325078
1.5407858
1.6276795
1.6760036
1.6349765
1.6084497
1.6317847
1.5846866
1.4456555
1.4946363
1.6233009
1.570822
1.4782077
1.4875481
1.7359364
1.4479593
1.5263875
1.4508617
1.5780025
1.456777

1.4612434
1.5088594
1.4572672
1.5363059
1.4555452
1.4910085
1.4697474
1.4878958
1.5412374
1.581088
1.5389694
1.5533013
1.53844
1.4468364
1.552339
1.4540106
1.5240003
1.4413792
1.439993
1.4789826
1.4594618
1.5112073
1.5745648
1.5409875
1.5543833
1.4926168
1.5377189
1.5184364
1.4970452
1.547476
1.4334277
1.4142375
1.5219641
1.4849795
1.476897
1.4183421
1.5046985
1.4056746
1.4785593
1.4550025
1.4903429
1.5197958
1.5593996
1.5302643
1.469455
1.450802
1.484699
1.5079167
1.4298636
1.5669475
1.5212302
1.5041915
1.4538659
1.5288321
1.5317024
1.5652268
1.5151694
1.5288159
1.4328676
1.5454894
1.5534047
1.5178415
1.529897
1.5522159
1.5753974
1.4500833
1.4687003
1.5797901
1.491553
1.5025176
1.5534855
1.5407983
1.581152
1.5291634
1.5799558
1.4419807
1.5108771
1.4870646
1.4704387
1.4741358
1.5497547
1.4386864
1.5668449
1.447691
1.5511199
1.4137796
1.5071748
1.4227196
1.5388613
1.5549659
1.4497973
1.4327803
1.5493914
1.4209021
1.4764731
1.5774204
1.5184953
1.5425795
1.5226355
1.424948
1.4699055
1.4781495
1.4562428
1.4864649
1.5208093
1.4922917
1.5193697
1.4422611
1.5390899
1.534973
1.5253665
1.4901979
1.5084862
1.5003105
1.5437522
1.517626
1.4961624
1.4604193
1.424238
1.4359816
1.4063162
1.5274794
1.5591302
1.4825788
1.4640838
1.5696375
1.4821587
1.5114849
1.4636171
1.515973
1.4911113
1.5121902
1.4504963
1.5322442
1.5513405
1.4785407
1.4959456
1.4708956
1.4769295
1.5067393
1.5337642
1.5189799
1.54658
1.4787624
1.5238383
1.502708
1.5370014
1.574519
1.5139719
1.4921503
1.4466267
1.476552
1.4896512
1.494747
1.4093349
1.4779551
1.5639817
1.4452904
1.5011703
1.4539285
1.4616282
1.4740602
1.4867035
1.5120145
1.4527916
1.482535
1.4863204
1.5321255
1.6037731
1.4034458
1.4701347
1.4429483
1.43155
1.4683775
1.4518521
1.5230792
1.4535173
1.4480076
1.464651
1.4038419
1.4868522
1.5478191
1.5173588
1.528057
1.4807891
1.4341612
1.4331926
1.5026395
1.4803692
1.4662279
1.5415844
1.379495
1.4900305
1.4443251
1.5059426
1.4684137
1.4222338
1.5270789
1.550936
1.5292045
1.4999791
1.4462067
1.5258473
1.5048429
1.4751476
1.5444303
1.5507914
1.505274
1.5228659
1.5314447
1.4921714
1.5152713
1.4937328
1.4719225
1.5085158
1.4912692
1.5353142
1.4464784
1.4833555
1.5052116
1.4506319
1.4745783
1.477318
1.5028821
1.4331585
1.5595086
1.458844
1.4646968
1.4744283
1.480735
1.5207913
1.4636735
1.5230887
1.5055891
1.4460567
1.523376
1.5055342
1.5140098
1.5385581
1.5152944
1.4794716
1.5451647
1.5303878
1.5062943
1.4843847
1.4580283
1.5345663
1.4544724
1.4781133
1.508411
1.5447809
1.4765624
1.5646198
1.4671924
1.5213935
1.5688252
1.5392632
1.4270177
1.4685873
1.4527265
1.5473537
1.4506273
1.5195396
1.5345647
1.440902
1.4626687
1.5254829
1.5208466
1.400783
1.5383325
1.492675
1.4949853
1.5367707
1.4911397
1.5569994
1.557656
1.4742967
1.4747486
1.5109668
1.5415803
1.541824
1.5436649
1.5548288
1.4952025
1.5380892
1.5830609
1.525639
1.5308613
1.5651995
1.5722376
1.5461725
1.5229918
1.5578139
1.4794362
1.5189142
1.5138195
1.5436885
1.531046
1.5398426
1.4559653
1.5093927
1.5088513
1.4467695
1.4660718
1.4537859
1.4479684
1.448382
1.4810435
1.4954325
1.5348147
1.5439525
1.5089345
1.5540094
1.5207225
1.4264927
1.4751883
1.5116384
1.4202776
1.5455294
1.5678874
1.5692539
1.479901
1.436684
1.4199916
1.5410243
1.5654697
1.424046
1.5671469
1.5474176
1.5316426
1.5264181
1.4477559
1.4826467
1.546624
1.5512762
1.4424094
1.4090623
1.510299
1.3914315
1.5594606
1.4053125
1.444701
1.5318236
1.5334402
1.4467703
1.489219
1.4537716
1.4248489
1.5393851
1.5328499
1.4652714
1.4935266
1.5082132
1.4829159
1.5754123
1.4989079
1.440683
1.4693823
1.4227725
1.4497092
1.5419064
1.4672359
1.5060669
1.5107907
1.5529873
1.5873631
1.473924
1.4632382
1.4556447
1.5258191
1.4767343
1.5236357
1.5669942
1.4792454
1.543297
1.6085416
1.4968833
1.5262346
1.5334905
1.4411775
1.5147837
1.4582512
1.50732
1.5168542
1.5252326
1.5616332
1.5668266
1.4239242
1.4955949
1.5601604
1.5158708
1.5597017
1.4983163
1.4712564
1.4954667
1.5082498
1.488257
1.5048107
1.5050954
1.4526482
1.5187697
1.4968312
1.4550446
1.5745128
1.4739636
1.5333316
1.5299579
1.5900865
1.5916138
1.5449775
1.4826576
1.5141155
1.4824615
1.4968183
1.4892775
1.5197933
1.5670557
1.5162408
1.4322278
1.5241432
1.5194126
1.5304314
1.5624281
1.5101889
1.4078789
1.558099
1.5570346
1.6019367
1.5706581
1.4430155
1.5533824
1.5122056
1.4124243
1.4787377
1.569738
1.4607142
1.4886409
1.4475119
1.5661228
1.4183979
1.5059249
1.4791292
1.5077868
1.5162557
1.4869132
1.5243919
1.5398763
1.55102
1.5083213
1.4724936
1.4622427
1.5510646
1.587313
1.5232661
1.5122237
1.42828
1.5226154
1.4608742
1.3747593
1.5768955
1.4546328
1.5285273
1.5490569
1.5813799
1.4724188
1.4507414
1.4645255
1.5231507
1.4876684
1.418251
1.4768268
1.5771714
1.5432208
1.5441748
1.4772824
1.4672738
1.5515805
1.4525781
1.4169391
1.4889317
1.5386844
1.4531919
1.5619805
1.4670602
1.4665424
1.4980127
1.494414
1.5411297
1.560101
1.4556335
1.491108
1.5287313
1.4349574
1.5568409
1.4500198
1.4548784
1.5378118
1.4843764
1.5214804
1.5639317
1.555264
1.4634628
1.4709475
1.5817541
1.5236233
1.463353
1.5638479
1.566483
1.5133715
1.5273845
1.5518168
1.5036209

1.5747383
1.5585508
1.5556967
1.5902845
1.4033688
1.4350979
1.4604821
1.503562
1.5958464
1.4871029
1.4883976
1.5552849
1.5165616
1.5305263
1.5140884
1.5217193
1.5233922
1.5398768
1.5678625
1.500204
1.523568
1.500436
1.5435565
1.4429553
1.4376283
1.5417962
1.5060285
1.564056
1.4805745
1.5541843
1.4601007
1.4979341
1.5332556
1.4916017
1.5907102
1.4740099
1.4318955
1.56818
1.4805158
1.5070528
1.4729122
1.4654571
1.553896
1.4397894
1.5009398
1.5526776
1.5710516
1.5660619
1.5029868
1.5032308
1.5600083
1.4588265
1.4884496
1.5300896
1.5476426
1.5366567
1.5705
1.5134801
1.4813601
1.5595928
1.5034604
1.4261919
1.5738363
1.5391229
1.5588919
1.529375
1.562831
1.4171854
1.5715995
1.4664532
1.5699477
1.554354
1.527039
1.579441
1.5524051
1.494459
1.4466166
1.5677366
1.5299624
1.465222
1.409703
1.474076
1.5585423
1.4592547
1.5484034
1.5121869
1.4751308
1.5765365
1.5219294
1.4976475
1.5636684
1.4722228
1.5300757
1.5589534
1.4333794
1.53823
1.5403539
1.5667342
1.5333288
1.5125815
1.5014619
1.5510774
1.5330622
1.505691
1.5254321
1.5576956
1.4787532
1.5302957
1.5332353
1.554511
1.4612095
1.5333966
1.5183451
1.530955
1.4960566
1.4880072
1.5832229
1.5483985
1.5175055
1.4291693
1.5337939
1.5774559
1.5758309
1.5614655
1.5019879
1.5076884
1.5607513
1.4890718
1.4593818
1.5439433
1.5594301
1.5697869
1.4845005
1.5102649
1.5654216
1.4636714
1.5826304
1.4770423
1.5407386
1.4473476
1.5120121
1.5173235
1.4500935
1.5166478
1.5472411
1.494324
1.5161536
1.4776238
1.4794772
1.5490818
1.4576404
1.4958233
1.4898887
1.4900185
1.5658886
1.5517987
1.485875
1.582448
1.5256895
1.5018169
1.5568719
1.5188152
1.5348012
1.5110686
1.5896455
1.4725364
1.4444662
1.5140439
1.562009
1.5383898
1.4844398
1.550096
1.4433599
1.5328836
1.5886505
1.5428978
1.5845516
1.441693
1.500746
1.5927144
1.4534812
1.5156541
1.5222166
1.5415738
1.4833343
1.4602741
1.4335405
1.5272909
1.5077425
1.5271494
1.5605195
1.4373507
1.4751974
1.5338309
1.5895853
1.5607134
1.5111631
1.56632
1.4996313
1.5046482
1.5326854
1.4863337
1.5377495
1.5111948
1.4875479
1.5320802
1.5216264
1.4308352
1.5781827
1.5301045
1.5305232
1.5250965
1.5609733
1.5605072
1.5671777
1.5551901
1.5638294
1.5839194
1.5005754
1.5844643
1.5501043
1.506599
1.5756876
1.5221859
1.415539
1.5370197
1.5281967
1.4921786
1.5305547
1.5380061
1.4484993
1.5091264
1.4649787
1.4481294
1.5453231
1.4415216
1.566714
1.4784973
1.5270194
1.525932
1.5473316
1.5392269
1.4971787
1.5923378
1.4895366
1.4538177
1.5857097
1.4399893
1.4466841
1.5405384
1.510999
1.4557606
1.5015744
1.580442
1.5056851
1.4561722
1.5834979
1.6137477
1.5527948
1.5096736
1.5383247
1.5633637
1.4943175
1.4798
1.4718982
1.5685768
1.4814053
1.4584521
1.4657159
1.5070373
1.5602149
1.4979144
1.5134907
1.4523144
1.5963657
1.5222368
1.5458434
1.5003275
1.4865537
1.6061155
1.522611
1.516107
1.5163562
1.4971305
1.5273017
1.4294579
1.4858645
1.578193
1.4280897
1.5990044
1.5326378
1.5298253
1.587973
1.4624178
1.5480413
1.5591189
1.4885217
1.4991949
1.4521543
1.5852467
1.536045
1.5566404
1.4707049
1.534283
1.5449871
1.5368925
1.4643335
1.4094926
1.4913945
1.5320923
1.5037916
1.5455406
1.5189143
1.5235208
1.4760134
1.5048537
1.5820743
1.5872782
1.4715946
1.5158328
1.4843173
1.5683286
1.5328075
1.5291754
1.5288881
1.472964
1.5391086
1.5379258
1.4749905
1.5317619
1.4814241
1.5805178
1.4804374
1.4413642
1.4742392
1.5573198
1.503747
1.5404539
1.5089333
1.589942
1.515726
1.5980272
1.5369943
1.5586303
1.5180343
1.4449539
1.5324173
1.5068607
1.4045697
1.4403362
1.5017328
1.5866958
1.4748033
1.5451107
1.4498746
1.5359286
1.4973178
1.4469247
1.5703698
1.5412964
1.5408146
1.5456052
1.5648888
1.5436374
1.5604308
1.5131656
1.5432092
1.4846704
1.562029
1.4087889
1.5677285
1.4794672
1.4940267
1.5000209
1.4367132
1.5004165
1.5145237
1.4898038
1.5919093
1.6125987
1.5539535
1.4574205
1.485769
1.5991782
1.4645411
1.5320799
1.5596361
1.5893743
1.5003743
1.4493821
1.5452503
1.5363674
1.5084988
1.5565006
1.5871806
1.5544099
1.5736421
1.4408036
1.4995762
1.5620337
1.5555911
1.5429971
1.5391195
1.571764
1.50457
1.4482987
1.5192156
1.5092142
1.5712522
1.5266308
1.5830947
1.5239613
1.5135111
1.5427091
1.48174
1.5688195
1.4373051
1.4762883
1.4970323
1.56761
1.4751492
1.5587014
1.481004
1.579189
1.5561409
1.47991
1.5264723
1.4758228
1.5182881
1.4810847
1.5545776
1.5958503
1.4290992
1.5481412
1.5056648
1.4826953
1.4836577
1.4706341
1.5924942
1.4949778
1.4906695
1.5398271
1.5579618
1.5982121
1.5498708
1.469668
1.523888
1.4484532
1.4568654
1.5581766
1.5574286
1.5520884
1.4370049
1.5232762
1.5363522
1.4142878
1.4931754
1.5456698
1.4861538
1.5510018
1.5281389
1.5488473
1.477727
1.4596651
1.5500789
1.5589027
1.4063405
1.5704972
1.5463724
1.5095341
1.5519501
1.481919
1.5072094
1.5122056
1.5644588
1.5011389
1.5602103
1.5107543
1.5586838
1.521432
1.4843007
1.4988024
1.5283687
1.4249898
1.5516171
1.4386388
1.4809656
1.6017622
1.5301292
1.5478523
1.4638513
1.4535493
1.4989426
1.5446943
1.4627793
1.5190847
1.4865355
1.5071397
1.5865664
1.4790953
1.4684052
1.4217312
1.5262425
1.5312413
1.5539116
1.4823451
1.5034113
1.4650259
1.4956166
1.544763
1.5597881
1.5123156

1.5814723
1.453717
1.4932979
1.525616
1.5465063
1.4425207
1.4155884
1.4757217
1.6587329
1.5961062
1.4237978
1.5127362
1.4928904
1.5370913
1.4076118
1.4988798
1.4728675
1.5039246
1.4576747
1.4663733
1.555659
1.5739378
1.5201124
1.4769337
1.562559
1.508017
1.5629153
1.6096772
1.452024
1.4159981
1.5373868
1.4754952
1.4861695
1.5377141
1.4765482
1.4862585
1.5182114
1.5411885
1.5092851
1.5930763
1.4658394
1.6194762
1.4686407
1.4455696
1.4927536
1.5038773
1.4593098
1.5710894
1.4566605
1.5117103
1.6219332
1.5053127
1.5058236
1.5175906
1.4848071
1.4661987
1.491317
1.4716842
1.4564495
1.6016241
1.5296459
1.4509541
1.5177947
1.4297153
1.5275004
1.4379761
1.4505867
1.4201679
1.4834455
1.6674352
1.5295601
1.4783455
1.5474446
1.5508912
1.4737695
1.4594927
1.5094963
1.6401567
1.4444401
1.5518256
1.4236029
1.4493754
1.4894506
1.4732866
1.4556587
1.5098847
1.4652591
1.5169219
1.6022384
1.4603672
1.629723
1.5055702
1.5485324
1.4400891
1.4293598
1.4903593
1.6034048
1.5510753
1.5040898
1.4529617
1.5356253
1.4494557
1.4517114
1.4758108
1.535692
1.4833106
1.5259699
1.4197437
1.4638574
1.457417
1.5737169
1.5333285
1.5408527
1.5473056
1.5616108
1.5320499
1.609421
1.544823
1.4520466
1.4442699
1.4547954
1.4481112
1.4641095
1.4455191
1.5535038
1.4892257
1.462187
1.4448884
1.4137323
1.6403731
1.6283003
1.5626439
1.4707108
1.4685616
1.5568193
1.4712676
1.4364241
1.5305367
1.4465508
1.4857068
1.4596967
1.4781926
1.5199366
1.6626872
1.6020288
1.4201918
1.5200026
1.5186207
1.5088723
1.5807915
1.5843197
1.5421793
1.4237189
1.4589671
1.4930384
1.4930778
1.4674599
1.5022514
1.4508922
1.4540122
1.4990662
1.5184547
1.6383623
1.5855014
1.4100953
1.5662757
1.5355934
1.4281075
1.4543842
1.4725702
1.4580263
1.5064626
1.4506582
1.4622169
1.4452026
1.4863476
1.4905314
1.4690436
1.4698293
1.4534881
1.4261853
1.611832
1.4964749
1.463146
1.4929736
1.4948573
1.4500167
1.530557
1.5271416
1.4342504
1.5479485
1.5139812
1.4582311
1.4570751
1.4462013
1.4366236
1.456873
1.5089294
1.4682759
1.485851
1.4809556
1.5503597
1.493676
1.4866414
1.477188
1.5100169
1.4657501
1.4597448
1.4192237
1.4799414
1.4825621
1.4739083
1.5029991
1.5758021
1.523108
1.467594
1.5087217
1.4443344
1.4132268
1.4583676
1.4274952
1.5446435
1.4664383
1.4647921
1.482852
1.5510007
1.6038561
1.5140857
1.530013
1.4549665
1.4769373
1.6218821
1.4910274
1.5057219
1.4742358
1.4811115
1.491722
1.5089074
1.5231544
1.4944955
1.5357941
1.551248
1.4188449
1.4385898
1.520618
1.5615612
1.4860116
1.46569
1.5837942
1.5292228
1.4469423
1.4538698
1.6148382
1.4447836
1.4551386
1.5392356
1.5675175
1.5595522
1.5104986
1.4775409
1.4573114
1.5145338
1.5136
1.5275677
1.481778
1.4135175
1.4282712
1.5378567
1.5224409
1.5190927
1.5325832
1.4533514
1.445205
1.5835972
1.4596779
1.4434294
1.533283
1.4824508
1.4935378
1.4978731
1.4575456
1.5309098
1.4633906
1.4578239
1.4823893
1.4601586
1.4422705
1.6114998
1.4585742
1.4854032
1.4481498
1.4297107
1.5000783
1.6010394
1.4874651
1.4141983
1.470961
1.5322378
1.5077885
1.5163394
1.5358473
1.4781162
1.546662
1.493996
1.491636
1.4481851
1.4994698
1.4729462
1.568016
1.4915533
1.5017773
1.4814577
1.4238466
1.4821749
1.4537959
1.4788395
1.5297197
1.4633255
1.4663866
1.4871649
1.5266172
1.4632617
1.460163
1.5734411
1.4574358
1.465809
1.5638385
1.4581089
1.472838
1.4702237
1.4687098
1.4866872
1.5264145
1.5138929
1.4527208
1.4939903
1.5603904
1.4603451
1.5358385
1.441073
1.4380316
1.4734683
1.5552957
1.5063226
1.461813
1.4888768
1.44313
1.4603868
1.4349562
1.5264688
1.4616854
1.5254569
1.5194918
1.5831583
1.4657781
1.519142
1.4931012
1.4350964
1.4982004
1.4104785
1.4558636
1.5219917
1.6101233
1.502059
1.4290957
1.4157234
1.5716217
1.6231583
1.4329164
1.5143074
1.6287255
1.470019
1.4451592
1.5047418
1.5217733
1.6688861
1.4841466
1.45449
1.5927556
1.4565177
1.5367434
1.4802659
1.5290575
1.4482625
1.5274853
1.5117733
1.4808202
1.4814826
1.4688554
1.4931022
1.5024608
1.5094734
1.5315437
1.4197716
1.5036316
1.5183889
1.4955945
1.4683865
1.4853116
1.4830638
1.491982
1.4939059
1.4919894
1.5016268
1.4582764
1.507388
1.4460276
1.4777896
1.5196849
1.4743785
1.4871829
1.4756657
1.5201225
1.536039
1.4797074
1.4607762
1.491594
1.4914473
1.5922737
1.5089947
1.4164785
1.5534295
1.527498
1.5436583
1.4556588
1.6456009
1.5692219
1.5457319
1.4370571
1.5161885
1.4834087
1.4237297
1.4571325
1.4731897
1.5254511
1.4702605
1.4770851
1.4657595
1.444281
1.4862027
1.555797
1.5073074
1.5021762
1.501449
1.456288
1.5964061
1.5614877
1.4388556
1.5427637
1.4413172
1.5133843
1.5333279
1.5465013
1.505528
1.5410491
1.4615064
1.5706719
1.4867067
1.4358392
1.4750637
1.4750185
1.4404398
1.5365611
1.4410651
1.4435453
1.4811018
1.4321455
1.4388883
1.5021633
1.4582957
1.4540257
1.5208148
1.455892
1.5153921
1.4226867
1.4550408
1.6611525
1.5137933
1.4744047
1.4669641
1.4161565
1.5471498
1.4840446
1.45135
1.4427433
1.528058
1.4426552
1.4618243
1.4637382
1.4562503
1.5475985
1.489373
1.6000822
1.4361628
1.4825816
1.4520588
1.4575114
1.5672355
1.6481459
1.6381723
1.4922713
1.5068566
1.481117
1.674181
1.4851832
1.6043015
1.4628097
1.4416263
1.4753294
1.597999
1.4361349
1.5517147

1.475199
1.4296967
1.4277414
1.4534343
1.4778285
1.4397624
1.5009933
1.4860408
1.4585271
1.4606386
1.4480392
1.4660392
1.4404517
1.4457507
1.4066411
1.4547343
1.4612299
1.4557704
1.4948981
1.4175879
1.4515868
1.4245998
1.4855262
1.4349188
1.4080567
1.4388012
1.4377532
1.4560407
1.4560652
1.4792545
1.4541306
1.4402978
1.4502343
1.4278092
1.4434747
1.485877
1.4265252
1.4293545
1.4430697
1.4367824
1.4243739
1.400593
1.4243318
1.4307799
1.389695
1.4489037
1.5000542
1.4224322
1.5046806
1.4596857
1.4330086
1.4625498
1.423848
1.4623134
1.430186
1.4728473
1.4234803
1.4363104
1.4723948
1.4685442
1.4253544
1.4137806
1.4550811
1.4407756
1.4518331
1.4753305
1.4901602
1.4014975
1.4731503
1.4221649
1.4451894
1.5026361
1.4518511
1.4983351
1.4900997
1.4276
1.4142628
1.4498388
1.4539841
1.4070948
1.4680456
1.4722856
1.5070649
1.4526757
1.4038013
1.4631444
1.4342425
1.377299
1.4499774
1.438619
1.4731827
1.4308196
1.4666669
1.4477725
1.4421393
1.4209529
1.436654
1.4149882
1.4453344
1.4356512
1.4806937
1.4091147
1.4333918
1.4126761
1.4198415
1.4796654
1.4739218
1.4361428
1.497039
1.4306091
1.3980668
1.4127997
1.4258089
1.4929153
1.4450091
1.4236828
1.4264159
1.4379865
1.4519725
1.4453703
1.4545203
1.4319173
1.4329454
1.4144254
1.434891
1.4317445
1.4612565
1.4525878
1.4326606
1.4173446
1.4465661
1.5088681
1.4272059
1.4669539
1.4215496
1.4223176
1.438922
1.4305931
1.4354535
1.4541471
1.4214939
1.4631917
1.4684296
1.4528657
1.4642893
1.405217
1.4266298
1.4590862
1.4399664
1.4445282
1.4477308
1.4519345
1.4247305
1.4703406
1.4032167
1.45143
1.4516639
1.4352598
1.4803817
1.4009045
1.4676223
1.4262507
1.4561813
1.4163179
1.4079474
1.4154654
1.4934418
1.4619948
1.4139766
1.3894652
1.4237982
1.4398285
1.3997501
1.442442
1.4215354
1.4312971
1.4513799
1.4228903
1.4278376
1.4039565
1.4285619
1.4031205
1.4454432
1.4859561
1.4397647
1.4681221
1.4587296
1.4507633
1.4494989
1.4940659
1.4794321
1.4993978
1.4671422
1.439677
1.4335251
1.412135
1.4371083
1.4684639
1.4730998
1.4862183
1.4185251
1.4387565
1.424764
1.4303333
1.4468398
1.4659868
1.4907539
1.4186264
1.4282887
1.4446809
1.4337865
1.4467111
1.4433016
1.4289283
1.4865322
1.4943737
1.4329323
1.4496666
1.4306773
1.5048369
1.4588485
1.4254091
1.4653604
1.4272246
1.4333013
1.4163948
1.3911479
1.4618641
1.3997515
1.4454317
1.4219052
1.4963136
1.458663
1.4793764
1.4348931
1.4255863
1.438537
1.4108118
1.4076116
1.46677
1.4426522
1.4497297
1.4866557
1.4073347
1.4220318
1.4275328
1.458061
1.470779
1.4350251
1.4255079
1.4331211
1.4407916
1.4854331
1.4532185
1.4456403
1.4058428
1.4055424
1.4731236
1.4098014
1.4261763
1.499262
1.391741
1.40421
1.4822553
1.489104
1.4051406
1.4477695
1.4444108
1.4652258
1.4354703
1.4525481
1.4331945
1.4562538
1.4309957
1.3951437
1.457579
1.3972975
1.454815
1.4388152
1.4276868
1.4525309
1.4178543
1.4694823
1.4517254
1.4652848
1.3748959
1.4198806
1.4513934
1.4751155
1.4610198
1.4310671
1.4212986
1.4238435
1.4326457
1.4752651
1.4581761
1.4560119
1.4130468
1.4502149
1.4591477
1.4272007
1.520983
1.452222
1.4591386
1.4488394
1.4393623
1.4596303
1.447651
1.4525068
1.4402446
1.436742
1.4700215
1.4458289
1.4252369
1.4403329
1.4670448
1.471356
1.4890282
1.4267644
1.4251026
1.3942112
1.4348108
1.4583505
1.442667
1.4638447
1.4506919
1.4380097
1.440471
1.4401255
1.4732665
1.4741075
1.4311253
1.4742888
1.4210036
1.4248309
1.4608299
1.440622
1.4213338
1.4132572
1.4319136
1.4345853
1.478682
1.4639757
1.4504842
1.4393024
1.4579774
1.438982
1.4407426
1.4231606
1.4542347
1.4345094
1.4371952
1.4432496
1.4676095
1.4877664
1.4823265
1.493497
1.495767
1.4653634
1.454524
1.4047071
1.428418
1.47012
1.4824593
1.4081434
1.447614
1.4703972
1.4500204
1.4089173
1.4382701
1.4237458
1.4326478
1.4612691
1.4896863
1.4481893
1.4423369
1.4848751
1.4344585
1.4363762
1.4826758
1.397824
1.4753878
1.4448014
1.4656676
1.4167438
1.4474516
1.4479282
1.4516188
1.4405234
1.4373844
1.4484991
1.4823563
1.4896312
1.4239042
1.4422548
1.4220275
1.4541789
1.4629964
1.4884559
1.465023
1.4626728
1.4382166
1.4567486
1.4722695
1.4696934
1.4349382
1.462482
1.4421294
1.435573
1.4359311
1.4583392
1.445102
1.4526546
1.4407887
1.4953173
1.4548295
1.4211013
1.4962603
1.4821684
1.4177145
1.4270052
1.4720136
1.415305
1.4124858
1.4617513
1.458512
1.4123448
1.4112558
1.4211147
1.4280282
1.4638096
1.4460931
1.4437869
1.4369016
1.415908
1.4731998
1.4189358
1.4390147
1.4134153
1.4814036
1.4125967
1.4225332
1.4420798
1.4238138
1.4379898
1.4365926
1.4577357
1.4441273
1.4570699
1.4449505
1.4135306
1.424487
1.4534011
1.4388527
1.4440317
1.4711951
1.4929782
1.4191471
1.4092607
1.4375211
1.4471807
1.4175661
1.4340167
1.4494239
1.4791516
1.4262989
1.4199003
1.4895973
1.4371727
1.3922927
1.4252269
1.4151944
1.4263749
1.4287798
1.428468
1.4583452
1.4192774
1.4714632
1.4321501
1.4181992
1.4476544
1.4601955
1.4487407
1.4386736
1.441414
1.4400392
1.4507146
1.4238297
1.4458721
1.4613246
1.4651345
1.4387681
1.4388827
1.4301907
1.5007883
1.458032
1.4591178
1.4813671
1.4317232
1.4734073
1.4182386
1.4007251
1.4705288
1.4590253
1.4729402
1.4158525
1.4358193
1.4932824
1.4437625
1.4188913
1.4053468
1.4620268

1.4534847
1.4129405
1.4426037
1.4575872
1.4643474
1.4161325
1.4112265
1.4174871
1.4232209
1.4337425
1.4163309
1.4122249
1.4286178
1.4511774
1.453771
1.441342
1.4357558
1.4242643
1.4190093
1.4240929
1.4177297
1.4215637
1.4517022
1.4267384
1.4266559
1.4726671
1.4364984
1.4201044
1.4458505
1.4187988
1.4469327
1.433482
1.4171964
1.4224014
1.4538386
1.4414771
1.3967825
1.4123533
1.4124223
1.3901827
1.4282928
1.4795225
1.4209208
1.422021
1.4620192
1.4363879
1.3896108
1.4223799
1.4068587
1.4192345
1.4251739
1.4183313
1.4343746
1.4509364
1.4398619
1.4017699
1.4240104
1.4537873
1.4278744
1.4494133
1.3935162
1.4145796
1.4353423
1.4615138
1.4253734
1.4411772
1.4396026
1.4207258
1.4653611
1.4445771
1.4045776
1.4297422
1.4446291
1.4070487
1.3930987
1.4224617
1.4419553
1.4274974
1.4363748
1.4075644
1.4197431
1.4288559
1.4487042
1.4217677
1.4401593
1.4203999
1.432552
1.4320977
1.4338217
1.4278431
1.4565189
1.4262443
1.4303885
1.4482379
1.4415935
1.4662083
1.4015257
1.4231002
1.4189816
1.4295173
1.4183912
1.442235
1.4604061
1.4329803
1.4272138
1.4050564
1.4127547
1.4181197
1.4224831
1.4710025
1.4133638
1.4227587
1.4149486
1.4266067
1.4536617
1.4314464
1.4127468
1.4401577
1.4316431
1.4551088
1.4283761
1.4148505
1.4303787
1.4463574
1.4277614
1.453143
1.4292271
1.4280103
1.442042
1.4149522
1.4132054
1.4529873
1.4077939
1.432968
1.4608793
1.4427265
1.4342836
1.4414662
1.4260218
1.4111054
1.4302288
1.4297669
1.4234939
1.4647304
1.451842
1.4512765
1.4099542
1.4245498
1.3884947
1.4336327
1.439836
1.4601494
1.4368885
1.4544297
1.4190723
1.3995092
1.4464449
1.4026059
1.4453532
1.4415069
1.462466
1.436999
1.4098077
1.4238659
1.4528786
1.4266196
1.4386505
1.4438967
1.3906738
1.420088
1.4638851
1.4144567
1.4193033
1.4096185
1.4338354
1.4285791
1.4489542
1.4059435
1.4409324
1.411184
1.4027145
1.4046685
1.4192601
1.4130596
1.4313565
1.4484558
1.4589804
1.424178
1.4236124
1.4226422
1.4376231
1.4509652
1.4099151
1.407378
1.422503
1.4386249
1.4189068
1.4414252
1.4086229
1.4100267
1.400857
1.402182
1.4120284
1.4304636
1.4241716
1.4202654
1.4238533
1.4326084
1.4359045
1.3968899
1.4326856
1.4232972
1.4514059
1.4408537
1.4290462
1.4298439
1.4288793
1.4241178
1.4376267
1.4495482
1.4159496
1.4051461
1.4617274
1.416044
1.4036212
1.4117095
1.4167386
1.4403557
1.4478408
1.4338056
1.4159534
1.4408891
1.412827
1.4256263
1.4059608
1.396507
1.4356614
1.4354575
1.4308139
1.442657
1.4418136
1.4158001
1.4133065
1.4304028
1.4160867
1.442299
1.4246851
1.4307625
1.4277159
1.429869
1.4397234
1.4250087
1.4307256
1.4140868
1.454721
1.4172759
1.4346114
1.4183341
1.4506915
1.4429716
1.4452546
1.4235884
1.4426326
1.4302212
1.4316697
1.4391626
1.4118001
1.410255
1.422566
1.4371524
1.4329224
1.4307587
1.4197053
1.3932925
1.4236647
1.4173205
1.3984463
1.4312223
1.4372779
1.4162344
1.455373
1.419346
1.4032372
1.4281136
1.4336745
1.4406507
1.4046524
1.4075538
1.4441502
1.4103266
1.4213477
1.4320343
1.4336265
1.4503919
1.4336933
1.4205812
1.4275447
1.4631175
1.4548389
1.451444
1.4390658
1.4340205
1.4436048
1.386603
1.4254564
1.4265853
1.4637146
1.4543493
1.4247072
1.4280952
1.4312136
1.4295256
1.4297513
1.4324082
1.4355654
1.4240366
1.4299458
1.4090478
1.3946452
1.434791
1.4197633
1.4359
1.4278575
1.4154499
1.4290738
1.4149773
1.4571072
1.409912
1.4437568
1.4446132
1.4260844
1.4036397
1.4555135
1.4393821
1.4427755
1.4296929
1.4146614
1.4513984
1.4318885
1.4145491
1.4245237
1.440776
1.4393479
1.4061148
1.4092422
1.4489607
1.423347
1.4159132
1.4090315
1.4316397
1.4582268
1.4452957
1.422174
1.431636
1.4132694
1.4472458
1.4451602
1.3900695
1.4175943
1.426052
1.4317534
1.4163889
1.441787
1.4136902
1.4623855
1.4209493
1.449159
1.4089376
1.401719
1.4515
1.4287544
1.4263573
1.4586924
1.4280065
1.4264528
1.4120449
1.426679
1.4530025
1.4422827
1.4459546
1.4162889
1.4253551
1.4538571
1.4468136
1.4615636
1.4667418
1.4385972
1.4323919
1.4267515
1.4206735
1.4114162
1.4158157
1.4245998
1.4507084
1.4421778
1.421562
1.430616
1.4429089
1.4561287
1.416516
1.4264271
1.4403746
1.4406711
1.4302174
1.4084673
1.3957077
1.4470438
1.4357474
1.4114956
1.4395144
1.4366866
1.4223411
1.4354656
1.4320198
1.4053862
1.418443
1.4085785
1.401723
1.4180483
1.4429672
1.4398519
1.4420533
1.4587927
1.4341338
1.4005127
1.4320943
1.4193691
1.3979924
1.439956
1.4369477
1.4599655
1.4233483
1.4542321
1.4078677
1.4495597
1.4478008
1.4164978
1.4688952
1.4336598
1.450686
1.4206027
1.4150546
1.4235955
1.44714
1.4450458
1.4244261
1.4407324
1.4068872
1.3901433
1.4059513
1.4601864
1.4332752
1.4090925
1.4248691
1.4333526
1.4360031
1.417191
1.4201533
1.4345816
1.4320248
1.4329852
1.4057847
1.4191109
1.4389367
1.4235709
1.4140996
1.441561
1.450367
1.4328542
1.4456925
1.4256988
1.4079918
1.4231433
1.4678397
1.4525759
1.4204229
1.4145721
1.4256605
1.4525511
1.4184109
1.4471564
1.4304016
1.4583251
1.4336222
1.4260985
1.4428782
1.4005282
1.4473282
1.4245931
1.455516
1.4214488
1.4234743
1.4297419
1.4677123
1.4775965
1.4201983
1.4432595
1.4371121
1.4328326
1.4082395
1.4212873
1.419386
1.4027694
1.435563
1.4255806
1.4162186
1.4491475
1.3870984
1.4192231
1.4367954
1.4602939
1.3943564

1.4169756
1.4227952
1.4115134
1.4529386
1.4185754
1.421737
1.4479667
1.4263028
1.4084246
1.4151022
1.4397106
1.4420232
1.4142663
1.3957208
1.4340862
1.4037949
1.4359084
1.4200838
1.4284496
1.4365437
1.4293363
1.4140505
1.4382658
1.4379338
1.4375079
1.3936431
1.4329526
1.4439236
1.4221326
1.4112779
1.4112195
1.4215366
1.4410158
1.4257594
1.4258415
1.4631498
1.4136697
1.4295782
1.4043592
1.4170629
1.3982552
1.4307247
1.4497111
1.4089024
1.4045173
1.4294063
1.4094626
1.4555855
1.4178785
1.4061447
1.4158489
1.4298759
1.4397103
1.4235997
1.420925
1.4395741
1.4436404
1.4594213
1.4123256
1.3952703
1.4213358
1.4133517
1.4406469
1.426107
1.4024123
1.4172885
1.4174889
1.4199469
1.4485174
1.4536952
1.4334764
1.4250613
1.4118242
1.4110085
1.4460411
1.4221609
1.4379363
1.4168019
1.3886682
1.4242021
1.4183728
1.4148934
1.4315345
1.4272223
1.43384
1.4228883
1.4234091
1.4275773
1.4502662
1.4324907
1.4275851
1.42642
1.4572207
1.4189264
1.4336247
1.4217126
1.4277778
1.4328508
1.4098202
1.4042553
1.4013973
1.4056277
1.4355506
1.461884
1.4127728
1.4120777
1.4363747
1.4187218
1.425772
1.4677979
1.4533299
1.4260015
1.4315143
1.4591237
1.424449
1.420038
1.4063075
1.4430972
1.4411012
1.4327307
1.4326075
1.4420011
1.4528004
1.436745
1.4259268
1.4645675
1.4772165
1.4208598
1.417146
1.4158963
1.4313215
1.4080334
1.4345654
1.4379174
1.4278437
1.4111257
1.4368885
1.4193164
1.4687371
1.4310516
1.4269614
1.4372213
1.4586712
1.4409564
1.4083078
1.4326209
1.4417865
1.4435533
1.4678446
1.4398242
1.4305907
1.4052866
1.4299448
1.4194314
1.4151956
1.432495
1.3943491
1.4016579
1.4068211
1.42569
1.4143486
1.4115596
1.447578
1.4430039
1.3830955
1.421553
1.4327707
1.4406874
1.4370774
1.4078391
1.4040518
1.4253427
1.4208859
1.4094034
1.4438039
1.4158604
1.4233387
1.4220802
1.4243685
1.4115183
1.4342506
1.4012794
1.433809
1.4262954
1.4271611
1.4386241
1.4321572
1.445091
1.4406239
1.4312104
1.4090044
1.429234
1.4256884
1.451524
1.4075816
1.4033649
1.4259468
1.4248307
1.4438748
1.4324706
1.4268491
1.4455365
1.4130266
1.4374893
1.425573
1.3923862
1.4255955
1.401072
1.4334872
1.4316521
1.41167
1.4384453
1.4182817
1.4235455
1.4450992
1.4093941
1.4337075
1.4341414
1.4255892
1.4338338
1.4579848
1.4204267
1.4377385
1.4116439
1.4419501
1.4284163
1.4464842
1.4215909
1.4387851
1.4492893
1.4277369
1.3867236
1.441579
1.3971659
1.4271575
1.4252874
1.4032484
1.4403403
1.4224741
1.4377843
1.424169
1.4019085
1.4301685
1.421742
1.3951813
1.4396932
1.4540125
1.4525944
1.4271698
1.4347694
1.417776
1.4347298
1.4423158
1.400506
1.4250697
1.394263
1.412732
1.4522179
1.3746156
1.4020098
1.4145585
1.4453963
1.437109
1.4358774
1.4160907
1.4343561
1.430873
1.3902545
1.4506403
1.4290123
1.4154077
1.4699614
1.4317195
1.4372445
1.4156795
1.4500537
1.4288317
1.4134456
1.4343112
1.4103857
1.392314
1.434093
1.4275367
1.438145
1.418439
1.4043183
1.386233
1.4362718
1.4264865
1.433018
1.4252429
1.4538119
1.3961343
1.447881
1.4137821
1.429278
1.4155042
1.444496
1.4203451
1.4012203
1.428675
1.4307153
1.455788
1.4142319
1.4370571
1.4300505
1.4186324
1.4432359
1.4693036
1.4487923
1.4256879
1.412361
1.4632596
1.4205636
1.437728
1.4573888
1.438587
1.4477494
1.4215306
1.4219335
1.4334886
1.4174879
1.4139367
1.3994417
1.4266746
1.457948
1.4389865
1.4521183
1.4342175
1.4452413
1.4244127
1.4074969
1.4505508
1.4614694
1.4162644
1.427754
1.4318172
1.446741
1.4064242
1.4444977
1.4402823
1.4316356
1.433369
1.3914545
1.400937
1.4313399
1.4538609
1.4181743
1.4232014
1.3963171
1.4307201
1.4409883
1.3949856
1.4187101
1.4163703
1.4308748
1.424819
1.4154713
1.451613
1.4089849
1.4409052
1.4472471
1.4168006
1.38395
1.407839
1.419965
1.441759
1.3947788
1.3998362
1.4405715
1.4156867
1.4172536
1.443258
1.4294801
1.4342948
1.438323
1.4160993
1.4616663
1.4066808
1.440677
1.4531478
1.4324783
1.4473425
1.4396967
1.4367762
1.4275507
1.4424876
1.4430265
1.4617063
1.4396822
1.4328299
1.4394166
1.4278417
1.4202073
1.4274073
1.4275419
1.4193231
1.3871189
1.4302249
1.4607993
1.459287
1.421062
1.4354624
1.410915
1.4253209
1.4288881
1.4363896
1.4133122
1.4156009
1.4034488
1.4573001
1.4230295
1.4258125
1.4352643
1.4291668
1.4096515
1.4510533
1.448881
1.4206989
1.4111527
1.4106188
1.4185265
1.4422728
1.4451964
1.4194016
1.4301721
1.4236612
1.4466137
1.420861
1.4312513
1.405697
1.428239
1.461834
1.4205245
1.4225326
1.4210216
1.4195135
1.4188558
1.4212453
1.4249771
1.4172217
1.4555724
1.4261445
1.4208496
1.4171263
1.4320492
1.4284344
1.4303217
1.4144155
1.426379
1.4260066
1.4237945
1.422094
1.418977
1.4487374
1.4010525
1.4434571
1.4465723
1.4293708
1.4476146
1.4059224
1.4426897
1.431259
1.4447234
1.4387735
1.4247459
1.4121389
1.4474783
1.4084866
1.4447525
1.449078
1.4273858
1.4155431
1.4678825
1.4372004
1.423946
1.4185044
1.4186428
1.4045883
1.4447571
1.4429691
1.3954765
1.4141387
1.4115484
1.4193382
1.4449224
1.4307013
1.4218409
1.417513
1.4139022
1.4034092
1.4038498
1.4212105
1.4273645
1.4267426
1.4450666
1.4413452
1.4112298
1.4435432
1.4304544
1.4028436
1.4215924
1.4558973
1.4381639
1.448102
1.415656
1.4311588
1.4124048
1.4077288
1.4163564
1.3940538
1.4035164

1.8841194
1.8062012
1.8085771
1.7591821
1.8386661
1.7914906
1.8624281
1.8427097
1.8191811
1.7761811

