0.18177211
-0.008246064
0.087118864
-0.066040635
0.1494503
0.09318519
0.06561029
0.06108117
0.059748292
0.069827914
0.12283337
0.14814806
0.041558743
-0.053185344
0.01060009
0.08886576
-0.040169954
0.1755662
0.19308531
0.11025989
0.07872069
0.07940364
0.01547575
0.06932628
0.10598731
0.024760246
0.039730906
0.08610046
0.14670491
0.05713141
0.1355933
0.16344142
0.09597671
-0.01724112
0.08641672
0.1028291
0.039126158
0.042530894
0.038978934
0.1305424
0.034185052
0.008597374
-0.028911233
0.27842903
0.08741748
0.165851
-0.038478017
0.14357066
0.05593908
0.1976887
-0.06317568
0.09066069
0.10575938
-0.08607733
0.09434259
0.06995928
0.07641029
0.07833207
0.02106452
0.14080107
-0.047697306
0.13608181
0.08802986
0.19053245

0.39071417
0.28571248
0.06757748
0.099624276
0.19651783
0.65597844
0.262115
0.020602107
0.15146887
0.21617007
0.086958885
0.27737522
0.22837806
0.067209125
0.043804526
0.65732455
0.059479237
0.21137857
0.21354473
0.26403344
0.26101017
0.15222335
0.088799
0.04160011
0.13551927
0.13020492
0.22500205
0.033716798
0.10880363
0.5022682
0.17374003
0.09085405
0.18870866
0.23724973
0.11219716
0.108843565
0.18717241
0.28338003
0.13088906
0.22083747
0.0017288923
0.17335689
0.13151228
0.057727337
0.08574879
0.24220908
0.12938094
0.28398526
0.29700482
0.10360956
0.034430623
0.1690619
0.14435363
0.14236581
0.07438874
0.10183084
0.077676296
0.18888688
0.23964548
0.17927969
0.1505655
0.056991577
0.09116089
0.34002042

0.22002077
0.09435451
0.10932374
0.10929859
0.13423848
0.04937291
0.03003347
0.036219
0.18583333
0.17843866
0.074245095
0.05110669
0.12860715
0.07265854
0.1507715
0.09991121
0.033883333
0.082864046
0.17007744
0.12673259
0.15985584
0.08175504
0.03287959
0.1006093
0.0264287
0.025930882
0.0643152
0.0024058819
0.0763973
0.08187902
0.05563259
0.13309395
0.121525645
0.024455309
0.12464845
0.034234405
0.13390231
0.14460099
0.039816022
0.105740905
0.07227981
0.19501328
0.06642985
0.17177486
0.10959053
0.12909138
0.09783995
0.09643471
0.14170575
0.10556197
0.087602735
0.10090363
0.17418969
0.082277894
0.14009905
0.122648954
0.12436676
0.11210799
0.006273389
0.08247161
0.14271915
0.012580037
0.058385372
0.05271101
0.10812497
0.050359607
0.13561356
0.09986079
0.07842147
0.13216913
0.09642303
0.07946777
0.17968404
0.103161454
0.109156966
0.07801294
0.08841193
0.06879139
0.013193607
0.08189738
0.1414218
0.14488268
0.14574313
0.14078009
0.061046958
0.068600774
0.1499983
0.034805894
0.16474736
0.12650287
0.06997824
0.11226642
0.10507345
0.052097797
0.14207649
0.10923743
0.08106041
0.019582033
0.121010065
0.10227358
0.080050945
0.088142395
0.11962819
0.06480062
0.09238446
0.1522448
0.02108419
0.029251337
0.092119575
0.00029945374
0.009844303
0.028691769
0.11979616
0.093450785
0.095374346
0.017195106
0.064761996
0.0077209473
0.083526134
0.11869085
0.0071139336
0.06990957
0.20784545
0.11254084
0.021285534
0.13612723
0.10789323
0.15020144

0.1276046
0.10857105
0.12133336
0.12177956
0.13826466
0.12703276
0.1666671
0.17454278
0.11215949
0.12798953
0.22785866
0.084031105
0.21846545
0.12015164
0.17140198
0.16391075
0.18593347
0.17058206
0.19796264
0.030390382
0.17486072
0.11314428
0.06387699
0.2224443
0.1883514
0.07683802
0.14876878
0.115528226
0.163046
0.16856968
0.1534462
0.028283715
0.12735116
0.03192556
0.20430243
0.14899671
0.07261026
0.09799707
0.1211617
0.20053232
0.16719913
0.1409874
0.14604115
0.12471223
0.1293093
0.19092166
0.1352855
0.16667128
0.08136952
0.01965332
0.16852582
0.16055954
0.14530814
0.07853377
0.07133663
0.15584326
0.11383617
0.01330483
0.18623936
0.016898036
0.15903902
0.0729326
0.17122412
0.016370296
0.17970347
0.18512797
0.13805485
0.023428798
0.16630626
0.18451262
0.12079251
0.013949156
0.13583875
0.122783184
0.12770581
0.107465625
0.011236548
0.1816299
0.10649121
0.16735625
0.087593794
0.13522935
0.17763245
0.07850289
0.17864656
0.18066359
0.11933303
0.13970864
0.104031086
0.0428617
0.21818626
0.20336354
0.104272485
0.13226199
0.16270971
0.14326501
0.19385397
0.06831598
0.2764933
0.07512593
0.13574064
0.20781708
0.14867282
0.034349203
0.15073037
0.20600998
0.13736176
0.0063174963
0.12881458
0.122760296
0.019310594
0.14722955
0.08443308
0.15247011
0.13998628
0.12645495
0.1602565
0.07451618
0.104558945
0.16804612
0.14823139
0.10288358
0.01617968
0.15478516
0.19271529
0.15944803
0.09898889
0.05581665

0.0950551
0.055810094
0.10336244
0.13597989
0.076140404
0.07601893
0.02954173
0.02880299
0.10979211
0.100345016
0.11111581
0.014690042
0.0874424
0.10823631
0.08518815
0.07806158
0.0018235445
0.10080421
0.108638644
0.022717118
0.12611246
0.10096252
0.07497227
0.08519006
0.029571295
0.09063089
0.09723163
0.10725582
0.166183
0.09301257
0.08349788
0.15862358
0.1483233
0.0125525
0.004428029
0.13546121
0.049494028
0.02330041
0.091095924
0.07341802
0.13076389
0.13106716
0.11853337
0.06777811
0.040255547
0.04881978
0.027107358
0.09161365
0.0980978
0.1508094
0.15098774
0.15199697
0.00516665
0.04228258
0.11051929
0.120495915
0.06880343
0.16039467
0.033338904
0.14775825
0.08579779
0.1084106
0.03737116
0.108590245
0.033572912
0.10392952
0.09645927
0.055919766
0.059478045
0.005712986
0.10849798
0.0956465
0.015414
0.05745685
0.058003068
0.13077855
0.08259535
0.12101936
0.047265053
0.15534091
0.10448897
0.07457137
0.0020375252
0.11677313
0.10837793
0.12958717
0.02789712
0.050634027
0.0428586
0.17779839
0.07244277
0.11489892
0.11573827
0.14883184
0.08114147
0.13836944
0.073676944
0.1096524
0.11580324
0.06450808
0.011508107
0.10121906
0.040422082
0.07960844
0.10531592
0.09114516
0.10452032
0.12526715
0.07846713
0.07131004
0.119776726
0.0005193949
0.03402245
0.03270793
0.09609532
0.10568416
0.058321834
0.01864469
0.08195639
0.019959569
0.018249393
0.058644056
0.07873464
0.08445263
0.110586286
0.12362337
0.0029437542
0.030731678
0.098579764
0.062559605
0.13229752
0.15740776
0.12523961
0.106399536
0.11190522
0.11560738
0.12173414
0.15851676
0.08296895
0.10990441
0.08984029
0.09483206
0.022627234
0.0025098324
0.10969174
0.00572443
0.02550137
0.082570076
0.05030775
0.13168168
0.06320131
0.110521674
0.096595764
0.10718334
0.11028659
0.08865118
0.12016988
0.00477767
0.054240346
0.11623454
0.06841612
0.022588968
0.09599161
0.11470139
0.023907423
0.1318965
0.09286606
0.026265979
0.086333156
0.04603803
0.093441725
0.11171687
0.095381856
0.05439353
0.14897358
0.0347445
0.15643513
0.10746431
0.014016628
0.111052394
0.14097905
0.13190782
0.12531197
0.11611259
0.024630308
0.12602222
0.007529378
0.10532403
0.11989653
0.12653184
0.07311964
0.13536727
0.13088036
0.017484903
0.0021431446
0.11895287
0.14904833
0.08038914
0.09566271
0.04332757
0.0975132
0.105626106
0.010460615
0.056755304
0.072326064
0.10151529
0.06317699
0.16729903
0.0017595291
0.047041535
0.14964402
0.16387725
0.034247518
0.093036294
0.053147912
0.10264921
0.14709282
0.16489232
0.002038002
0.13161266
0.07813144
0.11411619
0.069556594
0.13873804
0.07020998
0.058897257
0.09021723
0.1417135
0.0044184923
0.12715805
0.083269596
0.12636495
0.084463835
0.12737441
0.10762107
0.11065078
0.11152208
0.0676744
0.083731174
0.115801215
0.119771
0.11277902
0.046997905
0.06384826
0.001982808
0.05978048
0.15622532
0.185431
0.101762414
0.09904289
0.10401666
0.1148628
0.10675037
0.079726696
0.1072371
0.089361906

0.05633068
0.14959002
0.17584264
0.15296447
0.19980764
0.203197
0.14935315
0.1448946
0.13843453
0.011588097
0.15419602
0.16198742
0.025217295
0.05453825
0.14953518
0.052321196
0.038235545
0.121520996
0.1584475
0.11740792
0.02725637
0.11901486
0.017706394
0.1553812
0.10865402
0.16773093
0.16651785
0.1922983
0.16318572
0.14804232
0.1457094
0.05541551
0.14418781
0.2316376
0.15585685
0.14697981
0.04442191
0.13066733
0.17938173
0.01302743
0.03705895
0.1538161
0.16049254
0.0879482
0.13271642
0.05544734
0.07746327
0.045179844
0.14208543
0.17821765
0.140867
0.15504253
0.0069607496
0.19326258
0.19632292
0.1400187
0.07331383
0.103743434
0.18921888
0.21323025
0.071041584
0.22154427
0.16692424
0.05966115
0.1555953
0.014010787
0.19207561
0.15431297
0.1444782
0.17164707
0.1748358
0.17045486
0.043005586
0.04264176
0.037851214
0.026284933
0.17936552
0.13953137
0.044195294
0.16472054
0.1545614
0.0051122904
0.12560368
0.14069581
0.010176778
0.15860915
0.12033641
0.17570233
0.04601586
0.17538118
0.23404169
0.12735856
0.16576934
0.18969607
0.08612418
0.20180178
0.15777564
0.15226078
0.16155195
0.13921463
0.041685104
0.15306139
0.027646542
0.22009146
0.15583718
0.03575909
0.10849607
0.09181821
0.20306635
0.14876127
0.03471017
0.09111738
0.1747694
0.017175794
0.13625717
0.064211845
0.03399837
0.12339127
0.17042387
0.16073167
0.07831454
0.013913155
0.102907896
0.06963694
0.11082971
0.20015919
0.016278744
0.07832265
0.12300873
0.0803473
0.15970361
0.15341604
0.10213208
0.17480314
0.028325677
0.11071563
0.088128686
0.15706086
0.15180445
0.098557115
0.12069774
0.19896853
0.06662655
0.049506307
0.17727864
0.13643265
0.14898384
0.059718847
0.15681696
0.20596969
0.13253462
0.19659293
0.12744284
0.16783416
0.14873362
0.18163657
0.112426996
0.003014207
0.16790414
0.17712677
0.19112003
0.15913427
0.10682738
0.19784582
0.17100358
0.18050718
0.0012167692
0.09582603
0.11358678
0.15674114
0.16500294
0.09545779
0.1525842
0.13146651
0.09449887
0.16980338
0.1086117
0.16124547
0.15415692
0.17255557
0.14100516
0.18312454
0.1666404
0.11843228
0.15693283
0.12728512
0.14662755
0.120518446
0.14902902
0.0105496645
0.044905186
0.17485523
0.18201053
0.038819075
0.18025315
0.15768993
0.10641897
0.10152495
0.15225852
0.21088195
0.07105076
0.11299431
0.12753952
0.11924088
0.10607338
0.023278356
0.12514329
0.023121715
0.14524007
0.1539712
0.22143543
0.061832905
0.14241123
0.14597368
0.07995772
0.02832508
0.11046767
0.15440357
0.046575665
0.14572859
0.16916168
0.072814584
0.0675987
0.16772962
0.20767725
0.21593714
0.11026955
0.20459688
0.11517763
0.16519773
0.08175027
0.043517232
0.19056523
0.16428542
0.026290298
0.1416322
0.15187812
0.013277292
0.14043403
0.16895461
0.010835767
0.13264239
0.0099544525
0.03244388
0.04807937
0.18422174
0.08162832
0.03286469
0.07592356
0.12791848
0.1602732
0.063131094
0.12281692
0.1542157
0.05822122
0.14144492

0.18665469
0.046696186
0.20155466
0.08270955
0.20775855
0.1840936
0.22180724
0.13895941
0.21565294
0.13590586
0.15882695
0.22343111
0.2863269
0.0635283
0.19177437
0.17849302
0.10197973
0.16823637
0.2360543
0.1370194
0.084416986
0.19054878
0.2028606
0.18424177
0.15714574
0.20597315
0.10124898
0.21527803
0.20454097
0.14726555
0.21112204
0.021386385
0.12975955
0.16440475
0.22055638
0.14174175
0.06410909
0.23056567
0.1892662
0.21238267
0.10988319
0.06350267
0.21547806
0.10712409
0.31886256
0.2530346
0.17399943
0.097450376
0.1223824
0.1656177
0.13340986
0.21599388
0.07648933
0.15880752
0.16774583
0.07306266
0.17555809
0.28856504
0.21989691
0.17923474
0.13646555
0.053581595
0.20192671
0.17189693
0.07157016
0.03079772
0.14914334
0.093618155
0.03633046
0.23783255
0.15040827
0.18115532
0.029147625
0.14695346
0.021097898
0.20089495
0.15516138
0.14396298
0.15842223
0.14609218
0.2280531
0.13320863
0.16344762
0.04177642
0.10500705
0.21760154
0.09666538
0.02801323
0.17254424
0.14559507
0.27894032
0.17902982
0.19553602
0.21130896
0.1891402
0.17738235
0.19273448
0.042970896
0.05134189
0.22856963
0.2054385
0.11273289
0.09806883
0.19052505
0.15335596
0.21836686
0.23749304
0.1805178
0.06682253
0.035322905
0.11566949
0.23807347
0.07508767
0.11961317
0.11898041
0.15585601
0.055913925
0.13199735
0.12269914
0.18148577
0.034150958
0.19353282
0.24436033
0.23184144
0.14753675
0.09144616
0.063188076
0.05727303
0.18117368
0.05317402
0.06426036
0.27877748
0.16379929
0.23658264
0.20320237
0.18442822
0.1246165
0.209656
0.24587691
0.15087152
0.17291021
0.061781764
0.14900327
0.043875813
0.2134645
0.10899103
0.22784388
0.14980638
0.17762601
0.12575543
0.03865266
0.020972967
0.036201954
0.2013135
0.22993267
0.16880548
0.13372803
0.2406286
0.077029586
0.017218351
0.17782176
0.0388335
0.16368258
0.13661957
0.24342763
0.25004423
0.022461057
0.20413053
0.18723583
0.016012788
0.148224
0.13931632
0.15946889
0.17780471
0.037592173
0.16536558
0.09289384
0.16976917
0.04975295
0.15004396
0.1667887
0.13257134
0.10563004
0.15528762
0.1923312
0.20911002
0.18274248
0.052746534
0.18331265
0.19808865
0.08163512
0.15647423
0.16856623
0.04759431
0.20125937
0.045052767
0.20462418
0.1729405
0.19897008
0.22419071
0.21008742
0.08718634
0.2404437
0.16185403
0.35891414
0.094934106
0.18958294
0.16364086
0.106484056
0.04381323
0.16532695
0.24544919
0.20314682
0.1673863
0.21055806
0.15438819
0.09062171
0.13104558
0.19621217
0.12621951
0.047250748
0.14308238
0.19753957
0.20332992
0.19088328
0.06817734
0.13442755
0.19418669
0.1379416
0.2317164
0.055709362
0.089600325
0.15033746
0.17691076
0.20833051
0.09746444
0.11570716
0.096737504
0.1921413
0.2706926
0.25100613
0.20573497
0.20421982
0.16953707
0.05037582
0.099393725
0.20100701
0.15541911
0.036094904
0.060516834
0.3123511
0.026489258
0.093658924
0.061404347
0.16306591
0.024984121

0.051771402
0.102018595
0.04128325
0.087552786
0.054736853
0.097147584
0.076999426
0.059721828
0.13881719
0.13160872
0.1327039
0.124299526
0.11818576
0.027394414
0.13726652
0.068733215
0.1041379
0.04416859
0.031332254
0.031579256
0.064516544
0.090476155
0.10895157
0.10103738
0.1283356
0.07252884
0.08783579
0.09366107
0.09107649
0.122861266
0.049738884
0.0058401823
0.13732123
0.06409228
0.031206727
0.026133537
0.03826976
0.018916488
0.0642761
0.061899185
0.05309105
0.10691416
0.12795365
0.09929371
0.06419659
0.060742974
0.09581542
0.07165372
0.01519537
0.13472307
0.09828091
0.08439517
0.048608184
0.10378528
0.13064504
0.14540195
0.09153271
0.10912454
0.019975543
0.105175376
0.1446222
0.10066533
0.11940384
0.11509609
0.14162028
0.04999411
0.08480239
0.14979434
0.087441206
0.072249055
0.12309134
0.09100175
0.094653845
0.12198043
0.15846932
0.023201823
0.08939588
0.03874147
0.06543529
0.062211514
0.11020112
0.035068035
0.11616087
0.008151293
0.1347202
0.025176883
0.10614133
0.020617723
0.14004707
0.14518738
0.049079776
0.012797356
0.112359285
0.0028669834
0.07776642
0.12955356
0.12352991
0.14922881
0.123963594
0.025850773
0.084376216
0.076105475
0.028952241
0.08389032
0.107764125
0.0887171
0.12646365
0.012256622
0.13571036
0.0974592
0.10787773
0.08614111
0.12988067
0.0828886
0.14792824
0.1070801
0.10337412
0.07556498
0.0025160313
0.041437626
0.022519946
0.10959411
0.13178563
0.071226835
0.0657928
0.14093018
0.033822298
0.12077522
0.03503561
0.10974109
0.043848634
0.106456876
0.035980463
0.11029136
0.14518797
0.060453773
0.09748387
0.07873595
0.108707905
0.09788036
0.105217576
0.13121223
0.14957511
0.060931444
0.12697661
0.054621577
0.11874318
0.11719501
0.11392009
0.06421983
0.018658996
0.06271708
0.057110548
0.078719854
0.0025708675
0.1026932
0.1439023
0.012744427
0.12235522
0.049613
0.07156479
0.08051288
0.07432008
0.09249103
0.039218068
0.078131795
0.09417522
0.08485925
0.17282951
0.020599127
0.06507182
0.044543266
0.042258024
0.07735455
0.046973825
0.09909201
0.040285468
0.016876578
0.05109322
0.027514696
0.115561604
0.12611914
0.10157442
0.12541747
0.057706952
0.00775373
0.030806541
0.104825735
0.0669955
0.078006506
0.13319075
0.012055039
0.09835482
0.055118203
0.07406962
0.06472123
0.012111068
0.11288023
0.13297391
0.12616754
0.087049484
0.04154718
0.09061098
0.055441022
0.051540017
0.117127895
0.09458256
0.12889385
0.10565877
0.10574198
0.07676935
0.05634296
0.09869313
0.063580036
0.06871557
0.0763886
0.1166929
0.03532362
0.07325208
0.09033406
0.05930519
0.045946836
0.10419154
0.048249364
0.03740239
0.10437989
0.028548598
0.07376611
0.02874291
0.10559559
0.078677416
0.029809117
0.10423887
0.11182809
0.05480051
0.102378726
0.077372074
0.11628759
0.12125993
0.08215785
0.09914315
0.12912643
0.13806725
0.098985076
0.068139195
0.040035486
0.09101009
0.07360542
0.10063958
0.1279242
0.105730176
0.05020964
0.11643934
0.05609131
0.124397635
0.11600399
0.12095857
0.040605664
0.074808836
0.085467815
0.12166262
0.037895918
0.09297907
0.10718477
0.0666945
0.064849615
0.14438236
0.0999248
0.006712079
0.09880161
0.09078789
0.116205096
0.10560286
0.08575678
0.1500504
0.1389432
0.048474073
0.08609617
0.09710801
0.15003252
0.115300655
0.0963434
0.12863004
0.057043076
0.09334242
0.15366471
0.07865405
0.10995126
0.13124263
0.13428986
0.1299063
0.08793819
0.104222536
0.115760684
0.071105
0.10621858
0.119794965
0.12062049
0.13334286
0.078948975
0.10179758
0.1122427
0.030006647
0.036052823
0.024357557
0.06924057
0.056761384
0.069817066
0.06119132
0.12578535
0.106389046
0.098659635
0.12668669
0.09692907
0.02023518
0.06465542
0.11251593
0.007910252
0.11078155
0.11183369
0.12679625
0.024921894
0.061205864
0.009218335
0.12093902
0.10536301
0.0062656403
0.12626743
0.14792705
0.083902955
0.1159147
0.052434564
0.10449469
0.14978719
0.14422703
0.028894782
0.01922965
0.09654927
0.004509926
0.115131974
0.0037966967
0.0057959557
0.11173749
0.11982489
0.039145827
0.06403017
0.044882417
0.019691467
0.14935458
0.111295104
0.04881537
0.07041764
0.09002721
0.09275532
0.13078165
0.12040484
0.020211458
0.05398643
0.008844018
0.03936732
0.12467766
0.033681393
0.105430365
0.11644125
0.0961014
0.12687981
0.039883852
0.071109295
0.07811904
0.116338134
0.05505705
0.14471793
0.13840163
0.06798506
0.12379253
0.16034758
0.09137738
0.11552036
0.11269212
0.056896687
0.08041513
0.024203539
0.10319674
0.106684566
0.12498534
0.14418375
0.1144588
0.0087533
0.106937766
0.1182996
0.08440232
0.13525891
0.061460733
0.06556642
0.07872963
0.100212336
0.08098233
0.094490886
0.118098736
0.034423947
0.110093355
0.06590915
0.042062163
0.11266422
0.08139312
0.10490978
0.12065852
0.14745438
0.14677417
0.14201844
0.07845974
0.09591687
0.06704879
0.11684191
0.115259886
0.09857488
0.14240241
0.10450363
0.0301013
0.122740865
0.10135245
0.09314597
0.15248454
0.10997987
0.012476683
0.1363039
0.14535785
0.15976334
0.13052201
0.048386216
0.09984636
0.07354784
0.007466078
0.08200836
0.11733711
0.0759213
0.06553328
0.051273227
0.14495373
0.021923661
0.09271562
0.077038765
0.0893265
0.10657406
0.09828341
0.097399235
0.13033605
0.106523395
0.04508102
0.08872497
0.05187726
0.12056923
0.13751066
0.09349048
0.12664998
0.033831477
0.13130295
0.06990671
0.0061502457
0.15474439
0.025688648
0.121968746
0.14389825
0.13401794
0.041489244
0.04932797
0.049955964
0.08429825
0.09373832
0.0045672655
0.061964273
0.14316857
0.14190555
0.11608708
0.079036
0.04057932
0.13078022
0.05767274
0.008222818
0.04153049
0.118534684
0.049236417
0.11399877
0.09385002
0.073806524
0.06445396
0.08831406
0.1391542
0.13873434
0.0038456917
0.04418862
0.10162604
0.013233304
0.11099446
0.03739822
0.059328914
0.11167586
0.03906977
0.08304322
0.1271894
0.1519996
0.061125398
0.03434086
0.14152229
0.08792186
0.054070234
0.15991032
0.097993016
0.081789255
0.10812485
0.14486992
0.13486409

0.1690464
0.14461863
0.1491226
0.1671474
0.038358808
0.03300774
0.029787064
0.08060241
0.17333508
0.0921067
0.08342922
0.120342135
0.11098671
0.099333525
0.110601306
0.1133883
0.12054682
0.13052297
0.14898205
0.11138475
0.12822199
0.07007134
0.1281892
0.02033472
0.034305096
0.1325177
0.10265684
0.12714589
0.059189677
0.13143468
0.056185126
0.053935528
0.12535572
0.07299101
0.16058457
0.068635345
0.01797676
0.15304649
0.10404706
0.103722095
0.06520116
0.042782545
0.13594067
0.03452885
0.086348295
0.1544354
0.15015745
0.15318406
0.10964024
0.10514665
0.14758825
0.039171815
0.09746969
0.12228024
0.121393085
0.13143933
0.17388058
0.08879256
0.053981185
0.1474675
0.103000045
0.026356697
0.12746632
0.17015064
0.12278271
0.119029045
0.14127159
0.02606666
0.16055131
0.0631119
0.15595198
0.14126611
0.11006081
0.16902041
0.10891819
0.079973936
0.009558916
0.14508843
0.11959493
0.035880446
0.004626751
0.07190573
0.15988874
0.026440501
0.14456701
0.09770048
0.056753635
0.1631639
0.117293835
0.10983205
0.14709842
0.08373797
0.09871793
0.1367482
0.017561555
0.12832141
0.12837696
0.14562953
0.1308248
0.11465812
0.106049776
0.12870622
0.11243272
0.10355365
0.094730735
0.13786137
0.046433687
0.12239885
0.10329187
0.14240038
0.06715846
0.13264346
0.101806164
0.112785816
0.106318355
0.075226545
0.17438245
0.13290846
0.11887038
0.02297008
0.13833237
0.15959513
0.14944899
0.1372397
0.0889982
0.09733415
0.13027143
0.06489396
0.05020106
0.12381196
0.16013396
0.14304721
0.05380535
0.090146065
0.15711546
0.06425238
0.16002643
0.05016148
0.12097955
0.0319736
0.08335817
0.110821486
0.046194077
0.11056292
0.1366942
0.08496678
0.09857714
0.065372586
0.063801885
0.15161169
0.06504965
0.08620274
0.091333866
0.09476018
0.16352844
0.12844062
0.05766952
0.1546154
0.09946251
0.086788535
0.14848948
0.11068308
0.09292078
0.104857445
0.17423952
0.039642334
0.043839455
0.100265265
0.14561343
0.10282016
0.06944537
0.12588155
0.031521082
0.08427966
0.16585982
0.13324785
0.15927744
0.041244388
0.10107303
0.17401409
0.05479443
0.09703982
0.1119982
0.1279347
0.05916381
0.06421471
0.011307836
0.11276281
0.10312188
0.0864799
0.13557267
0.027131557
0.056664586
0.1253475
0.16851652
0.1099931
0.0740633
0.13328767
0.09818685
0.072636485
0.0985235
0.057316422
0.14594424
0.08560884
0.08827376
0.13828266
0.09141922
0.019676328
0.17350686
0.120337844
0.14076018
0.12987733
0.15360487
0.15239155
0.15990043
0.13856673
0.13240325
0.1623348
0.09032178
0.1649729
0.13952708
0.12083125
0.14871466
0.11409056
0.020593882
0.13585198
0.13449645
0.08681667
0.12219453
0.13220215
0.044769645
0.109847546
0.05248785
0.01709354
0.13826704
0.057444334
0.1333642
0.060137153
0.11093247
0.0900594
0.12064159
0.13059187
0.08430886
0.17717803
0.08161032
0.026388764
0.176242
0.045610547
0.0302639
0.13170958
0.07695067
0.057991385
0.08524394
0.17238736
0.067747116
0.05094695
0.16796172
0.20499218
0.14207256
0.10631931
0.11647642
0.13071263
0.10313606
0.045148134
0.05143845
0.14119577
0.06366944
0.03535688
0.06653142
0.095772505
0.14088666
0.0937202
0.12779176
0.07126868
0.19435894
0.09526169
0.13718593
0.11107838
0.06809127
0.17358363
0.08603561
0.10087407
0.11101878
0.07331157
0.121557
0.008848548
0.06823146
0.14031589
0.033176184
0.17072964
0.111439586
0.12067211
0.149014
0.04630816
0.12024832
0.12910843
0.059766054
0.07325292
0.04660833
0.16117048
0.10888553
0.15816653
0.06558633
0.121225715
0.13090909
0.10193014
0.0575974
0.0042523146
0.0989995
0.112146616
0.09886634
0.115374565
0.09571612
0.10013521
0.052876115
0.0869118
0.17018604
0.1709311
0.028808832
0.102621436
0.081941724
0.12730896
0.12539566
0.12796187
0.12397385
0.0499866
0.12915862
0.122177124
0.06518555
0.12180972
0.07731044
0.15031528
0.041086912
0.045873523
0.083444476
0.12121749
0.13778687
0.13895714
0.094857335
0.15315509
0.10559356
0.16166723
0.12571585
0.15921628
0.09406984
0.017181873
0.14045286
0.10234237
0.019318938
0.022837639
0.095739365
0.15611279
0.051691413
0.1151675
0.06810069
0.14195788
0.107706785
0.04161942
0.14671516
0.113387465
0.11464715
0.11317313
0.15016413
0.139557
0.14837062
0.09628987
0.1401285
0.059598804
0.15383875
0.023082852
0.14845848
0.09159136
0.09635174
0.11886048
0.027943254
0.072684765
0.099672556
0.074347496
0.14920294
0.17830718
0.13561106
0.07311702
0.0906291
0.16967225
0.067605615
0.09789014
0.13791287
0.15273583
0.08249378
0.058728576
0.13551736
0.10871339
0.10693812
0.15445101
0.18203783
0.16652846
0.1621548
0.034873962
0.110114455
0.14110196
0.108315706
0.1086241
0.116618276
0.15114033
0.07904625
0.03741944
0.08356464
0.07103443
0.17503595
0.13658321
0.16825485
0.10180485
0.11466026
0.07294285
0.08705044
0.15371764
0.039659977
0.0787667
0.08271921
0.14041066
0.02896285
0.13622868
0.075380564
0.16454649
0.14364219
0.06236744
0.1247015
0.05970013
0.0847733
0.04673612
0.13489687
0.15031898
0.017184258
0.15271354
0.10185528
0.10825753
0.08391929
0.07676113
0.17426348
0.0905751
0.08149588
0.13935387
0.15660357
0.1654917
0.12552583
0.045475364
0.1097635
0.026831508
0.038006306
0.12542593
0.14375925
0.13728917
0.008962631
0.099018455
0.128214
0.0122311115
0.044005036
0.12152386
0.06666875
0.13356459
0.1238302
0.12030959
0.06272936
0.037411332
0.14410102
0.14082801
0.0047700405
0.13633418
0.12707686
0.093666434
0.13689935
0.086728096
0.10247648
0.10408723
0.11772168
0.07782364
0.13708389
0.11668134
0.14549744
0.09637439
0.062421918
0.09528494
0.12328184
0.03949666
0.14652622
0.018588424
0.07451141
0.20406604
0.11287618
0.12714219
0.05232215
0.054023862
0.08500302
0.12360215
0.04630828
0.10678387
0.09205544
0.08983302
0.15330744
0.060019374
0.05678308
0.018078923
0.11504352
0.13845515
0.13438022
0.07119095
0.08126712
0.064347744
0.09620452
0.14940119
0.15643668
0.12025416

0.17963266
0.04107988
0.08329558
0.088317156
0.1252197
0.019612432
0.021540761
0.07193589
0.24060237
0.19130659
0.02619791
0.09218252
0.095939994
0.13897026
0.018162966
0.08336091
0.0728662
0.107260704
0.042363167
0.06438851
0.13777304
0.15759993
0.10637236
0.066914916
0.16300237
0.08772802
0.15022898
0.18978536
0.04608786
0.016225934
0.118442774
0.07769716
0.08212888
0.13190675
0.055738807
0.075752616
0.10059714
0.10152936
0.09277558
0.17846239
0.03264022
0.20025301
0.045680285
0.028537273
0.08206427
0.10316336
0.051259756
0.13416493
0.024731278
0.11396837
0.19754863
0.09239566
0.07652354
0.10252333
0.06225419
0.048881054
0.08509767
0.054822803
0.050343633
0.20302224
0.1311189
0.0132985115
0.08487105
0.03563845
0.08025324
0.044686556
0.035389066
0.027943969
0.059892893
0.25119412
0.101391435
0.06501186
0.13757968
0.1319784
0.049042344
0.055503726
0.10859203
0.21302342
0.027410388
0.12640846
0.014442086
0.048709393
0.04976487
0.07694924
0.048705578
0.113714695
0.059875607
0.12220168
0.20128393
0.06278849
0.20840764
0.11051929
0.124554634
0.024354577
0.020620584
0.08335471
0.15191007
0.12722957
0.087457895
0.053192377
0.10510564
0.03806746
0.017010927
0.051235437
0.11289239
0.041178107
0.09638739
0.0054826736
0.051980972
0.04345393
0.16156411
0.13384879
0.1292336
0.13713074
0.14775932
0.14936697
0.17267466
0.12584352
0.045384288
0.048578978
0.04788053
0.02924633
0.075894475
0.039138198
0.11478639
0.08871436
0.042378783
0.014619589
0.030260563
0.21979499
0.20478523
0.15463686
0.06511855
0.054652333
0.1433419
0.05180502
0.024096131
0.10483301
0.060102463
0.099841
0.052361965
0.06751561
0.10451949
0.23582435
0.19067574
0.03273511
0.1261288
0.10003388
0.08546078
0.14169264
0.18823993
0.14347446
0.029529452
0.03783989
0.07035267
0.058583498
0.05281365
0.076212645
0.02795744
0.063776016
0.062105298
0.09536147
0.23058844
0.15518367
0.012198091
0.15032029
0.10234463
0.009681821
0.044010162
0.05745256
0.05597198
0.08952212
0.048338532
0.052439928
0.04916203
0.08659315
0.09136379
0.060541272
0.057420373
0.023061156
0.03327322
0.20133305
0.07209897
0.047743917
0.079651594
0.086146
0.039668918
0.13045311
0.113015294
0.018311739
0.15316069
0.08188617
0.062407255
0.044103503
0.04049146
0.02692604
0.04481232
0.08525574
0.023571014
0.07949269
0.068024635
0.15402043
0.08666134
0.07891595
0.044403672
0.10991979
0.063670635
0.047641516
0.030180931
0.060821056
0.05173862
0.043150544
0.09340358
0.16732788
0.10855186
0.07010114
0.115258574
0.0208323
0.019318819
0.033635855
0.008558035
0.10271776
0.059969664
0.058558583
0.06419349
0.11976004
0.20226562
0.10389805
0.11993122
0.025102377
0.04504919
0.19796741
0.07648945
0.08703923
0.07180107
0.045877814
0.06579089
0.09158075
0.09923339
0.0759114
0.11213505
0.17052913
0.019747496
0.028307915
0.10271585
0.15497577
0.06613636
0.05087638
0.17391157
0.122867346
0.043665767
0.035166144
0.19580531
0.03545463
0.03335941
0.115749
0.15355825
0.15274382
0.09828651
0.06863868
0.03351164
0.10072303
0.106892586
0.11551881
0.07387197
0.0071104765
0.01341784
0.12464845
0.12512553
0.101766706
0.106150866
0.025382638
0.055579066
0.1738522
0.02660048
0.020478845
0.10703254
0.073073745
0.07551789
0.08231747
0.039787054
0.1263907
0.044624686
0.043671966
0.07415128
0.02774942
0.029039502
0.16401625
0.053871155
0.06779492
0.027330637
0.042504907
0.10521233
0.14989066
0.058316946
0.013171792
0.05531764
0.10614896
0.07907772
0.08670175
0.10609448
0.072046995
0.11327088
0.07055497
0.06839514
0.021919966
0.07935977
0.043606162
0.1571083
0.086319804
0.09828639
0.07511461
0.022202373
0.07032442
0.038703084
0.072007895
0.10533714
0.058441877
0.04593873
0.04104197
0.11238563
0.04771149
0.04719317
0.15418255
0.032515526
0.06353676
0.14796603
0.041476727
0.03612733
0.056697726
0.057213187
0.056507945
0.07600415
0.10405731
0.022647262
0.064330935
0.14789402
0.06372893
0.12770069
0.046765566
0.036253095
0.04495716
0.1307118
0.08644354
0.025323749
0.08221638
0.046920776
0.029220581
0.029384255
0.11203349
0.055015683
0.10487366
0.109871626
0.15293288
0.04399252
0.105214596
0.062301874
0.032107472
0.09439695
0.010658145
0.047935247
0.083734035
0.18929267
0.06587839
0.02808094
0.008750796
0.16451919
0.20608008
0.029618025
0.09539199
0.20088899
0.07336521
0.023340225
0.093767524
0.12902856
0.23465621
0.043347478
0.05666864
0.13192677
0.037816644
0.1080873
0.06491947
0.09248197
0.039722204
0.100042224
0.11856043
0.08015561
0.08710086
0.042110562
0.08445275
0.07916057
0.10234368
0.09858787
0.017607331
0.062883615
0.09933233
0.08198631
0.03308773
0.057869315
0.071064115
0.09204662
0.082871914
0.083378196
0.09194052
0.051002264
0.09590781
0.024024248
0.059799433
0.11592984
0.04180038
0.06343341
0.08052039
0.11764479
0.10924494
0.056420088
0.025966763
0.07875919
0.09475064
0.16577613
0.07285547
0.022285223
0.13842523
0.11406267
0.123853564
0.03161788
0.2252723
0.14896631
0.13682294
0.028423429
0.10167682
0.066146135
0.03203976
0.030377865
0.06499207
0.10390842
0.09065652
0.07091236
0.057365417
0.021312714
0.07128894
0.1310488
0.10039091
0.093626976
0.06762028
0.048962235
0.18478346
0.14750135
0.029080868
0.1376586
0.048862338
0.115306854
0.12542641
0.11970234
0.09603119
0.12921989
0.055656075
0.1638751
0.074916124
0.031910777
0.045359492
0.061384916
0.032422304
0.14692187
0.029573679
0.022109509
0.055490613
0.02989161
0.03106296
0.05970025
0.064189196
0.03599572
0.103438616
0.046151996
0.09651017
0.030698419
0.06603098
0.22725272
0.086556315
0.06490302
0.047351003
0.018190265
0.12091482
0.06406534
0.055636168
0.03035009
0.124403715
0.051130176
0.04474306
0.048570514
0.06695366
0.1322391
0.06766212
0.18996537
0.033670664
0.067310214
0.029281378
0.044589162
0.11229086
0.2481916
0.20529938
0.09010637
0.07785201
0.069957614
0.25798333
0.051707625
0.16183805
0.045833945
0.035507083
0.038850307
0.17148173
0.060569763
0.13696527

0.06033528
0.030359268
0.021773696
0.021984816
0.07500267
0.02344811
0.06238556
0.07556903
0.031913638
0.07531726
0.035014033
0.047477007
0.0036406517
0.015809655
0.010517001
0.034998775
0.0278821
0.038642406
0.05811453
0.009707928
0.030457735
0.023394823
0.041214347
0.010535479
0.012837768
0.044469237
0.01000917
0.043593884
0.051145673
0.050232887
0.028470159
0.019583583
0.04016626
0.0008533001
0.017878532
0.08493912
0.0043228865
0.024266481
0.025659561
0.030740976
0.012170553
0.00017476082
0.029754043
0.026309133
0.023315549
0.01433146
0.059187055
0.01036489
0.05949056
0.013167143
0.010386467
0.04938698
0.030108571
0.06149578
0.022803187
0.068724036
0.0057839155
0.034984946
0.055993676
0.036224723
0.01963675
0.017076612
0.038754582
0.031051517
0.01782298
0.042666316
0.06356192
0.00843668
0.05907464
0.028326869
0.023479104
0.07808173
0.045028806
0.06410813
0.0537405
0.010076642
0.006442666
0.03550923
0.026584625
0.0017347336
0.05354774
0.04337418
0.09407771
0.024845839
0.007928371
0.06293881
0.0035146475
0.0015313625
0.049274087
0.03289807
0.029707313
0.020164609
0.048223972
0.031054974
0.00889194
0.0337615
0.039419174
0.016359925
0.02199006
0.011441588
0.082445145
-2.8729439e-05
0.03512585
0.015540719
0.013859272
0.06961024
0.059847593
0.02752924
0.061146855
0.0010842085
0.001013279
0.0028979778
0.028511047
0.059580207
0.023820281
0.015963674
0.04127395
0.0047562122
0.026539803
0.026265383
0.043848395
0.009203672
0.007026911
0.016299129
0.023444772
0.03821993
0.040917277
0.026247382
0.0109164715
0.0055271387
0.026787043
0.071624994
0.009935617
0.044954658
0.009312153
0.002913475
0.00962007
0.019588709
0.0452832
0.012752533
0.019601822
0.054167032
0.0633924
0.053636312
0.049378395
0.011303425
0.014891982
0.027206898
0.023934007
0.008392453
0.009984255
0.03975892
0.018468618
0.04763961
0.013851881
0.040487647
0.04595375
0.026717424
0.055324674
0.008718967
0.036037207
0.005007863
0.026905537
0.008090496
0.0006034374
0.004371524
0.08094072
0.040181637
0.008004189
2.5629997e-05
0.026659727
0.031820655
0.005736232
0.016599894
0.017943025
0.014088631
0.01948297
0.010097146
0.010284781
0.0024814606
0.019210577
0.011721849
0.023170471
0.067041636
0.01775229
0.052814484
0.012509465
0.012271285
0.06750882
0.057224512
0.0549469
0.07529068
0.02014935
0.023784757
0.021261454
0.01977539
0.034556508
0.041651726
0.051930904
0.040476203
0.03133166
0.007867694
0.002490878
0.044710994
0.024287343
0.03891456
0.07720554
0.013628244
0.017946005
0.022338033
0.0254848
0.021752357
0.02827692
0.020200491
0.064860106
0.062678576
0.012687206
0.027475715
0.0034655333
0.08008301
0.057263613
0.0061837435
0.02926588
0.018948078
0.023602724
0.023024797
0.0041207075
0.03866875
0.002765417
0.007591367
0.018985868
0.070319414
0.03237033
0.056479335
0.00051391125
0.023500085
0.017417789
0.0054352283
0.002678752
0.047641277
0.012212992
0.025723696
0.06803346
0.0072603226
0.005560994
0.011564374
0.033509612
0.062151313
0.014285445
0.01614976
0.024941683
0.020538688
0.07748473
0.038437486
0.036337137
0.004001379
0.0062001944
0.06128359
0.019425869
0.023471594
0.085642934
0.000844121
0.008215666
0.07004595
0.044659734
0.0100826025
0.029488325
0.022527575
0.037100673
0.036758065
0.048111558
0.022874475
0.04269576
0.013034821
0.00536561
0.042835474
0.018723965
0.033241868
0.018136144
0.020813584
0.010431051
0.021506906
0.037573814
0.030890822
0.061181307
0.0038013458
0.00043725967
0.02448082
0.07346547
0.03873992
0.014716625
0.011870742
0.025880814
0.045890927
0.07068956
0.055328727
0.03201008
0.0025328398
0.03694713
0.03491068
0.02374053
0.10851765
0.056141973
0.059611797
0.027635574
0.041676164
0.04034531
0.026106954
0.018130898
0.032850027
0.020202875
0.0766685
0.031938672
0.0064837933
0.002332449
0.07021415
0.06480026
0.06962299
0.00014567375
0.022124887
0.018126607
0.0075204372
0.004478097
0.04310763
0.023831367
0.020264149
0.029611468
0.008831263
0.026182055
0.052713037
0.048639894
0.0012565851
0.05046761
0.008595705
0.017553091
0.04684937
0.015883327
0.0017716885
0.025633097
0.0066372156
0.0224998
0.05630529
0.06525588
0.03769076
0.044198275
0.041020155
0.01531589
0.040444255
0.034472704
0.045878768
0.03386569
0.019284844
0.0029895306
0.023459911
0.090608835
0.062403083
0.054320097
0.09207535
0.030899167
0.040124536
0.020070791
0.007577896
0.029395103
0.047088504
0.0055981874
0.036123514
0.04897213
0.039431572
0.0016413927
0.009685159
0.01798451
0.022967339
0.030654192
0.07505536
0.02253902
0.019707203
0.063507795
0.02605009
0.036787868
0.06821489
0.006962776
0.0398587
0.04166305
0.027697802
0.0094515085
0.03756833
0.013735652
0.038256526
0.023550868
0.030403852
0.023944259
0.0679636
0.053856134
0.030068517
0.044769764
0.0049533844
0.05242181
0.04820633
0.050544262
0.037634015
0.045631647
0.025581121
0.05722797
0.0580858
0.051820755
0.019362092
0.03296578
0.024786472
0.0074573755
0.037552834
0.037632346
0.038092375
0.038372755
0.028152466
0.061295748
0.043280125
0.006457448
0.068145156
0.06448662
0.0077598095
0.012132168
0.046383142
0.02015841
0.013550043
0.02003944
0.046578288
0.004523039
0.013571501
0.016624928
0.01624608
0.051796675
0.04333532
0.028215647
0.045832753
0.0034191608
0.058457255
0.026329279
0.021077275
0.0094873905
0.09099126
0.0015523434
0.0039201975
0.016189218
0.023746967
0.042590737
0.02505064
0.034655333
0.028440475
0.06021917
0.028209567
0.014336348
0.005546212
0.046315193
0.019743562
0.021457076
0.031828284
0.05757749
0.00034952164
0.0018262863
0.012625456
0.032534003
0.00816977
0.022283196
0.028556585
0.038600206
0.009470582
0.02955854
0.051298738
0.012272358
0.006811738
0.0008794069
0.018619776
0.0222584
0.014809608
0.02160716
0.05463779
0.032503128
0.03816116
0.009750605
0.022709608
0.042836666
0.047689915
0.024822354
0.03695929
0.03817904
0.016160846
0.00757277
0.009442329
0.035030127
0.051248312
0.03873408
0.021329165
0.026587844
0.011769533
0.06771457
0.07127106
0.04518056
0.052871585
0.025612116
0.05652201
0.0013406277
0.008057117
0.050779104
0.053879023
0.073153615
0.0037583113
0.045228004
0.059529066
0.015716672
0.014779687
0.0017396212
0.030326962

0.012286782
0.01808238
0.023571849
0.031072617
0.018373132
0.02583623
0.011445165
0.011684775
0.016236901
0.012511134
0.012489438
0.01573801
0.010054469
0.031236172
0.01184535
0.01303792
0.030336738
0.0068740845
0.016282558
0.010133624
0.023634076
0.026034117
0.019089103
0.021550179
0.010530233
0.022495389
0.022254705
0.021995783
0.025580645
0.010580659
0.033207893
0.026613712
0.005575776
0.006981969
0.039028525
0.019733548
0.019369364
0.007417679
0.013384819
0.008947611
0.02031529
0.038561344
0.019804955
0.0051727295
0.03322959
0.04130888
0.0009213686
0.0079545975
0.003911495
0.014533401
0.006296277
0.017483473
0.011326671
0.007471204
0.021344423
0.015479207
0.007187128
0.027465105
0.0138424635
0.031968117
0.0063250065
0.008836865
0.0064202547
0.038716078
0.010451555
0.024641156
0.016688466
0.0045734644
0.03223729
0.028702378
0.016853929
0.015592337
0.023932219
0.009124875
0.00097310543
0.019834876
0.013043523
0.008610129
0.01864481
0.017722487
0.022584558
0.016495228
0.010228276
0.023907185
0.032673836
0.021372318
0.031855345
0.013782144
0.02231574
0.009087086
0.02124834
0.0026806593
0.020852923
0.023833632
0.017908335
0.027213216
0.014111042
0.010328174
0.0045542717
0.016891241
0.010801196
0.0061012506
0.018753052
0.0054340363
0.0035954714
0.013163328
0.0055832863
0.0019378662
0.026661634
0.018312693
0.023209691
0.020098686
0.013590932
0.012507081
0.012333512
0.014700651
0.022151947
0.011664867
0.016789675
0.039269328
0.016552806
0.0023530722
0.006081581
0.012571812
0.018491149
0.01600027
0.011357188
0.015838385
0.016531229
0.00723207
0.00980401
0.026376843
0.017992854
0.018904448
0.019226551
0.0076338053
0.014438152
0.026077628
0.027724385
0.013952732
0.0115196705
0.023312688
0.023084283
0.037289023
0.035040498
0.024428725
0.011914492
0.022832274
0.015588641
0.01894474
0.011371732
0.03091085
0.013530612
0.026905179
0.015887976
0.010129213
0.018360257
0.014742851
0.010697365
0.0067806244
0.028030276
0.017455459
0.0072920322
0.008064747
0.024754167
0.021839857
0.011963487
0.014881849
0.01730442
0.031675816
0.014148235
8.416176e-05
0.014177442
0.013667345
0.021318793
0.010304213
0.030714512
0.009040356
0.027085185
0.014956713
0.004867077
0.0069704056
0.0027151108
0.010417581
0.009109974
0.0142149925
0.01017046
0.0010495186
0.023811102
0.0103030205
0.01009655
0.03610933
0.0011842251
0.021927357
0.006724596
0.0207268
0.015084147
0.019269109
0.0060418844
0.016017437
0.0052363873
0.014163852
0.008361101
0.008350849
0.0001707077
0.031422615
0.017628074
0.016013503
0.0051566362
0.00699687
0.016954064
0.019810796
0.02772367
0.007046938
0.024792194
0.012765527
0.013209581
0.016043425
0.006760955
0.023232222
0.010010958
0.012011409
0.01568067
0.0051938295
0.008564115
0.016281724
0.012037635
0.017665505
0.018041253
0.0053925514
0.0047825575
0.027751565
0.017132282
0.0026865005
0.013923287
0.0140423775
0.020056605
0.011437774
0.017889977
0.02949965
0.03462875
0.005378008
0.012391686
0.012288213
0.029415965
0.013591409
0.008914828
0.024074197
0.010286689
0.024126887
0.02471888
0.019252062
0.010211706
0.0054585934
0.03187871
0.026014209
0.01909256
0.012058139
0.013167977
0.0079677105
0.014333487
0.010405302
0.013375878
0.0065022707
0.016561747
0.022552848
0.017048955
0.0033242702
0.012525201
0.03273523
0.006827593
0.02630186
0.017806292
0.0064815283
0.020968676
0.00735116
0.0056078434
0.020040989
0.013288379
0.007630348
0.0036650896
0.012704253
0.005543232
0.01984775
0.026049256
0.03565061
0.008219957
0.0060026646
0.01579237
0.012516856
0.0021208525
0.012438536
0.011513352
0.016673803
0.021108389
0.020233393
0.019343257
0.02314341
0.002028942
0.0372113
0.019246936
0.003067255
0.01355505
0.0003913641
0.008674741
0.011937857
0.03987801
0.031843066
0.012270927
0.012306452
0.022317171
0.017717004
0.010490298
0.019897819
0.026505947
0.011113763
0.0075308084
0.017116308
0.009876728
0.022940993
0.011410594
0.019156218
0.016934514
0.020893812
0.018405557
0.010389566
0.011374831
0.016553521
0.019803882
0.023707867
0.021663666
0.01442945
0.025424361
0.012171626
0.007945299
0.0143767595
0.017653346
0.020389557
0.019841671
0.015471458
0.02057004
0.032030463
0.014717698
0.0010982752
0.010745287
0.03184855
0.019384146
0.00783968
0.006547332
0.023167968
0.018266797
0.02352488
0.01606536
0.019859672
0.0062749386
0.045495987
0.0064001083
0.0064418316
0.011886239
0.013812304
0.021232963
0.007944226
0.020381927
0.0056113005
0.022129416
0.0047825575
0.025093198
0.009914041
0.008351088
0.02748084
0.0010944605
0.009753704
0.03263104
0.015916824
0.0067802668
0.007582903
0.014386058
0.019074082
0.017598152
0.025125027
0.024258018
0.019524574
0.018803
0.011443615
0.016569614
0.02989459
0.020617723
0.025981784
0.021485806
0.011639714
0.017132401
0.019008875
0.00045990944
0.0067162514
0.014816523
0.0042397976
0.023348927
0.008759022
0.01422143
0.018703103
0.023742676
0.0069214106
0.0069606304
0.01847589
0.018684983
0.01120007
0.020988822
0.025024056
0.012820125
0.014295578
0.03690517
0.012213111
0.022213459
0.0019936562
0.013316631
0.01631856
0.018473983
0.0071759224
0.0118716955
0.005377531
0.020552874
0.019272447
0.02483499
0.01121366
0.01249814
0.011662126
0.025999308
0.0047096014
0.02346766
0.011319041
0.016324282
0.005333185
0.021621823
0.012485266
0.018153906
0.009526134
0.01764822
0.023419976
0.018727064
0.0149647
0.003813982
0.008520246
0.012212038
0.01696825
0.017461061
0.022683263
0.028089046
0.010935307
0.0054638386
0.0058424473
0.010957599
0.022364855
0.0059307814
0.025707364
0.010826588
0.013006926
0.020234585
0.021136165
0.013474107
0.010473371
0.025049925
0.012604237
0.0071977377
0.0034707785
0.021405697
0.004475713
0.03847015
0.040695548
0.017595172
0.010750055
0.009141922
0.008388162
0.006719947
0.015733838
0.015988946
0.019239783
0.01134181
0.020219088
0.023178697
0.006993413
0.012324452
0.013911486
0.018394709
0.012606978
0.011419535
0.033703446
0.020590305
0.009494424
0.014520526
0.028844357
0.017774224
0.011092663
0.003947735
0.035091043
0.037187696
0.01123023
0.026299953
0.028711796
0.013426781
0.008161664
0.009723067
0.010417938
0.015694857
0.018099666
0.013735771
0.011672616
0.016431808
0.01795268
0.01639533
0.0089280605
0.02044475
0.0054033995

0.010568142
0.0028458834
0.006830454
0.021707296
0.008352637
0.004374981
0.015181184
0.007842302
0.014400721
0.005114436
0.005047679
0.015243888
0.007923365
0.008637309
0.011252642
0.009275913
0.017582774
0.012936592
0.010605216
0.033676744
0.029734373
0.015075088
0.0060646534
0.013777733
0.004951358
0.0013315678
0.020549178
0.0063545704
0.017019749
0.011298776
0.007167697
0.01569724
0.022681952
0.021494627
0.013762116
0.0333066
0.0259552
0.011464238
0.010601401
0.008132815
0.01503706
0.021146178
0.020570993
0.0034223795
0.0036494732
0.013278723
0.01287806
0.011777043
0.0143357515
0.018723607
0.0045888424
0.0053981543
0.011199474
0.02543497
0.009424925
0.025484681
0.010198712
0.009677649
0.0070033073
0.02305746
0.0065590143
0.010261893
0.011756659
0.021155238
0.001144886
0.0066031218
0.0054661036
0.018598914
0.027051449
0.012166977
0.0035045147
0.0029636621
0.014838576
0.004818678
0.025396228
0.01265192
0.021179438
0.00865984
0.0029605627
0.008260727
0.0150824785
0.0063972473
0.014885306
0.020874023
0.007710099
0.024753094
0.011610389
0.016101956
0.03167963
0.013878942
0.018145204
0.013263583
0.01466763
0.009383202
0.014540911
0.010910869
0.016077995
0.021027446
0.006848216
0.0034761429
0.0017825365
0.010787368
0.015110493
0.020647049
0.0056375265
0.015939236
0.01790595
0.0128622055
0.017761588
0.047307253
0.022369146
0.0070512295
0.012763858
0.017427206
0.013017297
0.01431644
0.0055071115
0.019500494
0.045790195
0.015439272
0.01771617
0.011319399
0.018931746
0.022718668
0.015206814
0.0023795366
0.01909709
0.018642187
0.0051157475
0.0069681406
0.021932602
0.009836674
0.032462597
0.021480799
0.020395279
0.022679448
0.008583546
0.008662462
0.03476286
0.017601252
0.012107968
0.006591201
0.026278734
0.029961467
0.011541486
0.015008688
0.010727525
0.011664629
0.020701528
0.00911355
0.011632085
0.0061810017
0.015034318
0.009723544
0.011561751
0.014824986
0.0036007166
0.010668278
0.008061171
0.0032162666
0.009000659
0.012677908
0.018256903
0.008414865
0.0038485527
0.009785891
0.00734818
0.020800233
0.010078311
0.013356447
0.007939339
0.01496768
0.0061273575
0.008877516
0.012554288
0.010176182
0.003670454
0.005318284
0.012202382
0.023425817
0.00835681
0.009739518
0.00953269
0.013015866
0.008400917
0.0147663355
0.020241618
0.009198308
0.005572319
0.014893651
0.005846739
0.004116416
0.012649775
0.041310906
0.009849429
0.0036438704
0.021880746
0.013790846
0.0056729317
0.010529518
0.008029103
0.022780657
0.008857727
0.023965478
0.010861397
0.012401581
0.010143757
0.0013766289
0.009744167
0.008602619
0.0064719915
0.018589735
0.018909574
0.008836627
0.039176345
0.015170217
0.007170081
0.025012493
0.014846444
0.008608341
0.009919167
0.009817004
0.017419696
0.008851528
0.016222477
0.010368109
0.007081151
0.011326551
0.022800446
0.014892101
0.017624259
0.0032371283
0.02502358
0.004127145
0.014015079
0.02355802
0.0039123297
0.012186408
0.00180614
0.022065878
0.009119272
0.009047508
0.018417478
0.0050370693
0.0032984018
0.013389349
0.019813418
0.01454699
0.009540319
0.015645623
0.017395377
0.011746049
0.0134500265
0.020596743
0.007919788
0.005018115
0.0055584908
0.009458661
0.010558248
0.013480186
0.012561917
0.009461403
0.011426687
0.017818332
0.026206017
0.02392137
0.018846035
0.0036706924
0.011543989
0.014880061
0.007273197
0.03924644
0.019164562
0.010965228
0.0023453236
0.033334613
0.0046305656
0.006263852
0.01361084
0.010988474
0.014385581
0.022759557
0.014463067
0.004825473
0.016459584
0.00028777122
0.0043805838
0.01281774
0.022313118
0.0153131485
0.006986499
0.01874566
0.008381963
0.0126369
0.00073325634
0.0347867
0.03222525
0.008375049
0.012349963
0.0044829845
0.018761992
0.023135185
0.013590574
0.011189938
0.010461569
0.015744567
0.003875494
0.018005252
0.03671992
0.01655364
0.015445828
0.011075377
0.00968945
0.009729505
0.011848092
0.010591626
0.026200294
0.017981887
0.0072648525
0.007745981
0.022850513
0.013116121
0.008208275
0.026111603
0.033058167
0.02430427
0.009879708
0.007684231
0.011472702
0.025288582
0.022733212
0.012695074
0.0112143755
0.008691311
0.0064867735
0.0013289452
0.016815066
0.011628866
0.006607175
0.015928626
0.026423097
0.0065561533
0.0138043165
0.0012624264
0.015863895
0.012405157
0.019325137
0.0052763224
0.01830709
0.009102225
0.01814723
0.030415058
0.0030554533
0.00056803226
0.007051468
0.0123746395
0.008183241
0.011007905
0.0195719
0.007720351
0.020647287
0.03215003
0.009904385
0.00595963
0.0145664215
0.0047568083
0.016358614
0.007122636
0.00823307
0.0037833452
0.012645125
0.014805913
0.023651838
0.0035395622
0.012215495
0.024639726
0.0062777996
0.02795732
0.015596628
0.0136601925
0.025915384
0.020010233
0.017932177
0.011059284
0.008534431
0.023670435
0.024547696
0.014086485
0.021438599
0.02858305
0.03398466
0.0127853155
0.025980711
0.018144488
0.0012043715
0.021698713
0.036206722
0.00038659573
0.002822876
0.020887256
0.025494099
0.0101403
0.014794588
0.016477108
0.010271192
0.013009787
0.01599741
0.0051612854
0.016409159
0.0057479143
0.024986267
0.014082432
0.0054996014
0.02268362
0.0059221983
0.009038568
0.023117423
0.0390985
0.011025429
0.015150189
0.008366942
0.01023066
0.010321856
0.017014742
0.0092253685
0.029096246
0.018462062
0.017783761
0.018568277
0.003830552
0.0086301565
0.018813968
0.032415867
0.010347962
0.017250061
0.020845294
0.003540039
0.028342485
0.01915586
0.018562198
0.0018882751
0.022240758
0.0044596195
0.015844464
0.008097172
0.011428237
0.006767869
0.016271353
0.028100371
0.0060198307
0.016720653
0.0016601086
0.008536935
0.013296843
0.016327381
0.00901711
0.014876604
0.013969302
0.02009654
0.02314651
0.012952805
0.012862802
0.02409935
0.016526937
0.015933037
0.020649076
0.008304119
0.01644957
0.0076237917
0.030896187
0.0452981
0.033611417
0.0051852465
0.005760908
0.009719849
0.024577975
0.009415865
0.010625124
0.0033198595
0.012187004
0.016111732
0.0078982115
0.0010445118
0.021224737
0.005022526
0.024894118
0.014072418
0.0037517548
0.009890556
0.0036387444
0.018866181
0.006295562
0.0022195578
0.012201548
0.013462663
0.011071563
0.022646427
0.004535079
0.010266185
0.012742043
0.0072784424
0.0098798275
0.025728941
0.007935524
0.021136403
0.022951603
0.0066689253
0.0018703938
0.011107564
0.0026198626
0.0038155317
0.01922071

0.4265449
0.3798145
0.36975873
0.35409892
0.45980406
0.3408723
0.36503804
0.4207772
0.46352482
0.35243094

