-7.0
-7.000045594097259
-7.027356540559449
-7.056590407360813
-7.088598348223812
-7.123607053160638
-7.1618785482170715
-7.203693412613259
-7.249351992780051
-7.2991749826975285
-7.353503889257962
-7.412701335232731
-7.477151168886849
-7.547258347624934
-7.62344856299705
-7.706167575474542
-7.795880229866265
-7.893069126264802
-7.998232927116101
-8.111884288438691
-8.234547412319355
-8.36675522839585
-8.50904622378233
-8.661960953342989
-8.826038274795705
-9.001811365161817
-9.189803585856573
-9.372276937382614
-9.552342998618297
-9.72957927648109
-9.904145979840681
-10.076104428407447
-10.245528429304944
-10.412486558366522
-10.577045123936083
-10.739267855823027
-10.899216094760858
-11.056948896940707
-11.212523143714506
-11.365993643395438
-11.517413227567726
-11.666832841986444
-11.814301632456907
-11.959867026009444
-12.103574807668977
-12.245469193096437
-12.38559289735949
-12.523987200071911
-12.660692007124167
-12.795745909212357
-12.929186237358431
-13.061049115601417
-13.191369511027256
-13.320181281293578
-13.447517219795357
-13.57340909860772
-13.697887709333315
-13.82098290197328
-13.942723621933254
-14.063137945268682
-14.182253112267103
-14.300095559458896
-14.416690950142284
-14.532064203503069
-14.646239522404587
-14.7592404199188
-14.871089744665102
-14.981809705019458
-15.091421892252686
-15.199947302653277
-15.307406358686844
-15.41381892924125
-15.519204349003626
-15.623581437012856
-15.726968514428545
-15.829383421555253
-15.93084353415848
-16.031365779106974
-16.13096664937388
-16.22966221842757
-16.327468154041217
-16.424399731548643
-16.520471846572484
-16.615699027249274
-16.7100954459748
-16.803674930691773
-16.896450975740787
-16.988436752294344
-17.07964511839279
-17.170088628599977
-17.25977954329554
-17.348729837619913
-17.436951210087262
-17.524455090880863
-17.611252649844662
-17.69735480418408
-17.782772225888547
-17.86751534888753
-17.951594375951327
-18.035019285347346
-18.117799837262034
-18.19994557999818
-18.281465855956846
-18.362369807412676
-18.442666382091055
-18.522364338555093
-18.601472251410037
-18.679998516332418
-18.757951354930945
-18.835338819445624
-18.912168797291613
-18.988449015453757
-19.06418704473757
-19.13939030388229
-19.21406606354116
-19.288221450134078
-19.36186344957738
-19.434998910895438
-19.507634549718396
-19.57977695167039
-19.651432575652183
-19.72260775702221
-19.793308710679625
-19.863541534053006
-19.933312209998075
-20.0026266096077
-20.07149049493736
-20.13990952164901
-20.207889241576265
-20.275435105213674
-20.34255246413272
-20.40924657332709
-20.475522593489682
-20.541385593223666
-20.60684055118987
-20.67189235819268
-20.736545819206476
-20.800805655344682
-20.864676505773257
-20.928162929570583
-20.991269407535455
-21.054000343944875
-21.116360068263383
-21.178352836805388
-21.239982834352126
-21.301254175724665
-21.362170907314322
-21.422737008572
-21.482956393457563
-21.54283291185068
-21.602370350924225
-21.661572436481514
-21.720442834258403
-21.778985151191446
-21.83720293665305
-21.895099683654735
-21.95267883001944
-22.00994375952377
-22.0668978030112
-22.123544239477
-22.179886297125805
-22.235927154402635
-22.291669940998112
-22.347117738828686
-22.4022735829926
-22.457140462702263
-22.51172132219378
-22.566019061614256
-22.620036537887543
-22.67377656555904
-22.727241917620134
-22.780435326312904
-22.833359483915586
-22.886017043509426
-22.93841061972734
-22.99054278948499
-23.042416092694722
-23.09403303296281
-23.145396078270537
-23.196507661639526
-23.24737018178171
-23.29798600373445
-23.348357459481115
-23.39848684855758
-23.448376438645006
-23.498028466149208
-23.547445136767127
-23.596628626040527
-23.645581079897475
-23.69430461518175
-23.74280132017065
-23.79107325508133
-23.839122452566166
-23.886950918197257
-23.934560630940435
-23.98195354361905
-24.029131583367764
-24.076096652076632
-24.12285062682568
-24.169395360310293
-24.215732681257546
-24.26186439483381
-24.307792283043767
-24.35351810512109
-24.39904359791098
-24.444370476244792
-24.489500433306887
-24.534435140993953
-24.579176250266947
-24.62372539149588
-24.66808417479755
-24.712254190366444
-24.756237008798983
-24.800034181411235
-24.843647240550236
-24.887077699899155
-24.93032705477635
-24.9733967824285
-25.016288342318035
-25.059003176404765
-25.101542709422166
-25.143908349148155
-25.18610148667066
-25.22812349664803
-25.26997573756445
-25.31165955198039
-25.35317626677835
-25.394527193403796
-25.435713628101663
-25.47673685214824
-25.517598132078778
-25.55829871991078
-25.598839853363103
-25.639222756070993
-25.679448637797115
-25.71951869463865
-25.759434109230618
-25.799196050945383
-25.838805676088597
-25.878264128091487
-25.91757253769966
-25.956732023158523
-25.995743690395294
-26.03460863319777
-26.073327933389884
-26.111902661004095
-26.150333874450745
-26.188622620684363
-26.226769935367074
-26.26477684302907
-26.3026443572263
-26.340373480695384
-26.37796520550581
-26.415420513209504
-26.452740374987783
-26.489925751795774
-26.52697759450436
-26.56389684403964
-26.600684431520087
-26.63734127839127
-26.67386829655833
-26.71026638851624
-26.746536447477805
-26.78267935749954
-26.818695993605424
-26.85458722190861
-26.890353899731043
-26.925996875721168
-26.961516989969624
-26.99691507412306
-27.03219195149606
-27.067348437181266
-27.102385338157625
-27.137303453396964
-27.17210357396876
-27.20678648314324
-27.241352956492825
-27.275803761991906
-27.31013966011507
-27.344361403933704
-27.378469739211067
-27.41246540449589
-27.446349131214433
-27.480121643761137
-27.5137836595878
-27.547335889291418
-27.580779036700548
-27.614113798960442
-27.64734086661676
-27.68046092369803
-27.71347464779683
-27.746382710149682
-27.779185775715778
-27.81188450325444
-27.844479545401413
-27.87697154874403
-27.909361153895183
-27.941648995566183
-27.973835702638553
-28.00592189823471
-28.037908199787587
-28.069795219109217
-28.10158356245828
-28.133273830606676
-28.16486661890508
-28.196362517347517
-28.22776211063503
-28.259065978238358
-28.290274694459725
-28.321388828493717
-28.352408944487266
-28.383335601598763
-28.414169354056323
-28.444910751215183
-28.47556033761429
-28.506118653032082
-28.536586232541442
-28.566963606563874
-28.59725130092293
-28.627449836896847
-28.65755973127044
-28.687581496386287
-28.717515640195145
-28.747362666305715
-28.77712307403364
-28.806797358449884
-28.836386010428384
-28.865889516693066
-28.895308359864202
-28.92464301850412
-28.953893967162294
-28.98306167641978
-29.01214661293311
-29.041149239477487
-29.070070014989483
-29.098909394609105
-29.127667829721286
-29.15634576799684
-29.184943653432853
-29.213461926392505
-29.241901023644395
-29.270261378401322
-29.298543420358527
-29.32674757573147
-29.35487426729304
-29.382923914410355
-29.410896933080977
-29.438793735968737
-29.466614732439034
-29.494360328593686
-29.52203092730533
-29.54962692825136
-29.57714872794743
-29.604596719780524
-29.631971294041584
-29.65927283795774
-29.68650173572409
-29.713658368535093
-29.740743114615576
-29.767756349251282
-29.794698444819108
-29.82156977081689
-29.84837069389285
-29.875101577874656
-29.9017627837981
-29.92835466993545
-29.954877591823404
-29.981331902290716
-30.007717951485482
-30.034036086902056
-30.060286653407672
-30.086469993268693
-30.112586446176554
-30.138636349273398
-30.164620037177354
-30.190537842007558
-30.216390093408823
-30.242177118576016
-30.26789924227815
-30.293556786882185
-30.319150072376498
-30.344679416394136
-30.370145134235727
-30.395547538892124
-30.420886941066833
-30.446163649198077
-30.471377969480677
-30.496530205887623
-30.521620660191424
-30.546649631985147
-30.571617418703283
-30.596524315642295
-30.621370615980954
-30.646156610800446
-30.67088258910423
-30.69554883783764
-30.720155641907304
-30.744703284200284
-30.76919204560304
-30.793622205020156
-30.817994039392815
-30.842307823717114
-30.866563831062145
-30.890762332587833
-30.91490359756265
-30.938987893381025
-30.963015485580634
-30.98698663785947
-31.010901612092674
-31.034760668349257
-31.058564064908555
-31.082312058276536
-31.106004903201935
-31.12964285269215
-31.153226158029028
-31.176755068784445
-31.200229832835674
-31.223650696380645
-31.247017903953008
-31.270331698436998
-31.293592321082187
-31.31680001151804
-31.33995500776831
-31.36305754626529
-31.38610786186389
-31.4091061878556
-31.43205275598222
-31.45494779644951
-31.47779153794069
-31.500584207629736
-31.523326031194586
-31.546017232830184
-31.568658035261386
-31.591248659755706
-31.613789326135958
-31.636280252792734
-31.65872165669677
-31.681113753411154
-31.703456757103446
-31.725750880557605
-31.747996335185846
-31.770193331040353
-31.79234207682485
-31.814442779906074
-31.836495646325115
-31.85850088080864
-31.880458686779996
-31.90236926637019
-31.924232820428777
-31.946049548534596
-31.96781964900645
-31.98954331891361
-32.01122075408627
-32.032852149125816
-32.0544376974151
-32.07597759112852
-32.097472021242005
-32.11892117754292
-32.1403252486399
-32.16168442197248
-32.182998883820765
-32.204268819314876
-32.225494412444384
-32.246675846067596
-32.26781330192079
-32.288906960627315
-32.30995700170662
-32.33096360358323
-32.351926943595515
-32.37284719800453
-32.39372454200264
-32.4145591497221
-32.435351194243594
-32.456100847604574
-32.47680828080769
-32.49747366382893
-32.518097165625875
-32.53867895414573
-32.559219196333345
-32.57971805813913
-32.60017570452693
-32.62059229948177
-32.64096800601756
-32.6613029861847
-32.68159740107766
-32.701851410842416
-32.72206517468386
-32.742238850873136
-32.7623725967549
-32.78246656875447
-32.80252092238501
-32.822535812254486
-32.84251139207275
-32.86244781465838
-32.88234523194555
-32.90220379499082
-32.922023653979835
-32.94180495823402
-32.96154785621711
-32.981252495541725
-33.000919022975815
-33.020547584449076
-33.04013832505928
-33.05969138907859
-33.07920691995974
-33.09868506034225
-33.1181259520585
-33.137529736139804
-33.1568965528224
-33.17622654155339
-33.19551984099662
-33.21477658903852
-33.233996922793885
-33.25318097861158
-33.27232889208022
-33.29144079803379
-33.31051683055723
-33.32955712299191
-33.348561807941124
-33.367531017275496
-33.386464882138355
-33.40536353295106
-33.424227099418204
-33.443055710532946
-33.46184949458208
-33.48060857915124
-33.4993330911299
-33.518023156716495
-33.53667890142335
-33.55530045008166
-33.57388792684636
-33.592441455201
-33.61096115796255
-33.62944715728619
-33.64789957466999
-33.66631853095967
-33.68470414635318
-33.70305654040531
-33.721375832032294
-33.739662139516284
-33.75791558050986
-33.776136272040475
-33.79432433051485
-33.81247987172331
-33.83060301084418
-33.848693862448
-33.86675254050184
-33.88477915837347
-33.90277382883556
-33.9207366640698
-33.93866777567105
-33.956567274651356
-33.97443527144404
-33.99227187590763
-34.01007719732993
-34.02785134443184
-34.045594425371334
-34.06330654774728
-34.080987818603305
-34.09863834443158
-34.116258231176566
-34.133847584238794
-34.15140650847853
-34.16893510821947
-34.18643348725236
-34.20390174883864
-34.221339995713976
-34.23874833009185
-34.256126853667084
-34.273475667619266
-34.29079487261632
-34.30808456881781
-34.32534485587847
-34.34257583295148
-34.35977759869188
-34.37695025125983
-34.39409388832395
-34.41120860706458
-34.428294504176996
-34.44535167587462
-34.46238021789224
-34.47938022548911
-34.496351793452156
-34.513295016099015
-34.53020998728115
-34.547096800386896
-34.56395554834452
-34.580786323625176
-34.597589218245915
-34.61436432377266
-34.63111173132311
-34.647831531569665
-34.664523814742296
-34.68118867063144
-34.69782618859083
-34.71443645754027
-34.73101956596851
-34.74757560193592
-34.76410465307733
-34.780606806604716
-34.79708214930991
-34.81353076756727
-34.829952747336385
-34.84634817416468
-34.862717133190046
-34.87905970914346
-34.89537598635153
-34.91166604873909
-34.92792997983172
-34.94416786275826
-34.96037978025335
-34.97656581465983
-34.9927260479313
-35.00886056163449
-35.0249694369517
-35.04105275468322
-35.0571105952497
-35.073143038694525
-35.089150164686146
-35.10513205252044
-35.12108878112298
-35.137020429051375
-35.15292707449751
-35.168808795289834
-35.18466566889556
-35.20049777242295
-35.216305182623465
-35.23208797589398
-35.247846228278966
-35.26358001547262
-35.27928941282104
-35.294974495324325
-35.310635337638686
-35.32627201407854
-35.3418845986186
-35.35747316489591
-35.373037786211896
-35.38857853553444
-35.404095485499816
-35.41958870841476
-35.435058276258395
-35.45050426068427
-35.46592673302223
-35.48132576428044
-35.49670142514725
-35.51205378599313
-35.52738291687256
-35.542688887525934
-35.557971767381396
-35.573231625556716
-35.58846853086112
-35.603682551797135
-35.61887375656239
-35.63404221305141
-35.64918798885742
-35.66431115127412
-35.67941176729742
-35.69448990362722
-35.70954562666913
-35.7245790025362
-35.73959009705062
-35.75457897574543
-35.76954570386619
-35.78449034637269
-35.79941296794057
-35.814313632962964
-35.8291924055522
-35.84404934954135
-35.858884528485895
-35.873698005665304
-35.888489844084646
-35.903260106476125
-35.91800885530072
-35.932736152749655
-35.94744206074601
-35.96212664094626
-35.976789954741726
-35.99143206326016
-36.00605302736724
-36.02065290766801
-36.03523176450841
-36.049789657976746
-36.064326647905126
-36.078842793870905
-36.09333815519817
-36.1078127909591
-36.12226675997547
-36.13670012081997
-36.15111293181768
-36.165505251047406
-36.179877136343116
-36.19422864529524
-36.2085598352521
-36.222870763321204
-36.23716148637063
-36.25143206103033
-36.26568254369349
-36.27991299051778
-36.29412345742674
-36.30831400011102
-36.32248467402967
-36.33663553441144
-36.350766636256054
-36.36487803433545
-36.37896978319503
-36.39304193715492
-36.40709455031121
-36.42112767653714
-36.435141369484384
-36.44913568258421
-36.46311066904869
-36.47706638187189
-36.49100287383111
-36.50492019748796
-36.51881840518962
-36.532697549069965
-36.546557681050714
-36.56039885284259
-36.57422111594644
-36.58802452165442
-36.60180912105102
-36.61557496501426
-36.6293221042168
-36.643050589126965
-36.656760470009935
-36.67045179692875
-36.684124619745454
-36.69777898812211
-36.7114149515219
-36.72503255921018
-36.73863186025551
-36.752212903530726
-36.76577573771396
-36.77932041128967
-36.79284697254965
-36.80635546959408
-36.81984595033252
-36.83331846248489
-36.84677305358251
-36.86020977096905
-36.87362866180154
-36.887029773051324
-36.90041315150506
-36.913778843765655
-36.92712689625324
-36.940457355206135
-36.953770266681744
-36.96706567655755
-36.98034363053204
-36.99360417412559
-37.00684735268143
-37.020073211366544
-37.033281795172584
-37.046473148916775
-37.05964731724279
-37.07280434462167
-37.08594427535273
-37.099067153564356
-37.112173023214986
-37.1252619280939
-37.13833391182212
-37.151389017853276
-37.16442728947442
-37.177448769806915
-37.190453501807255
-37.20344152826793
-37.216412891818194
-37.22936763492497
-37.24230579989362
-37.25522742886878
-37.268132563835145
-37.28102124661834
-37.29389351888564
-37.30674942214681
-37.319588997754906
-37.33241228690703
-37.34521933064512
-37.35801016985674
-37.370784845275836
-37.38354339748352
-37.39628586690881
-37.40901229382939
-37.421722718372386
-37.434417180515084
-37.4470957200857
-37.45975837676407
-37.47240519008247
-37.48503619942625
-37.497651444034624
-37.510250963001354
-37.5228347952755
-37.53540297966209
-37.54795555482286
-37.56049255927695
-37.573014031401584
-37.5855200094328
-37.5980105314661
-37.61048563545717
-37.62294535922252
-37.63538974044022
-37.64781881665051
-37.66023262525654
-37.67263120352497
-37.68501458858665
-37.697382817437294
-37.70973592693814
-37.72207395381655
-37.73439693466672
-37.74670490595028
-37.75899790399693
-37.7712759650051
-37.78353912504257
-37.79578742004708
-37.80802088582696
-37.820239558061786
-37.83244347230292
-37.844632663974195
-37.8568071683725
-37.868967020668336
-37.8811122559065
-37.89324290900662
-37.905359014763775
-37.91746060784907
-37.929547722810256
-37.94162039407225
-37.95367865593779
-37.965722542587955
-37.97775208808275
-37.98976732636172
-38.001768291244446
-38.01375501643115
-38.025727535503236
-38.03768588192389
-38.04963008903857
-38.06156019007559
-38.07347621814667
-38.085378206247476
-38.09726618725814
-38.10914019394382
-38.12100025895525
-38.13284641482921
-38.144678693989114
-38.15649712874552
-38.16830175129664
-38.18009259372885
-38.19186968801725
-38.203633066026114
-38.21538275950945
-38.2271188001115
-38.23884121936722
-38.25055004870279
-38.26224531943615
-38.27392706277742
-38.28559530982947
-38.29725009158835
-38.308891438943846
-38.320519382679876
-38.33213395347504
-38.34373518190306
-38.3553230984333
-38.366897733431195
-38.378459117158734
-38.39000727977495
-38.401542251336345
-38.4130640617974
-38.42457274101099
-38.4360683187289
-38.44755082460219
-38.45902028818175
-38.47047673891866
-38.48192020616472
-38.49335071917283
-38.50476830709745
-38.51617299899506
-38.52756482382458
-38.5389438104478
-38.55030998762984
-38.56166338403955
-38.573004028249954
-38.584331948738665
-38.595647173888324
-38.606949731987015
-38.61823965122866
-38.62951695971348
-38.64078168544836
-38.65203385634731
-38.66327350023184
-38.67450064483137
-38.68571531778365
-38.696917546635156
-38.70810735884148
-38.71928478176775
-38.730449842689
-38.74160256879058
-38.75274298716856
-38.7638711248301
-38.77498700869382
-38.786090665590244
-38.79718212226212
-38.80826140536484
-38.81932854146681
-38.83038355704982
-38.841426478509426
-38.85245733215533
-38.86347614421173
-38.874482940817714
-38.885477748027604
-38.89646059181133
-38.90743149805483
-38.91839049256032
-38.92933760104675
-38.94027284915011
-38.951196262423814
-38.962107866339004
-38.97300768628496
-38.983895747569406
-38.994772075418894
-39.00563669497912
-39.01648963131529
-39.027330909412434
-39.03816055417579
-39.048978590431105
-39.059785042924986
-39.070579936325245
-39.081363295221195
-39.09213514412404
-39.10289550746716
-39.11364440960645
-39.124381874820656
-39.13510792731169
-39.145822591204954
-39.15652589054967
-39.16721784931921
-39.17789849141135
-39.18856784064867
-39.19922592077884
-39.20987275547489
-39.220508368335594
-39.23113278288572
-39.24174602257638
-39.2523481107853
-39.26293907081714
-39.27351892590383
-39.28408769920481
-39.29464541380739
-39.30519209272698
-39.315727758907485
-39.326252435221505
-39.33676614447068
-39.34726890938597
-39.35776075262794
-39.36824169678708
-39.37871176438404
-39.38917097786998
-39.39961935962679
-39.41005693196743
-39.42048371713617
-39.430899737308906
-39.44130501459341
-39.45169957102962
-39.46208342858994
-39.47245660917946
-39.48281913463628
-39.493171026731765
-39.50351230717081
-39.51384299759212
-39.52416311956848
-39.53447269460699
-39.544771744149394
-39.555060289572275
-39.56533835218736
-39.57560595324178
-39.58586311391831
-39.596109855335634
-39.60634619854863
-39.616572164548586
-39.62678777426348
-39.636993048558224
-39.64718800823492
-39.65737267403313
-39.667547066630064
-39.67771120664092
-39.68786511461906
-39.69800881105628
-39.708142316383054
-39.71826565096879
-39.72837883512205
-39.73848188909081
-39.74857483306269
-39.7586576871652
-39.768730471465965
-39.77879320597299
-39.788845910634855
-39.79888860534099
-39.808921309921885
-39.81894404414931
-39.82895682773659
-39.838959680338775
-39.84895262155294
-39.858935670918335
-39.86890884791668
-39.87887217197234
-39.88882566245259
-39.898769338667805
-39.90870321987168
-39.91862732526151
-39.92854167397833
-39.938446285107176
-39.9483411776773
-39.95822637066239
-39.96810188298076
-39.97796773349562
-39.987823941015215
-39.9976705242931
-40.00750750202832
-40.01733489286562
-40.02715271539569
-40.03696098815531
-40.04675972962762
-40.05654895824229
-40.06632869237574
-40.076098950351344
-40.085859750439624
-40.09561111085846
-40.10535304977328
-40.115085585297294
-40.12480873549165
-40.134522518365664
-40.14422695187701
-40.1539220539319
-40.16360784238532
-40.17328433504116
-40.18295154965248
-40.19260950392166
-40.202258215500606
-40.211897701990935
-40.22152798094416
-40.2311490698619
-40.24076098619605
-40.25036374734898
-40.25995737067371
-40.26954187347412
-40.27911727300509
-40.288683586472736
-40.29824083103456
-40.30778902379966
-40.317328181828856
-40.32685832213494
-40.33637946168282
-40.3458916173897
-40.355394806125254
-40.36488904471183
-40.3743743499246
-40.38385073849174
-40.39331822709461
-40.40277683236793
-40.412226570899946
-40.42166745923262
-40.43109951386178
-40.44052275123729
-40.449937187763254
-40.45934283979814
-40.468739723654984
-40.478127855601535
-40.487507251860436
-40.49687792860939
-40.50623990198132
-40.51559318806451
-40.524937802902826
-40.53427376249584
-40.54360108279899
-40.55291977972376
-40.56222986913782
-40.57153136686523
-40.58082428868652
-40.59010865033894
-40.59938446751655
-40.60865175587041
-40.61791053100875
-40.62716080849706
-40.63640260385833
-40.64563593257316
-40.65486081007989
-40.66407725177481
-40.6732852730123
-40.68248488910492
-40.69167611532364
-40.70085896689795
-40.71003345901602
-40.71919960682484
-40.72835742543038
-40.73750692989774
-40.746648135251284
-40.75578105647478
-40.76490570851158
-40.774022106264724
-40.78313026459711
-40.79223019833165
-40.80132192225137
-40.810405451099584
-40.819480799580035
-40.828547982357016
-40.83760701405554
-40.846657909261474
-40.85570068252164
-40.864735348344006
-40.87376192119778
-40.88278041551361
-40.89179084568362
-40.900793226061666
-40.90978757096337
-40.91877389466631
-40.92775221141015
-40.93672253539675
-40.945684880790324
-40.95463926171756
-40.963585692267756
-40.97252418649297
-40.98145475840809
-40.99037742199104
-40.999292191182874
-41.008199079887895
-41.0170981019738
-41.02598927127181
-41.034872601576794
-41.04374810664738
-41.05261580020611
-41.06147569593955
-41.07032780749841
-41.079172148497676
-41.08800873251675
-41.096837573099535
-41.105658683754605
-41.114472077955284
-41.1232777691398
-41.13207577071138
-41.140866096038415
-41.14964875845452
-41.1584237712587
-41.16719114771544
-41.17595090105489
-41.18470304447286
-41.19344759113106
-41.20218455415716
-41.2109139466449
-41.21963578165423
-41.22835007221144
-41.23705683130921
-41.2457560719068
-41.25444780693012
-41.26313204927187
-41.271808811791615
-41.28047810731595
-41.28913994863858
-41.29779434852042
-41.306441319689746
-41.31508087484228
-41.32371302664129
-41.33233778771775
-41.34095517067038
-41.349565188065796
-41.35816785243864
-41.36676317629164
-41.37535117209574
-41.38393185229022
-41.39250522928277
-41.401071315449634
-41.4096301231357
-41.4181816646546
-41.426725952288805
-41.43526299828977
-41.44379281487801
-41.452315414243174
-41.46083080854422
-41.46933900990946
-41.477840030436695
-41.486333882193286
-41.49482057721628
-41.503300127512524
-41.51177254505872
-41.52023784180156
-41.52869602965784
-41.5371471205145
-41.54559112622879
-41.55402805862833
-41.562457929511226
-41.570880750646154
-41.57929653377245
-41.587705290600255
-41.59610703281055
-41.60450177205529
-41.6128895199575
-41.62127028811133
-41.62964408808222
-41.63801093140694
-41.64637082959368
-41.654723794122205
-41.66306983644387
-41.67140896798176
-41.679741200130806
-41.68806654425781
-41.69638501170158
-41.704696613773024
-41.713001361755225
-41.721299266903536
-41.72959034044568
-41.737874593581836
-41.74615203748471
-41.75442268329967
-41.76268654214478
-41.77094362511092
-41.77919394326188
-41.78743750763443
-41.79567432923841
-41.80390441905684
-41.81212778804597
-41.820344447135405
-41.828554407228154
-41.836757679200744
-41.8449542739033
-41.85314420215961
-41.86132747476724
-41.86950410249762
-41.87767409609608
-41.885837466281984
-41.89399422374879
-41.90214437916416
-41.91028794317
-41.91842492638257
-41.926555339392564
-41.93467919276519
-41.94279649704025
-41.95090726273223
-41.959011500330355
-41.9671092202987
-41.97520043307626
-41.98328514907703
-41.99136337869006
-41.99943513227959
-42.00750042018507
-42.015559252721275
-42.02361164017838
-42.031657592822015
-42.03969712089336
-42.04773023460924
-42.05575694416217
-42.06377725972044
-42.07179119142821
-42.07979874940557
-42.0877999437486
-42.09579478452949
-42.10378328179659
-42.111765445574456
-42.11974128586399
-42.12771081264245
-42.135674035863566
-42.143630965457604
-42.151581611331416
-42.15952598336856
-42.16746409142934
-42.17539594535085
-42.183321554947135
-42.19124093000917
-42.19915408030499
-42.207061015579754
-42.21496174555576
-42.222856279932614
-42.230744628387214
-42.238626800573876
-42.24650280612436
-42.25437265464799
-42.26223635573167
-42.27009391894
-42.27794535381531
-42.285790669877755
-42.293629876625374
-42.301462983534144
-42.30929000005807
-42.317110935629245
-42.32492579965792
-42.33273460153254
-42.34053735061988
-42.34833405626505
-42.35612472779158
-42.36390937450148
-42.37168800567534
-42.379460630572346
-42.387227258430386
-42.39498789846608
-42.40274255987488
-42.410491251831125
-42.41823398348808
-42.42597076397803
-42.43370160241233
-42.44142650788146
-42.449145489455134
-42.456858556182304
-42.464565717091254
-42.472266981189655
-42.479962357464636
-42.48765185488284
-42.4953354823905
-42.503013248913454
-42.510685163357266
-42.518351234607266
-42.52601147152859
-42.53366588296626
-42.54131447774526
-42.548957264670555
-42.556594252527205
-42.564225450080365
-42.571850866075394
-42.57947050923789
-42.58708438827375
-42.594692511869255
-42.60229488869108
-42.6098915273864
-42.617482436582925
-42.62506762488896
-42.63264710089347
-42.64022087316613
-42.64778895025738
-42.65535134069851
-42.66290805300167
-42.67045909565997
-42.67800447714752
-42.68554420591947
-42.69307829041209
-42.70060673904283
-42.70812956021036
-42.71564676229461
-42.72315835365686
-42.730664342639805
-42.738164737567544
-42.7456595467457
-42.753148778461444
-42.76063244098357
-42.76811054256252
-42.77558309143046
-42.78305009580133
-42.79051156387091
-42.79796750381682
-42.80541792379866
-42.81286283195797
-42.820302236418385
-42.82773614528557
-42.835164566647386
-42.84258750857385
-42.85000497911725
-42.857416986312174
-42.86482353817556
-42.872224642706726
-42.8796203078875
-42.88701054168216
-42.89439535203757
-42.90177474688319
-42.909148734131165
-42.91651732167631
-42.92388051739622
-42.93123832915131
-42.938590764784834
-42.945937832122965
-42.95327953897483
-42.960615893132584
-42.9679469023714
-42.975272574449605
-42.98259291710863
-42.98990793807316
-42.9972176450511
-43.00452204573366
-43.01182114779541
-43.019114958894306
-43.02640348667175
-43.033686738752635
-43.04096472274541
-43.048237446242084
-43.05550491681832
-43.06276714203345
-43.07002412943054
-43.07727588653644
-43.08452242086179
-43.091763739901126
-43.09899985113289
-43.10623076201948
-43.11345648000729
-43.12067701252677
-43.127892366992484
-43.13510255080312
-43.14230757134154
-43.14950743597486
-43.156702152054464
-43.16389172691605
-43.17107616787969
-43.17825548224987
-43.1854296773155
-43.19259876035002
-43.19976273861141
-43.206921619342225
-43.21407540976963
-43.2212241171055
-43.2283677485464
-43.23550631127365
-43.242639812453405
-43.24976825923662
-43.25689165875917
-43.26401001814184
-43.27112334449039
-43.27823164489561
-43.285334926433336
-43.29243319616448
-43.29952646113512
-43.306614728376516
-43.31369800490514
-43.32077629772272
-43.32784961381632
-43.33491796015831
-43.34198134370648
-43.34903977140402
-43.35609325017961
-43.36314178694745
-43.37018538860724
-43.37722406204433
-43.38425781412964
-43.39128665171982
-43.39831058165718
-43.40532961076979
-43.41234374587154
-43.4193529937621
-43.42635736122703
-43.433356855037815
-43.44035148195185
-43.44734124871253
-43.45432616204928
-43.46130622867756
-43.468281455298964
-43.47525184860119
-43.48221741525814
-43.489178161929914
-43.49613409526286
-43.503085221889634
-43.5100315484292
-43.51697308148688
-43.523909827654435
-43.53084179351003
-43.537768985618314
-43.54469141053046
-43.55160907478418
-43.558521984903784
-43.565430147400185
-43.57233356877098
-43.57923225550044
-43.5861262140596
-43.59301545090622
-43.599899972484906
-43.606779785227076
-43.613654895551036
-43.620525309862
-43.62739103455215
-43.634252076000614
-43.64110844057356
-43.647960134624206
-43.654807164492865
-43.66164953650697
-43.668487256981095
-43.67532033221703
-43.682148768503765
-43.68897257211759
-43.69579174932207
-43.70260630636808
-43.709416249493906
-43.71622158492519
-43.72302231887501
-43.72981845754394
-43.736610007120035
-43.74339697377887
-43.75017936368361
-43.756957182985005
-43.76373043782144
-43.770499134318975
-43.77726327859136
-43.78402287674008
-43.790777934854376
-43.79752845901131
-43.804274455275745
-43.81101592970042
-43.81775288832597
-43.82448533718096
-43.8312132822819
-43.837936729633306
-43.84465568522771
-43.85137015504569
-43.858080145055936
-43.864785661215215
-43.87148670946849
-43.87818329574887
-43.8848754259777
-43.89156310606453
-43.89824634190724
-43.90492513939196
-43.91159950439321
-43.91826944277382
-43.92493496038506
-43.93159606306661
-43.938252756646605
-43.94490504694169
-43.95155293975701
-43.958196440886255
-43.96483555611171
-43.971470291204255
-43.97810065192343
-43.984726644017414
-43.99134827322311
-43.99796554526614
-44.004578465860874
-44.01118704071048
-44.01779127550695
-44.0243911759311
-44.03098674765263
-44.037577996330164
-44.04416492761121
-44.05074754713229
-44.05732586051888
-44.06389987338549
-44.070469591335666
-44.077035019962054
-44.08359616484637
-44.09015303155948
-44.096705625661414
-44.10325395270138
-44.109798018217816
-44.116337827738384
-44.122873386780036
-44.12940470084901
-44.13593177544088
-44.14245461604058
-44.1489732281224
-44.15548761715007
-44.161997788576755
-44.16850374784505
-44.17500550038707
-44.18150305162446
-44.187996406968374
-44.194485571819556
-44.20097055156836
-44.20745135159475
-44.21392797726834
-44.22040043394843
-44.226868726984016
-44.23333286171384
-44.23979284346639
-44.24624867755994
-44.25270036930257
-44.2591479239922
-44.265591346916615
-44.27203064335347
-44.278465818570346
-44.28489687782477
-44.29132382636421
-44.297746669426154
-44.30416541223808
-44.31058006001751
-44.31699061797204
-44.323397091299356
-44.329799485187245
-44.336197804813665
-44.3425920553467
-44.34898224194466
-44.35536836975605
-44.361750443919625
-44.3681284695644
-44.374502451809676
-44.38087239576507
-44.38723830653055
-44.39360018919642
-44.39995804884339
-44.40631189054258
-44.41266171935555
-44.41900754033429
-44.4253493585213
-44.431687178949595
-44.438021006642686
-44.44435084661467
-44.45067670387019
-44.45699858340453
-44.46331649020357
-44.469630429243836
-44.47594040549255
-44.48224642390761
-44.48854848943764
-44.494846607022
-44.50114078159081
-44.50743101806499
-44.51371732135627
-44.519999696367194
-44.52627814799118
-44.53255268111251
-44.53882330060639
-44.54509001133892
-44.55135281816718
-44.55761172593919
-44.563866739493974
-44.57011786366155
-44.576365103263
-44.58260846311046
-44.58884794800713
-44.595083562747305
-44.60131531211643
-44.60754320089107
-44.613767233838985
-44.619987415719095
-44.62620375128155
-44.63241624526772
-44.638624902410236
-44.644829727433006
-44.65103072505123
-44.65722789997143
-44.66342125689145
-44.669610800500536
-44.67579653547926
-44.681978466499636
-44.68815659822509
-44.69433093531049
-44.70050148240218
-44.70666824413799
-44.71283122514722
-44.71899043005076
-44.725145863460995
-44.731297529981916
-44.737445434209064
-44.74358958072964
-44.74972997412244
-44.75586661895792
-44.76199951979819
-44.76812868119708
-44.77425410770014
-44.780375803844606
-44.78649377415948
-44.79260802316557
-44.798718555375444
-44.80482537529347
-44.81092848741588
-44.817027896230734
-44.82312360621797
-44.82921562184941
-44.83530394758879
-44.841388587891785
-44.84746954720599
-44.853546829971
-44.85962044061838
-44.865690383571696
-44.87175666324655
-44.87781928405059
-44.88387825038351
-44.88993356663711
-44.895985237195276
-44.902033266434024
-44.9080776587215
-44.91411841841801
-44.92015554987604
-44.92618905744027
-44.932218945447595
-44.93824521822715
-44.944267880100305
-44.95028693538071
-44.956302388374304
-44.96231424337932
-44.96832250468633
-44.97432717657825
-44.98032826333034
-44.98632576921027
-44.992319698478056
-44.99831005538619
-45.00429684417956
-45.0102800690955
-45.01625973436385
-45.02223584420689
-45.02820840283944
-45.034177414468836
-45.04014288329493
-45.046104813510176
-45.05206320929956
-45.05801807484068
-45.063969414303756
-45.069917231851605
-45.0758615316397
-45.0818023178162
-45.08773959452192
-45.09367336589038
-45.099603636047796
-45.10553040911314
-45.11145368919813
-45.117373480407224
-45.12328978683769
-45.12920261257957
-45.135111961715744
-45.141017838321915
-45.14692024646663
-45.15281919021131
-45.15871467361026
-45.16460670071068
-45.17049527555267
-45.17638040216927
-45.18226208458651
-45.18814032682332
-45.194015132891664
-45.19988650679646
-45.20575445253567
-45.21161897410029
-45.217480075474334
-45.2233377606349
-45.22919203355215
-45.23504289818937
-45.24089035850292
-45.2467344184423
-45.252575081950155
-45.2584123529623
-45.26424623540771
-45.27007673320854
-45.275903850280166
-45.28172759053119
-45.28754795786343
-45.29336495617198
-45.299178589345175
-45.30498886126466
-45.310795775805374
-45.31659933683555
-45.322399548216765
-45.328196413803944
-45.33398993744537
-45.339780122982695
-45.34556697425097
-45.35135049507864
-45.35713068928759
-45.36290756069312
-45.36868111310399
-45.374451350322424
-45.38021827614414
-45.38598189435833
-45.391742208747715
-45.397499223088516
-45.40325294115052
-45.409003366697064
-45.414750503485045
-45.42049435526495
-45.42623492578086
-45.43197221877047
-45.43770623796511
-45.44343698708974
-45.44916446986299
-45.454888689997155
-45.460609651198205
-45.46632735716582
-45.4720418115934
-45.47775301816806
-45.48346098057066
-45.489165702475816
-45.494867187551925
-45.500565439461155
-45.50626046185948
-45.511952258396676
-45.51764083271637
-45.52332618845599
-45.529008329246864
-45.53468725871414
-45.5403629804769
-45.546035498148065
-45.55170481533451
-45.55737093563702
-45.5630338626503
-45.56869359996302
-45.57435015115782
-45.580003519811314
-45.58565370949409
-45.59130072377075
-45.59694456619991
-45.60258524033424
-45.608222749720426
-45.61385709789921
-45.61948828840544
-45.625116324768
-45.6307412105099
-45.63636294914826
-45.641981544194316
-45.647596999153436
-45.65320931752515
-45.65881850280315
-45.66442455847528
-45.67002748802361
-45.67562729492437
-45.68122398264804
-45.68681755465931
-45.692408014417104
-45.69799536537462
-45.70357961097928
-45.70916075467284
-45.7147387998913
-45.72031375006498
-45.725885608618526
-45.731454378970895
-45.73702006453539
-45.74258266871967
-45.748142194925755
-45.75369864655005
-45.75925202698333
-45.76480233961082
-45.770349587812106
-45.77589377496122
-45.78143490442665
-45.78697297957132
-45.792508003752616
-45.7980399803224
-45.80356891262704
-45.80909480400738
-45.8146176577988
-45.82013747733117
-45.82565426592893
-45.83116802691106
-45.83667876359108
-45.8421864792771
-45.84769117727183
-45.85319286087252
-45.858691533371086
-45.86418719805403
-45.8696798582025
-45.87516951709228
-45.880656177993814
-45.88613984417219
-45.89162051888721
-45.89709820539333
-45.90257290693972
-45.90804462677026
-45.91351336812356
-45.91897913423297
-45.924441928326544
-45.92990175362715
-45.9353586133524
-45.94081251071468
-45.946263448921165
-45.951711431173855
-45.95715646066953
-45.962598540599835
-45.96803767415121
-45.973473864504975
-45.9789071148373
-45.98433742831919
-45.989764808116604
-45.99518925739031
-46.00061077929604
-46.0060293769844
-46.01144505360095
-46.01685781228616
-46.022267656175465
-46.02767458839924
-46.03307861208285
-46.03847973034662
-46.043877946305855
-46.04927326307088
-46.05466568374703
-46.06005521143465
-46.065441849229124
-46.07082560022088
-46.07620646749538
-46.081584454133186
-46.08695956320989
-46.092331797796206
-46.09770116095792
-46.103067655755936
-46.10843128524627
-46.11379205248005
-46.11914996050356
-46.124505012358235
-46.12985721108064
-46.13520655970254
-46.14055306125084
-46.14589671874767
-46.15123753521033
-46.15657551365135
-46.161910657078465
-46.167242968494634
-46.172572450898066
-46.17789910728222
-46.1832229406358
-46.18854395394279
-46.19386215018245
-46.199177532329315
-46.204490103353244
-46.209799866219385
-46.215106823888206
-46.220410979315524
-46.22571233545246
-46.23101089524549
-46.236306661636476
-46.241599637562615
-46.246889825956494
-46.252177229746096
-46.25746185185477
-46.26274369520131
-46.268022762699886
-46.27329905726013
-46.27857258178709
-46.28384333918124
-46.28911133233855
-46.29437656415041
-46.29963903750372
-46.30489875528082
-46.31015572035959
-46.31540993561337
-46.320661403911025
-46.32591012811696
-46.33115611109106
-46.3363993556888
-46.34163986476117
-46.34687764115473
-46.352112687711596
-46.35734500726946
-46.36257460266161
-46.36780147671693
-46.37302563225988
-46.378247072110554
-46.38346579908466
-46.38868181599353
-46.39389512564416
-46.39910573083914
-46.40431363437679
-46.40951883905103
-46.41472134765149
-46.419921162963476
-46.42511828776799
-46.43031272484171
-46.43550447695706
-46.440693546882166
-46.44587993738088
-46.45106365121279
-46.45624469113324
-46.46142305989332
-46.466598760239876
-46.47177179491553
-46.47694216665871
-46.48210987820358
-46.487274932280144
-46.49243733161419
-46.497597078927335
-46.50275417693702
-46.50790862835649
-46.51306043589487
-46.5182096022571
-46.523356130144
-46.528500022252246
-46.533641281274384
-46.53877990989885
-46.54391591080996
-46.54904928668794
-46.55418004020891
-46.55930817404494
-46.564433690863986
-46.569556593329935
-46.574676884102644
-46.57979456583791
-46.584909641187465
-46.59002211279902
-46.59513198331628
-46.600239255378895
-46.605343931622535
-46.61044601467885
-46.6155455071755
-46.620642411736156
-46.62573673098052
-46.630828467524324
-46.63591762397932
-46.641004202953326
-46.6460882070502
-46.651169638869874
-46.65624850100835
-46.661324796057684
-46.66639852660606
-46.67146969523772
-46.676538304533004
-46.6816043570684
-46.686667855416474
-46.691728802145924
-46.69678719982161
-46.70184305100449
-46.7068963582517
-46.71194712411651
-46.71699535114839
-46.722041041892936
-46.727084198891944
-46.73212482468341
-46.7371629218015
-46.74219849277659
-46.74723154013526
-46.75226206640032
-46.757290074090804
-46.76231556572196
-46.767338543805295
-46.772359010848554
-46.77737696935573
-46.78239242182708
-46.787405370759146
-46.792415818644734
-46.79742376797293
-46.80242922122912
-46.807432180894985
-46.8124326494485
-46.81743062936398
-46.82242612311204
-46.82741913315964
-46.83240966197004
-46.83739771200289
-46.84238328571415
-46.847366385556164
-46.85234701397763
-46.857325173423604
-46.86230086633553
-46.86727409515125
-46.872244862305
-46.877213170227385
-46.88217902134545
-46.88714241808263
-46.892103362858805
-46.897061858090254
-46.90201790618971
-46.90697150956636
-46.91192267062581
-46.916871391770144
-46.92181767539789
-46.92676152390407
-46.93170293968016
-46.93664192511413
-46.94157848259046
-46.94651261449009
-46.951444323190486
-46.95637361106562
-46.96130048048599
-46.96622493381861
-46.97114697342701
-46.976066601671306
-46.98098382090811
-46.9858986334906
-46.99081104176854
-46.995721048088214
-47.00062865479251
-47.005533864220894
-47.0104366787094
-47.01533710059064
-47.02023513219389
-47.02513077584495
-47.0300240338663
-47.03491490857698
-47.039803402292705
-47.04468951732578
-47.049573255985166
-47.054454620576486
-47.059333613401975
-47.06421023676057
-47.06908449294784
-47.07395638425602
-47.078825912974054
-47.08369308138754
-47.08855789177877
-47.09342034642674
-47.09828044760715
-47.1031381975924
-47.10799359865162
-47.112846653050624
-47.117697363052
-47.12254573091505
-47.127391758895804
-47.132235449247055
-47.13707680421835
-47.14191582605598
-47.146752517003016
-47.15158687929928
-47.156418915181405
-47.16124862688277
-47.16607601663355
-47.17090108666077
-47.17572383918818
-47.180544276436386
-47.18536240062279
-47.190178213961616
-47.19499171866392
-47.1998029169376
-47.20461181098736
-47.20941840301478
-47.21422269521828
-47.219024689793144
-47.22382438893149
-47.228621794822345
-47.23341690965159
-47.23820973560197
-47.24300027485315
-47.24778852958166
-47.25257450196095
-47.257358194161355
-47.26213960835013
-47.26691874669145
-47.2716956113464
-47.27647020447299
-47.28124252822619
-47.28601258475787
-47.29078037621687
-47.29554590474899
-47.30030917249695
-47.30507018160047
-47.30982893419622
-47.31458543241784
-47.31933967839596
-47.324091674258185
-47.32884142212912
-47.33358892413036
-47.33833418238051
-47.343077198995154
-47.34781797608694
-47.352556515765485
-47.35729282013747
-47.36202689130657
-47.36675873137353
-47.37148834243611
-47.37621572658912
-47.380940885924446
-47.38566382253101
-47.3903845384948
-47.39510303589887
-47.399819316823354
-47.404533383345466
-47.40924523753951
-47.413954881476876
-47.41866231722604
-47.42336754685259
-47.42807057241922
-47.432771395985746
-47.43747001960907
-47.442166445343254
-47.44686067523947
-47.451552711346025
-47.45624255570837
-47.46093021036909
-47.465615677367936
-47.4702989587418
-47.474980056524736
-47.47965897274797
-47.48433570943989
-47.48901026862607
-47.49368265232926
-47.498352862569405
-47.50302090136362
-47.507686770726245
-47.51235047266881
-47.517012009200045
-47.52167138232589
-47.52632859404952
-47.53098364637132
-47.53563654128891
-47.54028728079713
-47.54493586688808
-47.549582301551084
-47.55422658677272
-47.55886872453683
-47.563508716824494
-47.568146565614065
-47.57278227288118
-47.57741584059871
-47.58204727073685
-47.586676565263055
-47.59130372614207
-47.59592875533593
-47.60055165480398
-47.60517242650286
-47.609791072386514
-47.61440759440622
-47.61902199451055
-47.62363427464541
-47.62824443675403
-47.63285248277699
-47.63745841465217
-47.64206223431483
-47.64666394369756
-47.6512635447303
-47.655861039340365
-47.66045642945241
-47.66504971698848
-47.669640903867965
-47.674229992007646
-47.678816983321695
-47.683401879721636
-47.687984683116426
-47.69256539541239
-47.69714401851326
-47.70172055432016
-47.706295004731665
-47.710867371643715
-47.7154376569497
-47.72000586254042
-47.72457199030411
-47.72913604212643
-47.733698019890475
-47.7382579254768
-47.742815760763406
-47.74737152762572
-47.75192522793664
-47.75647686356653
-47.76102643638322
-47.765573948252
-47.77011940103563
-47.77466279659437
-47.77920413678595
-47.78374342346558
-47.788280658485974
-47.792815843697355
-47.79734898094741
-47.80188007208138
-47.80640911894198
-47.810936123369444
-47.81546108720154
-47.81998401227357
-47.82450490041832
-47.82902375346615
-47.833540573244946
-47.838055361580125
-47.84256812029466
-47.847078851209076
-47.85158755614144
-47.856094236907396
-47.860598895320145
-47.86510153319045
-47.86960215232664
-47.87410075453465
-47.87859734161796
-47.88309191537767
-47.88758447761243
-47.89207503011851
-47.89656357468978
-47.9010501131177
-47.905534647191345
-47.910017178697395
-47.914497709420154
-47.91897624114153
-47.92345277564107
-47.927927314695935
-47.932399860080935
-47.936870413568506
-47.94133897692872
-47.94580555192929
-47.950270140335604
-47.954732743910675
-47.959193364415185
-47.963652003607486
-47.96810866324357
-47.97256334507712
-47.9770160508595
-47.981466782339716
-47.98591554126448
-47.9903623293782
-47.99480714842296
-47.99925000013853
-48.0036908862624
-48.00812980852974
-48.01256676867344
-48.017001768424095
-48.02143480951002
-48.02586589365724
-48.030295022589506
-48.0347221980283
-48.039147421692824
-48.043570695300026
-48.04799202056459
-48.05241139919893
-48.05682883291322
-48.06124432341538
-48.06565787241109
-48.07006948160377
-48.07447915269461
-48.07888688738258
-48.083292687364406
-48.0876965543346
-48.09209848998542
-48.096498496006944
-48.10089657408702
-48.105292725911276
-48.10968695316315
-48.11407925752386
-48.118469640672444
-48.12285810428572
-48.127244650038335
-48.131629279602734
-48.136011994649195
-48.14039279684581
-48.14477168785848
-48.14914866935094
-48.153523742984774
-48.15789691041938
-48.162268173312
-48.16663753331771
-48.171004992089465
-48.17537055127803
-48.17973421253204
-48.184095977498
-48.188455847820265
-48.19281382514103
-48.19716991110041
-48.201524107336354
-48.20587641548468
-48.21022683717913
-48.21457537405128
-48.218922027730635
-48.22326679984455
-48.227609692018305
-48.231950705875065
-48.23628984303589
-48.24062710511976
-48.24496249374356
-48.24929601052207
-48.253627657068016
-48.25795743499201
-48.262285345902605
-48.266611391406286
-48.27093557310746
-48.275257892608465
-48.27957835150958
-48.28389695140903
-48.28821369390297
-48.29252858058551
-48.29684161304871
-48.3011527928826
-48.305462121675134
-48.30976960101226
-48.314075232477876
-48.318379017653854
-48.32268095812004
-48.32698105545424
-48.33127931123226
-48.33557572702789
-48.33987030441287
-48.344163044956964
-48.34845395022793
-48.3527430217915
-48.35703026121141
-48.36131567004943
-48.365599249865284
-48.369881002216765
-48.37416092865962
-48.37843903074766
-48.38271531003268
-48.386989768064524
-48.391262406391064
-48.39553322655817
-48.399802230109785
-48.404069418587866
-48.408334793532404
-48.41259835648145
-48.4168601089711
-48.4211200525355
-48.42537818870683
-48.429634519015345
-48.43388904498936
-48.43814176815524
-48.44239269003744
-48.44664181215845
-48.45088913603887
-48.45513466319734
-48.45937839515062
-48.463620333413516
-48.46786047949893
-48.47209883491787
-48.47633540117941
-48.480570179790746
-48.484803172257145
-48.489034380082
-48.4932638047668
-48.497491447811136
-48.50171731071272
-48.505941394967365
-48.510163702069015
-48.51438423350973
-48.5186029907797
-48.522819975367234
-48.52703518875877
-48.53124863243888
-48.53546030789029
-48.539670216593834
-48.54387836002852
-48.54808473967148
-48.552289356998
-48.55649221348153
-48.56069331059366
-48.56489264980415
-48.56909023258092
-48.57328606039003
-48.57748013469574
-48.58167245696047
-48.5858630286448
-48.590051851207505
-48.59423892610553
-48.59842425479401
-48.60260783872625
-48.60678967935377
-48.61096977812624
-48.61514813649157
-48.61932475589583
-48.623499637783326
-48.627672783596545
-48.63184419477618
-48.63601387276114
-48.64018181898854
-48.64434803489373
-48.648512521910256
-48.65267528146989
-48.65683631500263
-48.6609956239367
-48.66515320969856
-48.6693090737129
-48.673463217402656
-48.677615642188975
-48.68176634949127
-48.6859153407272
-48.69006261731265
-48.69420818066178
-48.69835203218699
-48.70249417329893
-48.70663460540652
-48.710773329916954
-48.714910348235655
-48.719045661766344
-48.723179271911
-48.72731118006988
-48.731441387641524
-48.73556989602273
-48.73969670660859
-48.74382182079248
-48.74794523996608
-48.75206696551932
-48.75618699884047
-48.76030534131607
-48.76442199433095
-48.76853695926826
-48.77265023750945
-48.77676183043426
-48.78087173942077
-48.784979965845345
-48.78908651108268
-48.79319137650579
-48.79729456348599
-48.80139607339295
-48.80549590759464
-48.809594067457375
-48.81369055434579
-48.81778536962286
-48.821878514649896
-48.82596999078654
-48.8300597993908
-48.834147941819
-48.83823441942584
-48.842319233564346
-48.84640238558592
-48.85048387684029
-48.85456370867557
-48.85864188243822
-48.862718399473074
-48.86679326112332
-48.87086646873053
-48.87493802363464
-48.87900792717395
-48.88307618068516
-48.88714278550333
-48.8912077429619
-48.89527105439272
-48.899332721125994
-48.90339274449035
-48.90745112581278
-48.91150786641868
-48.91556296763186
-48.919616430774504
-48.92366825716722
-48.927718448129006
-48.93176700497728
-48.93581392902787
-48.93985922159501
-48.94390288399134
-48.94794491752795
-48.95198532351432
-48.95602410325838
-48.96006125806645
-48.964096789243314
-48.96813069809216
-48.97216298591463
-48.9761936540108
-48.98022270367917
-48.98425013621668
-48.988275952918734
-48.99230015507917
-48.99632274399028
-49.00034372094278
-49.00436308722588
-49.008380844127224
-49.01239699293291
-49.016411534927514
-49.02042447139405
-49.02443580361403
-49.02844553286741
-49.032453660432616
-49.036460187586556
-49.04046511560461
-49.04446844576064
-49.04847017932699
-49.052470317574475
-49.0564688617724
-49.06046581318857
-49.06446117308926
-49.06845494273925
-49.0724471234018
-49.0764377163387
-49.0804267228102
-49.08441414407508
-49.08839998139061
-49.09238423601256
-49.09636690919523
-49.100348002191424
-49.10432751625244
-49.108305452628116
-49.112281812566806
-49.11625659731536
-49.12022980811919
-49.1242014462222
-49.12817151286684
-49.13214000929409
-49.136106936743445
-49.14007229645294
-49.14403608965917
-49.14799831759725
-49.151958981500826
-49.1559180826021
-49.159875622131835
-49.163831601319316
-49.1677860213924
-49.171738883577476
-49.175690189099505
-49.179639939181996
-49.183588135047025
-49.187534777915225
-49.191479869005796
-49.1954234095365
-49.19936540072367
-49.203305843782225
-49.20724473992561
-49.21118209036592
-49.21511789631376
-49.21905215897833
-49.22298487956745
-49.22691605928749
-49.23084569934339
-49.23477380093873
-49.23870036527564
-49.24262539355486
-49.24654888697573
-49.250470846736164
-49.254391274032685
-49.25831017006044
-49.26222753601316
-49.26614337308318
-49.270057682461456
-49.27397046533754
-49.27788172289961
-49.28179145633445
-49.28569966682747
-49.28960635556268
-49.293511523722735
-49.2974151724889
-49.30131730304107
-49.30521791655775
-49.30911701421611
-49.31301459719194
-49.31691066665964
-49.320805223792256
-49.32469826976149
-49.328589805737685
-49.3324798328898
-49.33636835238545
-49.34025536539092
-49.344140873071105
-49.34802487658958
-49.351907377108546
-49.3557883757889
-49.35966787379015
-49.3635458722705
-49.36742237238679
-49.371297375294546
-49.375170882147934
-49.37904289409981
-49.38291341230168
-49.38678243790374
-49.39064997205484
-49.39451601590252
-49.39838057059299
-49.40224363727115
-49.40610521708058
-49.40996531116352
-49.41382392066093
-49.41768104671244
-49.421536690456364
-49.42539085302972
-49.42924353556821
-49.43309473920624
-49.43694446507691
-49.440792714312025
-49.44463948804208
-49.44848478739627
-49.45232861350252
-49.45617096748745
-49.460011850476384
-49.463851263593355
-49.46768920796113
-49.47152568470116
-49.475360694933656
-49.4791942397775
-49.483026320350326
-49.48685693776848
-49.49068609314704
-49.494513787599814
-49.49834002223933
-49.50216479817686
-49.505988116522374
-49.509809978384624
-49.513630384871064
-49.51744933708792
-49.521266836140114
-49.525082883131354
-49.52889747916406
-49.53271062533942
-49.53652232275736
-49.54033257251655
-49.54414137571443
-49.547948733447186
-49.55175464680974
-49.55555911689582
-49.559362144797866
-49.56316373160709
-49.56696387841349
-49.57076258630579
-49.57455985637153
-49.57835568969698
-49.58215008736718
-49.585943050465985
-49.58973458007598
-49.59352467727854
-49.59731334315382
-49.60110057878077
-49.604886385237094
-49.60867076359929
-49.61245371494266
-49.61623524034126
-49.620015340867965
-49.62379401759441
-49.627571271591066
-49.631347103927155
-49.635121515670726
-49.638894507888615
-49.64266608164645
-49.64643623800867
-49.650204978038516
-49.65397230279804
-49.65773821334808
-49.66150271074831
-49.6652657960572
-49.66902747033204
-49.67278773462891
-49.676546590002765
-49.680304037507305
-49.684060078195095
-49.687814713117504
-49.691567943324735
-49.695319769865804
-49.69907019378857
-49.7028192161397
-49.7065668379647
-49.71031306030792
-49.71405788421253
-49.71780131072053
-49.72154334087277
-49.72528397570893
-49.72902321626754
-49.73276106358597
-49.73649751870042
-49.74023258264596
-49.743966256456474
-49.74769854116473
-49.75142943780233
-49.75515894739972
-49.75888707098622
-49.762613809589986
-49.76633916423805
-49.77006313595629
-49.77378572576945
-49.77750693470114
-49.78122676377383
-49.78494521400885
-49.78866228642641
-49.79237798204558
-49.796092301884315
-49.799805246959416
-49.80351681828658
-49.80722701688039
-49.810935843754265
-49.81464329992055
-49.81834938639044
-49.82205410417402
-49.825757454280264
-49.82945943771705
-49.83316005549109
-49.83685930860804
-49.84055719807242
-49.84425372488765
-49.847948890056045
-49.8516426945788
-49.85533513945604
-49.859026225686755
-49.86271595426885
-49.86640432619914
-49.87009134247332
-49.87377700408602
-49.87746131203076
-49.88114426729996
-49.884825870884974
-49.888506123776054
-49.89218502696236
-49.89586258143198
-49.89953878817191
-49.90321364816805
-49.90688716240526
-49.91055933186728
-49.91423015753681
-49.917899640395426
-49.921567781423676
-49.925234581601
-49.92890004190581
-49.93256416331542
-49.93622694680606
-49.93988839335293
-49.94354850393013
-49.947207279510735
-49.950864721066736
-49.954520829569056
-49.95817560598758
-49.96182905129112
-49.96548116644743
-49.96913195242324
-49.97278141018419
-49.976429540694895
-49.980076344918906
-49.98372182381873
-49.98736597835584
-49.991008809490644
-49.99465031818251
-49.99829050538979
-50.00192937206975