1.4613509
1.4640963
1.474638
1.4042314
1.4590812
1.4218799
1.4562032
1.3646833
1.4681423
1.3981645
1.5790294
1.4682243
1.4714842
1.3624668
1.4033862
1.3590527
1.4314895
1.3984123
1.4027786
1.4198115
1.4882946
1.4742157
1.4588064
1.4214715
1.4328684
1.3918712
1.3854642
1.4038526
1.4276016
1.5431938
1.4974265
1.4895597
1.3998132
1.3983312
1.4841948
1.3791857
1.4584477
1.447532
1.4346699
1.4791689
1.3827255
1.4328548
1.408437
1.4276618
1.4018773
1.4236065
1.3773519
1.444293
1.4138436
1.361247
1.3920523
1.42424
1.381385
1.3816882
1.4879644
1.4298929
1.4016097
1.4725698
1.3529865
1.4433538
1.4101099
1.3733912
1.4462965
1.3808011
1.4226197
1.3357419
1.460519
1.3976895
1.3910757
1.4369657
1.4765729
1.4078016
1.4682963
1.3884536
1.461918
1.4168965
1.4692403
1.4856523
1.4099435
1.4327233
1.4787128
1.4381999
1.4281818
1.397178
1.3977327
1.3468534
1.3807197
1.4140482
1.4823859
1.4544581
1.4601952
1.4560498
1.345161
1.445742
1.4450469
1.4212554
1.4284139
1.4544743
1.4060667
1.450279
1.4966537
1.4227057
1.4414114
1.4299155
1.3974648
1.4118476
1.4820144
1.4377587
1.4669044
1.5261472
1.4147782
1.3890928
1.3935598
1.3907802
1.3967695
1.462014
1.436684
1.3727874
1.4027876
1.5382061
1.436799
1.3667709
1.437301
1.3779988
1.4286546
1.4565252
1.450802
1.3010789
1.4255672
1.3988559
1.4557815
1.4031107
1.4145557
1.3908699
1.3711376
1.4300569
1.4358534
1.4430461
1.423295
1.4423589
1.4195089
1.4477249
1.4087803
1.4411991
1.3918056
1.491507
1.4047357
1.3860075
1.442665
1.4110074
1.4110788
1.437067
1.4559112
1.5363779
1.4903978
1.4330462
1.3879302
1.427933
1.4077603
1.4557717
1.431173
1.4328656
1.3855469
1.3964585
1.4531221
1.3619819
1.4329991
1.4085487
1.3839567
1.4502672
1.3965462
1.3988968
1.4022704
1.4962357
1.4087626
1.4893315
1.3810062
1.4997591
1.4748065
1.3915424
1.4332399
1.3921318
1.3547992
1.4995388
1.428651
1.3417497
1.4034384
1.4161618
1.4823389
1.4293435
1.3969656
1.3934937
1.530385
1.4734408
1.4268069
1.4717396
1.396425
1.4659413
1.4448628
1.4551167
1.4146945
1.4368602
1.3715249
1.3732957
1.4284954
1.4566578
1.4023924
1.4426838
1.4309117
1.4447849
1.4407048
1.4785769
1.4747574
1.4644667
1.4590358
1.3822505
1.4621242
1.4508114
1.3733808
1.4036617
1.3667214
1.3874997
1.3828249
1.4284247
1.3709416
1.4642359
1.4403018
1.393886
1.3934791
1.4525094
1.4838768
1.3753694
1.4415815
1.4257495
1.39643
1.3888979
1.4689082
1.5078088
1.4829847
1.4749582
1.4180204
1.4141775
1.4628652
1.41866
1.48105
1.4506395
1.4298924
1.5210218
1.4458088
1.4443554
1.4908049
1.4543386
1.429183
1.5027733
1.3467728
1.3722442
1.4424603
1.4025761
1.51114
1.465058
1.4343787
1.4507749
1.4368013
1.4255812
1.3927481
1.4157324
1.4029415
1.4699872
1.393233
1.3929555
1.3927404
1.4336946
1.4599003
1.4241675
1.4119183
1.391968
1.4407088
1.4238927
1.5525471
1.4698452
1.3946872
1.4063514
1.3734219
1.5428746
1.4696023
1.5296787
1.4367118
1.3951705
1.450976
1.3931371
1.3576032
1.4360523
1.3836728
1.4797635
1.4516984
1.3933315
1.4524348
1.4147967
1.4484953
1.3935859
1.4359212
1.4312241
1.4028919
1.4293302
1.4793768
1.4427071
1.4452573
1.3743359
1.4018826
1.3866107
1.44103
1.4601666
1.3787384
1.423361
1.4486213
1.390692
1.4483973
1.3838631
1.4379762
1.4284276
1.4098423
1.4075156
1.4215803
1.4709888
1.3879902
1.4261127
1.4392096
1.451781
1.3453869
1.4737105
1.392355
1.4314157
1.4685919
1.4198613
1.3701059
1.3761989
1.3609515
1.4196631
1.4346167
1.4145418
1.4539119
1.486248
1.467602
1.4311537
1.398051
1.3822281
1.4615211
1.4330863
1.5315955
1.453311
1.4617028
1.4348489
1.4054418
1.4062335
1.3813577
1.4625527
1.432406
1.538543
1.4063443
1.4712394
1.4206045
1.4439229
1.3999104
1.408338
1.4532248
1.410965
1.4553962
1.4589353
1.4683806
1.4184173
1.4763478
1.4367623
1.4383674
1.3990934
1.4110576
1.466759
1.4570553
1.4980993
1.4086487
1.4448087
1.4252057
1.524063
1.5094788
1.4467673
1.416934
1.3051599
1.4436854
1.4021063
1.4699513
1.427392
1.3716173
1.4328151
1.4321835
1.4364995
1.3830287
1.4039584
1.4506596
1.4592092
1.4227699
1.5137736
1.37928
1.3124282
1.4912593
1.4721578
1.3755351
1.4991933
1.4306986
1.3989309
1.4030402
1.4481006
1.4544588
1.4357362
1.5136304
1.4074192
1.3695997
1.4812485
1.4843622
1.411787
1.3708467
1.4721146
1.4559932
1.3804466
1.4148432
1.4023126
1.4148821
1.4665828
1.4330525
1.4890827
1.4206095
1.3560762
1.4800669
1.3608358
1.4089655
1.4877206
1.4883093
1.4038014
1.4272208
1.4760857
1.4309916
1.4828465
1.3309233
1.42074
1.4176521
1.4106112
1.4265535
1.3768516
1.3933011
1.4455343
1.4499658
1.3406512
1.3730345
1.4557751
1.4365475
1.4437357
1.3615557
1.4803437
1.4355117
1.4248363
1.4137734
1.452606
1.4484243
1.413891
1.4057752
1.3780345
1.3851889
1.4447169
1.405856
1.457018
1.4840777
1.4168963
1.3754376
1.4515091
1.4885443
1.3904052
1.449108
1.4399137
1.4753522
1.3895613
1.3975891
1.4540299
1.433441
1.4005686
1.436767
1.3509884
1.4073124
1.3768487
1.4084334
1.4245409
1.4628618
1.4769282
1.5228709
1.4128554
1.3979467
1.3840641
1.3985
1.4347374
1.4374485
1.4557899
1.4311816
1.4082985
1.3832173
1.4293414
1.4717323
1.387188
1.4034475
1.595047
1.4161996
1.4625188
1.4718804
1.469919
1.3927997
1.4570723
1.4040173
1.4673102
1.4641821
1.4764719
1.4010065
1.4544014
1.5097765
1.4117076
1.4530758
1.3816904
1.4549763
1.470603
1.4408218
1.3978091
1.3558042
1.4558662
1.4552182
1.412107
1.4289702
1.4468296
1.4527022
1.5242741
1.4678035
1.408949
1.4460887
1.4849433
1.3904412
1.570528
1.4089491
1.4804517
1.3949167
1.456412
1.3651942
1.4492537
1.4776559
1.4874445
1.3870819
1.4009435
1.3891643
1.4608787
1.4013122
1.4565203
1.5020744
1.4207256
1.4226626
1.3716667
1.5435205
1.4065192
1.4024258
1.440669
1.4337958
1.3502116
1.3981497
1.3883029
1.4116488
1.4204187
1.3988782
1.384339
1.37376
1.4619275
1.397858
1.465752
1.4068393
1.5845997
1.3995638
1.5428444
1.4328933
1.4425293
1.3850775
1.3863056
1.4380507
1.3756917
1.4248743
1.385555
1.4601995
1.490239
1.4263978
1.3898238
1.4317924
1.4245722
1.4838008
1.464084
1.4523711
1.3993701
1.5062659
1.4732269
1.4504578
1.4151987
1.411167
1.3394473
1.3996278
1.4332
1.4824661
1.4515914
1.3542904
1.4621295
1.477171
1.5650619
1.411626
1.4938823
1.3650827
1.4390304
1.4304197
1.4274472
1.4378906
1.4076048
1.4471033
1.3881246
1.4249779
1.4077127
1.4222734
1.3901109
1.4941483
1.3797748
1.4289567
1.3986653
1.3840835
1.4803338
1.4327587
1.4624611
1.5195148
1.42136
1.4690711
1.4988705
1.4544628
1.4596578
1.4381088
1.4412967
1.4218726
1.4713141
1.5001094
1.4965062
1.4358114
1.4442075
1.3659223
1.4392474
1.4100683
1.3281745
1.4126827
1.4865594
1.4036126
1.4328434
1.4917306
1.4788494
1.3981183
1.4994025
1.3702158
1.3899897
1.4207386
1.4734489
1.4040239
1.4419369
1.4688052
1.3591342
1.4270337
1.4306242
1.4250307
1.401331
1.4692284
1.375158
1.4319853
1.4134102
1.4051292
1.4962074
1.4961538
1.411544
1.447701
1.4370252
1.4492
1.4595464
1.4411058
1.4549261
1.4252973
1.50908
1.46344
1.4304862
1.4828727
1.4387913
1.4047498
1.4262009
1.3092538
1.4139646
1.4490016
1.3699745
1.328755
1.3598642
1.3809886
1.3874133
1.3967465
1.4347799
1.4234787
1.3978212
1.4806321
1.4997573
1.4342332
1.4122349
1.476426
1.406306
1.4562155
1.4007512
1.4100444
1.4381086
1.3898258
1.3967286
1.463314
1.3770889
1.403067
1.4593779
1.359243
1.47574
1.3944417
1.3619508
1.4260814
1.4053444
1.5022496
1.4185214
1.4402083
1.4568979
1.5352547
1.481299
1.4459145
1.5111912
1.4219217
1.3880711
1.3147665
1.4544463
1.4342413
1.378745
1.4381715
1.4290786
1.4123163
1.3437469
1.4433578
1.4053407
1.4203566
1.4584876
1.4505126
1.4270861
1.4835602
1.4517117
1.4425015
1.4106014
1.4060537
1.4913552
1.4336584
1.4260774
1.4388993
1.383488
1.4362271
1.4319273
1.4481579
1.3333912
1.4117622
1.4103987
1.3979504
1.370951
1.4462559
1.3970823
1.4935741
1.4206226
1.4627436
1.4129974
1.4351349
1.4901271
1.4145309
1.448649
1.3823866
1.3942801
1.3911043
1.3763427
1.4406041
1.4004313
1.5172979
1.4060168
1.493537
1.4580957
1.4063067
1.4164593
1.3952961
1.460205
1.4088671
1.425831
1.5258331
1.4540324
1.4108427
1.4571396
1.4259763
1.4244779
1.424755
1.4524279
1.489731
1.4630716
1.3945651
1.467891
1.4302727
1.420029
1.3800263
1.4987051
1.4074531
1.4951605
1.3924499
1.4513732
1.349396
1.4288005
1.4618484
1.3905095
1.4501543
1.5170172
1.4039296
1.4990873
1.4525709
1.4264203
1.4469897
1.4902283
1.4301583
1.3540214
1.4662634
1.4836626
1.4736967
1.3711877
1.4015324
1.4201674
1.4003668
1.3767784
1.381979
1.4442439
1.3637196
1.44976
1.4613539
1.4379411
1.398038
1.4607369
1.4885352
1.4022989
1.4092593
1.397031
1.3694297
1.4639447
1.3721879
1.4496813
1.4250866
1.4391552
1.4511151
1.4792408
1.417002
1.5115026
1.4941795
1.4735034
1.3946149
1.4264442
1.3719708
1.3765203
1.4359818
1.4587572
1.4003317
1.4494563
1.3993286
1.4505373
1.4872057
1.4464072
1.3754725
1.4801267
1.3372792
1.4248979
1.4514004
1.3942513
1.3721669
1.449775
1.4580438
1.4433118
1.4057889
1.3851814
1.4145484
1.3781333
1.4184525
1.4685773
1.4507996
1.37603
1.3770896
1.4590759
1.491046
1.4362261
1.3722388
1.427664
1.3489132
1.4643894
1.4371903
1.4335182
1.4290122
1.4769467
1.3943497
1.5346215
1.4963851
1.4473884
1.4532423
1.4543105
1.4390651
1.4641807
1.4587154
1.4507757
1.4593029
1.4350556
1.3835527
1.4709034
1.4357352
1.4153136
1.4050442
1.4013424
1.377519
1.4087067
1.4245963
1.4176017
1.3326478
1.397576
1.4543222
1.4277109
1.445413
1.4113643
1.5014882
1.4489455
1.4531308
1.5105537
1.4328077
1.4230422
1.4036908
1.511709
1.4816114
1.4309089
1.4814112
1.5121949
1.4441653
1.4373466
1.451074
1.3751994
1.4966543
1.4805515
1.4054072
1.382999
1.3745524
1.484388
1.4248378
1.4418848
1.3793048
1.4370242
1.3578615
1.395001
1.4148444
1.3760309
1.4625041
1.4369344
1.3684859
1.4575847
1.3554418
1.3710539
1.453029
1.3745906
1.4046471
1.4369999
1.4510475
1.3980894
1.441005
1.5202501
1.4645637
1.4503636
1.448259
1.4035323
1.417518
1.4149412
1.4218506
1.4281886
1.4207584
1.4403529
1.3876966
1.3820846
1.4196268
1.4139104
1.4011468
1.4283003
1.405503
1.4451551
1.3838784
1.4202362
1.4550613
1.4143171
1.4284366
1.3641219
1.4533048
1.4768889
1.401444
1.4613838
1.4465764
1.4009911
1.3587979
1.3944075
1.4200703
1.4277967
1.4246806
1.4408475
1.444778
1.4184365
1.3683488
1.4321151
1.4299357
1.440776
1.4492831
1.3632126
1.4468538
1.3762695
1.3928897
1.3734072
1.4790171
1.3614465

3.030543
3.1294138
3.5935993
3.6220136
3.6565642
3.6257055
3.1607878
3.5006995
3.5392876
3.7147846

