7.483742
4.9489694
2.317943
1.873871
3.030783
2.1624334
5.7194448
1.8334881
2.0312464
1.8555585
58.70993
2.326725
3.7612045
1.7199762
3.2244654
1.5789101
2.5754309
2.1777701
4.057645
2.2213228
10.421161
2.2700949
10.3591175
2.0062716
2.1344287
7.3825984
1.4578657
1.9532307
4.273758
10.483406
4.6670074
14.384158
2.6361394
1.5972989
8.731435
1.775637
1.8069808
2.3945544
1.7437383
3.5217412
2.3467014
7.9902844
1.7459754
3.1973422
5.3883967
2.126611
1.4422057
3.269285
2.0855854
1.6896292
4.435593
2.0118747
1.7665815
2.1646507
4.1039066
2.1778414
3.2736847
2.835583
1.7235928
2.3971307
3.631972
2.4806256
2.3707664
3.4352524
2.99424
1.5584431
2.4819124
2.7631884
2.336715
2.9432065
4.5534005
3.2488253
2.6832585
3.3235147
2.0973897
4.202022
8.117158
5.308642
3.2414541
1.809695
9.528109
3.2853646
2.7855694
2.8813455
2.2117424
1.8645442
2.058941
2.100139
3.5429487
2.2731836
2.771575
3.7422218
2.0900974
3.0116525
5.9104676
2.82419
2.8018312
4.2478495
1.6304303
3.0564492
41.02684
2.4782965
2.7425444
3.0119078
2.2171638
1.5809804
3.0945983
1.8945951
4.071927
44.566704
1.7243183
1.7337292
1.7499604
1.5292162
1.5942059
3.8006642
5.2752204
2.3980484
1.8182598
5.1552615
2.3267276
3.6455362
2.4742482
1.968915
1.4993936
2.3535194
3.8683457
1.7029681
1.5787442
1.7640928
2.8243687
5.978661
2.0256164
1.9396842
1.5745881
2.1716373
9.578765
2.419305
2.9883199
5.35616
1.815239
3.0414982
6.416837
3.7951589
1.7258255
3.104563
3.8868322
2.0453467
3.8827276
4.056271
2.0047154
2.620152
3.0057557
3.0868409
2.0513132
1.9166616
2.3489468
3.744063
3.1145592
3.413683
5.514363
2.329309
2.4478133
2.4130938
2.3092506
1.7282448
2.0869923
1.7133257
11.542828
3.9514992
1.9681407
3.8580978
3.6596894
22.139862
2.9154885
3.6989763
1.6136094
16.164757
2.3621755
1.5655298
3.6297026
2.3079445
1.73893
4.4630976
3.5155354
1.966401
1.7815174
4.308821
3.132166
3.5082572
2.8212087
1.5464828
16.277855
4.2671967
10.198706
5.355755
2.2571986
5.9267693
2.5236747
10.37888
2.3566747
3.0982082
1.6400596
2.9627237
1.6002474
3.4896302
2.9806685
2.137695
4.7653537
6.6402464
1.8244534
3.1936224
2.9399998
2.694288
6.5853653
1.6220431
4.664188
1.709163
3.9260097
5.390151
1.6166892
1.7441874
1.791933
6.726807
2.9579983
3.900157
1.7235676
2.765181
3.6205328
2.2536728
3.3672755
2.2214983
3.036302
2.651492
2.7414777
2.7304902
3.3740263
55.507843
2.1014886
8.427917
3.9644632
2.2525277
5.414832
2.066888
4.557175
2.1756694
2.9232826
17.87675
2.1070833
20.62669
6.262596
4.265189
4.907509
5.5698724
1.8845954
1.939633
3.5681374
1.9232225
3.436642
2.4228048
3.3248472
3.2731915
4.9489293
3.2648592
2.107842
4.770226
2.046537
3.7810118
3.6372516
2.776924
4.8244104
2.188575
3.450717
2.1041336
4.5356665
1.912765
2.5386736
2.6128411
34.166332
2.4836588
1.745962
2.1014595
2.9996371
14.615553
2.3437061
2.066503
3.0874197
2.4559429
2.3516273
1.4887362
2.7456968
2.1411042
2.7645607
6.0439277
2.6841547
1.9169421
4.341513
2.8396497
3.472319
2.1197133
9.959463
1.7463263
4.015397
2.4243715
1.9011191
3.63066
2.757347
3.315972
4.096032
1.6476787
3.1534076
1.8962233
2.2548614
2.944265
7.582434
9.61575
3.9704773
1.5509286
1.6702569
4.226549
2.1926107
2.7103376
1.9286286
2.0199792
1.6029032
2.3102617
1.6098592
3.5975997
1.6757975
3.336461
1.6000574
2.813643
3.2465737
1.9731315
6.4905562
2.0321038
2.0718052
3.2151997
4.2767897
2.6032546
2.4384413
10.961856
2.2895136
8.03099
2.5864341
1.9367481
4.289134
1.9713333
5.136414
2.2861395
2.7047608
1.9240202
2.2565207
9.769408
1.6853007
5.6565
1.7575049
4.2517424
2.8903897
3.0875943
2.8109856
2.9993982
3.497072
2.0204656
2.504552
2.6439784
2.562357
7.7864523
7.811057
2.4048474
3.2487862
3.2890556
5.1047244
5.400555
4.742356
4.3525176
2.5502377
3.0059047
1.9002613
1.9449533
1.8610607
15.732656
7.074051
2.7159054
1.7805289
2.0318966
2.8687084
1.6695399
5.92595
4.3931584
2.037562
2.1993616
1.6350509
1.4848534
1.866873
2.7031603
1.7617494
2.2677581
1.8981396
49.308292
1.8929722
1.5664984
1.7601892
5.7695475
2.6831198
5.133558
9.950572
2.42855
2.23053
1.8575838
1.7302363
2.6913214
2.3503838
1.5112711
2.4591079
3.0104194
5.822405
2.7405427
1.7386893
2.702472
2.1081736
1.99878
1.9581555
1.8503331
4.0920362
4.4676857
2.5849369
10.270748
2.9273627
2.0872085
3.615538
1.8499391
1.5789101
7.0934334
3.3562856
1.873669
2.1500783
6.210249
2.9476478
10.203923
1.6287311
2.345914
4.2999983
3.081948
4.3363185
2.864554
1.6178495
2.4394991
4.533846
2.3868794
1.6335186
3.0808737
2.534223
3.0061696
2.0110743
18.818998
2.1806335
2.882449
1.7940837
2.5098672
2.539839
2.5417821
1.9603748
2.1324606
1.7598734
2.1932142
1.8208518
2.2513247
2.6305234
3.3117487
1.675038
3.5233076
36.469543
1.6585042
4.177077
3.5283728
2.1625178
2.4567091
3.657027
4.896922
2.550781
2.117829
2.295084
1.9307718
3.5289009
1.8767111
3.7972114
3.5279982
3.9349766
21.099506
7.967268
3.1145778
2.0717378
2.8521333
1.9680564
4.4129453
3.3062341
2.170906
4.626626
2.2798703
1.8724078
2.8334398
2.4169846
2.1236258
2.5185614
104.18486
4.4558926
2.9416423
2.407177
5.242468
3.3935437
2.5511696
2.676684
2.2787852
2.418913
3.5147192
1.8495532
26.327848
3.2733066
11.387949
1.915354
3.1290178
2.2292047
6.5620437
2.0099409
1.766367
2.0581996
2.2295709
3.2696433
2.2170584
1.8829293
2.2841024
2.843897
14.651831
3.5504842
2.2004979
1.7282969
23.65955
2.2883837
86.988
2.3863666
9.929487
2.5739424
4.7712045
2.3754244
1.865115
3.6028447
7.022904
1.48754
1.7404265
2.4503777
1.8562845
33.554073
6.962882
3.3756485
4.192355
1.7419854
2.0850952
53.78591
1.9016439
2.6724439
3.2940195
4.679123
2.9227257
1.860296
1.8288989
5.397205
1.9663879
3.1896126
2.9447794
2.185835
2.8214982
1.6749223
2.8311315
1.801999
85.81946
2.6563768
19.030424
12.345658
2.6512587
3.629687
1.6029255
3.5231862
4.058989
1.8419939
1.4478639
2.2623692
24.777369
6.163108
13.3779
3.3115914
2.6174226
12.994509
2.5487285
3.1087682
1.6043974
7.5137606
2.0790596
3.0005867
1.896682
2.043887
2.540642
2.4705687
3.0001333
3.2781801
2.3883643
1.9620973
3.0892682
3.5096328
9.445181
1.5673181
6.4217625
2.42034
2.161032
3.239509
2.5130603
2.8555613
1.6294811
3.5073304
1.9295706
2.4762475
5.82355
2.0879614
5.684249
3.5087326
1.687515
2.1750703
3.231568
1.6335919
1.7970462
4.4833617
4.232155
1.6399814
2.4587777
1.7607126
4.8972683
2.4762473
2.0375798
3.5446744
12.017795
2.2188873
2.6242888
2.4752045
2.6821556
1.9663123
3.4965901
1.8679986
2.1396291
2.553586
1.4004401
2.9356496
11.276212
2.1057045
3.3610723
16.91993
16.02004
1.9307747
32.287956
2.5705874
1.586197
1.8636475
2.996153
6.5747685
1.8560936
34.99502
1.6288712
2.3153646
2.8879309
2.4250188
2.142823
20.562449
1.3971965
1.5395576
3.7769616
1.7857395
5.0010676
4.1691155
14.594041
1.609044
2.1563263
1.9883728
3.977272
2.4010267
1.8701367
2.5780704
11.593545
2.6661234
4.6126795
14.629581
7.384342
1.8518327
3.9499884
2.489494
1.5642607
2.1703777
3.1114056
1.5311208
2.0427547
3.641152
1.7971042
2.204267
2.4750733
2.3029609
5.1804204
5.1263967
4.1199126
2.08604
1.4680513
2.2503567
1.8467877
4.1574025
2.9409864
2.473017
2.1036642
2.874676
2.061017
1.9816275
2.6933181
11.591202
2.0259986
2.0934372
36.342957
2.3238866
2.3564508
2.2750304
2.8682756
3.1205776
2.8100946
4.268925
10.659017
19.43546
9.6517515
1.9193096
38.316994
2.2546232
2.0136504
2.0453331
2.7424023
3.4306722
1.4519018
2.4787934
4.655733
2.0951161
2.7408195
9.620447
1.934152
1.8454325
2.125803
3.6191084
6.0347486
1.6975415
2.4083173
4.027102
1.4957124
1.7318516
3.7895503
2.7394855
2.6288066
3.8256016
1.788011
1.847451
2.9118025
5.6349893
2.07339
1.9441509
2.2981775
2.561896
1.9782735
1.7963533
2.9338088
2.4977155
2.398413
1.6085225
2.2188814
3.5044591
2.548109
2.084829
1.7825931
3.8080823
2.3134873
2.9442725
2.4286997
2.743763
1.5348068
10.692695
1.8244907
10.4314375
1.8086866
1.7563614
3.0790887
1.9600894
15.745627
1.7876675
2.8490841
1.8497463
1.7486836
2.18241
2.3040574
8.67289
3.5363007
1.9007902
2.5048268
2.482539
1.697142
1.5916178
6.1060085
2.3647616
7.2264256
2.1771748
5.0372972
2.2343087
2.7301378
4.047906
3.4520867
1.8688228
2.3029385
12.634848
2.466833
4.095069
5.564443
2.0831313
30.421959
1.9760908
6.806749
1.7659341
4.1733785
2.4742277
4.412213
28.039522
3.755348
2.4083188
2.107302
3.2308464
2.5597
2.3830774
1.6592975
2.517588
2.284143
1.6863308
2.9852269
5.461125
3.3595343
1.548592
7.1266522
2.1160586
1.8175771
3.2308388
2.7540936
1.4134327
2.045856
1.8125347
1.9933871
5.9018316
2.2310133
4.138371
2.8863668
3.3169901
4.24949
2.5087245
2.5074677
2.699912
2.4255834
1.8845546
3.6818085
17.172342
4.733769
2.0364003
2.4449704
3.0994813
2.2399867
6.8219132
2.0532744
3.865841
2.5701637
2.6950023
3.1136367
4.079081
4.186556
1.9821384
3.1171021
2.1637714
2.8347652
2.871448
4.2704144
1.580926
2.0600314
5.2921867
1.8043913
4.0068507
1.7290275
1.8086481
2.28001
2.5561604
2.666809
2.0343332
2.9368658
1.7776661
3.4899049
2.220835
2.6790953
2.4862077
5.4159746
1.6499127
2.3877885
19.845604
2.1083665
2.0634444
3.2981262
2.2059608
9.9863
1.8098674
1.8667847
2.4626324
1.8422477
3.562238
3.260575
2.184165
2.1039064
2.8258016
2.871786
4.406594
2.0053716
2.001585
2.4205258
1.4291458
2.8324625
2.0687137
2.0736434
1.8237574
2.8507318
4.0070143
3.8918374
2.5855973
6.8663955
3.5235703
4.089774
3.3987274
2.641765
2.4867275
3.999914
5.0044556
16.66438
2.515911
2.3013868
1.8846842
5.9635487
13.293282
7.1798863
1.8600844
2.049518
1.7572075
2.9218993
7.0653644
1.9129331
2.784432
12.762272
2.5573568
2.0918849
1.7349169
3.2554698
2.1373215
2.4898112
2.1408281
2.713134
1.8161262
2.33348
2.2100837
1.6359411
2.796405
1.4543667
3.045027
3.9241178
3.3205366
11.428135
1.9356349
2.9303405
1.9897672
2.6232314
2.778655
2.4535813
3.0383677
2.2119138
24.651623
2.1871161
1.7374933
3.6485708
2.6702514
1.9675046
2.0539248
2.0093408
4.6351013
2.1033769
2.0522542
4.8564506
3.688971
4.341912
2.6092238
3.4380689
3.221728
19.975307
3.1163223
4.0157123
3.2448711
2.8075953
1.8981642
3.0667365
3.0156372
1.772899
1.8838398
2.487307
2.1660173
2.0040097
1.8302693
2.558512
1.8194183
12.679398
5.2276287
2.7300162
2.2147508
2.332602
2.3761134
2.2938702
2.5273645
2.0685334

10.101135
11.887351
13.088047
13.709283
13.036836
13.196164
11.61535
13.391807
14.173504
14.656924

