5.9821267
3.4458628
0.8369099
0.47117126
1.5567112
0.7387414
4.2139134
0.4542699
0.56253326
0.44257236
56.97192
0.84540963
2.2570133
0.36217427
1.7898277
0.21160388
1.1303612
0.75219417
2.6152463
0.77970505
8.871837
0.77478397
8.863034
0.57905376
0.69559443
5.9587684
0.06895316
0.5347817
2.79587
8.861607
3.120166
12.827224
1.2166201
0.19338286
7.1750855
0.39356613
0.36502814
0.9198636
0.32179666
2.00282
0.9477484
6.5150957
0.33080304
1.7477785
3.9574683
0.6927736
0.06509817
1.7955567
0.6526488
0.3183931
3.0068321
0.56710947
0.37803447
0.7780731
2.5763955
0.7200297
1.8463792
1.3420172
0.3490659
0.9379183
2.1920466
1.0856779
0.90706146
2.0186074
1.569155
0.21689963
1.0129074
1.3389502
0.92037463
1.490527
3.0196564
1.8125072
1.1990366
1.9142699
0.6206161
2.7575817
6.609729
3.783443
1.8093555
0.36380064
7.996867
1.8121631
1.3420991
1.4524158
0.803401
0.50427914
0.66744983
0.6627579
2.0153
0.80462396
1.2883909
2.2449112
0.7302041
1.5290052
4.4083705
1.3710119
1.3533572
2.7525501
0.21453679
1.5845705
39.41271
1.0530661
1.2747782
1.5520676
0.81783974
0.1626128
1.592774
0.44180632
2.5664034
42.90934
0.30663073
0.338982
0.3493402
0.13771725
0.18965161
2.294873
3.811235
1.0225524
0.39623666
3.5491579
0.8757235
2.2408168
1.0081837
0.57572055
0.069910884
0.88454723
2.3753214
0.39769006
0.14827776
0.36445582
1.3412392
4.541993
0.604794
0.54473925
0.20339692
0.722679
8.094369
0.96620333
1.5392698
3.8693032
0.3882172
1.5520709
4.964374
2.3163667
0.3189869
1.5878205
2.453118
0.63845694
2.405902
2.6079397
0.5791998
1.168404
1.521451
1.5163834
0.5639026
0.47294343
0.9556595
2.2891216
1.6709949
1.9350432
4.0472918
0.88409543
1.0380191
1.003509
0.8330544
0.35496235
0.65564525
0.30522108
10.096818
2.4584498
0.5591303
2.4314973
2.2358441
20.564156
1.469203
2.1527243
0.21164775
14.564147
0.87343776
0.17371058
2.149397
0.9022695
0.3775972
2.9203548
2.0706
0.6130012
0.36497426
2.8557518
1.6295366
2.0555086
1.4131658
0.14683628
14.65756
2.780757
8.719915
3.8154764
0.84482694
4.433074
1.059825
8.895041
0.93284
1.6195967
0.25962543
1.5529566
0.16806173
1.9793893
1.5624704
0.67072475
3.3015156
5.157371
0.37663925
1.680653
1.4410857
1.2007405
5.0775003
0.23385847
3.1668577
0.26647484
2.5338736
3.9447837
0.24067557
0.34866703
0.3920858
5.283156
1.5667497
2.3978534
0.2720698
1.3570949
2.1950955
0.78107345
1.8553013
0.830734
1.5783181
1.2275774
1.3237388
1.326337
1.8597788
53.9182
0.61075974
6.900672
2.5157967
0.81509507
3.9180665
0.63052106
3.063167
0.70435035
1.47231
16.274643
0.6453395
19.118444
4.7519445
2.7745311
3.4274812
4.003521
0.52606905
0.5440737
2.09019
0.5041318
1.87101
0.9323145
1.8617655
1.8070736
3.469004
1.7962905
0.69780755
3.310515
0.6247922
2.2867098
2.2203248
1.3600727
3.4082823
0.7381047
1.9367644
0.68530047
3.0796
0.49926305
1.0661118
1.1632888
32.549057
0.994105
0.3506297
0.6719042
1.6161243
12.997862
0.8631456
0.52295816
1.6001049
1.0452777
0.88196266
0.09199655
1.3770663
0.6781932
1.344355
4.541204
1.2027286
0.5109558
2.8515735
1.3818855
2.0068834
0.70781183
8.471388
0.29454696
2.5657935
0.9780725
0.4160273
2.1629527
1.3068898
1.9021338
2.656777
0.2631513
1.6717763
0.42462993
0.85942566
1.4934213
6.1265554
8.16879
2.4875546
0.15838444
0.224792
2.7639217
0.77471125
1.2785747
0.5024724
0.53450644
0.20683014
0.8660419
0.16064298
2.1334877
0.3250419
1.8395474
0.21381593
1.3704594
1.7445108
0.53702986
5.0872564
0.64422965
0.6960236
1.7561445
2.8128386
1.1625345
0.9561852
9.439668
0.79364586
6.561656
1.1548045
0.54889786
2.8131275
0.5371431
3.5525503
0.8146503
1.2086805
0.48119843
0.8431634
8.292656
0.2874683
4.158332
0.32821608
2.6537435
1.4862955
1.603215
1.3666599
1.5283817
2.0502815
0.59054947
1.0295486
1.2073486
1.0790105
6.2755036
6.3074417
0.9479823
1.7563379
1.8300204
3.6233492
3.9465027
3.3087382
2.8411894
1.074187
1.4705399
0.4783466
0.4940083
0.42940605
14.134397
5.529521
1.2416124
0.3657248
0.72725916
1.400002
0.2614733
4.3971176
2.9194012
0.6559961
0.7601489
0.19591033
0.049107313
0.46419477
1.277065
0.2982043
0.7889285
0.4697169
47.69035
0.50001776
0.24591398
0.26501822
4.257643
1.291449
3.5789435
8.463984
1.0179704
0.8142673
0.4005232
0.26807272
1.2201768
0.810037
0.0999192
1.0695077
1.5088713
4.295955
1.3097196
0.35307646
1.1872644
0.64170885
0.607733
0.52916837
0.44696164
2.6643646
2.984655
1.1326902
8.723027
1.4859873
0.72382426
2.112855
0.476506
0.1695441
5.561384
1.833342
0.45930815
0.70984614
4.6758003
1.4807705
8.685033
0.29949403
0.8984699
2.8566794
1.6450678
2.8750176
1.4701356
0.21969688
0.97700334
3.0367558
1.0336249
0.25389957
1.6007184
1.0741799
1.5332237
0.6353662
17.27109
0.7321073
1.4303209
0.37806857
1.0189767
1.0771027
1.1197592
0.54395545
0.7354224
0.36607623
0.73792946
0.40216243
0.7828568
1.1322869
1.8754262
0.29431605
2.048891
34.899563
0.26052105
2.7013648
2.0426083
0.670786
1.0346992
2.2375984
3.4081883
1.0935963
0.71030056
0.82162046
0.5669234
2.0913074
0.49133325
2.3633132
2.083157
2.4443915
19.57177
6.391205
1.6945373
0.6662333
1.447657
0.56325877
2.9418287
1.8461547
0.70649683
3.1421542
0.85399723
0.48313248
1.376532
0.9368042
0.7239047
1.0987803
102.35017
3.0002236
1.4655572
0.92401433
3.7185528
1.9782661
1.075547
1.2434388
0.8010645
0.9235662
2.0189834
0.4292096
24.78821
1.7259258
9.914804
0.45101237
1.7248026
0.7686769
5.0332594
0.56182826
0.35536277
0.7032906
0.7690095
1.7867717
0.7828927
0.43650568
0.8196603
1.3745687
13.031409
2.0481257
0.7712203
0.27637947
22.080402
0.874997
85.236115
0.96348333
8.406999
1.1432285
3.2884274
0.9849304
0.41532826
2.0908916
5.4785266
0.09787321
0.33264863
1.0506383
0.3936484
32.073185
5.4456697
1.828616
2.7478821
0.31172395
0.69437003
52.080334
0.4851346
1.2467823
1.826394
3.20271
1.5478249
0.458485
0.43391693
3.965466
0.53359723
1.772434
1.5323151
0.8019235
1.3476442
0.26045775
1.3400425
0.393471
84.034164
1.2270019
17.436123
10.851158
1.1700722
2.1988292
0.21027863
2.0317278
2.6393504
0.40985918
0.05841291
0.7922224
23.213095
4.6988344
11.925963
1.8145578
1.1774515
11.463125
1.0677311
1.6280067
0.20034456
5.9654183
0.59350276
1.4890127
0.46557212
0.6261413
1.1810117
1.0574352
1.5413978
1.7803901
0.9274796
0.60143256
1.6147816
1.9936657
7.813284
0.15233016
4.8802066
1.0328379
0.7134441
1.7973994
1.0509933
1.3870348
0.2138778
2.023192
0.5249871
1.0433617
4.369403
0.6567967
4.2507
1.986423
0.30013382
0.72166574
1.7972896
0.25280607
0.31406093
3.013032
2.7451725
0.11567128
1.0205492
0.2839476
3.3535614
1.0114368
0.56021476
2.0486035
10.525637
0.7679173
1.1328545
0.96794355
1.1627626
0.5175439
2.0458536
0.50410545
0.693632
1.1306778
0.07088947
1.4923109
9.754076
0.695228
1.9037887
15.36367
14.478414
0.5189785
30.69215
1.1801329
0.19533944
0.43293715
1.500291
5.1461716
0.40815282
33.454834
0.27539802
0.8761512
1.4268875
0.9700098
0.73302805
19.03314
0.022447467
0.10363138
2.3433905
0.37090015
3.4881027
2.6332812
13.123767
0.15843415
0.7115238
0.53807724
2.4705033
0.92791426
0.41752958
1.1368788
10.037709
1.1756518
3.1599233
13.060277
5.9120054
0.44075727
2.4912887
1.1689868
0.15365791
0.7085252
1.7219723
0.20213103
0.67293906
2.235571
0.40114236
0.79156995
1.0103632
0.88042533
3.7516992
3.6004958
2.574478
0.6365106
0.05517447
0.7576088
0.43681884
2.6669836
1.5194231
1.0481954
0.654557
1.4526409
0.65408015
0.51667714
1.2831458
10.142951
0.5602009
0.7298404
34.757263
0.8948102
0.9861009
0.8279216
1.4400057
1.5905854
1.3688964
2.785108
9.116581
17.870007
8.124744
0.4648795
36.686436
0.8156135
0.61699367
0.71598005
1.2729614
1.973846
0.07122564
1.0363134
3.1917782
0.6479745
1.3880512
8.119051
0.51959074
0.41832924
0.655213
2.1470904
4.584771
0.207932
0.9423243
2.543366
0.08708024
0.34145355
2.2539043
1.2722282
1.1734434
2.3721046
0.39911914
0.40218663
1.4517432
4.1433387
0.73324573
0.5221422
0.8706317
1.1334486
0.5975733
0.3398248
1.518324
0.96422756
0.9618455
0.14080966
0.79219997
2.0327504
1.0285921
0.661746
0.3256166
2.4020882
0.9100094
1.5418655
1.0342433
1.2880225
0.13503814
9.136334
0.40079665
8.866679
0.34229636
0.35003316
1.6309067
0.54873466
14.235041
0.35766816
1.414975
0.30684495
0.29089677
0.76066494
0.8197017
7.2095
2.0739064
0.4615103
1.0391307
0.9692123
0.22573876
0.18975031
4.599138
0.9132488
5.7607574
0.7638209
3.477456
0.802227
1.2039894
2.6229563
1.9925702
0.50922906
0.85889935
11.101454
1.0496787
2.6315217
4.0034924
0.65599823
28.857103
0.5053797
5.341175
0.30569816
2.6416986
1.0345219
3.023804
26.495829
2.2460546
0.89768064
0.71796656
1.7960339
1.1363304
0.9588318
0.26960015
1.108757
0.81930935
0.31617057
1.5015547
3.968194
1.892623
0.14895022
5.605439
0.61059153
0.40104473
1.7966515
1.3386987
0.04258442
0.5731226
0.42883837
0.5213773
4.430428
0.77318525
2.6513405
1.3830496
1.882358
2.6759748
0.998247
0.9932296
1.2881377
0.97222066
0.49030125
2.2843313
15.650292
3.2448163
0.620373
0.9803661
1.6761914
0.7750981
5.272075
0.59339535
2.4797301
1.0691202
1.3292708
1.6681422
2.5910678
2.7444568
0.5923077
1.6306126
0.6936773
1.3783339
1.4312783
2.8566313
0.1621511
0.66782606
3.8354273
0.32956815
2.526328
0.33703196
0.4109702
0.80537283
1.041919
1.2092035
0.654526
1.4878532
0.41534352
2.0084019
0.76640487
1.2149851
1.0446558
3.8775127
0.2504468
0.85070336
18.283083
0.66045284
0.6073117
1.8192304
0.7518687
8.466069
0.34018743
0.40490592
0.98667955
0.39846528
2.1562815
1.7523109
0.73588884
0.67933714
1.4020381
1.4332119
2.9864104
0.58195174
0.56773245
0.9885062
0.09721601
1.4228661
0.59596026
0.6254761
0.3671415
1.414
2.4691625
2.3983772
1.1349703
5.3056126
2.0431743
2.6346428
1.9620777
1.103561
0.9904666
2.5474696
3.4764383
15.052832
1.0439472
0.85161567
0.42072916
4.54121
11.716309
5.6528544
0.45500195
0.6496862
0.37646902
1.4077883
5.6020455
0.46213317
1.3738382
11.255946
1.1731428
0.68778896
0.31373966
1.8552476
0.6492715
1.0321934
0.7515558
1.2249687
0.45401
0.938946
0.73812807
0.25871813
1.3956255
0.017336845
1.5693004
2.4839792
1.8519015
9.856544
0.4692377
1.4462531
0.5427079
1.1902837
1.3297694
1.0139675
1.6119689
0.77259386
23.182392
0.74138534
0.35460997
2.229093
1.2310461
0.5421665
0.65068877
0.565449
3.1906414
0.63873124
0.6603247
3.4028704
2.19595
2.8929672
1.1546017
2.041995
1.7328058
18.431541
1.6900213
2.5253873
1.7584805
1.3870069
0.5211761
1.6453022
1.5600262
0.33923972
0.4472978
1.0215769
0.70488024
0.5817667
0.45558512
1.1050365
0.38228524
11.193189
3.7453752
1.342455
0.77773297
0.9374299
0.9729687
0.9175011
1.0210457
0.69232416

7.1951647
8.799324
9.608018
10.1599865
9.475003
9.652127
8.558291
9.966932
10.685064
10.953514

