1.622554
1.53046
1.415788
1.051806
1.798727
1.2947433
1.3701758
1.1323175
1.6720883
1.354417
1.507979
1.7080876
1.4154416
1.1567389
1.4316002
1.8488132
1.3735744
1.4072169
1.4670936
1.8260698
1.3677157
1.7002223
1.4531794
1.4298747
1.2224346
1.2424458
1.1273034
1.398208
1.2330958
1.6534454
1.3081932
1.4567418
1.4729106
1.3309749
1.5176791
1.6816705
1.2368134
1.4217408
1.2871482
1.7010785
1.3831989
1.1099716
1.8617864
1.913908
1.3736722
1.4079728
1.1935803
1.4926441
1.4476646
1.6538591
1.1363264
1.5568416
1.5333076
1.0444252
0.96116275
1.2009822
1.4857566
1.21543
1.0487605
1.5030957
1.280094
1.5259674
1.6818025
1.4355863

1.5805315
1.3781537
1.4744428
1.4164072
1.4450465
1.6725324
1.4142236
1.3439623
1.4790901
1.3834263
1.4050823
1.5602602
1.564272
1.4419243
1.4876392
1.8050497
1.4734902
1.5713586
1.6100605
1.4647422
1.5307258
1.5611188
1.3893113
1.4923949
1.4528508
1.3161145
1.4282956
1.5085497
1.313423
1.6714404
1.458037
1.4355541
1.27194
1.4117254
1.4062629
1.3496643
1.3882567
1.588873
1.322548
1.5182991
1.343971
1.5094087
1.3135345
1.4259808
1.3778279
1.4638635
1.4387057
1.5391732
1.4352926
1.4246615
1.4868306
1.4032223
1.3264631
1.3034658
1.5322292
1.4317883
1.3320248
1.4759105
1.4765708
1.547447
1.3987968
1.4920465
1.3346403
1.6395727

1.6011884
1.3381431
1.4508723
1.3522956
1.5107926
1.4258726
1.4057504
1.4635626
1.5649604
1.554474
1.3957896
1.4720483
1.4706304
1.517805
1.3857276
1.4986665
1.4742038
1.4333411
1.4807538
1.3785583
1.4061816
1.484858
1.424907
1.3865472
1.3947048
1.4197797
1.4167842
1.416379
1.4997098
1.485143
1.3622538
1.4121221
1.4698408
1.4325018
1.4725306
1.4553665
1.4211044
1.364202
1.4425696
1.4170862
1.377821
1.471417
1.508508
1.2967991
1.5915499
1.4270425
1.5008458
1.4513737
1.5111988
1.4411321
1.4616183
1.4821889
1.3903486
1.3769416
1.3631719
1.388859
1.4955162
1.3829161
1.4600557
1.460233
1.3820995
1.4666772
1.4368469
1.4881573
1.4630905
1.4525468
1.4291524
1.3542074
1.402736
1.3856084
1.4242653
1.387335
1.2892724
1.4351133
1.4735928
1.447467
1.3950827
1.49111
1.4922305
1.4187766
1.4741752
1.3155544
1.3274721
1.4780623
1.482834
1.4244987
1.4886311
1.4408925
1.415392
1.2757108
1.4395729
1.4355805
1.350106
1.4298989
1.4277037
1.4451574
1.4547845
1.4519453
1.3936478
1.5425355
1.4646921
1.4206359
1.3188597
1.5094084
1.4929785
1.4061371
1.417622
1.4704983
1.4586552
1.4293928
1.4655583
1.491986
1.4026589
1.5022985
1.3355275
1.4716531
1.4930967
1.4112982
1.4582927
1.3929983
1.4669948
1.4166071
1.5276558
1.3780228
1.3682241
1.4550934
1.4189024
1.3732778

1.4942029
1.4306016
1.4390149
1.4420067
1.4629439
1.3349351
1.3997755
1.4408021
1.3962201
1.4919032
1.3825907
1.4530481
1.5556659
1.4926696
1.4332236
1.3717929
1.4020947
1.4927644
1.5250738
1.512385
1.4015076
1.3908046
1.3875765
1.4130889
1.4081278
1.4599706
1.4446936
1.4571594
1.4047722
1.4581724
1.3317432
1.391963
1.4148487
1.4291246
1.5035236
1.5012158
1.4632335
1.4267657
1.4544444
1.3605299
1.4456807
1.4218975
1.4168267
1.4534518
1.3793069
1.5171211
1.44977
1.3962226
1.5161096
1.4427029
1.4325773
1.5127009
1.4293514
1.4337212
1.5027305
1.5011593
1.4318335
1.441181
1.3597492
1.3922366
1.4107274
1.4401938
1.4297779
1.3859698
1.46155
1.38924
1.423621
1.4243814
1.462581
1.4235648
1.3793741
1.4028342
1.4286287
1.4867613
1.4959751
1.4828962
1.420093
1.3877275
1.3624201
1.3994492
1.4338343
1.3569211
1.4930311
1.3465577
1.4389225
1.3499146
1.3719662
1.4213043
1.4470242
1.4184632
1.4049761
1.5734613
1.456094
1.5076511
1.2733885
1.4722704
1.4263246
1.4524591
1.4153863
1.4296913
1.4132196
1.3560811
1.3874243
1.3997341
1.4163294
1.4010211
1.4824128
1.3964857
1.4503274
1.4621313
1.3848614
1.4416853
1.4892422
1.4019973
1.3492857
1.482335
1.4349265
1.4545828
1.4491779
1.4441166
1.3930995
1.413872
1.380649
1.4477357
1.4338064
1.4098108
1.4649162
1.4028145

1.4444213
1.4768448
1.4124926
1.3757558
1.4090706
1.4352881
1.4324579
1.3605664
1.4365709
1.3861005
1.3823217
1.4630253
1.4098866
1.44475
1.5258112
1.4478737
1.4154292
1.4373178
1.4416268
1.3921673
1.433775
1.4607257
1.3699186
1.4299878
1.4044591
1.3998147
1.400325
1.4579378
1.3920696
1.3488691
1.3620888
1.3821275
1.436957
1.4320037
1.434598
1.4462737
1.427484
1.4461265
1.3772486
1.4369171
1.384075
1.4186761
1.4306126
1.4570392
1.4434911
1.3988129
1.4305553
1.4094045
1.4079556
1.3807834
1.3827397
1.4307169
1.4117188
1.3917745
1.4057987
1.3580445
1.3861858
1.3708014
1.4693614
1.3954042
1.3723359
1.3962045
1.37761
1.3829335
1.3642108
1.4083893
1.4433023
1.4500116
1.3912163
1.4024056
1.4061954
1.475458
1.3714565
1.426814
1.416164
1.3511723
1.452943
1.4179829
1.4434366
1.3511118
1.4212925
1.4582057
1.3940018
1.4609514
1.3749698
1.4122659
1.4343132
1.497192
1.4491022
1.3527583
1.4245192
1.4431297
1.489027
1.3407433
1.4440975
1.3625171
1.4118868
1.4064729
1.3470172
1.4529508
1.4099604
1.393919
1.4658902
1.4553407
1.4312562
1.4095329
1.4057295
1.4544456
1.4215624
1.3691698
1.4003634
1.4000405
1.3998362
1.3828655
1.4213592
1.395643
1.50418
1.4039372
1.3916297
1.4805481
1.4239724
1.423741
1.4270784
1.3800411
1.4721744
1.3756149
1.4094392
1.4784125
1.436163
1.4146893
1.3945507
1.4331689
1.4177145
1.4702283
1.3962408
1.4200664
1.4193103
1.3897296
1.4314232
1.4397697
1.413455
1.4763863
1.4287583
1.378637
1.4580815
1.4170554
1.4554764
1.4236603
1.382914
1.4735563
1.4367344
1.4512672
1.4157411
1.4083892
1.4249815
1.4244288
1.4314942
1.4419061
1.4587411
1.4504554
1.376374
1.4284414
1.421794
1.4627157
1.4863027
1.3969961
1.4576
1.4493974
1.4496303
1.4463238
1.4371136
1.4097544
1.4026136
1.4020866
1.4558405
1.4248624
1.45465
1.3931267
1.4211438
1.3874028
1.3886793
1.3959385
1.3885723
1.4221742
1.4487835
1.3350854
1.405282
1.450401
1.3847688
1.4312323
1.407235
1.3553636
1.4111127
1.4623548
1.4109694
1.3488343
1.3876516
1.3914465
1.4017757
1.4097344
1.4033345
1.3934488
1.4289246
1.4441108
1.449694
1.4550654
1.4395517
1.4449822
1.3933486
1.4647197
1.448982
1.424993
1.4009621
1.3962401
1.494975
1.4030334
1.5404756
1.458707
1.42276
1.429868
1.3714503
1.428773
1.4504628
1.355547
1.4184822
1.4690017
1.3809277
1.3867407
1.4121609
1.412098
1.4828577
1.4524963
1.448303
1.4882433
1.4892511
1.4457
1.4187511
1.4289926
1.4314445
1.4527242
1.3746127
1.4177027
1.4088786
1.4603217
1.417227
1.4392194
1.4650083
1.3301332
1.441021
1.4017371
1.4580171
1.4033395
1.4822888
1.4003202
1.4347091
1.4956355

1.4046372
1.4244928
1.414517
1.4247141
1.3715532
1.4617544
1.3924243
1.4389716
1.4228832
1.4040333
1.4065199
1.4298985
1.4112996
1.3995157
1.408596
1.4167434
1.4656795
1.4239097
1.4369503
1.3983141
1.4227935
1.4213853
1.42603
1.396331
1.3912508
1.4195455
1.5137465
1.3905449
1.418959
1.437122
1.4149256
1.452041
1.4255781
1.4289267
1.4163573
1.4588765
1.4330425
1.4094852
1.4136578
1.4541073
1.3584343
1.4251823
1.4177018
1.4208733
1.4176737
1.415426
1.381362
1.4135325
1.3932229
1.4104398
1.4194763
1.4164361
1.3807427
1.4725602
1.4288065
1.390182
1.4446169
1.3909023
1.4378955
1.4530473
1.4249035
1.4204078
1.4238081
1.3955123
1.4206754
1.4455035
1.4386812
1.388097
1.4035349
1.4222158
1.3568887
1.4200705
1.4062274
1.3976536
1.3989483
1.4419302
1.4402846
1.4911898
1.3984482
1.3996987
1.44819
1.4241389
1.434693
1.4594016
1.4227539
1.4048063
1.4251589
1.4322118
1.4345496
1.4240223
1.447856
1.4275646
1.3987142
1.4183726
1.3973281
1.4095365
1.4496816
1.424215
1.4265242
1.4135907
1.4457322
1.4236245
1.4329633
1.4325107
1.4450271
1.4494178
1.4693279
1.4016148
1.4546509
1.4061109
1.4536433
1.4533464
1.3773893
1.4200919
1.3931805
1.4390332
1.4275837
1.4572818
1.4234309
1.4327729
1.442584
1.4234298
1.440289
1.4154334
1.4316275
1.4762716
1.410925
1.3832959
1.4395064
1.4444437
1.4058557
1.4026853
1.3861407
1.4496598
1.441722
1.4057343
1.4817575
1.3963951
1.4155991
1.4211656
1.3891366
1.3875942
1.461663
1.4438571
1.493724
1.4487991
1.4231162
1.4713916
1.4333022
1.438748
1.4130982
1.4298159
1.4151926
1.3906378
1.3676685
1.4330231
1.438915
1.3829101
1.3604453
1.3926032
1.4147893
1.4131255
1.420864
1.3463538
1.4102601
1.413015
1.4267594
1.4268686
1.43189
1.4358345
1.3856847
1.4083813
1.4445006
1.4751663
1.4133246
1.4049758
1.4654859
1.4321533
1.4202178
1.3984177
1.4268061
1.379075
1.4154514
1.4022293
1.414072
1.4451458
1.422924
1.4416026
1.3900839
1.4230628
1.4098076
1.3795829
1.40089
1.4046277
1.3603244
1.4512877
1.4050268
1.4194107
1.5118428
1.4568653
1.4287909
1.4378698
1.4655137
1.3712178
1.3850513
1.4353865
1.3963203
1.4269636
1.3883138
1.4303471
1.3970941
1.4491695
1.4511437
1.4873729
1.4219835
1.4002651
1.405111
1.3882289
1.4252893
1.4437046
1.4395539
1.4061711
1.4368976
1.4412084
1.4069507
1.4666237
1.4057155
1.4298368
1.4406402
1.4544024
1.4075068
1.3992014
1.4139326
1.4492971
1.442744
1.4548162
1.4513551
1.4050807
1.4292072
1.3724195
1.4219155
1.4319587
1.4118702
1.412709
1.3799456
1.4398004
1.4410034
1.4458909
1.4480035
1.4207495
1.4190768
1.4176131
1.4872279
1.46698
1.3944517
1.4098098

1.450545
1.4133099
1.436048
1.3558954
1.434759
1.3985833
1.3399415
1.4257084
1.4141965
1.3924384
1.4499847
1.4964055
1.4500157
1.4387814
1.3637795
1.4274588
1.4367367
1.3996047
1.3897526
1.4288747
1.4017214
1.3691977
1.5255209
1.4538461
1.433576
1.3921453
1.4345065
1.4839326
1.3769923
1.4116887
1.4195269
1.4265425
1.3866308
1.4855036
1.4159083
1.3856181
1.4099302
1.4314617
1.3858005
1.4222554
1.3890047
1.4270775
1.4453752
1.4480867
1.3246816
1.3832874
1.4518716
1.410903
1.4470831
1.3906586
1.4322615
1.3639679
1.4115494
1.3786143
1.452057
1.4161438
1.408701
1.4299332
1.4827067
1.4446555
1.3865259
1.4246703
1.4285694
1.4180475
1.4419326
1.4154389
1.4272376
1.3982488
1.3851303
1.4574077
1.4466685
1.4242007
1.4065151
1.4330908
1.3865756
1.3945283
1.4126861
1.4185939
1.3750833
1.4340167
1.4609275
1.3882142
1.4454604
1.418736
1.440357
1.4927114
1.3920739
1.4437302
1.4859625
1.4180572
1.4543132
1.4034684
1.4308578
1.4409049
1.4055842
1.4503547
1.4081655
1.4313238
1.3999552
1.4219168
1.4622475
1.4459829
1.4085885
1.3884935
1.4218152
1.4526064
1.3943338
1.471477
1.4015692
1.389243
1.4563882
1.414432
1.4158498
1.4589988
1.4236231
1.4356582
1.448009
1.3887893
1.4253154
1.3828146
1.4130154
1.52926
1.440398
1.3884946
1.4390246
1.4018792
1.4202402
1.4348853
1.4155177
1.4490495
1.4442279
1.4289107
1.450305
1.3936325
1.4128628
1.4618579
1.4393021
1.4556805
1.3752604
1.453253
1.4318292
1.4084616
1.377998
1.4500687
1.4215518
1.4250911
1.4898524
1.4071718
1.3965874
1.4556185
1.4476668
1.3839455
1.3988733
1.4347996
1.4946581
1.4724271
1.3987942
1.4149772
1.4168991
1.4283491
1.4286852
1.4290118
1.4313916
1.4045726
1.5014954
1.3969104
1.4351968
1.3909398
1.4752729
1.4165128
1.4566628
1.4086715
1.4092851
1.3830563
1.3989778
1.4378318
1.4456573
1.3719162
1.3874706
1.3823065
1.4283828
1.3987994
1.4398761
1.4357871
1.4632759
1.4662173
1.3495336
1.4337674
1.4616293
1.4326752
1.4112471
1.4429638
1.5089788
1.4488318
1.4357028
1.4222065
1.402514
1.4106541
1.4376919
1.4015666
1.4414344
1.395196
1.4304749
1.3448043
1.4191725
1.4671841
1.441401
1.446511
1.39222
1.4252952
1.4131994
1.3997657
1.4357401
1.4983082
1.4092417
1.441345
1.3999689
1.4036316
1.4149146
1.4182006
1.402121
1.4261552
1.4063199
1.381136
1.4421874
1.3808981
1.388323
1.4375573
1.3835707
1.4125658
1.412444
1.4347591
1.4137112
1.4806031
1.3849669
1.46507
1.4212767
1.4247272
1.4322639
1.3554691
1.4285285
1.4082967
1.4145801
1.4294249
1.4067043
1.3832061
1.388179
1.4334769
1.4332904
1.4296325
1.4199785
1.4404733
1.4232212
1.3868364
1.4172026
1.429643

1.4256141
1.436531
1.4273556
1.4429802
1.393704
1.3773248
1.3946477
1.4028512
1.4128652
1.446267
1.3905632
1.4264269
1.4096663
1.4266129
1.3992203
1.4086626
1.4172162
1.3942535
1.4250945
1.4423156
1.4083488
1.4181899
1.4926615
1.4455986
1.415579
1.429908
1.4272258
1.4222274
1.4015305
1.4206686
1.4059249
1.4124434
1.3822244
1.4374456
1.4579369
1.389299
1.4691048
1.3920784
1.4024134
1.4124371
1.4519192
1.4064062
1.4712807
1.4508691
1.405942
1.3870889
1.420272
1.4326863
1.4150759
1.4242841
1.4135685
1.4254346
1.4144027
1.4274023
1.4121635
1.4385874
1.438575
1.4362067
1.4135891
1.4522854
1.3902031
1.418583
1.4089179
1.4492055
1.4065397
1.3708339
1.3863521
1.4089756
1.4330175
1.445507
1.4069867
1.4404974
1.509033
1.4164382
1.4185734
1.4194291
1.4429064
1.4564759
1.432771
1.4281083
1.404746
1.421694
1.4189632
1.4354608
1.3971968
1.3882586
1.4226198
1.4046026
1.3930169
1.3993567
1.4034153
1.4111489
1.4190354
1.4160259
1.4093877
1.4354705
1.3858597
1.4146549
1.4096297
1.4109113
1.3812994
1.4165837
1.4343666
1.3954192
1.4256613
1.4307919
1.3741239
1.4369783
1.3997682
1.4494982
1.4263363
1.4032413
1.4015878
1.4161733
1.3890432
1.4195501
1.3897728
1.4072369
1.4140165
1.4028997
1.3820124
1.4143691
1.4573017
1.4303373
1.4098078
1.4824681
1.4608581
1.3914338
1.4788854
1.3853484
1.4507986
1.4281416
1.4232135
1.4397947
1.4150435
1.4266533
1.4114864
1.3931781
1.3790247
1.4152722
1.425014
1.3432672
1.4209288
1.4193094
1.4007555
1.4519867
1.4024806
1.4590396
1.3873417
1.4395967
1.4279205
1.4265352
1.4368281
1.4213078
1.4001079
1.393441
1.4180421
1.4290032
1.3788177
1.4071429
1.4119477
1.3960838
1.4098473
1.4223566
1.4181669
1.4293363
1.3937956
1.4384508
1.4332932
1.3826724
1.4215164
1.3985451
1.4004028
1.3869917
1.4140795
1.4142432
1.4160086
1.453297
1.4136125
1.3907461
1.3531712
1.3744665
1.3910834
1.3974519
1.4298955
1.4338301
1.4026546
1.376729
1.399084
1.3886838
1.4102999
1.3709036
1.3988193
1.3748816
1.425826
1.3818506
1.4123058
1.4308678
1.423525
1.4044065
1.4349855
1.4180577
1.4493839
1.4473156
1.4290248
1.4164326
1.4643027
1.3975886
1.4146417
1.4468484
1.4200252
1.4816104
1.4023839
1.4414868
1.4563279
1.4070293
1.4297553
1.4111236
1.4223957
1.4275413
1.3663747
1.431872
1.3921496
1.471388
1.3907206
1.4378178
1.4236616
1.401123
1.4697927
1.3753155
1.4455056
1.4429747
1.4321177
1.3983713
1.3858081
1.3864021
1.4516358
1.3959446
1.4279066
1.439377
1.3770823
1.4399883
1.397344
1.4168696
1.4330152
1.4247559
1.4661227
1.3874569
1.3903226
1.3285137
1.4439204
1.4350475
1.4461459
1.4523034
1.4074038
1.4635046
1.4051132
1.393639
1.4075233
1.3590616
1.4233111
1.4068207
1.4324775
1.4214501
1.3892922
1.4065763
1.3632317
1.4515554
1.394258
1.4426935
1.3965458
1.3844373
1.4296196
1.3847452
1.4049042
1.4092083
1.4403392
1.4128023
1.40318
1.3604567
1.4115556
1.4889097
1.422638
1.4355706
1.4479371
1.4161632
1.4511586
1.4185251
1.422688
1.4281102
1.417983
1.464872
1.4515975
1.3629522
1.4506284
1.4064901
1.4395201
1.4041029
1.3907317
1.3828155
1.3809633
1.4225103
1.4344119
1.4409872
1.4228035
1.3817132
1.3981184
1.4354237
1.4452413
1.4193479
1.4238262
1.4331712
1.4016645
1.449326
1.4080176
1.4359679
1.3782859
1.4045317
1.4314482
1.4778187
1.4357393
1.4647454
1.3870428
1.4106826
1.379772
1.4649
1.4256194
1.4311291
1.410244
1.457825
1.415326
1.4133086
1.3802075
1.4112687
1.431513
1.413698
1.4001982
1.424885
1.3876938
1.4281975
1.399242
1.4381151
1.4421664
1.4272414
1.4174961
1.4358457
1.4145561
1.4244226
1.4153595
1.4425416
1.4093649
1.4203023
1.4380679
1.4067463
1.4521748
1.4001628
1.4289411
1.4328068
1.4118482
1.4489148
1.4333526
1.4360435
1.4033707
1.4081366
1.481716
1.4392815
1.4350578
1.4018289
1.3710331
1.4137694
1.425545
1.4109386
1.387039
1.4078718
1.4080263
1.4483202
1.420719
1.3778751
1.4153254
1.386462
1.4476718
1.4458405
1.3795216
1.4071673
1.4239978
1.4072808
1.462384
1.4195025
1.3776491
1.4269089
1.4546345
1.4218241
1.4279512
1.4188818
1.4263952
1.3862432
1.4064713
1.4244012
1.3565818
1.4212027
1.4042882
1.4458908
1.3988597
1.4831486
1.4131804
1.4151652
1.4179876
1.4267405
1.4434305
1.4083253
1.4206703
1.4148517
1.3826977
1.3981513
1.3803672
1.4309483
1.4329187
1.4257084
1.398669
1.4148109
1.4259788
1.4408187
1.4269856
1.3921466
1.3958995
1.4231699
1.402911
1.4469852
1.4128292
1.4218403
1.4575899
1.4344711
1.4126639
1.4129338
1.4520797
1.3688844
1.4475228
1.4013565
1.4332318
1.3923949
1.4296415
1.4049616
1.4152727
1.4149927
1.3794198
1.4049265
1.4332238
1.4497778
1.4660693
1.3893647
1.4051201
1.4148976
1.497725
1.4334208
1.3849238
1.3916864
1.3876139
1.4117292
1.3783756
1.4113804
1.4316843
1.409393
1.4623046
1.455941
1.4544234
1.42578
1.4438109
1.4452963
1.3976486
1.417164
1.4269803
1.4333833
1.4379169
1.4306446
1.3987019
1.4299551
1.4006864
1.3901539
1.4197936
1.4552045
1.4289843
1.4007266
1.4410677
1.3900416
1.4059373
1.444938
1.4145648
1.4096278
1.4423308
1.4481502
1.450911
1.4387817
1.4169499
1.4889214
1.4018941
1.4001932
1.4002001
1.4513488
1.4429007
1.4265004
1.4093883
1.3954024
1.4490199
1.4389033
1.4302572
1.413409
1.3549387
1.4752071
1.4231023
1.3976461
1.4041626
1.394521

1.4074367
1.4161983
1.3866569
1.425696
1.3599921
1.4062443
1.4203881
1.421022
1.4171008
1.3914256
1.4094634
1.4622564
1.4159743
1.4386059
1.4170052
1.4019997
1.4153218
1.4074503
1.4088701
1.396876
1.3985821
1.4457633
1.4196656
1.4286559
1.3994459
1.4069062
1.4041681
1.4347347
1.4238806
1.424655
1.405939
1.440133
1.4195024
1.426224
1.4424007
1.4048352
1.415757
1.4117088
1.3972857
1.4036373
1.4158703
1.4264741
1.4164195
1.4053144
1.4333028
1.3878051
1.424102
1.3747447
1.4053099
1.4176066
1.418017
1.4121604
1.396681
1.4084997
1.4448984
1.4104667
1.3974955
1.4162931
1.435216
1.4142166
1.4040809
1.4033273
1.4527799
1.3777424
1.4660763
1.4161662
1.4276898
1.3894149
1.4002553
1.4045715
1.4072698
1.4270462
1.4166462
1.4293692
1.4472506
1.4266086
1.433109
1.441564
1.4180387
1.4180899
1.4116446
1.405912
1.3915932
1.4345906
1.4100161
1.421868
1.4160159
1.4043429
1.400697
1.3895361
1.4390844
1.3890754
1.4342399
1.4451627
1.4099678
1.3970757
1.4168667
1.4230376
1.4061098
1.4177663
1.4045625
1.4241465
1.436742
1.4217526
1.4302683
1.4090809
1.4276103
1.4148242
1.4267881
1.4117419
1.4042859
1.4011241
1.425581
1.4178671
1.4043697
1.3951302
1.4058352
1.4193
1.410988
1.4186904
1.3961903
1.4142644
1.4375161
1.4374701
1.4061034
1.4072504
1.4306946
1.4341953
1.4061503
1.4204665
1.3860748
1.4665939
1.4251374
1.4407033
1.4350871
1.3881832
1.4151139
1.4168973
1.434786
1.4108458
1.4461304
1.4356381
1.3984499
1.4133412
1.4056731
1.4075737
1.4192165
1.4042393
1.4168172
1.3704412
1.4011644
1.3797524
1.4139749
1.3950852
1.3750973
1.378108
1.4375342
1.4439285
1.4330025
1.4171636
1.4084079
1.4291192
1.4497521
1.4103084
1.4121807
1.4330487
1.4003761
1.4076524
1.4217952
1.4433538
1.4136049
1.4337273
1.4099418
1.4627748
1.4044883
1.4110721
1.4464779
1.4036775
1.4069079
1.445556
1.4087349
1.4105105
1.440366
1.4020101
1.4098519
1.4003371
1.4256674
1.4149077
1.3940899
1.4587898
1.4664357
1.4034859
1.4172677
1.4090503
1.434814
1.4563329
1.4404005
1.45246
1.4022747
1.4324608
1.4330289
1.4511161
1.3862549
1.4249507
1.3980787
1.4204874
1.4403012
1.4029087
1.4357861
1.4223442
1.39127
1.3918726
1.4062268
1.4355078
1.4124478
1.4455148
1.4486016
1.4257886
1.398716
1.4242036
1.4328295
1.3930023
1.4340839
1.4265995
1.3980546
1.4145103
1.4178542
1.4126986
1.4056542
1.4045391
1.4050121
1.4065953
1.4191921
1.4315807
1.4205743
1.3878984
1.4354349
1.4322674
1.4346118
1.4247435
1.434182
1.4223437
1.4248677
1.4238894
1.4073368
1.4383457
1.400192
1.398206
1.4195405
1.4180459
1.4320295
1.3999951
1.4156725
1.413761
1.405255
1.3988043
1.4266201
1.4317863
1.4417633
1.4094281
1.3980327
1.4393761
1.373294
1.4323714
1.4237053
1.4419972
1.4253745
1.4340134
1.3937074
1.414636
1.4032137
1.400198
1.3882723
1.3804275
1.4079351
1.4429435
1.4225943
1.3886518
1.4241344
1.4449973
1.4626038
1.442711
1.3920975
1.4454982
1.398092
1.4205824
1.4115455
1.4466393
1.3948128
1.4316255
1.4227704
1.4064847
1.4352146
1.4126048
1.4493067
1.4219811
1.4494824
1.4493821
1.41701
1.4469024
1.4325895
1.3788823
1.3984606
1.4092085
1.4269121
1.4552573
1.4166492
1.4054452
1.395905
1.4205846
1.4286028
1.4076738
1.4098921
1.4210861
1.4317559
1.4150307
1.4087843
1.4228655
1.4409243
1.4182686
1.4040576
1.4527313
1.4322757
1.3915123
1.433591
1.4394217
1.3991399
1.4117514
1.4052358
1.4301938
1.4049482
1.4303553
1.4417129
1.4011161
1.3726419
1.4165347
1.3644031
1.4005451
1.424503
1.4575914
1.4261645
1.4313759
1.4130353
1.4079518
1.4293255
1.4241835
1.4105086
1.4096829
1.3780149
1.416006
1.4023789
1.4361058
1.4210727
1.4441061
1.3871034
1.3951187
1.3935386
1.40269
1.4173217
1.4325179
1.4365504
1.4400665
1.3839313
1.4223824
1.4237587
1.4117028
1.3919028
1.4308145
1.4105523
1.3853309
1.3980572
1.3792675
1.4079704
1.3804595
1.4193368
1.430566
1.4153811
1.4224892
1.4437181
1.4551808
1.4122099
1.3969339
1.392601
1.4467825
1.4012198
1.4618225
1.4184476
1.4636122
1.4199735
1.393845
1.3907164
1.4216256
1.4127184
1.4338638
1.3875203
1.3762333
1.4226451
1.4082246
1.4125409
1.435465
1.4547939
1.4361957
1.4239929
1.4059794
1.4607544
1.3962635
1.437891
1.4396636
1.3794533
1.4037436
1.4287456
1.4253242
1.4129719
1.4669579
1.4139117
1.4135845
1.4050255
1.4062628
1.4209272
1.4390738
1.4456851
1.4144313
1.407222
1.3989909
1.4339156
1.4259074
1.3678476
1.4199246
1.4218297
1.4033295
1.3956118
1.4587754
1.4136153
1.3918499
1.4175365
1.3674912
1.3899488
1.4231502
1.424887
1.400415
1.4131656
1.4216484
1.4055911
1.4422609
1.4069283
1.4256598
1.3977659
1.4240283
1.4125088
1.4239044
1.4216778
1.4133686
1.4322866
1.4405094
1.408723
1.4034907
1.4553533
1.4287403
1.4227523
1.4254026
1.4284928
1.4346651
1.4041297
1.4160265
1.4232389
1.4371504
1.4063175
1.4710796
1.4229083
1.4205401
1.4041018
1.4071295
1.413859
1.4206456
1.4478054
1.424539
1.42706
1.3947996
1.4145201
1.4397918
1.424568
1.4033247
1.4224266
1.3949716
1.3952738
1.4213068
1.4025145
1.3907645
1.4104832
1.437215
1.4165753
1.4047064
1.4011248
1.4150155
1.4133866
1.4114243
1.3958076
1.4276603
1.4239492
1.4212011
1.4088111
1.3873087
1.4015238
1.387934
1.427528
1.418823
1.4076297
1.4230785
1.4020524
1.3930749
1.4356755
1.4241275

1.3995192
1.4069538
1.4242729
1.4556967
1.4284517
1.4488373
1.3956449
1.4202062
1.4271362
1.4102709
1.3955253
1.4154232
1.3914294
1.3984066
1.3934569
1.416574
1.401831
1.4003092
1.4163082
1.4055487
1.4228468
1.4532604
1.4015009
1.4188608
1.4092845
1.4308984
1.4157683
1.4221234
1.4092442
1.4024261
1.411752
1.4136525
1.3939143
1.3922814
1.4200145
1.4095445
1.4288969
1.4586078
1.4146931
1.4243981
1.4237707
1.4146513
1.4302863
1.424585
1.4086348
1.4073143
1.4110566
1.4476597
1.4371448
1.4160798
1.4125086
1.4112297
1.423376
1.4279577
1.4225852
1.4212571
1.4074134
1.4143461
1.404358
1.3823467
1.4128221
1.4333098
1.421235
1.4037735
1.4576553
1.3907745
1.4235461
1.3914558
1.4185989
1.3964398
1.413995
1.4282206
1.4193406
1.4395331
1.4259278
1.4000041
1.4172369
1.4215574
1.4208909
1.4252837
1.4117047
1.4066377
1.4424839
1.4005668
1.4163966
1.4074914
1.4063144
1.4159693
1.4179022
1.3823421
1.4232289
1.4125525
1.4268177
1.4053978
1.4151933
1.3768934
1.4459195
1.442515
1.4385667
1.4122272
1.4316413
1.4118388
1.4284273
1.4280443
1.4307337
1.4383154
1.4376428
1.41222
1.4151453
1.4246328
1.4178787
1.3833468
1.4192119
1.4213495
1.4135797
1.3939246
1.4360385
1.4115869
1.4034437
1.3967228
1.4130452
1.4140193
1.3938671
1.4165919
1.4219203
1.3935748
1.4245772
1.4363948
1.3931994
1.4448925
1.4190534
1.4346786
1.4051303
1.3980492
1.4190555
1.4245054
1.4086512
1.4211235
1.3908907
1.3913201
1.4151684
1.4086094
1.4236474
1.4195724
1.4209163
1.392913
1.3965127
1.4197254
1.4371262
1.4107139
1.3969842
1.410533
1.3980839
1.4290695
1.4341762
1.43235
1.4207171
1.421122
1.4174254
1.3848033
1.4297351
1.4192809
1.4251841
1.4375846
1.4105831
1.4256643
1.4372828
1.4252476
1.4210156
1.4114625
1.3981168
1.4017358
1.4090489
1.4097815
1.4002305
1.4220104
1.4076239
1.40778
1.413224
1.4259253
1.3956275
1.408048
1.4322451
1.417654
1.4115273
1.410632
1.4192928
1.416598
1.4153975
1.4108877
1.3830227
1.4316149
1.3801718
1.4052215
1.4131483
1.4153217
1.4096377
1.4271884
1.448484
1.4243367
1.42954
1.4434164
1.4070225
1.4119796
1.4331236
1.4022834
1.4156
1.416896
1.3912127
1.4072064
1.4341017
1.4313722
1.4039687
1.3951694
1.404245
1.4144087
1.3979098
1.4306128
1.3992069
1.4174514
1.4168835
1.4508561
1.407937
1.3989787
1.4199613
1.454441
1.4124293
1.409943
1.4067687
1.4232899
1.4486196
1.4186815
1.417272
1.4257842
1.4104006
1.441343
1.4317265
1.4162246
1.4252831
1.4278841
1.4232516
1.3692689
1.4068424
1.4098359
1.4202421
1.4077393
1.4281785
1.4159749
1.4081053
1.4148626
1.4042802
1.4213682
1.4005218
1.4086564
1.432284
1.4204309
1.4159608
1.4320247
1.4205173
1.4073157
1.4382385
1.4294713
1.413563
1.4215158
1.421749
1.4111867
1.4120827
1.4197742
1.3991548
1.4399557
1.4354589
1.4287701
1.3903917
1.3850675
1.4325361
1.4241848
1.428356
1.4124126
1.4286675
1.4337763
1.4247142
1.397882
1.4368962
1.4110913
1.4127451
1.4381207
1.4158618
1.4392792
1.4030612
1.4194653
1.4223965
1.3741158
1.4250709
1.4411923
1.4478927
1.4001132
1.4108515
1.4235593
1.4339056
1.4376923
1.4381369
1.4056162
1.4597225
1.436505
1.4224143
1.4216458
1.4115711
1.4328874
1.4177778
1.4106315
1.4138943
1.4054809
1.4004784
1.4120302
1.4219352
1.41265
1.42892
1.4026865
1.4342657
1.4458567
1.4121234
1.4199768
1.3943697
1.4205123
1.428334
1.4024154
1.4129514
1.4246306
1.4528362
1.4190586
1.4141735
1.441971
1.4583714
1.4019483
1.4292681
1.4344282
1.4104955
1.4110966
1.4052484
1.4093312
1.4004468
1.4311876
1.4220109
1.4251382
1.4300613
1.4171343
1.3972286
1.4473487
1.4007757
1.4109554
1.4102082
1.4320644
1.4187973
1.4243623
1.4213203
1.4251192
1.4415128
1.4134508
1.4147898
1.4008257
1.408622
1.4379154
1.4226009
1.4360298
1.408529
1.4078379
1.424142
1.4359224
1.4039763
1.413188
1.4269713
1.4023904
1.4231987
1.4030302
1.396182
1.4070909
1.4433401
1.4018346
1.4642389
1.4088985
1.423409
1.4315894
1.4314651
1.418095
1.4231939
1.3955207
1.4122998
1.4088887
1.430973
1.4090056
1.4598612
1.40379
1.44985
1.4014564
1.4753413
1.4197205
1.4142812
1.4314138
1.4241995
1.4234973
1.4026498
1.4126207
1.4102354
1.4117892
1.4103254
1.4269586
1.4271181
1.4240685
1.4227573
1.4368373
1.4278243
1.3981255
1.4193282
1.4570051
1.4437892
1.4359201
1.4009318
1.389786
1.4195441
1.4346626
1.396757
1.4050012
1.4092278
1.3951895
1.4204209
1.4139336
1.4271784
1.4438616
1.409963
1.433495
1.4161179
1.3982227
1.4298366
1.4156525
1.4020233
1.3919203
1.4054213
1.4135077
1.4170655
1.4165949
1.4445406
1.4334587
1.408808
1.4413837
1.4157809
1.4163628
1.4018656
1.4295851
1.3919882
1.3888484
1.4077936
1.4530098
1.4349593
1.4299911
1.403101
1.4092331
1.4163182
1.4227235
1.4168975
1.4282022
1.424644
1.4158616
1.401723
1.4099514
1.4287767
1.4324048
1.4009858
1.4113065
1.4483293
1.3932365
1.4264266
1.409105
1.4122888
1.4359382
1.3910205
1.4053156
1.4169959
1.4367882
1.4261837
1.4136564
1.397188
1.4296395
1.4197507
1.4024224
1.4134462
1.4102083
1.3917803
1.4157456
1.41697
1.3888954
1.4197572
1.4169526
1.4348931
1.4082376
1.4176517
1.4321184
1.417965
1.4811031
1.4003084
1.4407605
1.4026986
1.4355417
1.4071172
1.4191391
1.4252756
1.4673266
1.4088361
1.4025475
1.4424086
1.4194129
1.3770765
1.4205397

1.4232241
1.4021589
1.4098848
1.4220871
1.4061875
1.4203821
1.455244
1.417253
1.4358245
1.3890215
1.417746
1.416324
1.4365419
1.4265034
1.3957824
1.4204676
1.4359081
1.4070873
1.4351074
1.4060377
1.4225708
1.405993
1.4520824
1.4270285
1.3959887
1.3918303
1.427034
1.4161214
1.4212425
1.4388293
1.4307889
1.4194266
1.4123855
1.4263538
1.4265949
1.4136926
1.4206382
1.4076906
1.4231241
1.397561
1.4148549
1.4013815
1.4030627
1.4074216
1.373463
1.4347048
1.444151
1.412164
1.4433044
1.4455085
1.4220287
1.4195113
1.3974986
1.4026877
1.4138585
1.4112362
1.4168591
1.4158117
1.4248039
1.4369639
1.407508
1.4005975
1.4196236
1.4134842
1.4386007
1.4335604
1.4280056
1.3954968
1.4218887
1.3939124
1.4261601
1.4471521
1.4161533
1.4351401
1.4387616
1.4147425
1.4117721
1.4114583
1.431058
1.4041641
1.4176462
1.4338933
1.4257423
1.4236165
1.3977336
1.4008008
1.4292676
1.3749903
1.4103706
1.4115548
1.4424466
1.4160728
1.4226065
1.4231738
1.4322917
1.3900813
1.3964581
1.3985972
1.4337833
1.4237977
1.4103888
1.4086685
1.402739
1.396458
1.4083295
1.4179707
1.4156821
1.4097834
1.4419694
1.4291842
1.400678
1.4090469
1.3948468
1.4400649
1.4244837
1.4113082
1.3832387
1.4369415
1.4452002
1.416591
1.4180405
1.4199477
1.4294277
1.396848
1.4135082
1.392185
1.4189566
1.4369061
1.42576
1.4132208
1.4256301
1.4661915
1.4216981
1.4257518
1.4107022
1.4186103
1.4309099
1.4138273
1.4035056
1.440341
1.4101784
1.4190181
1.405591
1.40541
1.431715
1.400866
1.4130511
1.4288316
1.4166424
1.435881
1.4413292
1.4172826
1.4069717
1.4340361
1.3872933
1.4183367
1.4090552
1.4260857
1.4290868
1.3926399
1.4368685
1.4216202
1.4352856
1.4039903
1.4073266
1.4124986
1.420181
1.4369483
1.4072741
1.3905188
1.398673
1.4132411
1.3939849
1.4248576
1.4083972
1.4141679
1.4408063
1.4157964
1.4168181
1.4018958
1.4108291
1.3934693
1.4254936
1.4169849
1.4285153
1.4225192
1.4535804
1.4414479
1.3835834
1.4353001
1.4358686
1.4240389
1.4530627
1.4173881
1.4148567
1.3928528
1.4084156
1.433815
1.4274052
1.456661
1.391535
1.4314418
1.4234031
1.4159683
1.4294909
1.4298142
1.4281259
1.4078537
1.4115496
1.4280651
1.411456
1.4338328
1.4164733
1.4103928
1.4348929
1.4333097
1.4218479
1.430353
1.4265566
1.4425672
1.3996942
1.4174079
1.4320829
1.4091436
1.4172742
1.4055306
1.3897035
1.4370539
1.3965361
1.4393632
1.4075283
1.4624852
1.433175
1.4239167
1.4343637
1.4115597
1.4292879
1.4100267
1.4037849
1.4243481
1.4310224
1.4213212
1.4292082
1.4015212
1.4156033
1.4155163
1.4245814
1.4158164
1.4205685
1.4103075
1.4072782
1.4224412
1.4188477
1.4250798
1.407351
1.4011292
1.398058
1.4124198
1.3996595
1.4010181
1.420582
1.3906171
1.397111
1.410131
1.4495775
1.3918353
1.415066
1.4194809
1.4309818
1.4038804
1.4150794
1.4102024
1.4170593
1.4140272
1.3893899
1.430217
1.3871831
1.4281046
1.4204818
1.4103609
1.4409294
1.3971688
1.4347057
1.4311364
1.4076197
1.3710667
1.4193807
1.4321114
1.4210516
1.4208645
1.4132835
1.4076777
1.4044138
1.395975
1.4188503
1.4065617
1.4275764
1.4094036
1.4213064
1.4235611
1.4025376
1.4355992
1.4009581
1.3973088
1.4226037
1.3980122
1.417549
1.4296035
1.4327693
1.4075058
1.4160497
1.3924224
1.427607
1.421037
1.4383516
1.4151745
1.4124959
1.4259461
1.4256254
1.4035169
1.3772562
1.4271209
1.4544414
1.4089522
1.4424888
1.4327514
1.4163258
1.4314452
1.4143524
1.4406254
1.4269804
1.4324772
1.4283378
1.4127185
1.4065329
1.414772
1.4276226
1.4191837
1.388939
1.4265712
1.4092441
1.4279932
1.3943383
1.4141419
1.4031616
1.4205608
1.4328834
1.4029202
1.3847382
1.4082978
1.4033163
1.4211564
1.4411762
1.4435632
1.4058511
1.4322538
1.4397975
1.415264
1.4302865
1.4167482
1.3891364
1.4188093
1.4423875
1.4398402
1.4018682
1.413798
1.4234523
1.4152322
1.4073448
1.4279972
1.4068545
1.4201441
1.4276828
1.4166137
1.4245255
1.4296377
1.4466004
1.4089237
1.4040513
1.4215469
1.3912439
1.4460534
1.4168006
1.4448144
1.4024242
1.4273456
1.433933
1.4129069
1.418867
1.4062988
1.4212811
1.438835
1.4464301
1.3959752
1.3976045
1.4181588
1.4212068
1.424194
1.4423493
1.4302012
1.4215752
1.4160947
1.4038453
1.4164605
1.4297807
1.4148223
1.435364
1.4271102
1.4286118
1.4114683
1.4236027
1.4216673
1.420113
1.4116813
1.4438652
1.4086006
1.4147229
1.4301549
1.4209921
1.4126616
1.4185185
1.4287285
1.3931459
1.4001492
1.4450178
1.4139013
1.4091449
1.4013242
1.4045856
1.4129249
1.4102374
1.4084558
1.4116442
1.3964517
1.4124482
1.4352828
1.3996714
1.4226866
1.4042395
1.3938427
1.4109714
1.4182245
1.4288048
1.3987303
1.4081552
1.4214351
1.4182583
1.4167113
1.4048114
1.4179813
1.4017149
1.4209753
1.4071071
1.4176445
1.415262
1.4354488
1.4504983
1.4178458
1.4071486
1.4275275
1.4230933
1.4095684
1.4153258
1.426915
1.4379771
1.4198061
1.396297
1.4411422
1.4241511
1.3870022
1.4220074
1.4033265
1.4013826
1.425243
1.4065514
1.4042451
1.3909714
1.4369795
1.418516
1.4032143
1.40561
1.4080527
1.4343715
1.403673
1.4126056
1.4244078
1.4421042
1.4136561
1.4163148
1.4138522
1.4235419
1.4213569
1.4103494
1.4184706
1.4369856
1.382456
1.4165015
1.4274617
1.414809
1.424036
1.4170468
1.3974137
1.4208646
1.4131837
1.4169698
1.4126853
1.4084959
1.4382952
1.4287875
1.4066596
1.4038984
1.4273872

1.443743
1.3992605
1.4235944
1.4378656
1.4469733
1.3949978
1.396788
1.4091362
1.4080006
1.4270078
1.4052958
1.3964068
1.4255401
1.431601
1.4472029
1.4326307
1.4093684
1.421959
1.4061022
1.4148232
1.4109958
1.400048
1.439705
1.4075456
1.4264444
1.4547448
1.4151002
1.392649
1.4241526
1.4087354
1.4220953
1.4062257
1.4141918
1.4189972
1.4219241
1.4219165
1.3776139
1.4067066
1.4114525
1.3795202
1.4089574
1.4457272
1.4024456
1.4205945
1.4319738
1.4036756
1.388887
1.4165488
1.4080603
1.4175353
1.4177091
1.4039261
1.420047
1.4479964
1.4205872
1.3911638
1.4159217
1.4307683
1.4156301
1.4281069
1.387792
1.4096197
1.4315702
1.4308879
1.4193685
1.4197932
1.42779
1.415288
1.429663
1.4239404
1.3927135
1.4188256
1.4227154
1.3993404
1.3911788
1.4075375
1.4306273
1.4195156
1.4203295
1.3937138
1.4066883
1.4127904
1.4419217
1.4049236
1.420697
1.4059265
1.4021233
1.424324
1.4132009
1.4197838
1.4425391
1.4250503
1.4167815
1.427188
1.435798
1.4441942
1.3983331
1.414476
1.4148257
1.4169043
1.4088703
1.4357914
1.442527
1.4301487
1.4261588
1.3916665
1.4065193
1.4155171
1.4111831
1.4503073
1.395426
1.405986
1.4109203
1.4185424
1.446499
1.4185898
1.3981886
1.4294395
1.4189034
1.4248425
1.412811
1.4121944
1.4262625
1.4384365
1.4085703
1.4378201
1.4165429
1.4148717
1.4314607
1.4093862
1.4059644
1.4352767
1.3924034
1.4158505
1.4460768
1.4423413
1.415434
1.4235582
1.4043765
1.4002581
1.4215274
1.4148967
1.4047264
1.4276834
1.4257876
1.4285662
1.3992549
1.4077092
1.3774835
1.416011
1.4293171
1.4297446
1.4330885
1.4306906
1.4125302
1.390943
1.4305668
1.3877516
1.4408696
1.4343884
1.4388711
1.4264162
1.4034833
1.4169235
1.4351796
1.4073493
1.428455
1.4368567
1.3751382
1.3989565
1.4509598
1.415864
1.4101459
1.4016107
1.4173942
1.4171132
1.4265099
1.4027795
1.4150544
1.3977433
1.3993926
1.4037232
1.4196244
1.4018929
1.4226348
1.4407604
1.454655
1.4238781
1.4096482
1.4151465
1.4316384
1.4217032
1.4082552
1.3888611
1.4175781
1.4276173
1.4047114
1.4236803
1.4034303
1.3976542
1.3987398
1.3855237
1.4034865
1.4251293
1.4239721
1.3932647
1.4138423
1.4198083
1.4313339
1.3917426
1.4240677
1.4045335
1.4265777
1.4341553
1.4155667
1.4187083
1.4228412
1.4093481
1.4317569
1.4288261
1.4111831
1.3989613
1.4511827
1.4109123
1.3920307
1.4034288
1.4045297
1.424104
1.4318328
1.4309815
1.413547
1.4136685
1.4000685
1.4236522
1.3925024
1.3853939
1.4128724
1.4258113
1.4210014
1.4211544
1.4107213
1.4123003
1.408949
1.4192494
1.3979249
1.435435
1.416319
1.4158355
1.4176917
1.4121672
1.4282001
1.4132777
1.4214028
1.4141372
1.4234476
1.3958435
1.414818
1.4054617
1.439335
1.4413702
1.4344237
1.4126046
1.434656
1.4230623
1.4237409
1.4198688
1.401346
1.4062632
1.4132694
1.4077247
1.4277672
1.4110789
1.4091372
1.3868713
1.4192405
1.4123727
1.3925856
1.4155799
1.4264265
1.4105245
1.4510219
1.4058226
1.4010624
1.4071258
1.4074763
1.4079013
1.3969007
1.4022012
1.4341339
1.3986557
1.4210893
1.4252437
1.4236954
1.4425659
1.4210021
1.3988055
1.4078702
1.4421576
1.4530241
1.4168917
1.4247336
1.4319943
1.4320395
1.3865532
1.4206318
1.4175605
1.4302143
1.4319795
1.4140755
1.4177661
1.4214672
1.4166123
1.4236284
1.4222747
1.4113761
1.4139248
1.4257863
1.4012582
1.3840165
1.4120005
1.4149607
1.4211239
1.4168808
1.4001566
1.4140923
1.4061002
1.4459871
1.3944598
1.4231337
1.4332106
1.4075472
1.3932743
1.430477
1.4282643
1.4346335
1.4201542
1.3993418
1.4323198
1.4144386
1.4079709
1.4118396
1.4145341
1.4233736
1.4055246
1.4013106
1.418805
1.4037604
1.4108858
1.4055773
1.4105382
1.4443209
1.425756
1.4151064
1.4189914
1.4065938
1.413853
1.4393343
1.3831306
1.40903
1.4134425
1.414716
1.4138484
1.4242166
1.4111631
1.4518207
1.4156586
1.4378508
1.3999679
1.3956228
1.429528
1.42735
1.4218754
1.4282005
1.4177315
1.4214544
1.4098281
1.4146447
1.436581
1.4205364
1.4246246
1.3974438
1.4107802
1.4350042
1.4394063
1.4486679
1.4478183
1.4219242
1.4171138
1.4152142
1.4116825
1.4014117
1.3977005
1.4247848
1.443969
1.4279402
1.4206128
1.4056883
1.4323595
1.4460273
1.3970127
1.4119171
1.4341948
1.4350274
1.4151691
1.3911895
1.3858656
1.4274286
1.4238883
1.4083132
1.4310848
1.4053411
1.4162339
1.4159768
1.4362432
1.3929569
1.4032111
1.3974668
1.3998703
1.4056358
1.4406589
1.4267889
1.4291252
1.4416345
1.4291645
1.390216
1.4223056
1.397719
1.3963493
1.4255528
1.4290304
1.4442259
1.4246073
1.4425325
1.401051
1.4300522
1.4439118
1.4002666
1.4531817
1.4174088
1.4389371
1.4165598
1.4105066
1.4148353
1.4314005
1.4307227
1.4016871
1.4186041
1.3942916
1.3841106
1.4007657
1.4477869
1.4140645
1.4022238
1.4009051
1.4268341
1.4230143
1.4082695
1.3989887
1.4252782
1.4216532
1.4092352
1.3944733
1.410346
1.4364508
1.4046597
1.4096507
1.4075539
1.416341
1.4138569
1.4375277
1.4186728
1.4017752
1.4167867
1.4566993
1.4456118
1.4070834
1.4028648
1.4160029
1.4301956
1.4137987
1.4410124
1.4179722
1.4403139
1.4215494
1.4155114
1.4211972
1.3858837
1.4416763
1.4149321
1.4384284
1.4034439
1.4096167
1.4269297
1.4429485
1.4422016
1.4118435
1.4253029
1.4150194
1.4213583
1.4046775
1.4151455
1.4105393
1.396581
1.4212115
1.4134303
1.4041523
1.4354304
1.3746623
1.4016817
1.4339305
1.443834
1.391662

1.4065945
1.4170072
1.4052333
1.4388777
1.4179542
1.4183558
1.4362764
1.4180958
1.3991243
1.4080497
1.4307877
1.4286754
1.407593
1.3872032
1.425008
1.3962356
1.4296975
1.4143064
1.4171275
1.4039205
1.414162
1.4079876
1.4337263
1.4275134
1.4332216
1.3903557
1.4097189
1.4409204
1.4049432
1.398668
1.4153056
1.4087203
1.4250872
1.4131395
1.4158978
1.4298491
1.3891498
1.4183152
1.3935935
1.4120461
1.3886213
1.4069158
1.4433419
1.4048907
1.4030029
1.4168041
1.3994615
1.4498557
1.4061841
1.3936157
1.4084299
1.423684
1.4335135
1.4039195
1.4163961
1.4190755
1.4356753
1.4489487
1.405305
1.3796197
1.4130174
1.4112043
1.4285557
1.4081858
1.4011126
1.4135078
1.4137295
1.40623
1.4272873
1.4431914
1.428846
1.4196612
1.4006557
1.4063298
1.4310273
1.413397
1.4277481
1.4069587
1.3857348
1.4174843
1.4116638
1.4117079
1.4171286
1.4112988
1.4257226
1.4197
1.4185357
1.4107972
1.431234
1.4215294
1.4160084
1.4139156
1.4521064
1.4033364
1.4162918
1.4146136
1.4164885
1.4063196
1.4040734
1.4002538
1.3985727
1.392313
1.4259844
1.4406841
1.4061255
1.3946915
1.4230248
1.4063976
1.4100713
1.418783
1.429458
1.4133095
1.4198291
1.4530448
1.4121106
1.4090425
1.4031695
1.438409
1.3842337
1.4133323
1.4174297
1.433373
1.4321871
1.4102098
1.4174447
1.4618689
1.4614646
1.3991637
1.4139318
1.4062997
1.4187018
1.4001781
1.426187
1.4349353
1.4141088
1.399066
1.4281458
1.4156849
1.4594092
1.4133701
1.4208664
1.4284456
1.4409859
1.4223884
1.3994483
1.419295
1.4299653
1.4360037
1.4506388
1.4305743
1.4176024
1.3999524
1.4272784
1.4110302
1.4041227
1.4226155
1.3927208
1.3885005
1.3968748
1.4215648
1.4039618
1.3984215
1.4336189
1.4357687
1.3808745
1.4137466
1.4243417
1.4358783
1.4336908
1.3968247
1.3987
1.4068806
1.4182334
1.40432
1.4294177
1.4063469
1.4199572
1.4136056
1.4176064
1.3907775
1.4292198
1.3965533
1.4298316
1.4211358
1.4131854
1.4341997
1.4245169
1.4402573
1.4349267
1.4143546
1.4052886
1.4257678
1.4153745
1.4353064
1.3944926
1.3987752
1.407895
1.4009998
1.4379691
1.427266
1.4186221
1.4195045
1.4093485
1.4226812
1.4207841
1.3825648
1.4206576
1.4015956
1.4257504
1.4224753
1.4060578
1.4289486
1.4044622
1.4176005
1.4172602
1.4010122
1.4260144
1.4082193
1.4072622
1.4282494
1.4512843
1.4062943
1.4300529
1.4054552
1.4280052
1.4211097
1.4383851
1.4164662
1.42591
1.4354945
1.4213768
1.3830012
1.419194
1.3932785
1.4168413
1.4071443
1.4004257
1.4357288
1.4212502
1.4246386
1.416986
1.3876766
1.4161106
1.4177711
1.3916701
1.4318391
1.4327042
1.4458753
1.4237294
1.4275911
1.3993161
1.421495
1.4328738
1.3877953
1.42028
1.3887963
1.4095087
1.4473028
1.3647181
1.3851331
1.4072969
1.4330736
1.4268409
1.4289843
1.4034917
1.4105277
1.4131414
1.3885008
1.4453657
1.4180114
1.4070305
1.4539336
1.4171585
1.4288747
1.4151077
1.4641826
1.4247891
1.406812
1.4211799
1.3982831
1.3804718
1.4130143
1.420384
1.436473
1.4010657
1.4034842
1.3850214
1.4196073
1.4064478
1.4234208
1.4225845
1.4443754
1.3899353
1.4376879
1.4128284
1.4116158
1.3894464
1.436331
1.4109763
1.4004396
1.4231555
1.4119582
1.4373521
1.4072856
1.4319525
1.4211335
1.4152242
1.438133
1.4302202
1.4373089
1.4123414
1.405572
1.4574897
1.4087653
1.4308568
1.4572836
1.406483
1.437073
1.4170437
1.4136957
1.4231201
1.411617
1.4055461
1.379936
1.3927536
1.4364289
1.4317397
1.4438006
1.4226551
1.4293506
1.4027898
1.393601
1.4469887
1.453137
1.4138253
1.4227394
1.421595
1.4393464
1.4026393
1.4373381
1.4173911
1.4283663
1.4298973
1.3892797
1.3912028
1.4200866
1.4442436
1.4167485
1.4044489
1.3919215
1.4194756
1.432303
1.3923649
1.4178243
1.4060845
1.4222178
1.4156128
1.4052774
1.4398439
1.408032
1.424043
1.4223214
1.4044771
1.3830076
1.4006011
1.4183875
1.4254538
1.3880303
1.3946322
1.4397374
1.4058545
1.4068247
1.4217906
1.4262749
1.4302886
1.4218016
1.414234
1.4569161
1.3957663
1.428107
1.434107
1.4110904
1.4288585
1.4289147
1.4303751
1.4029106
1.4348022
1.4340317
1.4516886
1.426401
1.4025536
1.4297248
1.4165711
1.4143345
1.4263812
1.4091868
1.4106085
1.3860579
1.427061
1.4501817
1.4431816
1.4121215
1.4241353
1.3971963
1.4127681
1.422775
1.4350992
1.4066938
1.4051285
1.3978529
1.4246514
1.4140582
1.4202915
1.4174016
1.4214187
1.4041638
1.4371399
1.416711
1.4203361
1.3922359
1.4060898
1.4068855
1.4351871
1.4278547
1.4099687
1.398112
1.4048084
1.4378303
1.4123125
1.4274257
1.3961723
1.4211346
1.4417636
1.4145653
1.404242
1.3970976
1.4156041
1.3964846
1.4052397
1.4140291
1.4135072
1.4457057
1.4224902
1.4081599
1.4098711
1.4222343
1.4183984
1.4281183
1.3927692
1.4233199
1.4191705
1.4263566
1.4117072
1.4046344
1.4312055
1.3963273
1.4280322
1.437436
1.4273989
1.432949
1.3968142
1.4356633
1.4165478
1.4302148
1.425939
1.403195
1.4092567
1.4293644
1.4071935
1.4198018
1.4190727
1.4024639
1.4126257
1.4609367
1.4289355
1.397083
1.4129343
1.4159589
1.4006805
1.4390035
1.4327066
1.3896295
1.4133192
1.3933216
1.417748
1.4258075
1.418601
1.422664
1.413152
1.4142914
1.3970385
1.3992236
1.419458
1.4170494
1.4126477
1.4443527
1.4298699
1.4056022
1.4354881
1.4283689
1.3969624
1.4154401
1.4470268
1.433007
1.4359014
1.3972901
1.4258533
1.4097317
1.3988287
1.4131775
1.3885932
1.385309

1.7806319
1.7573588
1.7028304
1.6364247
1.7033614
1.6943922
1.7623101
1.7489309
1.7360811
1.7035939

