1.2278397
1.4651973
1.4155939
1.3320876
1.3186685
2.0294664
1.2267287
1.3679508
1.6124371
1.3531171
1.1648988
1.7416747
1.5704114
1.8852681
1.3595802
1.3855467
1.5365777
1.241703
1.5128591
1.6026284
1.4736714
1.1976347
1.5469806
1.8723129
1.2791172
1.3191091
1.4770558
1.4628463
1.4338591
1.4270774
1.31822
1.7244583
1.5372272
1.5841852
1.455006
1.1052855
1.1572067
1.5667979
1.5220999
1.3703045
1.3442708
1.4522665
1.7776273
1.2038976
1.9598306
1.5164981
1.370862
1.2625543
1.3662909
1.3988485
1.6745257
1.418107
1.4923517
1.4616703
1.1556295
1.3656304
1.5738243
1.6198617
1.9999052
1.312218
1.4904364
1.7132863
1.7559384
1.6854349

1.9251505
1.6212068
1.5603913
1.4881419
1.4871304
1.533235
1.7699226
1.5764861
1.6024846
1.9124697
1.5584123
1.5395266
1.4877806
1.5402282
1.5604647
1.6602409
1.7787117
1.6094216
1.6183487
1.6901841
1.5405068
1.4759191
1.4143579
1.4169477
1.5354166
1.5953726
1.5348399
1.9230225
1.5736041
1.7857873
1.8723122
2.0258536
1.4566144
1.5929594
1.8487236
1.4081402
1.5907685
1.6307279
1.6116203
1.9192406
1.5639457
1.5431223
1.6809777
1.9961623
1.6079541
1.898484
1.8750057
1.5852258
1.7041229
1.7182559
1.6860965
1.489587
1.721025
1.6511538
1.6157323
1.4254242
1.4832814
1.4387907
1.4662732
1.8303003
1.6295649
1.5226116
1.6108029
1.5549662

1.3918203
1.6445262
1.5192842
1.4444438
1.3688542
1.517525
1.4725193
1.5839595
1.36308
1.6697444
1.7009219
1.3871421
1.6372961
1.4911265
1.5853902
1.5609219
1.6300844
1.5464277
1.4485351
1.5122126
1.5988432
1.5478009
1.5106422
1.639865
1.5997285
1.6583837
1.3792216
1.5595689
1.4419664
1.4486734
1.4357703
1.5203556
1.520322
1.6041521
1.478376
1.4734405
1.6275032
1.5002153
1.6145781
1.6182702
1.5763705
1.5673313
1.5601687
1.4825531
1.5786263
1.662638
1.4399115
1.5013088
1.4967839
1.5693654
1.4753475
1.606958
1.6369896
1.5692114
1.5727478
1.5444751
1.5244074
1.4338076
1.5490141
1.6065311
1.5675217
1.612054
1.4127831
1.6818209
1.4672372
1.5757551
1.4832731
1.5242467
1.4956462
1.4407057
1.4760748
1.5223147
1.5399692
1.3776878
1.5646542
1.5719448
1.5960144
1.4841659
1.5094763
1.5890046
1.5678102
1.6242405
1.5925246
1.5972385
1.5310044
1.5923964
1.5108213
1.4785371
1.6067852
1.4812045
1.4748031
1.5984905
1.5924872
1.494171
1.5640583
1.5164498
1.4471496
1.5766006
1.3725257
1.5440497
1.4569907
1.5381789
1.6856867
1.501101
1.5490168
1.5727873
1.6432499
1.388508
1.7052788
1.5446151
1.5383244
1.6351448
1.5757915
1.6256795
1.5024511
1.5493187
1.5993112
1.4593781
1.5237148
1.62006
1.5048385
1.7030149
1.5322541
1.5858318
1.5687561
1.4452746
1.5324235
1.5982119

1.4668034
1.6721085
1.6293279
1.5708191
1.4481725
1.5763606
1.4953086
1.3934307
1.5800985
1.4757397
1.7112367
1.5807018
1.5863857
1.6831592
1.5840077
1.6005739
1.6257124
1.565797
1.4985797
1.419943
1.4965745
1.5549304
1.6314796
1.5795493
1.5953089
1.4574416
1.6650614
1.5041584
1.5303383
1.6068586
1.5680568
1.4966475
1.6010371
1.6851649
1.6464504
1.5512093
1.6067363
1.6182541
1.5739522
1.5823314
1.5513076
1.7425596
1.5319979
1.6206069
1.6722353
1.7175087
1.6321175
1.4262111
1.4364756
1.5667148
1.6431445
1.3982975
1.4482877
1.6037657
1.6359819
1.6370463
1.6656723
1.5923059
1.5323608
1.5897177
1.4667472
1.5890493
1.6185099
1.5033298
1.5950404
1.4665902
1.60498
1.6199847
1.534711
1.512432
1.4498599
1.6172152
1.5611842
1.6534165
1.6022198
1.5935678
1.4388477
1.5507649
1.5622907
1.7010216
1.6987101
1.6418563
1.585216
1.6543434
1.5689906
1.6304915
1.6230695
1.6040545
1.6218725
1.5804919
1.591633
1.6501621
1.5900941
1.5789914
1.515351
1.6018847
1.5014045
1.4160993
1.4510446
1.5702766
1.6322652
1.610025
1.6046551
1.6194837
1.6543584
1.4225919
1.5075328
1.4985815
1.4837162
1.5716559
1.5438036
1.5987576
1.5656711
1.6394376
1.5366862
1.5604223
1.6660627
1.5365529
1.6442087
1.6919336
1.5118734
1.5876825
1.6918292
1.5586073
1.6365247
1.6391793
1.7116839
1.4996071

1.5248835
1.5902326
1.5769386
1.545839
1.5806441
1.5197116
1.5703795
1.4796808
1.4725449
1.5593963
1.506965
1.4949516
1.5667137
1.3966556
1.5578882
1.4581565
1.5375252
1.6042255
1.4815354
1.5782318
1.521126
1.536325
1.5969641
1.4868268
1.6180375
1.5160174
1.5543679
1.4699866
1.3475256
1.5865989
1.538686
1.4276049
1.4884619
1.5611198
1.6554441
1.6079762
1.5250207
1.5793457
1.5994109
1.5818484
1.543899
1.5402081
1.557814
1.449243
1.5431252
1.5399461
1.5881493
1.5809313
1.5440254
1.5884486
1.4879416
1.5708357
1.4714056
1.5350621
1.4311615
1.5373367
1.4167906
1.5051372
1.4623941
1.5089633
1.5824325
1.5161502
1.5147513
1.4088347
1.5032853
1.4736016
1.5481861
1.5871471
1.5142007
1.4354137
1.4519781
1.5368863
1.394373
1.5691222
1.4425255
1.596754
1.4665103
1.5832673
1.5862045
1.5048379
1.6645654
1.5537901
1.6182821
1.4047759
1.5619624
1.5559797
1.5169399
1.4746712
1.613241
1.4603263
1.5776
1.4476212
1.5355495
1.4788905
1.5149543
1.5433484
1.4953638
1.5620555
1.4379241
1.5002137
1.6564498
1.6077231
1.4077451
1.4175476
1.6261289
1.5538479
1.3957638
1.5009594
1.4977574
1.4548004
1.5328692
1.4915984
1.4361221
1.4785427
1.5976863
1.5696237
1.5220933
1.378006
1.5428933
1.575125
1.5960089
1.438009
1.5721045
1.5918126
1.5088308
1.5909
1.4132662
1.5149128
1.6474315
1.5573202
1.5961851
1.6065078
1.5295504
1.4665178
1.5093747
1.5526091
1.4713974
1.6268879
1.567174
1.5484209
1.560241
1.4555757
1.5447367
1.4327818
1.506384
1.5496069
1.5267012
1.4707835
1.496792
1.5735345
1.3930806
1.5328856
1.5970685
1.4815265
1.4512752
1.5449679
1.5057739
1.5405211
1.4186575
1.597295
1.5197685
1.6794133
1.5415057
1.6347642
1.4969109
1.4062929
1.4744548
1.5933973
1.5604472
1.588701
1.4382185
1.6274697
1.5466976
1.4268625
1.5431415
1.5634524
1.5188314
1.678478
1.5621002
1.4528898
1.4472208
1.4555745
1.5857692
1.527363
1.4540612
1.5343605
1.5359133
1.6100118
1.4177501
1.5641009
1.5816225
1.4768484
1.489541
1.4382991
1.588863
1.611846
1.4121096
1.6362536
1.5727804
1.5944287
1.6660336
1.645754
1.6062527
1.5516174
1.5091664
1.412986
1.5946707
1.3987191
1.4436389
1.5346901
1.5124328
1.6119729
1.4466256
1.593635
1.6055312
1.5020711
1.432376
1.3989638
1.5412617
1.4781561
1.5037853
1.5384343
1.5983696
1.4793098
1.4372731
1.4909168
1.5762978
1.6009203
1.5538697
1.5322214
1.5215327
1.5748113
1.6270418
1.6061242
1.6113442
1.5644488
1.5213788
1.4736886
1.5583832
1.5892216
1.5566062
1.6021618
1.680216
1.5515213
1.6498878
1.5749797
1.4464226
1.5755782
1.4670182
1.5888873
1.5992756
1.5665636
1.5563323
1.4716419
1.5717783
1.5316396

1.6802951
1.6553718
1.4700722
1.548248
1.631082
1.6738633
1.5855473
1.5878116
1.6166767
1.6569883
1.7238654
1.6887
1.4500049
1.4968306
1.613341
1.6651982
1.5750183
1.6254648
1.5810627
1.6284251
1.525892
1.6717278
1.6254044
1.700465
1.5535666
1.602761
1.7406662
1.6071934
1.4346861
1.657671
1.5515403
1.4775077
1.6060748
1.5633324
1.6210144
1.6186881
1.4740916
1.6160067
1.6362408
1.5762435
1.5771195
1.5984052
1.6413401
1.6337731
1.4985998
1.5295941
1.641878
1.602424
1.497294
1.60036
1.6472448
1.5922396
1.6009148
1.5887934
1.5259846
1.4688803
1.6157681
1.6073085
1.5881943
1.633826
1.6281028
1.6177825
1.6425518
1.5781306
1.5043741
1.4516706
1.4582531
1.5035048
1.622064
1.6817838
1.6759144
1.6555983
1.5778468
1.5451118
1.5901704
1.504091
1.4647989
1.5874453
1.5637594
1.5032831
1.6108592
1.5417267
1.5042406
1.6086843
1.5381206
1.6295992
1.4560739
1.6648661
1.7153331
1.6699493
1.6450986
1.5100646
1.6243563
1.4741405
1.5651884
1.6043311
1.5883813
1.6744834
1.4487467
1.6234066
1.5961893
1.5280614
1.5112166
1.5963941
1.5183473
1.597095
1.6200786
1.6549408
1.5886718
1.6579462
1.4586854
1.5737005
1.6193417
1.6345387
1.5857627
1.5952878
1.3693671
1.437661
1.5868726
1.472398
1.6265965
1.6854035
1.5304651
1.4035608
1.695161
1.6282364
1.4128423
1.5930235
1.5911136
1.5202937
1.5358452
1.5670164
1.6789557
1.5729244
1.5458243
1.6284598
1.4884706
1.6431623
1.653155
1.5452546
1.5800023
1.5690305
1.4863265
1.5856737
1.6679779
1.4643818
1.6196501
1.691402
1.7370636
1.6135246
1.60596
1.4925175
1.61167
1.5351154
1.5776129
1.49594
1.6683956
1.6341193
1.438119
1.6274219
1.6128206
1.4503331
1.5567515
1.6786463
1.6203872
1.488418
1.512226
1.6611375
1.5762304
1.4845011
1.6124793
1.441024
1.5197071
1.518232
1.6606827
1.6097807
1.4730374
1.481166
1.6345758
1.643564
1.6084915
1.6764936
1.6450871
1.6066117
1.612546
1.6374495
1.448187
1.438847
1.6582655
1.6099507
1.4003571
1.6000575
1.5023867
1.5803554
1.5315559
1.6315944
1.6168624
1.5684206
1.627172
1.4539169
1.4983339
1.6769491
1.646939
1.6322672
1.6331278
1.6628516
1.5127611
1.6868736
1.4565057
1.6152277
1.579744
1.4775077
1.670471
1.5059675
1.6300064
1.5555514
1.6881443
1.4708674
1.4265451
1.6474204
1.725844
1.6106776
1.5692371
1.4303228
1.6479728
1.662142
1.5843437
1.4646174
1.570054
1.6417018
1.5943005
1.5804081
1.644334
1.4767922
1.4949974
1.6211175
1.6150038
1.4300681
1.6792371
1.4471072
1.4737706
1.6102449
1.6606431
1.6263404
1.5201457
1.5873824
1.6411366
1.4839089
1.6402768
1.5897468
1.6060907
1.5573463
1.5943033
1.6300302
1.5841676
1.5926476

1.6829363
1.6946073
1.7432606
1.5873914
1.6716969
1.6028354
1.58484
1.6716574
1.6551515
1.6714233
1.5542883
1.6733671
1.6861991
1.7500337
1.7132424
1.7041706
1.4187295
1.5251116
1.6562811
1.5254894
1.5586482
1.6037631
1.578175
1.6252469
1.7543596
1.7350347
1.6922911
1.7146868
1.6427914
1.5880331
1.6599103
1.5260345
1.628227
1.4796723
1.6023333
1.6354203
1.7503113
1.5879929
1.7322509
1.6593955
1.5187427
1.6240667
1.5633353
1.6999195
1.7128575
1.5089706
1.5888281
1.5564518
1.6046333
1.6806071
1.6194949
1.733312
1.5149175
1.6659986
1.6624699
1.5806534
1.6556739
1.6253062
1.7844512
1.6427134
1.5041317
1.6078366
1.7008563
1.5464944
1.7077357
1.5802801
1.5676572
1.6799998
1.4802853
1.6961534
1.6116866
1.5769765
1.6400759
1.5094905
1.6490672
1.6464143
1.6456534
1.6650486
1.4809115
1.6419652
1.6623672
1.5200477
1.4707936
1.6898474
1.4896244
1.6439079
1.6179838
1.6479547
1.4900056
1.7163883
1.6600893
1.7158505
1.5472356
1.6879851
1.6151946
1.6986213
1.6813215
1.6049255
1.7679194
1.7399021
1.4403371
1.5272311
1.5791692
1.6150768
1.6671734
1.6664748
1.5706555
1.8615185
1.614341
1.7431163
1.7215388
1.6331406
1.4104537
1.6950451
1.5299091
1.6257485
1.6133122
1.7466938
1.640447
1.6484702
1.5986189
1.7371819
1.478929
1.6746539
1.6691658
1.6100043
1.7414048
1.3891176
1.5280174
1.4373375
1.7807143
1.4678037
1.5722959
1.7011311
1.6170727
1.5165457
1.6239449
1.668935
1.7749075
1.5937806
1.4980001
1.49162
1.6336873
1.7748227
1.6698495
1.6102389
1.7272205
1.6067656
1.4660426
1.6627914
1.629399
1.6514817
1.5329705
1.5695928
1.7411186
1.5487992
1.5335141
1.5494121
1.7121245
1.619933
1.5398433
1.576911
1.5471786
1.6242889
1.5770378
1.6260681
1.7417233
1.7000587
1.6855415
1.7466494
1.7114812
1.5991025
1.543557
1.4558402
1.5830337
1.624007
1.7539968
1.4689457
1.6263616
1.4687607
1.5821007
1.4825215
1.6084095
1.6377412
1.620678
1.5722991
1.577679
1.7255493
1.6610717
1.7156013
1.6721762
1.4783024
1.393017
1.646268
1.4437298
1.7071197
1.5942422
1.57554
1.6127965
1.6589278
1.6581229
1.6008586
1.497352
1.7064044
1.4617753
1.5970201
1.6840953
1.6244146
1.7231392
1.4520627
1.7010711
1.5082585
1.6230133
1.6463549
1.6336211
1.6095856
1.6496851
1.7527916
1.6846585
1.6544142
1.4222617
1.707244
1.7155563
1.6602222
1.646181
1.5856042
1.5681471
1.7161626
1.5883268
1.7178138
1.4255881
1.4359312
1.7035694
1.7083828
1.4972485
1.6878878
1.4866709
1.6933525
1.7438382
1.703975
1.5963265
1.5552645
1.7001332
1.5756919
1.5346454
1.7321956
1.6620345
1.814938
1.61562
1.6345518
1.551642
1.6946707
1.4679537
1.6150169
1.6846191
1.6009352

1.558969
1.5948943
1.5874695
1.5327041
1.5659463
1.6344662
1.5666646
1.559075
1.5786709
1.5490301
1.4597471
1.6165588
1.4775532
1.6289197
1.5691844
1.6261916
1.4580668
1.5905349
1.5318333
1.6474353
1.4956633
1.5466857
1.511433
1.4756097
1.5532978
1.582702
1.4906471
1.5469885
1.4963589
1.4441527
1.5654389
1.5725558
1.4236146
1.5379642
1.5200257
1.4720148
1.5472723
1.5691522
1.5044577
1.5451936
1.560104
1.4982973
1.611098
1.6100823
1.4296031
1.6194606
1.5583761
1.6024799
1.5924538
1.6177683
1.530416
1.5914576
1.5141343
1.641975
1.4740605
1.5194812
1.6039872
1.4949608
1.6425784
1.5467076
1.5008408
1.5365098
1.4616607
1.41259
1.6410903
1.5502977
1.5718158
1.4628694
1.5794946
1.525184
1.5313476
1.4585316
1.5464803
1.4959648
1.5267072
1.6120974
1.5335358
1.6297575
1.5358332
1.5746688
1.5653443
1.4556544
1.5288918
1.5596215
1.4522364
1.4602965
1.4884831
1.5573418
1.5165703
1.4366409
1.6186575
1.5805315
1.5260937
1.5609505
1.6420621
1.5586962
1.5948188
1.4452394
1.5264581
1.5240567
1.4451412
1.5610114
1.5183645
1.6034693
1.5612117
1.4739648
1.5986233
1.6187477
1.5313919
1.4900478
1.5518996
1.5674723
1.5200369
1.5195894
1.5223439
1.5044389
1.4862646
1.4605426
1.5936542
1.5255742
1.5303749
1.6671339
1.5470662
1.528139
1.6010703
1.4238768
1.496831
1.6037025
1.49153
1.592389
1.5573077
1.573581
1.4791429
1.5499337
1.53686
1.5678492
1.6039846
1.5965228
1.4790711
1.4505543
1.4940856
1.6138527
1.5840354
1.5440577
1.603779
1.5889664
1.5853325
1.5949559
1.4712237
1.457087
1.5550296
1.5039029
1.4895419
1.5997894
1.5122302
1.4166378
1.477779
1.6253965
1.4430395
1.5502148
1.4903853
1.5711416
1.6092557
1.4499652
1.5818437
1.5041194
1.5210278
1.4689096
1.5644922
1.5369642
1.5844254
1.6053827
1.6370665
1.5614647
1.4301316
1.5753262
1.5195911
1.5191374
1.4598793
1.5197515
1.5973794
1.4916127
1.4560208
1.4809738
1.5786879
1.5487897
1.5135522
1.6156487
1.5322558
1.6104609
1.6145114
1.5442868
1.6403219
1.451296
1.5643957
1.5379957
1.5519247
1.5786754
1.4853024
1.4567777
1.5976418
1.4324213
1.6125519
1.464504
1.5472445
1.6005045
1.4551873
1.5254693
1.5907081
1.5585974
1.5352079
1.5640202
1.543601
1.5823267
1.6008757
1.5051932
1.5494738
1.5311086
1.5034752
1.4819124
1.5592909
1.5344135
1.6056621
1.5383625
1.484588
1.5082221
1.5715289
1.5485449
1.5529604
1.534379
1.5301273
1.5176665
1.6078812
1.5814855
1.5423682
1.5659987
1.5006949
1.537811
1.5581836
1.4285557
1.4590938
1.529506
1.5256367
1.586179
1.5952303
1.6007755
1.4698018
1.6400377
1.4907539
1.5638443
1.5641278
1.6229173
1.5259992
1.5104908
1.5420198
1.5461276
1.5289806
1.5552045
1.5634061
1.5404403
1.5289785
1.5693897
1.6158823
1.5385766
1.5951914
1.5549011
1.5756816
1.512203
1.5046155
1.4388052
1.4926568
1.5221612
1.5346092
1.578389
1.6054176
1.5475826
1.6008552
1.5506251
1.528433
1.5207634
1.4563767
1.5817534
1.6080414
1.5907075
1.6130598
1.4860609
1.5789614
1.540744
1.5295018
1.480744
1.5828581
1.5188477
1.5548759
1.5521381
1.5570095
1.4932134
1.5163653
1.3857592
1.5044132
1.5799923
1.5613744
1.5312245
1.5516183
1.4543763
1.4375631
1.55994
1.5476468
1.583758
1.4743218
1.5720096
1.4907738
1.5426337
1.4605756
1.6011822
1.5959425
1.5122794
1.5307384
1.5231051
1.5678267
1.6484559
1.5559262
1.5871581
1.6336789
1.4670205
1.5320456
1.5180699
1.5066762
1.3982749
1.4298437
1.5816826
1.54953
1.5757881
1.4329175
1.478872
1.5329607
1.5630848
1.5927489
1.4226408
1.5782582
1.4690458
1.565787
1.5974139
1.5068935
1.5529405
1.5991555
1.5536807
1.5948919
1.6241055
1.575303
1.5901455
1.5063595
1.5878631
1.5680954
1.5668716
1.5750421
1.591491
1.5380278
1.6051251
1.5478469
1.4399871
1.5451638
1.5344247
1.4988782
1.5929477
1.6008168
1.5024507
1.6225121
1.5652446
1.5038165
1.595645
1.4235605
1.4582533
1.4714298
1.4496087
1.4930519
1.5164403
1.4947654
1.4930527
1.5770772
1.5227823
1.4982817
1.486042
1.470441
1.5385822
1.54059
1.5442023
1.5644809
1.5401939
1.5809284
1.452035
1.4962934
1.5277032
1.5553279
1.6066295
1.5791571
1.5149328
1.4705787
1.5030409
1.6163303
1.595501
1.5228697
1.6525106
1.4651114
1.4257138
1.5313387
1.4241002
1.5907881
1.4585149
1.5672821
1.5077249
1.5114356
1.5535698
1.5760584
1.4674482
1.6031477
1.4674661
1.5971655
1.4602886
1.5785284
1.6021427
1.4841532
1.5818623
1.5311815
1.576943
1.4975725
1.512671
1.5647713
1.4730973
1.5691675
1.5982898
1.5810767
1.5735916
1.6238736
1.5289733
1.4924312
1.5599757
1.4493303
1.5684454
1.6084813
1.5854104
1.4243754
1.5535697
1.6719193
1.5413232
1.6201377
1.6216639
1.5288745
1.5655936
1.5729687
1.4309258
1.5141954
1.5810968
1.5458844
1.5757606
1.5848471
1.5292133
1.6055211
1.5600947
1.5598258
1.5343878
1.5537814
1.6348064
1.5534765
1.5255053
1.5932137
1.6386157
1.4220648
1.5911037
1.6193986
1.5007566
1.6079769
1.4971819
1.4247301
1.6252664
1.4866619
1.6014072
1.5564805
1.5195719
1.5254307
1.453483
1.4961557
1.4395568
1.5683118
1.5182756
1.4613518
1.4257975
1.6151674
1.6190265
1.5790386
1.4963949
1.5034385
1.5471737
1.604383
1.5735013
1.468072
1.4637846
1.5595294
1.4735698
1.5439824
1.5515013
1.4766026
1.4339439
1.5485749
1.5884373
1.6010648
1.5281662
1.4201552
1.591942
1.4643962
1.5173283
1.5090607
1.5590948

1.4667319
1.589006
1.4801747
1.6360453
1.6422715
1.4744451
1.5162041
1.5764633
1.6162304
1.626318
1.5954236
1.61151
1.4363848
1.456868
1.5133727
1.4764783
1.4086442
1.5986323
1.5622958
1.5951807
1.4375076
1.5675211
1.4905428
1.5746126
1.6136205
1.6202991
1.5890328
1.5542307
1.4899082
1.5775452
1.6649077
1.6757395
1.544123
1.5497842
1.4413713
1.5788305
1.598619
1.6575506
1.6295147
1.5752641
1.547739
1.4880859
1.4724686
1.504487
1.5787677
1.5131042
1.5603762
1.4688054
1.5238245
1.7017634
1.6144485
1.47458
1.6238037
1.5820491
1.6430498
1.5050354
1.4574736
1.5755652
1.548449
1.4930317
1.5978274
1.5919067
1.6216872
1.4547465
1.6237366
1.4846681
1.6214916
1.6038518
1.4892497
1.5305719
1.5414222
1.479778
1.5655128
1.5662715
1.5786998
1.647208
1.5987521
1.6479914
1.469686
1.6165376
1.5876881
1.5493205
1.6617339
1.5389615
1.5780069
1.5649694
1.6322947
1.6318556
1.5798784
1.4508196
1.6381255
1.6642537
1.6163332
1.6636063
1.6749355
1.6638879
1.3999059
1.4245131
1.6432492
1.5702469
1.6104393
1.6366434
1.5775259
1.5415688
1.4846601
1.4987316
1.5018626
1.5746466
1.5022521
1.4522904
1.6390778
1.5750413
1.6561021
1.6164562
1.5247877
1.5509343
1.591014
1.5400764
1.5297229
1.4264657
1.5724502
1.5333863
1.4596335
1.4727517
1.5551044
1.5817038
1.49299
1.5446485
1.5478611
1.5613495
1.6174166
1.6148933
1.647378
1.6389304
1.5992513
1.5966011
1.6129023
1.5944215
1.5940461
1.6563586
1.5488118
1.5562725
1.4975404
1.5123869
1.510511
1.4902976
1.5291976
1.6128714
1.4466078
1.4728822
1.528204
1.6500148
1.5395079
1.5837897
1.6439334
1.4671507
1.540038
1.6592891
1.6197844
1.6243347
1.6274464
1.58738
1.5693442
1.6568267
1.5927515
1.6188527
1.6183116
1.6191846
1.6198639
1.5264632
1.4388355
1.6352997
1.5858294
1.4776525
1.5539591
1.4474152
1.6080272
1.5513185
1.6335734
1.5658381
1.5702333
1.5010235
1.6008351
1.6337882
1.5315769
1.5810052
1.617012
1.644953
1.6132444
1.654898
1.5804266
1.6957189
1.5367645
1.5756811
1.572193
1.5064048
1.5680931
1.6280445
1.5128708
1.5344667
1.5008655
1.5746068
1.6011289
1.5351456
1.6150223
1.54812
1.5737168
1.5799003
1.5230721
1.4429634
1.6177367
1.5925956
1.6012399
1.4571228
1.651702
1.6211964
1.549366
1.5774931
1.5800744
1.6083075
1.6305454
1.645443
1.5774984
1.4177552
1.5598773
1.4971541
1.5128772
1.6327037
1.6006674
1.600875
1.4907253
1.5979077
1.4979964
1.5769618
1.6018503
1.5903059
1.5655812
1.5155573
1.6264675
1.4848208
1.5686821
1.5026755
1.5176952
1.5310326
1.5428885
1.4451551
1.6120336
1.6075912
1.6113402
1.5862223
1.5913725
1.539837
1.6496753
1.6499804
1.5533675
1.5406376
1.4189717
1.4469674
1.6857593
1.566892
1.638106
1.6088411
1.4682285
1.605229
1.6383148
1.5909222
1.4991806
1.53083
1.5918111
1.5594242
1.5308623
1.6255313
1.593203
1.584387
1.5019125
1.4823232
1.5544102
1.5394546
1.4397241
1.4726079
1.5817747
1.6526387
1.483343
1.583751
1.6170149
1.5228312
1.5615653
1.6145
1.6684169
1.6127326
1.5356848
1.5426878
1.4489144
1.5327765
1.5462499
1.6203517
1.4141035
1.5702859
1.6086662
1.5707277
1.5657299
1.5058559
1.6016499
1.4990913
1.6347386
1.5074685
1.7019504
1.6338224
1.5540252
1.5527406
1.5925181
1.5925363
1.4567035
1.5780288
1.5980018
1.6262542
1.519663
1.6434826
1.4883424
1.5630903
1.5649277
1.6197678
1.584829
1.4369673
1.5292088
1.4515226
1.5911206
1.575334
1.5139568
1.5930605
1.6262509
1.6233181
1.6562982
1.6901828
1.4607825
1.5618446
1.6616278
1.6398177
1.5502076
1.5927008
1.4871429
1.5997477
1.5194781
1.5079817
1.4558965
1.4439883
1.6124382
1.572059
1.5240288
1.5571659
1.5982829
1.5129411
1.4378699
1.6194735
1.5579164
1.632441
1.562188
1.505852
1.581788
1.5719867
1.6091565
1.4274873
1.4498457
1.5326171
1.4921536
1.5442727
1.5790861
1.5992466
1.4677377
1.6130342
1.457418
1.4506962
1.4631759
1.5916994
1.615794
1.7299227
1.6112273
1.4268414
1.4799778
1.6068486
1.5736816
1.5390346
1.5721561
1.5626134
1.607111
1.4650838
1.459102
1.6507374
1.5953189
1.6250314
1.5515862
1.6113117
1.5936767
1.4695113
1.535514
1.604255
1.591157
1.5666777
1.6074884
1.4786625
1.4158205
1.5077995
1.6625786
1.6439068
1.4800276
1.606145
1.457105
1.4658899
1.493862
1.5048808
1.6026006
1.4925957
1.574861
1.5678037
1.6598486
1.6067845
1.6375741
1.5701729
1.5543263
1.5156139
1.6012381
1.6422763
1.5511823
1.587924
1.6681191
1.5967077
1.4301049
1.57632
1.5808849
1.5622633
1.4191612
1.4238998
1.557027
1.6214635
1.652737
1.5191917
1.4970307
1.6096258
1.4808104
1.5412517
1.6456655
1.6327803
1.5573801
1.629733
1.6107564
1.5637857
1.7146766
1.4992998
1.4825486
1.559462
1.5118209
1.5748945
1.5222069
1.5242933
1.6725748
1.4578283
1.4512161
1.6310241
1.5695509
1.4616979
1.6442026
1.5932134
1.5321878
1.6267443
1.497944
1.5237706
1.5758415
1.5436163
1.5737227
1.5587571
1.5786668
1.6354977
1.5144999
1.6460156
1.6361214
1.6291634
1.5058794
1.5154957
1.4890085
1.493823
1.5782464
1.5422543
1.6065862
1.5057229
1.6233842
1.5267813
1.5554645
1.6414711
1.4819195
1.6083223
1.5713574
1.57985
1.6289971
1.5265906
1.5248549
1.4751147
1.5288818
1.527906
1.5998778
1.5943179
1.6521592
1.6195953
1.4750493
1.4264134
1.4321676
1.4525445
1.5000373
1.6018425
1.6140945
1.5406178
1.456515
1.5668526

1.423227
1.4602393
1.6852816
1.608648
1.4985409
1.4780564
1.5359813
1.6215916
1.523346
1.5627798
1.4787389
1.5552601
1.5622871
1.5563079
1.4901032
1.5633266
1.4346716
1.4669985
1.5277076
1.5085633
1.5520977
1.5194273
1.484227
1.6216333
1.6717036
1.7077717
1.4574445
1.4553026
1.5248553
1.44639
1.444116
1.4958807
1.5104684
1.4805022
1.6774683
1.4839563
1.4800302
1.5272917
1.4873251
1.5493059
1.4872637
1.5048366
1.5204201
1.6025852
1.5065745
1.4840368
1.5027299
1.4344156
1.4765147
1.4633597
1.6352582
1.4893687
1.6192341
1.4788971
1.6218041
1.5334809
1.5821763
1.4461329
1.5365349
1.5418468
1.6638678
1.5454637
1.5003207
1.4625202
1.5248437
1.4805003
1.5022658
1.4462634
1.6282482
1.4981222
1.5583376
1.4769558
1.6329532
1.4203163
1.4782616
1.5205911
1.6613399
1.6535996
1.4075196
1.47897
1.5459994
1.4744781
1.597924
1.4878669
1.4999019
1.559288
1.4440713
1.6070352
1.4794866
1.4782218
1.8177676
1.4831909
1.5346903
1.5535986
1.4298147
1.5181681
1.5533199
1.5543007
1.5239898
1.5895778
1.5419223
1.4631326
1.5349636
1.5353112
1.4747138
1.4874477
1.4764786
1.4905009
1.4118857
1.4988011
1.447762
1.517326
1.5279816
1.5211176
1.4942913
1.5115905
1.4302244
1.6951925
1.6682179
1.6028442
1.6085122
1.5983262
1.4947542
1.5467305
1.5562387
1.5778297
1.516747
1.6107328
1.503925
1.6174581
1.5248438
1.568838
1.4936093
1.5155843
1.6292356
1.4361043
1.5576391
1.4615655
1.51541
1.5895414
1.5644749
1.6199462
1.5364097
1.8233697
1.6521654
1.5571675
1.5378968
1.4993403
1.5522704
1.4366146
1.5129135
1.5059106
1.5687007
1.5499504
1.537642
1.4428531
1.4530779
1.4965739
1.4917581
1.4842173
1.4775171
1.5471224
1.6404771
1.6526217
1.5533276
1.4653109
1.5340419
1.58506
1.4644058
1.4813673
1.5134702
1.5105009
1.5460106
1.4760011
1.5328377
1.4327251
1.5609498
1.4365815
1.4864944
1.5580918
1.4184933
1.5043672
1.459165
1.6092452
1.4609789
1.4994326
1.4180928
1.4420633
1.4744208
1.7601464
1.5285339
1.4313732
1.4487855
1.484946
1.697516
1.5149106
1.5413269
1.5393921
1.483281
1.48607
1.469082
1.4821578
1.6552941
1.5688615
1.4445858
1.4491676
1.5159686
1.5703751
1.4314914
1.6201206
1.483765
1.4750843
1.7592843
1.478549
1.6842574
1.512014
1.4770014
1.5879871
1.6079746
1.6246122
1.5132946
1.5720838
1.560811
1.5571812
1.4798756
1.484802
1.6338071
1.4655067
1.4526285
1.5146711
1.5613767
1.4866761
1.4986223
1.5568734
1.4920248
1.5733428
1.4742107
1.6223587
1.7487506
1.4623299
1.6986115
1.661216
1.4297377
1.4944278
1.5842402
1.5195413
1.5329634
1.5154966
1.4941269
1.5070662
1.521503
1.6198124
1.5179719
1.4871808
1.6185299
1.5959502
1.4432989
1.5074323
1.451524
1.5090753
1.5703771
1.4382167
1.550598
1.5458243
1.5223155
1.6098963
1.5132562
1.5464884
1.6013724
1.5099801
1.5119752
1.5240043
1.559918
1.5157324
1.4986447
1.4553571
1.4639208
1.4692771
1.615223
1.4824817
1.638833
1.6942235
1.4759705
1.4622532
1.487207
1.6159596
1.6440971
1.5213842
1.522588
1.4135001
1.4828264
1.5921483
1.4791687
1.4930853
1.5791723
1.4523616
1.5403953
1.6673405
1.594004
1.5040412
1.5238036
1.6719406
1.424206
1.5112867
1.5442283
1.4882584
1.5099868
1.5249914
1.481042
1.4216284
1.4979947
1.4560134
1.5115185
1.612643
1.4842826
1.4652656
1.5466753
1.7860929
1.4588842
1.5573648
1.4586562
1.6539139
1.706546
1.5679891
1.496814
1.4477351
1.4929852
1.575948
1.4871746
1.608024
1.5022936
1.4744823
1.6778512
1.5328127
1.7629902
1.6607755
1.4676685
1.4598597
1.5094522
1.5882041
1.5096456
1.5143567
1.4429895
1.5941026
1.4118704
1.4347044
1.5139903
1.5381428
1.7640874
1.5257356
1.4598889
1.7124922
1.4549309
1.4691645
1.5005449
1.5503179
1.4448252
1.6459868
1.4529651
1.5753027
1.6058356
1.6843833
1.5391142
1.5240306
1.5309124
1.6055628
1.5638223
1.6016198
1.4825854
1.4081329
1.4847696
1.7103378
1.435008
1.5220304
1.522437
1.5324695
1.4365672
1.5789071
1.6017226
1.483457
1.7348487
1.5450248
1.6815306
1.539563
1.5039368
1.5103835
1.5022886
1.5073438
1.5131569
1.6377063
1.4124037
1.5055344
1.4909852
1.4411958
1.423417
1.4864453
1.4370183
1.5154579
1.4881067
1.6005541
1.628898
1.6169696
1.4827651
1.5092149
1.5615406
1.5500257
1.446147
1.6011214
1.4314157
1.5970317
1.4528438
1.6915754
1.4732469
1.4740052
1.7594492
1.5261734
1.5267031
1.550354
1.4434896
1.4413781
1.5889819
1.4549321
1.4509934
1.4674913
1.4869686
1.6606987
1.7110181
1.4666088
1.497132
1.6177249
1.6538887
1.5051183
1.4672804
1.4381974
1.4654531
1.4740931
1.4736041
1.4630207
1.575014
1.6460204
1.5560117
1.4999301
1.4877427
1.5409862
1.620065
1.4711332
1.6445715
1.5173305
1.5680816
1.5607073
1.4833726
1.4501802
1.454375
1.550766
1.5635955
1.517062
1.5523005
1.4937472
1.4843687
1.6939704
1.4504958
1.688449
1.55911
1.4912791
1.5317862
1.6256119
1.5305496
1.4824649
1.5520983
1.4744356
1.428609
1.6096792
1.536113
1.5731193
1.5583242
1.489574
1.4753104
1.5015318
1.61626
1.5946896
1.5763992
1.4514164
1.6462762
1.5028775
1.4361482
1.4436382
1.5022572
1.5108653
1.4493618
1.4482665
1.5547355
1.4195743
1.4303933
1.5906893
1.5443938
1.4561353
1.6839863
1.6068126
1.5449169
1.550007
1.5974214
1.5734311
1.510797
1.4829702
1.5245123
1.5375619
1.6039618
1.5387278
1.648745
1.4657005
1.4516692
1.5647943

1.455605
1.4795828
1.4450171
1.4174807
1.5155892
1.4553251
1.4343584
1.5385418
1.4627455
1.4829628
1.452765
1.492621
1.4226863
1.4683746
1.4530504
1.5091586
1.4318763
1.4048659
1.4218371
1.4547716
1.4235182
1.4326953
1.4771281
1.4739579
1.4308457
1.5048693
1.457533
1.4446919
1.4371856
1.4438007
1.4517552
1.4679058
1.4760795
1.4830847
1.4017557
1.4072568
1.4980837
1.4252307
1.4824097
1.4213471
1.4120812
1.4920112
1.4117479
1.483651
1.4954784
1.4801474
1.4691583
1.4759787
1.4965
1.5532042
1.4276243
1.4828069
1.4755028
1.4243621
1.4704039
1.4155961
1.4426538
1.4064105
1.463179
1.4325997
1.4583153
1.4880805
1.4668561
1.4259698
1.4997785
1.5185875
1.4470643
1.4609151
1.4218612
1.4591126
1.4223638
1.4355326
1.4477155
1.5228761
1.4278839
1.4586884
1.4347421
1.4466815
1.4928623
1.4484397
1.4267646
1.4383858
1.4664648
1.4185663
1.4765662
1.4264913
1.4700114
1.4845895
1.474997
1.4447608
1.4560686
1.4041147
1.4348112
1.4175848
1.4647386
1.4428078
1.4233321
1.4331663
1.4007317
1.4259945
1.4041169
1.4994955
1.4818745
1.4326434
1.5320977
1.4340194
1.4434842
1.4920355
1.4666339
1.4465166
1.4471762
1.4572531
1.5040697
1.4574099
1.4891311
1.4530085
1.4762527
1.4817721
1.4968717
1.4469731
1.4546372
1.457277
1.4311562
1.405129
1.4295557
1.3968292
1.495162
1.413716
1.408423
1.4580203
1.441653
1.4219972
1.4156845
1.4241928
1.4422816
1.4615302
1.458583
1.4289353
1.4489875
1.4934757
1.4326941
1.4733135
1.4692707
1.4634424
1.4353054
1.4251281
1.4233588
1.4561524
1.4719588
1.4773327
1.4515034
1.4805441
1.4972783
1.4378462
1.4359602
1.5016019
1.4010246
1.4043993
1.4511664
1.4906315
1.4783365
1.4206235
1.4041877
1.4383361
1.4660922
1.4811782
1.4427776
1.4713297
1.4468949
1.4887278
1.4590415
1.4352754
1.4422752
1.4667858
1.4679242
1.4459864
1.4278027
1.4158634
1.418155
1.4175609
1.4152864
1.4416794
1.4058634
1.4941576
1.4461989
1.4574155
1.4640644
1.533537
1.4297924
1.4253973
1.4549102
1.4997357
1.5057938
1.4390477
1.4192511
1.4841207
1.4424943
1.4197587
1.4531893
1.4858997
1.4759532
1.4789908
1.4643644
1.4814814
1.4446157
1.4787439
1.4377447
1.4776262
1.4404566
1.4255362
1.4589264
1.4235177
1.4577937
1.4501392
1.4546595
1.4484801
1.4354286
1.415527
1.478007
1.4630566
1.4149973
1.4617965
1.4637631
1.431271
1.452496
1.4213965
1.4587876
1.4724667
1.4589818
1.4039226
1.4775327
1.4445392
1.5000442
1.4744396
1.4678168
1.4380293
1.4736173
1.4816087
1.4791468
1.4542512
1.5416998
1.4298651
1.4569124
1.4242983
1.4400358
1.4150592
1.4100366
1.4674846
1.4259448
1.4922369
1.5038068
1.4679618
1.4435451
1.422996
1.4303522
1.4600776
1.4611104
1.4276388
1.4176843
1.428334
1.4585314
1.4863815
1.4422823
1.452743
1.4830282
1.435753
1.430579
1.4325376
1.4708762
1.443203
1.4602519
1.4445251
1.4348537
1.457334
1.4773374
1.441107
1.4640564
1.5006676
1.444018
1.4299344
1.4505936
1.4454105
1.4825038
1.4783727
1.4506578
1.4532807
1.4488034
1.4679601
1.4283746
1.483608
1.4158844
1.4858702
1.4726137
1.4389863
1.4917437
1.4504095
1.4740626
1.4396515
1.4990399
1.4357171
1.4619645
1.4192219
1.5198872
1.4223051
1.4423378
1.4563408
1.4358832
1.5074816
1.5018123
1.456141
1.4492449
1.4768531
1.4418306
1.4917232
1.4331484
1.4192063
1.4588761
1.4364355
1.4861077
1.3932118
1.4613581
1.5018713
1.5085406
1.4353377
1.4649208
1.4395415
1.4202081
1.4543203
1.4627618
1.488373
1.4726652
1.4680817
1.4458716
1.4420208
1.4653337
1.40305
1.4710337
1.4418486
1.4276502
1.3953308
1.4568955
1.4451299
1.4333719
1.4334471
1.4807673
1.4161409
1.4007219
1.4656322
1.4289007
1.4793204
1.5191981
1.4640138
1.4737186
1.4669023
1.433563
1.4064978
1.4498082
1.4313674
1.4455963
1.4493335
1.4345735
1.4556301
1.4108621
1.4109384
1.4790977
1.4550611
1.4557885
1.447141
1.4589472
1.4418571
1.4591389
1.4097933
1.4459001
1.5176103
1.4375608
1.4262205
1.4754092
1.470094
1.4428507
1.4579647
1.4439944
1.41613
1.4246831
1.4283626
1.4431823
1.4789565
1.4341992
1.4509634
1.4856453
1.4747851
1.4423208
1.4209259
1.4602132
1.3913848
1.4384794
1.4345971
1.460546
1.4302453
1.4559091
1.4733412
1.4211576
1.4845619
1.4210193
1.4147587
1.484637
1.4843162
1.4359291
1.47432
1.4548291
1.4157225
1.462014
1.4523085
1.4827318
1.5251964
1.4494538
1.4200913
1.4135785
1.4457989
1.4852843
1.4362754
1.4519128
1.4428515
1.4513828
1.4301287
1.4389188
1.4424596
1.4583716
1.4349188
1.4729375
1.4339743
1.4922931
1.4504275
1.423214
1.4295387
1.4578885
1.4740577
1.4160305
1.4804298
1.4154481
1.4803816
1.497019
1.479867
1.4592328
1.4547342
1.4566178
1.4362231
1.4270388
1.4697963
1.4248878
1.4373765
1.437874
1.4907005
1.4484258
1.4076889
1.4684334
1.4791859
1.4313184
1.4945122
1.5064125
1.4927341
1.4240602
1.4626617
1.492725
1.4358287
1.4621682
1.5134609
1.4684302
1.4753942
1.5089722
1.4476403
1.4630476
1.422286
1.4191139
1.4495293
1.4958154
1.4874495
1.4655122
1.4361017
1.4560064
1.4910408
1.4348253
1.4677114
1.4381554
1.4635862
1.4295998
1.4193546
1.4690113
1.4618409
1.4673216
1.432637
1.4399073
1.4211726
1.434601
1.4352959
1.4637883
1.4457593
1.5186918
1.4607677
1.4680022
1.4549495
1.4348047
1.4309883
1.4239265
1.4633386
1.4091214
1.4356233
1.434987
1.4423311
1.4862806
1.5033771
1.5091374
1.4358785

1.4300896
1.4682811
1.4351205
1.4131832
1.4585754
1.4242052
1.4171278
1.4182483
1.4163945
1.4547961
1.4231477
1.4674402
1.4172883
1.4247404
1.4376886
1.4409676
1.4670454
1.4342295
1.3952545
1.433421
1.4563897
1.393034
1.4354341
1.4182817
1.4063212
1.4469676
1.4258633
1.4314758
1.4597889
1.4352148
1.4407002
1.4277503
1.4340228
1.4560331
1.4514024
1.4316772
1.421327
1.4145378
1.4106523
1.4074922
1.4110942
1.4410493
1.4566164
1.4296486
1.4079283
1.4510071
1.4289434
1.4417257
1.4212644
1.4402975
1.4141874
1.4141881
1.4248276
1.3932891
1.4442233
1.445051
1.4375576
1.4077697
1.4230833
1.4096208
1.4353607
1.4264979
1.4269896
1.4305428
1.4429971
1.4326663
1.4104675
1.4277036
1.3933014
1.4376096
1.4286443
1.4235193
1.4424647
1.4195732
1.4389545
1.4255741
1.4230508
1.4067955
1.4504546
1.4018551
1.443614
1.3844906
1.4096125
1.4156284
1.4261776
1.4385986
1.4114438
1.3983059
1.4509124
1.4215165
1.4440604
1.4323901
1.4623035
1.4286298
1.4389764
1.4407861
1.4251623
1.445856
1.4555285
1.4549873
1.4129797
1.4272845
1.405781
1.4270608
1.4669788
1.4143798
1.4400712
1.4279622
1.4369948
1.4740398
1.4444853
1.4292015
1.42858
1.4409173
1.4098814
1.4271303
1.4241682
1.4200612
1.4643936
1.4533759
1.4472909
1.4387093
1.4149605
1.4296463
1.4720602
1.4413084
1.4471419
1.4204558
1.4389051
1.4126443
1.4289967
1.4314646
1.4396232
1.4264315
1.4663188
1.4533731
1.4263825
1.4208798
1.4330376
1.3953862
1.4331604
1.4306947
1.4351888
1.4625216
1.4288974
1.46106
1.4421576
1.470979
1.4542199
1.4226817
1.4523864
1.4285067
1.445362
1.4468393
1.3920019
1.4378918
1.4669254
1.4342221
1.4473072
1.4157504
1.4603795
1.4432003
1.4342537
1.4378148
1.4082122
1.4381285
1.4469686
1.4650594
1.4417634
1.4710748
1.4311529
1.4259708
1.4729621
1.3976709
1.4496477
1.4042071
1.4186076
1.4581829
1.4109979
1.4388267
1.415399
1.4387445
1.4039224
1.4470149
1.4419506
1.4803838
1.458752
1.4299396
1.4189975
1.434353
1.4347321
1.422863
1.4136937
1.4338571
1.4274595
1.4288774
1.4157548
1.4328297
1.4169307
1.3915828
1.4350806
1.4724649
1.4232233
1.4180982
1.4731295
1.4344974
1.4050107
1.4182513
1.4016272
1.427979
1.4418552
1.4434972
1.4456717
1.4369354
1.4362047
1.4051799
1.4305689
1.4368776
1.4375087
1.4284366
1.4381801
1.4098777
1.4047914
1.4250758
1.4004916
1.4403471
1.3930181
1.4578265
1.444982
1.4606541
1.4326388
1.4159075
1.4468992
1.4401532
1.4330221
1.4086964
1.4274914
1.4203602
1.4546334
1.4494672
1.4530574
1.4230903
1.4146352
1.4302484
1.4071149
1.444145
1.4608611
1.4471275
1.434455
1.4348363
1.436038
1.4381632
1.4539006
1.4405614
1.4099184
1.4318261
1.4745371
1.4384271
1.4143873
1.4471986
1.4649569
1.4223325
1.4192419
1.4429629
1.4371184
1.4237543
1.425319
1.4453497
1.4171181
1.442464
1.4078134
1.422263
1.4442708
1.4530889
1.4169208
1.4292123
1.4289466
1.4441482
1.4614543
1.4277215
1.4677155
1.4111912
1.4566941
1.4292518
1.4543905
1.4462324
1.453212
1.4295485
1.4405322
1.4471188
1.4400142
1.4141203
1.4185017
1.4245706
1.4469944
1.4026386
1.405175
1.4100584
1.4187241
1.4054697
1.4147173
1.4691594
1.449468
1.4376203
1.4534012
1.4199847
1.4387105
1.4125587
1.4181746
1.4262328
1.4067396
1.4349127
1.4407102
1.444459
1.4413328
1.4250666
1.4258451
1.4357561
1.4297931
1.4284744
1.4313821
1.414155
1.4520742
1.432971
1.4267291
1.44698
1.4494622
1.4483752
1.3988566
1.4436504
1.4568428
1.4487487
1.4375223
1.4549003
1.4326156
1.4426283
1.4346571
1.4504111
1.4021916
1.4009078
1.4295486
1.4289228
1.4524469
1.4318988
1.4303313
1.4357497
1.4315046
1.394793
1.4269929
1.456673
1.4281156
1.3980663
1.432757
1.4100313
1.4231983
1.4337279
1.4476113
1.4152226
1.4401864
1.430219
1.414324
1.4582245
1.4307566
1.4527175
1.4514565
1.4248855
1.4209951
1.4215001
1.4052241
1.4251499
1.4197962
1.4637038
1.4013655
1.4014344
1.4022887
1.4176198
1.4101095
1.4204388
1.4165779
1.4392029
1.4213113
1.4196492
1.4135473
1.4209859
1.4457259
1.3996044
1.4323974
1.4391184
1.4016582
1.4520502
1.4284309
1.4453933
1.4308317
1.4372599
1.4419584
1.4195001
1.4399977
1.4279284
1.4146847
1.4499897
1.4193285
1.3974754
1.42558
1.4452337
1.4383917
1.4344746
1.4197855
1.4169649
1.4342436
1.4312344
1.4541082
1.4290916
1.4344229
1.469155
1.4477752
1.4218878
1.4361832
1.4328654
1.4391043
1.4414723
1.406673
1.4218122
1.432038
1.4417436
1.4442612
1.4462527
1.4172621
1.4481248
1.4179518
1.4288414
1.4450688
1.4251511
1.4402654
1.4259182
1.4316639
1.4446977
1.427324
1.4477978
1.4382378
1.4388701
1.4466388
1.427202
1.4214721
1.468082
1.4481069
1.4697208
1.4044275
1.4220982
1.46816
1.4678829
1.4107397
1.4239129
1.4682668
1.4296281
1.4312406
1.4231725
1.4427754
1.4179482
1.4008628
1.4171507
1.4139973
1.4325573
1.4334182
1.4492359
1.4516186
1.4137415
1.439448
1.4248561
1.4192864
1.4320242
1.4238971
1.4473954
1.4548073
1.4683026
1.4625827
1.4595792
1.4375558
1.4495381
1.4107524
1.4238008
1.4389104
1.4576138
1.4763635
1.4350672
1.4595011
1.4411926
1.4359311
1.4248054
1.4302211
1.4414234
1.4294038
1.4418511
1.4101522
1.458785
1.4375334
1.4256898
1.4266095
1.4145828
1.4197575
1.4423544
1.4193175
1.4467115
1.4566026
1.4396179
1.464182
1.4237958
1.4163567
1.4281383
1.4690864
1.4364855
1.4363879
1.4245061

1.4319588
1.4333417
1.4490111
1.4290965
1.4398613
1.4187821
1.4290379
1.4676627
1.4331326
1.4336009
1.4309089
1.4273132
1.430433
1.4160129
1.4485608
1.4284215
1.3921844
1.4278322
1.4075702
1.4391013
1.3960212
1.4371586
1.4004521
1.4702351
1.4585088
1.4748145
1.4295486
1.4340727
1.4510711
1.4141049
1.4112412
1.4628392
1.416227
1.4218814
1.4140959
1.4352547
1.4118098
1.4263375
1.4107382
1.3915861
1.4375122
1.4243985
1.4428036
1.4154211
1.4201623
1.4325012
1.4175181
1.441486
1.4802243
1.453989
1.4202505
1.4333951
1.4455622
1.4210008
1.409396
1.4126133
1.4255222
1.4569832
1.4480875
1.4284387
1.4498467
1.4398346
1.434988
1.4459716
1.4199336
1.4044102
1.4074746
1.4216335
1.4117697
1.4390434
1.437974
1.4448813
1.4258102
1.411548
1.3861794
1.426559
1.4335151
1.4157251
1.4447966
1.4564104
1.4258643
1.3989669
1.4315674
1.4085498
1.436127
1.4023795
1.4177873
1.4189352
1.4035647
1.4206128
1.4424807
1.4188837
1.3966527
1.4397361
1.3999962
1.4332993
1.4436666
1.4231719
1.4262416
1.4289361
1.4153845
1.4329144
1.4417427
1.4310818
1.4072636
1.4268178
1.417393
1.420733
1.421461
1.4442086
1.4419731
1.4418733
1.4426683
1.4372846
1.4085374
1.4296076
1.4087433
1.4236406
1.4696084
1.4506733
1.4269501
1.4341797
1.4243039
1.4428543
1.4194943
1.4095412
1.4095389
1.4117544
1.4289976
1.4202483
1.4461333
1.4176654
1.4082776
1.4529636
1.4228615
1.4289671
1.405814
1.4770396
1.424517
1.4659805
1.4251037
1.3997928
1.4369291
1.4531225
1.4266093
1.4448874
1.4078604
1.430806
1.4210413
1.4646008
1.4076455
1.4725425
1.4319477
1.4325169
1.4490647
1.4063987
1.4016688
1.4455357
1.44438
1.4204866
1.4038559
1.438759
1.4698466
1.4506394
1.4339328
1.4302303
1.4403766
1.4287387
1.4520874
1.4178559
1.4284137
1.433849
1.41775
1.4033983
1.4569229
1.4451106
1.4415774
1.4563553
1.4368567
1.4332757
1.4523854
1.4285645
1.4233986
1.4084239
1.4397299
1.4184546
1.411615
1.4308385
1.4303224
1.4255735
1.4213952
1.4138452
1.4096739
1.448105
1.4018065
1.4114252
1.3940259
1.4695435
1.4421399
1.4492158
1.4549298
1.3978809
1.4442896
1.4516672
1.4510137
1.4209665
1.4372122
1.4323084
1.424052
1.4679179
1.4286898
1.4319661
1.4483565
1.4215876
1.394874
1.4190607
1.4473599
1.432435
1.4329003
1.4280493
1.4200073
1.4035957
1.4508067
1.4314381
1.429315
1.4113971
1.4612248
1.42892
1.4258391
1.4321687
1.4348603
1.4226929
1.4484599
1.4186566
1.4194273
1.4194386
1.4560332
1.4307305
1.4339623
1.4381423
1.4217416
1.4312112
1.3953809
1.4441278
1.4428836
1.433486
1.4864836
1.4033574
1.3991588
1.4354882
1.4248683
1.4304658
1.4500397
1.432256
1.4406652
1.4011636
1.4729506
1.4172378
1.4466741
1.4173168
1.4824669
1.4010099
1.4304639
1.4603907
1.4250702
1.4202586
1.4198909
1.4363447
1.4099602
1.4318278
1.4273351
1.4581724
1.424071
1.4161137
1.4392977
1.404328
1.4349396
1.4356316
1.4204758
1.4428966
1.4343531
1.4117415
1.4329714
1.436499
1.4194063
1.4193269
1.433747
1.4004996
1.426986
1.4335084
1.432743
1.41439
1.4195908
1.450599
1.4332145
1.4493564
1.4211154
1.4350791
1.4169524
1.3934085
1.431207
1.4445895
1.455665
1.4177195
1.4209409
1.414386
1.4510163
1.4663581
1.4486744
1.4329525
1.4406662
1.4338335
1.4772265
1.4223832
1.4255152
1.4330201
1.417806
1.4368086
1.401693
1.4489115
1.4347509
1.4275014
1.4181696
1.4493953
1.4301839
1.4157279
1.4189262
1.4031857
1.426017
1.4553957
1.4248549
1.4159591
1.4092337
1.4248854
1.4545423
1.4397119
1.4144299
1.4188633
1.4337842
1.4336448
1.4368993
1.4045734
1.4335233
1.4225407
1.4082068
1.4323703
1.4463929
1.4412546
1.434556
1.4046906
1.4163567
1.4123695
1.4012407
1.4247952
1.4352474
1.4551349
1.4157822
1.4528111
1.4468372
1.4434236
1.4254773
1.4236344
1.4343214
1.4291757
1.4293749
1.4011636
1.4066535
1.4160893
1.4316487
1.4055405
1.4340897
1.4426473
1.4534613
1.4151814
1.4581219
1.4465687
1.4113569
1.4144521
1.4188359
1.4151396
1.4138863
1.4004889
1.4354432
1.4579166
1.4159095
1.4364235
1.4357883
1.4475732
1.4445192
1.4133822
1.4218224
1.4277577
1.4275846
1.473085
1.4494413
1.4584365
1.4393094
1.4636016
1.4263661
1.4160658
1.421883
1.4339747
1.4357476
1.4218411
1.4142376
1.4544216
1.4117323
1.4053823
1.4484801
1.4490508
1.4300003
1.4254227
1.4452833
1.4418479
1.4529333
1.4359694
1.3918234
1.4625359
1.4094275
1.4370525
1.4475774
1.4264629
1.4396456
1.4235381
1.4537164
1.4396905
1.4527336
1.4167923
1.4390519
1.436824
1.4212127
1.3999146
1.425498
1.4220246
1.4470812
1.4317825
1.4466602
1.437798
1.4138261
1.4022467
1.4348923
1.4277002
1.4494227
1.4466254
1.4007922
1.428999
1.4398935
1.4046708
1.4255979
1.4252467
1.4374994
1.4178045
1.4539794
1.4374424
1.4298958
1.4249333
1.4582375
1.4152516
1.4209571
1.3964922
1.4423654
1.4356885
1.4262025
1.4610921
1.4085656
1.4216987
1.4230955
1.4235845
1.4640005
1.4417844
1.4088266
1.4356275
1.4216033
1.4202204
1.435925
1.4224132
1.4112843
1.4501939
1.4432619
1.3847027
1.4279773
1.4259362
1.4078004
1.408043
1.4282975
1.4144293
1.4022222
1.4450718
1.4200237
1.4201156
1.4296081
1.4125623
1.418074
1.4325587
1.4216281
1.4159831
1.455604
1.4321333
1.4593773
1.4194678
1.4367836
1.4307785
1.4321369
1.4517752
1.4109594
1.4100314
1.455709
1.4122679
1.4547218
1.4176214
1.4147336
1.4235892

1.8969616
1.7991897
1.7829771
1.7133704
1.8606337
1.7609448
1.7578498
1.8278592
1.8485222
1.7593007

