0.017202258
0.02178204
0.012198329
0.018854976
0.06663072
0.005192399
0.013658047
0.011502266
0.035737872
0.014153838
0.03480363
0.023331285
0.015310645
0.032867074
0.018926144
0.0068030357
0.016554117
0.015396118
0.042987585
0.02581501
0.005302429
0.017304897
0.014231682
0.009081125
0.024138689
0.020481229
0.050183892
0.02479279
0.024836898
0.010470033
0.020237327
0.021876931
0.027065873
0.036219597
0.006655693
0.044333816
0.0132216215
0.07778621
0.010223031
0.042688727
0.019673586
0.019444704
0.015109539
0.07077336
0.024352193
0.038759947
0.012652993
0.007260561
0.015951276
0.042721987
0.018226743
-0.00068569183
0.009974837
0.019227028
0.028503537
0.020666242
0.010727525
0.0147794485
0.015176654
0.040658236
0.0078547
0.02317071
0.0060619116
0.011916637

0.014085889
0.021506786
0.0017689466
6.914139e-05
0.013682723
0.04336524
0.023664713
0.04409814
0.11804056
0.0474962
0.027778864
0.008594394
0.031054974
0.0076150894
0.05328715
0.030406475
0.04487002
0.026823163
0.013310075
0.013073087
0.011809468
0.030427694
0.017075062
0.027394056
0.006937027
0.061244607
0.02452159
0.0077568293
0.015474319
0.10786748
0.012743831
0.0029057264
0.00957644
2.1457672e-05
0.032187223
0.02922523
0.037022352
0.03281176
0.012678266
0.017782807
0.00069499016
0.014466524
0.014803052
0.021654725
0.022613406
0.035390735
0.045791388
0.030449033
0.031234026
0.029357076
0.022904396
0.01182723
0.061810136
0.02941382
0.005333543
0.006606102
0.02115798
0.0071139336
0.02197671
0.009523511
0.030095935
0.027312517
0.0012439489
0.068929315

0.012356997
0.007695079
0.005506158
0.0028566122
0.0019675493
0.030045867
0.018697858
9.1552734e-05
0.017123818
0.007597804
0.019174218
0.0023425817
0.0031944513
0.00035059452
0.00040900707
0.04221177
9.441376e-05
0.021228075
0.0137838125
0.013216257
0.0017539263
0.016748548
0.015302658
0.010585666
0.02880156
0.0035585165
0.018939614
0.02420175
1.9073486e-06
0.021546602
0.0018402338
0.0059332848
0.008569837
0.018092275
9.655952e-06
0.018672109
0.010208249
0.00013899803
0.023970008
0.00718081
0.009580255
0.005105257
0.018900037
0.00016975403
0.00014042854
0.020603538
0.011457562
0.0025361776
0.025238752
0.027781963
0.010733843
0.00033473969
0.010913372
0.012986302
0.007154584
0.012001634
0.021202326
0.010885239
0.010235071
0.008066177
0.0393579
0.0108885765
0.0062407255
0.0025355816
0.024348855
0.0037025213
0.0020639896
0.009921551
0.0003528595
0.017181158
0.01086688
0.011327267
0.0010579824
0.022625566
0.009680867
0.016729474
0.0094252825
0.013505578
0.0120078325
0.014024854
0.0061692
0.024780512
0.0066868067
0.01871109
0.0096488
0.0080503225
0.008074045
0.010357261
0.005815029
0.000346303
0.027344465
0.018741727
0.018825173
0.040155888
0.015984774
0.011607528
0.006301999
0.012270212
0.02389729
3.886223e-05
0.01867032
0.009200692
0.012473226
0.020505786
0.014317036
0.011616826
0.009086609
0.025849342
-2.9444695e-05
0.01704359
0.0023245811
0.01452899
0.015987635
0.016217828
0.012690544
0.012794375
0.0072119236
0.004440069
0.024439454
2.026558e-06
0.014549017
0.01638329
0.028117418
0.01992619
0.008430958
0.010654449
0.01823628
0.029386282

0.0177778
0.010083675
0.005170107
0.02180481
6.4373016e-05
0.014833093
0.008471489
0.00137496
0.0039275885
0.010454893
0.004849434
0.019653916
0.0067739487
0.015422702
0.0079010725
0.0042779446
0.016054034
0.006869912
0.008403063
0.0029090643
0.013041139
0.034370422
0.03599882
0.018388152
0.010292411
0.004953027
0.009109378
0.0059099197
0.0042119026
0.033248186
0.01650381
0.0016070604
0.02011919
0.014660358
0.01183033
0.03486085
0.0054574013
0.0036998987
0.015487194
0.015368104
0.022197962
0.0062505007
0.003972769
0.015132546
0.0190233
0.016694784
0.013126254
0.008293986
0.007897258
0.0050098896
0.010316968
0.026313424
0.006378889
0.020851016
0.009979248
0.012496233
0.025845647
0.011456728
0.012191296
0.010812521
0.013207436
0.017629385
0.009041667
0.02094245
0.014910936
0.009805441
0.00024569035
0.01260221
0.018854499
0.0020171404
0.016606092
0.013339281
0.018762589
0.010784984
0.008230925
0.00038540363
0.013779998
0.0002875328
0.010740995
0.006504774
0.0126719475
0.020281553
0.0051994324
0.0049488544
0.00870645
0.013711572
0.025707245
0.017255068
0.018435359
0.013567805
0.003815055
0.024560094
0.010549188
0.013776302
0.007856369
0.009106278
0.0062725544
0.015434623
0.0081323385
0.00024437904
0.028232694
0.0034271479
0.0109500885
0.022598028
0.016945362
0.018756509
0.026376486
0.019875646
0.014269114
0.0057867765
0.003548503
0.011047006
0.0028047562
0.015717149
0.01957488
0.030821562
0.013127923
0.007839203
0.006495714
0.010470271
0.0051591396
8.261204e-05
0.008908629
0.0014965534
0.006209135
0.0037959814
0.023781896
0.027125478

0.006300807
0.007684231
0.005440831
0.0023088455
0.0073223114
0.008525372
0.0015312433
0.006533861
0.008272529
0.008181214
0.013176322
0.009973645
0.0057628155
0.0053709745
0.008257031
0.0012567043
0.004106641
0.004674673
1.5258789e-05
0.009929657
0.006235361
0.009287953
0.0076981783
0.0010317564
0.0002707243
0.007948279
0.0062903166
0.0020006895
0.010094285
0.009490967
0.0068598986
0.0044624805
0.0057263374
0.007158518
6.222725e-05
0.0060898066
0.00807929
0.0021255016
0.0011347532
0.0099692345
4.053116e-06
0.0036031008
0.0131726265
0.004350066
0.003223896
0.011593699
0.00069367886
0.0071638823
0.000531435
0.0068706274
0.001806736
0.014740229
6.592274e-05
0.010288596
0.0078086853
0.0022770166
0.008220196
0.011153936
0.0016366243
0.009772539
0.0034395456
0.010370016
0.005893111
0.0133600235
0.0073355436
0.009064078
0.007433653
6.234646e-05
0.0017478466
0.010543585
0.00743556
0.0041263103
0.0063809156
0.005321145
0.0024542809
0.010491967
0.010156393
0.0034252405
0.0004813671
0.008579373
0.0037907362
0.012380123
0.0053002834
0.010442853
0.0046862364
0.0011559725
0.0062162876
0.010958195
0.010098815
0.00045728683
0.0050401688
-1.335144e-05
0.0063892603
0.0057536364
0.007914662
0.0075654984
0.0015690327
0.0024855137
0.00393486
0.0010665655
0.0059485435
0.004340887
0.004377842
0.008884668
0.005833626
0.0022552013
0.0015685558
0.0008261204
0.0072664022
0.0042455196
0.009847283
0.0040636063
0.0051071644
0.0051152706
0.0011011362
0.012350917
0.0038126707
0.002530694
0.0061103106
0.0052568913
0.0045211315
0.007489562
0.0146558285
0.0039898157
0.007638216
0.008312464
0.011230111
0.005470395
0.012630582
0.0047198534
0.0012651682
0.013552904
0.009090424
0.0017164946
0.008880615
0.0040085316
0.0006828308
0.0018211603
0.002523303
0.0031387806
0.011564851
0.0076571703
0.00094890594
0.007232189
0.0050452948
0.01224184
0.005544901
0.010115743
0.013351083
0.0027718544
0.003115058
0.0066616535
0.007938147
0.00830996
0.007079959
0.0052728653
0.0075467825
0.01382339
0.0068609715
0.010570526
0.0006905794
0.0035609007
0.008005738
0.005212426
0.0056580305
0.0025844574
0.0016812086
0.004576683
0.006708503
0.0085392
0.012554288
0.0030127764
0.003016591
0.008175135
7.355213e-05
0.010748267
0.009774923
0.0050365925
0.011874676
0.0089662075
0.003240943
0.00296247
0.008779287
0.004914522
0.009126425
0.0051152706
0.0043586493
0.0060431957
0.01163578
0.00084650517
0.008991957
0.00062322617
0.0068900585
0.004284978
0.007472515
0.0024487972
0.004734874
4.1484833e-05
0.009687781
0.0066292286
0.01231873
0.0005482435
0.009973049
0.006875396
0.0010863543
0.0046104193
0.005692363
0.0078003407
0.0074658394
0.0023245811
0.0054963827
0.0075668097
0.012128711
0.009917378
0.0034677982
0.00037133694
0.008832693
0.008359194
0.010009289
0.005633235
0.009603858
0.0008164644
0.009737968
0.013099551
0.000690341
0.006594777
0.006715417
0.0041320324
0.005637884
0.0027173758
0.011926532
0.007035494
0.005935788
0.0086683035
0.0003939867
0.00128901
0.008117199
0.0064593554
0.0021555424
0.0030839443
0.005070448
0.004421711
0.00600791
0.0077421665
0.00393188
0.010365844
0.0120511055
0.006615162
0.0012406111
0.010644913
0.003339529
0.0043462515
0.006468177
0.008589864
0.003156066
0.014944434

5.1259995e-06
0.007476926
0.003921628
0.0013219118
0.008196712
0.008802533
0.005072713
0.004214406
0.0004197359
0.004387617
0.008465886
0.0044817924
0.006227851
0.007884979
0.006806612
0.005367756
0.010966659
0.009944558
0.0005208254
0.008186817
0.0009483099
0.0030021667
0.0059274435
0.0101110935
0.007258177
0.009069681
0.0055980682
0.008367062
0.0052853823
0.00022387505
0.008059502
0.007682085
3.0755997e-05
0.0087457895
0.0044294596
0.0061684847
0.0034641027
0.0033473969
0.013013244
0.004402399
0.008707523
0.0047160387
0.004916668
0.0025441647
0.00048720837
0.003510952
0.0050811768
0.005679846
0.0068325996
0.010160089
0.008139372
0.0057110786
0.011382341
2.002716e-05
0.0018041134
0.0050781965
0.009079576
0.009104252
0.0072134733
0.0036988258
0.012832999
0.0065971613
0.0053898096
0.0030840635
0.0032250881
0.0033211708
0.0040951967
0.011612415
0.00048851967
0.009777427
0.0037738085
0.0043085814
0.008433461
0.0059554577
0.0060503483
0.005182743
0.00045001507
0.0016868114
0.0029218197
0.012489319
0.0014727116
0.0057632923
0.003514409
0.0049090385
0.0071543455
0.011801243
0.01232028
0.00025308132
0.0012131929
0.0069750547
0.007922888
0.00609529
0.00061404705
0.0031524897
0.004133582
0.005428314
0.0069601536
0.0041081905
0.011657476
0.012603998
0.007140875
0.004296303
0.0014084578
0.0025287867
0.003820777
0.0018877983
0.0103755
0.0081985
0.012218833
0.009131074
0.00087559223
0.002138257
0.007703662
0.00265491
0.012332082
0.004957199
0.004309058
0.0019589663
0.008042812
0.013887525
0.006496191
0.0037277937
0.0027811527
0.0049552917
0.0077564716
0.009001136
0.0059816837
0.005740881
0.005522132
0.00918889
0.0012583733
0.0078498125
0.0015759468
0.008460045
0.006210208
0.005379319
0.0037215948
0.008351922
0.0058968067
0.0017299652
0.009407043
0.010432839
0.0022901297
0.009046674
1.7166138e-05
0.008586526
0.00197196
0.0074796677
0.01580441
0.010447502
0.009277821
0.0064771175
0.009422302
0.0052007437
0.005231619
0.008357763
0.0010300875
0.009581685
0.0040853024
0.005376339
0.008874416
1.6212463e-05
0.004951
0.009990215
0.006246567
0.0006147623
0.0076408386
0.005043149
0.0055345297
0.010735869
0.0052387714
0.008190155
0.010075808
0.007883906
0.006650567
0.005377054
0.008880377
0.008111715
0.010795474
0.0087070465
0.005931735
0.004351735
0.004617214
0.0070331097
0.0036935806
0.0048372746
0.005668044
0.015548825
0.010721922
0.0044443607
0.017242074
0.0012661219
0.0035128593
0.009290099
0.006640792
0.0051492453
0.009998918
0.0010917187
0.003031969
0.0008409023
0.0134654045
0.0141916275
0.005256772
0.007858992
0.0032913685
0.0009524822
0.0027188063
0.002769351
0.0055143833
0.0004080534
0.0035187006
0.004517317
0.009016514
0.009670496
0.007940412
0.009620905
0.006044388
0.007729411
0.0068142414
0.00781846
0.0067874193
0.014518619
0.00062417984
0.0015004873
0.004697919
0.009209156
0.0074756145
0.00073957443
0.007766247
0.010747433
0.004781842
0.0063169003
0.007609248
0.0019310713
0.008759737
0.004743457
0.011282086
0.0050041676
0.004523754
0.0037049055
0.010660529
0.0012850761
0.011307597
0.0071353912
0.004273534
0.0050373077
0.0018007755
0.003917694
0.009889483
0.0048817396
0.012874603
0.010590792
0.0021535158
0.0062009096
0.0071913004
0.00027894974

0.0033490658
0.0017392635
0.0016444921
0.0016658306
0.0020292997
0.006857276
0.0071564913
0.0054147243
0.0056352615
0.004626155
0.008460879
0.013954163
0.004339099
0.0012910366
0.009538889
0.008474588
0.00868988
0.005859375
0.008082867
0.008214712
0.0060944557
0.0012453794
0.00565958
0.0022814274
0.0070049763
0.0069487095
0.009179115
0.0063661337
0.0019357204
0.012198806
0.009489179
0.0028041601
0.0028444529
0.01472497
0.00815475
0.0062863827
0.006401181
0.0048412085
0.012079477
0.007405758
0.00772655
0.005182147
0.001957655
0.013488531
0.011981964
0.00066280365
0.0053503513
0.0012116432
0.009179711
0.005434394
0.010182023
0.0037180185
0.004847288
0.013974428
0.011868715
0.015166163
0.0024232864
0.009759426
0.008300781
0.005606413
0.0037457943
0.009366155
0.0036486387
0.0051300526
0.0069084167
0.004210472
0.0063518286
0.009948015
0.005946517
0.0077997446
0.005645752
0.011482596
0.01013279
0.00031101704
0.0051389933
0.0007699728
0.008506894
0.0065772533
0.004720688
0.0024846792
0.007319808
0.00071680546
0.0065010786
0.0022758245
0.008113623
0.009458065
0.004673004
1.1920929e-05
0.0040745735
0.0069789886
0.007503271
0.0038446188
0.001075387
0.0012803078
0.006190896
0.0060869455
0.0035660267
0.0013017654
0.00932622
0.010832667
0.004731655
0.009089351
0.008068085
0.0108217
0.007365465
0.015216112
0.005599022
0.0022898912
0.005789757
0.011418581
0.004623294
0.00030899048
0.004065156
0.009530902
0.008476138
0.0048485994
0.0029728413
0.0066400766
0.006968379
0.0008318424
0.0050314665
0.0055429935
0.00091445446
0.00736773
0.002780676
0.0073503256
0.0032162666
0.0026836395
0.011556506
0.0030274391
0.010867953
0.0050905943
0.008785129
0.0018434525
0.000620842
0.0069009066
0.010512352
0.004986763
0.001003623
0.0021984577
0.006726742
0.007525921
0.0071516037
0.010466099
0.0011949539
0.00586164
0.004120946
0.00078618526
0.004919529
0.0069624186
0.0010169744
0.007958174
0.008482099
0.0087457895
0.0075856447
0.0052343607
0.015144706
0.008369207
0.00844264
0.012236118
0.005297184
0.007246852
0.005657077
0.0060300827
0.0028270483
0.006096363
0.006854415
0.0012917519
0.0053509474
0.007894278
0.0044727325
0.007767558
0.0019469261
0.006029606
0.0034867525
0.009999514
0.005753875
0.0045877695
0.0090562105
0.0034060478
0.0066280365
0.004973531
0.008082747
0.0031200647
0.004192114
0.009940267
0.0056084394
0.0060173273
0.012665153
0.0008729696
0.011949182
0.008731842
0.0045069456
0.005031228
0.0064874887
0.00059103966
0.011353731
0.003204465
0.0027167797
0.007141471
0.0104397535
0.005609274
0.0013178587
0.0062634945
0.01015532
0.0065745115
0.00043189526
0.009410381
0.0029777288
0.0020008087
0.006571412
0.0073661804
0.0046958923
0.0069435835
0.006418824
0.004992485
0.0071760416
0.005105734
0.0077911615
0.013318539
0.005350232
0.0070751905
0.014659882
0.008342743
0.0054039955
0.0034151077
0.005257964
0.0076522827
0.0015389919
0.010881901
0.0044419765
0.006625414
0.0059047937
0.0057137012
0.0016233921
0.008718967
0.0037635565
0.003776431
0.0064030886
0.005879402
0.0009913445
0.0034354925
0.007610917
0.007148862
0.0025674105
0.0068986416
0.0040830374
0.0019203424
0.0034846067
0.0013098717
0.008228898
0.0056558847
0.0036211014
0.005377412
0.011942863
0.014497876

0.0014414787
0.0057837963
0.0014503002
0.00319314
0.0023208857
0.0015137196
0.0025361776
0.006031871
0.0034058094
0.0012303591
0.0012147427
0.0010243654
0.0005722046
0.0012501478
0.0037941933
0.0032269955
0.002460599
0.0031927824
0.0035243034
0.00573647
0.0039061308
0.004470587
0.0054306984
0.00394392
0.0038622618
0.002678275
0.005784869
0.0043399334
0.0058983564
0.00432539
0.0019385815
0.0011980534
0.0035568476
0.0024151802
0.00050342083
0.0019584894
0.0035455227
0.0048445463
0.0020487309
0.0031766891
0.0044845343
0.0021550655
0.004164934
0.0028220415
0.0006828308
0.0028125048
0.0023319721
0.0034445524
0.0018230677
0.0041332245
0.004460454
0.0039287806
0.003783822
0.004464507
0.0027736425
0.004332304
0.0023260117
0.0028383732
0.003886819
0.0012482405
0.0015516281
0.0039310455
0.002487421
0.0050807
0.0049660206
0.00031721592
0.001178503
0.0005874634
0.0019991398
0.0036782026
0.0031799078
0.0037305355
0.0013411045
0.0011475086
0.0006674528
0.0036474466
0.0043177605
0.001552701
0.0022518635
0.0005193949
0.005129218
0.0015085936
0.0042915344
0.0048081875
0.0016987324
0.0016564131
0.0016064644
0.001921773
0.0030856133
0.004001379
0.0038294792
0.0042608976
0.0013642311
0.0038272142
0.0011726618
0.0035040379
0.0007197857
0.002982378
0.006166339
0.005493164
0.0027050972
0.002477169
0.004123211
0.0014367104
0.0030652285
0.003679037
0.0022137165
0.0039937496
0.0031294823
0.004150152
0.0022063255
0.001959443
0.0026327372
0.0023463964
0.0012048483
0.0048959255
0.00084888935
0.00057816505
0.0042687654
0.0028516054
0.001423955
0.0035668612
0.0009573698
0.0024734735
0.00470078
0.0014920235
0.003554225
0.0029124022
0.0012102127
0.0045713186
0.0037155151
0.0038160086
0.0034624338
0.0057144165
0.004480958
0.0018085241
0.005594492
0.0035740137
0.002958417
0.00595212
0.0020592213
0.0051784515
0.0025025606
0.0028295517
0.0027433634
0.00093925
0.002801299
0.0021357536
0.0040068626
0.0025888681
0.002151966
0.0016858578
0.0011370182
0.0023435354
0.0014510155
0.003060937
0.005678773
0.0015255213
0.0015302896
0.0020407438
0.001953721
0.0028500557
0.0024017096
0.006000042
0.0018088818
0.0019364357
0.0028406382
0.0020490885
0.0018024445
0.0010662079
0.0048412085
0.0029001236
0.003816843
0.003072381
0.0049550533
0.0048065186
0.0020196438
0.004923582
0.0013130903
0.0028170347
0.004817605
0.0013313293
0.0021976233
0.0019667149
0.00015306473
0.0042631626
0.00309515
0.0034108162
9.2983246e-05
0.005350113
0.00070631504
0.0062479973
0.004490614
0.0022919178
0.0024058819
0.004537225
0.0029923916
0.005977154
0.003963709
0.0059506893
9.417534e-06
0.002732277
0.0020407438
0.0031635761
0.0025892258
0.0019265413
0.0059725046
0.0048737526
0.005645871
0.003944874
0.0055299997
0.0048766136
0.0037058592
0.00030076504
0.004302025
0.0019465685
0.004259348
0.0035645962
0.0029072762
0.0028922558
0.0017719269
0.0037779808
0.005956888
0.004443884
0.0008071661
0.003358245
0.0034685135
0.003639698
0.0030314922
0.0045877695
0.0036144257
0.00030875206
0.00035774708
0.0011411905
0.00331676
0.0039042234
0.004283428
0.0044436455
0.0001784563
1.513958e-05
0.0048633814
0.005041957
0.0016967058
0.0030126572
0.0030440092
0.0060213804
0.0024365187
0.0037667751
0.00293231
0.0024633408
0.00292027
0.0021412373
0.0066785812
0.0014703274
0.0032783747
0.004189968
0.00441432
0.0030379295
0.0038559437
0.0024398565
0.00013530254
9.417534e-06
0.0045210123
0.001573205
0.0013569593
0.0050953627
0.0019367933
0.0025478601
0.003109336
4.9710274e-05
0.003429532
0.0003657341
0.004198909
0.0020384789
0.0030338764
0.0017853975
0.005066633
0.003246665
0.0029340982
0.005089402
0.0013161898
0.00040960312
0.005063176
0.0003451109
0.0039435625
0.0039635897
0.0019034147
0.0026122332
0.0062710047
0.0038721561
0.003441453
0.00018048286
0.0014859438
0.0016480684
0.006367922
0.0019720793
0.0033864975
0.0003670454
0.0036927462
0.0037784576
0.00022351742
6.7830086e-05
0.0030341148
0.0016936064
7.6293945e-06
0.0017420053
0.0031671524
0.0030806065
0.0035142899
0.0051175356
0.0070456266
0.0020797253
0.0035306215
0.002913475
0.0035778284
0.0052905083
0.0045671463
0.0025734901
0.0029479265
0.0021435022
0.0025942326
0.0010168552
0.0021744967
0.003967285
0.0034786463
0.0031542778
0.004188299
0.0039588213
0.003809452
0.0042027235
0.0028185844
0.0033254623
0.004814625
0.0035840273
0.002270341
0.00018632412
0.0016661882
0.0026562214
0.004548788
0.00321424
0.003981352
0.0022345781
0.0026601553
0.004045248
0.005019903
0.00091421604
0.00016736984
0.0015032291
0.0006542206
0.0009114742
0.003124833
0.005346775
0.0036520958
0.0058813095
0.0030266047
0.002879262
0.0012642145
0.0017398596
0.0038434267
0.00050747395
0.0040341616
0.0026644468
0.0015736818
0.0028190613
0.0022377968
0.0038045645
0.00057148933
0.0029915571
0.0034378767
0.004707575
0.0059877634
0.001989603
0.003114462
0.004488945
0.0046157837
0.0036997795
0.0021283627
0.00067162514
0.0038245916
0.0034415722
0.0038571358
0.002868414
0.0027538538
0.0035258532
0.0033080578
0.002996564
0.00053346157
0.0043712854
0.001977682
0.00065386295
0.00504148
0.004667878
0.0019317865
0.0011816025
0.00394547
0.0027838945
0.0014829636
0.0018929243
0.003734827
0.0032235384
0.0056456327
0.0003142357
0.0015432835
0.0048002005
0.0030519962
0.0045562983
0.0037771463
0.00452137
0.0045450926
0.0037509203
0.0046693087
0.0036680698
0.0010979176
0.0013636351
0.0042010546
0.00014793873
0.00039184093
0.0035809278
0.0008329153
0.002026558
0.0034188032
0.00045216084
0.00028705597
0.003673315
0.005369425
0.0043486357
0.003454566
0.0035580397
0.004783392
0.0048354864
0.001658082
0.0041821003
0.0030113459
0.0008442402
0.0033767223
0.0029649734
0.0039303303
0.0010609627
0.004263878
0.00016987324
0.003171444
0.0031883717
0.0036473274
0.0049313307
0.0033552647
0.0038963556
0.00017786026
0.003507018
0.0031077862
0.0024238825
0.0037767887
0.0007324219
0.0053368807
0.0027707815
0.0033671856
0.0039904118
0.0022593737
0.0052371025
0.0012543201
0.005552292
0.0047006607
0.0050367117
0.0037888288
0.003689289
0.005651474
0.0016070604
0.0034176111
0.0066394806
0.00058853626
0.0034866333
0.0036791563
0.003877759
0.0044738054
0.004233718
0.004023671
0.0033304691
0.002693534
0.0037916899
0.0026179552
0.005276799
0.0009924173
0.0037133694
0.0022979975
0.0031615496
0.004875779
0.00025868416
0.0018336773
0.0038011074
0.0052689314
0.0015394688
0.0030709505
0.002726674
0.00026798248
0.0035653114
0.0042966604
0.0022381544
0.0031473637
0.0033664703
0.006663084
0.0028305054
0.0016343594
0.003263235
0.0034365654
0.0042045116
0.00044965744
0.0008826256
0.0045723915
0.00054490566
0.0039978027
0.0030287504
0.0019682646
0.0061705112

0.0012924671
0.0028504133
0.003746152
0.0044938326
0.0027451515
0.0019028187
0.0066405535
0.0029443502
0.0058089495
0.0011851788
0.0044919252
0.0012310743
0.0038859844
0.0036417246
0.003409505
0.0011734962
0.0028771162
0.0045399666
0.005107045
0.004186392
0.0027403831
0.00061905384
0.0040471554
0.0013464689
0.0052171946
0.00019216537
0.0017279387
0.0026829243
0.002372384
0.0012159348
0.0043566227
0.0037571192
0.0017908812
0.0052485466
0.0021599531
0.0025675297
0.0032775402
0.00076687336
0.0027002096
0.0033986568
0.004087329
0.0026432276
0.0023397207
0.0040792227
0.002493143
0.0031557083
0.0014702082
0.003973484
0.0007857084
0.004622817
0.0017051697
0.0026876926
0.0035333633
0.0038825274
0.003364563
0.0026117563
0.002458334
0.00509727
0.0022206306
0.0033118725
0.0022463799
0.002737999
0.0029078722
0.002915144
0.005025506
0.001234293
0.0036411285
0.004459977
0.0035386086
0.001969695
0.0026314259
0.003570199
0.0035340786
0.004039407
0.000351429
0.0012686253
0.00546062
0.0015742779
0.002108574
0.00609231
0.002371192
0.0023018122
0.0040984154
0.0035728216
0.0026596785
0.0027618408
0.0024596453
0.00393641
0.0040724277
0.0034450293
0.0031425953
0.004654169
0.0037600994
0.00458622
0.0007786751
0.0040410757
0.0010067225
0.0020194054
0.00073611736
0.005685687
0.0006842613
0.0016729832
0.002265811
0.0018078089
0.0045574903
0.004073739
0.0013548136
0.0020200014
0.0043041706
0.004827738
0.001653552
0.0021346807
0.0022462606
0.0028486252
0.0016659498
0.00075519085
0.0056711435
0.0031397343
0.0040798187
0.0014652014
0.0039741993
0.0020349026
0.004324436
0.0011416674
0.0034247637
0.003488183
0.004594803
8.08239e-05
0.0014150143
0.0025799274
0.0012965202
0.003960252
0.0003963709
0.0031918287
0.0042276382
0.0034689903
0.004973769
0.003621459
0.0022480488
0.00055634975
0.00203681
0.005164027
0.0036109686
0.0023030043
0.0024511814
0.0024058819
0.0042494535
0.005115032
0.0042910576
0.00450027
0.001163125
0.005363941
0.001282692
0.0071936846
0.005646229
0.0038237572
0.0023499727
0.002343893
0.0024299622
0.003915906
0.00042772293
0.0051751137
0.0021976233
0.0010045767
0.0017302036
0.003286004
0.00038659573
0.0024074316
0.0049654245
0.0027323961
0.0013207197
0.0004197359
0.0012459755
0.0019394159
0.0023857355
0.0054632425
0.0015624762
0.0041564703
0.0034229755
0.0042880774
0.0019000769
0.0043962
0.0017762184
0.0033285618
0.00090289116
0.0014252663
0.0041404963
0.0026767254
0.0036555529
0.0018707514
0.0026637316
0.0028172731
0.0035338402
0.0024340153
0.0010268688
0.0047650337
0.0031358004
0.0028903484
0.004703641
0.0048543215
0.0013370514
0.005519867
0.0031063557
0.0015844107
0.0026533604
0.0015103817
5.0663948e-05
0.0029916763
0.001178503
0.002684474
0.0027626753
0.0020542145
0.0024237633
0.0026409626
0.003657937
0.0033388138
0.0036857128
0.004770279
0.003840208
0.0030474663
0.00527668
0.0022363663
0.0003619194
0.0029258728
0.0021654367
0.004934907
0.0025297403
0.0053641796
0.0037891865
0.003057003
0.001042366
0.0021406412
0.0030759573
0.005235553
0.0006904602
0.0035146475
0.002880931
0.0029791594
0.0037326813
0.0029269457
0.0030374527
0.0032343864
0.0060623884
0.004736781
0.0030082464
0.0028779507
0.0042717457
0.0007300377
0.0037027597
0.00089621544
0.0021208525
0.004729986
0.0045844316
0.0013926029
0.0029660463
0.0030754805
0.0031930208
0.0047575235
0.002321601
0.006598234
0.0028002262
0.0018334389
0.0026453733
0.0017495155
0.0028041601
0.001824975
0.0027302504
0.002907157
0.0001411438
0.002522111
0.0051180124
0.0008350611
0.002511263
0.0027035475
0.0012110472
0.0022562742
0.0002808571
0.0038359165
0.0028740168
0.0023281574
0.0032356977
0.006220937
0.00025856495
0.0019705296
0.0031878948
0.0031802654
0.0053710938
0.0025361776
0.0034247637
0.0013999939
0.002866745
0.0040427446
0.0032075644
0.00124681
0.003980398
0.0033205748
0.0046987534
0.003737688
0.0028418303
0.0039383173
0.0046031475
0.0022132397
0.0039322376
0.0022585392
0.0017883778
0.0009975433
0.0035532713
0.0033603907
0.0058778524
0.005025029
0.0030150414
0.0027225018
0.004050851
0.0026783943
0.0027284622
0.0027718544
0.00024008751
0.003852129
0.0037076473
0.0022649765
0.0038762093
0.0028196573
0.0017006397
0.004818678
0.0041611195
0.0028429031
0.006051898
0.00312078
0.0012516975
0.002111435
0.005710244
0.0051933527
0.0027512312
0.0004941225
0.003272295
0.0005558729
0.004389763
0.0017398596
0.0024859905
0.001568079
0.0016341209
0.0025663376
0.0028685331
0.0037993193
0.0023872852
0.0028686523
0.0026851892
0.00014221668
0.001993537
0.0026481152
0.0039833784
0.002354741
0.0028275251
0.0048457384
0.0054547787
0.00530231
0.0020537376
0.0035042763
0.003199935
0.0005707741
0.0059831142
0.0033216476
0.0044585466
0.004301071
0.0011390448
0.0021401644
0.0014691353
0.0036473274
0.004739642
0.0033204556
0.002251625
0.0015864372
0.0011152029
0.0030983686
0.004617095
0.0029337406
0.0009742975
0.003168583
0.0035493374
0.0008647442
0.0043759346
0.0038290024
0.0039817095
0.004995823
0.0017898083
0.0033574104
0.0023688078
0.004248619
0.0037493706
0.0005476475
0.0012698174
0.0026224852
0.00060641766
0.0036088228
0.003068328
0.0032054186
0.001090765
0.0030128956
0.0041259527
0.006070137
0.0015239716
0.0037525892
0.0015125275
0.0026909113
0.0038633347
0.0015748739
0.00388062
0.0033574104
0.0011087656
0.0015799999
0.0011355877
0.0035164356
0.004397869
0.0031520128
0.005154729
0.0041279793
0.0017527342
0.0010197163
0.0043400526
0.0037635565
0.0043953657
0.004365444
0.001875639
0.0036394596
0.0039972067
0.0011891127
0.0029979944
0.0009135008
0.0018742085
0.0056704283
0.0009418726
0.005243182
0.0016207695
0.003952503
0.0023530722
0.0020496845
0.0009508133
0.0028924942
0.004574895
0.002988696
0.0031869411
0.0053653717
0.0056123734
0.0036760569
0.0021375418
0.0040943623
0.004924059
0.002986312
0.0007685423
0.0025383234
0.0034304857
0.0051863194
0.0017894506
0.0028824806
0.0040866137
0.0055707693
0.0021703243
0.004160762
0.0029603243
0.0042619705
0.003504157
0.0024654865
0.0032769442
0.0027228594
0.0033124685
0.003504634
0.0054109097
0.001961708
0.0049865246
0.0033462048
0.0040905476
0.0033066273
0.0048736334
0.0029491186
0.004535675
0.0020081997
0.001159668
0.0039753914
0.001227498
0.00402689
0.0044010878
0.0029773712
0.0021864176
0.0016567707
0.003042698
0.0070866346
0.0010069609
0.0022611618
0.00331223
0.0035027266
0.0055760145
0.0036041737
0.0040727854
0.0014699697
0.00092446804
0.0032932758
0.0022479296
0.0029181242
0.004461527
0.0030620098
0.003971219
0.002970457
0.00568521
0.0048081875
0.0033800602
0.0034906864
0.00333035
0.0037817955
0.0011746883
0.0026985407
0.00416708
0.003350377

0.008876681
0.00029671192
0.003809452
0.0022712946
0.00403738
0.00015068054
0.0033595562
0.009599328
0.002616167
0.00036990643
0.0012987852
0.004544258
0.00081694126
0.0017457008
0.009385228
0.0012774467
0.002153635
0.0037630796
0.002464056
0.0030441284
0.0023357868
0.0025885105
0.01073873
0.002254486
0.0023070574
0.0015890598
0.0012106895
0.0018327236
0.00061929226
0.0062781572
0.0031522512
0.0031112432
0.0010551214
0.006773472
0.0013775826
0.0006633997
0.0021250248
0.0007009506
0.006317973
0.0027502775
0.006501317
0.0053653717
0.001875639
0.00089490414
0.0020076036
0.002391696
0.002224207
0.0023577213
0.0002886057
0.0007799864
0.0015016794
0.00043928623
0.0014261007
0.0007070303
0.015092015
0.0024571419
0.0033619404
0.0019026995
0.005507469
0.0014740229
0.0005494356
0.0043838024
0.0012158155
0.0013781786
0.0012608767
0.0013306141
0.0013836622
0.00031375885
0.0015114546
0.0042455196
0.0011677742
0.0002567768
0.0025547743
0.0023269653
0.0018781424
0.0024604797
0.00023412704
0.00038349628
0.0038073063
0.0025798082
0.012092233
0.0036680698
0.002228856
0.0017437935
0.0022625923
0.0013790131
0.001572609
0.008399725
0.0053471327
0.0021582842
0.0010451078
0.0045353174
0.006480336
0.0029387474
0.0018138885
0.0011632442
0.0019792318
0.0023537874
0.015596032
0.0020378828
0.0011514425
0.00642848
0.0019705296
0.0023816824
0.00029289722
0.0006734133
0.0034247637
0.005399823
0.0012427568
0.00011909008
0.0034036636
0.002566576
0.00051796436
0.0010012388
0.002784729
0.008002043
5.376339e-05
0.0014221668
0.0037908554
0.0028321743
0.0061770678
0.00055265427
0.0008428097
0.005151391
0.00067317486
0.0015370846
0.0015587807
0.003694415
0.0031260252
0.0011818409
0.00033462048
0.00050878525
0.0072050095
0.0015653372
0.00081694126
0.0016434193
0.0025297403
0.0029718876
0.0053135157
0.0020151138
0.0017818213
0.0006645918
0.0050331354
0.0030754805
0.001481533
0.00045371056
0.0015691519
0.0036873817
0.006290555
0.0043447018
0.0020914078
0.001008749
0.004079461
0.0037264824
0.010097504
0.0045274496
0.00018668175
0.0035045147
0.0025976896
0.0030434132
0.0043826103
0.0035036802
0.005594015
0.0016037226
0.002548337
0.0053036213
0.0016571283
0.0008597374
0.0049803257
0.0027804375
0.0049077272
0.010146141
0.002030611
0.0018371344
0.0007429123
0.0009783506
0.0011894703
0.005776167
0.0004951954
0.0032792091
0.0013600588
0.004085541
0.0013754368
0.00084900856
0.0014468431
0.009128809
0.00078094006
0.0051264763
0.0057965517
0.00028407574
0.006205082
0.0056056976
0.0038092136
0.002624154
0.0015735626
0.003551364
0.0035922527
0.00050771236
0.0018478632
0.0033100843
0.0007302761
0.0022999048
0.003550768
0.001975298
0.0043286085
0.0012087822
-8.46386e-06
0.0019927025
0.0016417503
0.004165411
0.0008815527
0.007819772
0.0046770573
0.008620024
0.0010316372
0.0009762049
0.0012495518
0.000775218
0.0018699169
0.0005764961
0.0036498308
0.00073313713
0.0039981604
0.0023492575
0.0009647608
0.0007857084
0.001920104
0.0027472973
0.0018478632
0.0042004585
0.0016459227
0.004919648
0.0008429289
0.0027153492
0.0020618439
0.0018469095
0.0028467178
0.0014932156
0.0016679764
0.0025246143
0.0007636547
0.009629488
0.0028223991
0.001222372
0.002496004
0.016135693
0.004639387
0.000543952
0.0039206743
0.010887384
0.0054455996
0.0070564747
0.00029957294
0.0030941963
0.0023258924
0.007494092
0.0022978783
0.0042660236
0.0010198355
0.00036764145
0.0012391806
4.696846e-05
0.0038256645
0.0066771507
0.00063586235
0.00056028366
0.0039640665
0.0005130768
0.0071908236
0.0016903877
0.0017582178
0.00030744076
0.010639548
0.00029313564
0.014312029
0.00069618225
6.0796738e-06
0.00032401085
0.0022518635
0.0037266016
0.007909298
0.00044977665
0.0040516853
0.006529212
0.0067162514
0.003414154
0.0010739565
0.0033037663
0.0024294853
0.008028984
0.00038433075
0.0020503998
0.0014674664
0.005512476
0.004282236
0.0043860674
0.0012537241
0.005049348
0.006486535
0.0019321442
0.0030025244
0.0019551516
0.0014613867
5.4359436e-05
0.0036916733
0.0025265217
0.00047945976
0.0016285181
0.0014543533
0.00026869774
0.0033048391
0.01421833
4.720688e-05
0.004575014
0.0014665127
0.0010240078
0.00026476383
0.0025798082
0.00074124336
0.000600934
0.0025594234
0.0034259558
0.0032747984
0.001111269
0.0011857748
0.0026673079
0.0025755167
0.0018773079
0.0036156178
0.008964181
0.004952669
0.00034749508
0.00027668476
0.0046783686
0.0029456615
0.006384611
0.002202034
0.0067950487
0.0058852434
0.0021420717
0.0008735657
0.0006352663
0.0033099651
0.0022622347
0.007810354
0.0033544302
0.005283475
0.0025619268
0.002620101
0.0011692047
0.0003077984
0.003981471
0.0021630526
0.0033038855
0.0072073936
0.0012749434
0.0034999847
0.009930015
0.00083458424
0.0010886192
0.00088799
0.002880931
0.00015103817
0.0041401386
0.00028312206
0.0003361702
0.0017725229
0.0034966469
0.014139652
0.001953125
0.00080883503
0.0036399364
0.005741477
0.0030181408
0.0020637512
0.0064918995
0.011259079
0.0010038614
0.0020697117
0.0046248436
0.0026913881
0.00028848648
0.0020564795
0.0021350384
0.0003631115
0.0034778118
0.0008690357
0.0018148422
0.00068438053
0.00221622
0.0071201324
0.0052554607
0.0025656223
0.0022892952
0.011637449
0.0014394522
0.0027017593
0.0023099184
0.0055217743
0.0008023977
0.0026414394
0.0033768415
0.0070894957
0.0007531643
0.00019192696
0.0017392635
0.010349393
0.00027751923
0.007310629
0.0026961565
0.0010578632
0.001185298
0.006242633
0.0012805462
0.004258156
0.0013327599
0.007238269
0.0049464703
0.0014225245
0.0018894672
0.009170055
0.006959915
0.0017488003
0.0018064976
0.00067675114
0.0026205778
0.0006290674
0.0037025213
0.0032310486
0.004216671
0.0019214153
0.0013802052
0.0028984547
0.0007725954
0.0012376308
0.0029519796
0.00013613701
0.0049288273
0.0011941195
0.0012362003
0.0041646957
0.0016423464
0.00061893463
0.011710286
0.004271865
0.0018618107
0.0013149977
0.002776742
0.0001654625
0.0013707876
0.0036756992
0.00514555
0.001989603
0.0011233091
0.0011310577
0.004332781
0.0047079325
0.0013022423
0.00084996223
0.002907157
0.004470825
0.0059301853
0.00044059753
4.9591064e-05
0.00035345554
0.0025652647
0.0005276203
0.004953027
0.0016055107
0.0017710924
0.004284978
0.00018239021
0.00052917004
0.002617836
0.005417347
0.0015583038
0.005416751
0.0023611784
0.0023756027
0.0099800825
0.0029821396
0.004488349
0.0008468628
0.00014734268
0.0021812916
0.0008084774
0.003981352
0.0042430162
0.0005272627
0.00071525574
0.0030810833
0.004336357
0.00070858
0.009143472
0.0005531311
0.0048508644
0.007575989
0.0017645359
0.0010045767
0.009995103
0.002938509
0.0022482872
0.0036580563
0.0025200844
0.0006606579
0.0056391954
0.0007908344
0.0016368628
0.007938743
0.0030953884
0.00056123734
0.004916668

0.0004402399
0.00358665
0.0026022196
0.0021330118
0.0074133873
0.00026667118
0.002204895
0.0015746355
0.00034999847
0.0031342506
0.00014257431
0.00069856644
4.6610832e-05
0.004044652
0.004385829
0.006048441
0.0021682978
7.081032e-05
0.0008227825
0.0001142025
0.009248257
6.198883e-05
0.0039594173
0.00318861
5.4836273e-06
0.004993677
0.0014593601
0.0013085604
0.004653454
0.00026738644
0.0040780306
0.0022444725
0.002989173
2.9087067e-05
0.008821011
0.0041595697
0.0060744286
0.002191186
0.0013680458
0.0012331009
0.0045142174
0.002078414
0.0006736517
0.0014574528
0.0015581846
0.0013700724
0.0021833181
0.011467457
0.0021162033
0.0034857988
0.0010199547
0.0056239367
0.004203677
0.007226467
0.0026971102
0.0003465414
0.004441023
0.0036104918
0.002144456
0.0009970665
0.00044238567
0.0075610876
0.0011384487
0.0023716688
0.0066148043
0.00425756
0.0060857534
4.6014786e-05
0.0067101717
0.0024408102
0.002838254
0.003611207
0.0004297495
0.0050913095
0.001390338
0.0039582253
0.0018780231
0.009697437
0.00055217743
0.0014644861
0.0024747849
0.00437963
0.007114053
0.0057342052
5.9604645e-06
0.0095226765
0.004190564
0.010089397
0.004889846
0.00421834
0.00096058846
0.0015612841
0.011053085
0.0016402006
0.0013048649
0.0009536743
0.0027366877
0.00018525124
0.0035284758
0.0004698038
0.0015488863
0.005139947
0.0036274195
0.0017080307
0.0009263754
0.0016305447
0.00017094612
0.002834916
0.0021400452
0.0022784472
0.0021032095
0.002977252
0.0016679764
0.0008304119
0.0019581318
0.00051414967
0.0021584034
1.4305115e-05
4.2319298e-05
0.001466155
0.0031598806
0.0025628805
0.0053334236
0.009775162
0.0020781755
0.009117365
3.4332275e-05
0.00020051003
0.0036013126
0.0042803288
0.0017447472
0.0034327507
0.00062155724
0.0062640905
0.002683282
0.00090658665
0.006064892
0.00045883656
0.00044870377
0.00084233284
0.0004541874
0.0064399242
0.0032896996
0.001522541
2.5749207e-05
0.0024260283
0.008125186
0.0008018017
0.004834771
0.0046925545
0.00257802
0.003934741
0.0013036728
0.002186656
0.0014979839
0.006067872
0.0015194416
0.0064618587
0.0011115074
0.0011870861
0.00528419
0.0008172989
0.0045478344
0.0038125515
0.005295038
0.0001707077
0.002922058
0.0012446642
0.003145337
0.0014021397
0.003499031
0.007276416
0.008482695
0.0017950535
0.0025248528
0.0043947697
0.0048828125
0.0035953522
0.0021845102
0.008703828
0.005869508
0.0036735535
0.00457561
0.0018495321
0.001948595
0.0017210245
0.0019447803
0.0030804873
0.003407836
0.00050008297
0.00084269047
0.0046030283
0.00361228
-6.556511e-06
0.0006917715
0.0044441223
0.0032209158
0.0033322573
0.0031090975
0.000921607
0.0039952993
0.0045171976
0.00245893
0.0012875795
0.0004030466
0.007286191
0.0007748604
0.0020987988
0.0020655394
0.00059592724
0.0013078451
0.0019294024
0.002904296
0.003573656
0.002150774
0.000641346
0.00089263916
0.0007305145
0.0024614334
0.0025902987
0.00034594536
0.00022220612
0.003435135
0.0033396482
0.0043427944
0.009701729
0.0017002821
0.0019373894
0.0027121305
0.00084650517
0.005642295
0.0001398325
0.008585691
0.0021897554
0.003370881
0.0005444288
0.008004785
0.00086545944
0.0016860962
0.0046936274
0.0018796921
0.0025753975
0.0042920113
0.00019001961
0.0019322634
0.001850605
0.0014696121
0.0020052195
0.004083991
0.009862781
0.0011575222
0.0045799017
0.0020401478
0.005137801
0.008432746
0.005417347
0.0013729334
0.0017371178
0.010199904
0.0019710064
0.003936887
0.0020891428
0.00038468838
0.0001398325
0.0033863783
0.0030218363
0.0015482903
0.00015687943
0.0032852888
0.003494501
0.0048134327
8.833408e-05
0.007913232
0.011156082
0.00039887428
0.006070614
0.0023913383
0.0010886192
0.0012015104
0.0046731234
0.0011307001
0.005817294
0.00082826614
0.0071496964
0.0028458834
0.003905177
0.0016188622
0.0067358017
0.0041412115
0.0014537573
0.0024160147
0.0011079311
0.0015580654
0.004618287
0.00083065033
0.0021229982
0.0045398474
0.0042290688
0.0020204782
0.0014954805
0.0040193796
0.0015351772
0.00017905235
0.0024085045
0.0032052994
0.002485156
0.006196499
0.020906925
0.006452203
0.008366108
0.0042375326
0.0058176517
0.0051094294
0.0009328127
0.0012124777
0.0028070211
0.0034519434
0.0055015087
0.0024924278
0.001857996
0.0061649084
0.00602293
0.0013718605
0.00033187866
0.0005290508
0.00028014183
0.0007106066
0.0062328577
0.0010449886
0.0031882524
0.0057564974
0.0025806427
0.0073930025
0.0018131733
9.417534e-06
0.0026512146
0.0070631504
0.009649634
0.002884388
0.0037851334
0.00014841557
0.002312541
0.0022263527
0.00036168098
0.003059268
0.0018327236
0.0018033981
0.0013231039
0.0018008947
0.000100016594
0.0059942007
0.002049327
0.001655817
0.0001975298
0.0024620295
0.0029124022
0.0044281483
0.00430429
0.001156807
0.0023522377
0.0021730661
0.00021457672
0.005493164
0.0001527071
0.001075983
0.009511948
0.0012072325
0.0042130947
0.003909707
0.0017524958
0.0005187988
0.00538218
0.0011039972
0.00618124
0.00459373
0.0046397448
0.00967133
0.0016233921
0.006018758
0.0021799803
4.4226646e-05
0.0030332804
0.004496455
0.0029335022
0.0064593554
0.0070620775
7.760525e-05
0.0043108463
0.0012425184
0.0031290054
8.4519386e-05
0.002968669
0.003380537
0.0037373304
0.0074738264
6.604195e-05
0.004079461
0.005730033
0.0009621382
0.0012338161
0.0010038614
0.0032298565
0.0014308691
0.0070027113
0.0014140606
0.0010620356
0.004145503
0.0014669895
-5.00679e-06
0.0031130314
0.0019497871
0.0015619993
0.0043213367
0.0006661415
0.00023365021
0.0050827265
0.0034983158
0.00033473969
0.0005848408
0.00362432
0.003420353
0.00022172928
0.0018621683
0.005543351
0.008294463
0.0064992905
0.0018051863
0.005677104
0.0037167072
0.0017741919
0.0013408661
0.0009704828
0.00050246716
0.0021960735
0.0025578737
0.001568079
0.001987815
0.0017151833
0.0005669594
0.0019441843
0.0052583218
0.006351948
0.003981471
0.006364703
0.00043714046
0.0018781424
0.003109455
0.0044385195
0.00039744377
0.0018113852
0.0026687384
0.0028879642
0.0025681257
0.005120158
-1.0967255e-05
0.00288558
0.0014430285
0.003670454
0.0010169744
0.00054717064
0.0006278753
0.0018080473
0.005335331
0.0022815466
0.0009610653
0.004795313
0.0015848875
0.0014537573
0.0013114214
0.008764029
0.0015076399
0.0066229105
0.003255248
0.00035989285
0.001206398
0.00071024895
0.0038256645
0.0003796816
0.0077050924
0.0043931007
2.3722649e-05
0.0057905912
0.0006557703
0.0026261806
0.006118536
0.0044853687
0.003183484
0.00037574768
0.0024961233
0.00033652782
0.0010994673
0.0003156662
0.014083624
0.0019048452
0.0016429424
0.001270175
0.0031250715
0.0032206774
0.0046910048
0.0007777214
0.0005284548
0.0033991337
0.0028828382
0.004963398
0.0050498247
0.0017044544
0.0057315826
0.0016520023
0.00077056885
0.001491189
0.00045621395
0.00024533272

0.0040780306
0.0019365549
0.0029087067
0.006456852
0.00087058544
0.004134655
0.004430294
0.0023503304
0.0033669472
0.00015175343
0.004082918
0.0035306215
0.00473094
0.0033107996
0.0025792122
0.0012438297
0.00087428093
0.0012657642
0.0037624836
0.002729535
0.003153801
0.003546834
0.0026721954
0.0018877983
0.0023087263
0.006942749
0.0010039806
0.0024523735
0.005911827
0.0013023615
0.0014951229
0.00086295605
0.0012636185
0.00010752678
0.00039350986
0.0019892454
0.0051414967
0.000182271
0.0025315285
0.00288558
0.0041464567
0.0015962124
0.0029090643
0.00051629543
0.00425756
0.005399823
0.0021295547
0.0037237406
0.0022990704
0.00079512596
0.0036417246
0.0023549795
0.0022141933
0.0022375584
0.0036711693
0.0039327145
0.0022976398
0.00593102
0.0014494658
0.00013029575
0.0024613142
0.001029849
0.0023235083
0.00074625015
0.00082945824
0.0068449974
0.0033226013
0.002357483
0.002910614
0.0031237602
0.0009986162
0.0026401281
0.0016871691
0.004380822
0.003390193
0.0037337542
0.003714919
0.0008535385
0.0014770031
0.0031977892
0.0025172234
0.0016213655
0.0026544333
0.0030950308
0.004826784
0.0034151077
0.002199769
0.0021830797
0.0053904057
0.0034030676
0.0028362274
0.0028828382
0.003079176
0.0061882734
0.00048315525
0.00079989433
0.002871871
0.0037686825
0.0081807375
0.0013020039
0.010402679
0.009690523
0.0073906183
0.0033615828
0.0043156147
0.0021618605
0.0024842024
0.0049722195
0.0035846233
0.00306499
0.0016788244
3.3974648e-05
0.0037269592
-8.34465e-07
0.0066764355
0.0014197826
0.0037568808
0.0017764568
0.0012056828
0.003015399
0.003356576
0.006893277
0.0062988997
0.0022900105
3.159046e-05
0.0045315027
0.0033062696
0.004159093
0.004362941
0.004813075
0.0031251907
0.0016980171
0.0015207529
0.0011554956
0.004822612
0.0016876459
0.00057291985
0.00078225136
0.0016351938
0.003916025
0.0023053885
0.00084352493
0.0041544437
0.0017094612
0.0050269365
0.003937006
0.0011627674
0.0015833378
0.004954338
0.0024098158
0.0024573803
0.0019388199
0.005204797
0.007352829
0.0057014227
0.004679799
0.0031000376
0.0035350323
0.006962657
0.0012692213
0.00332129
0.0048640966
0.0012421608
0.0010677576
0.0039372444
0.0014400482
0.006365061
0.0016949177
0.0043489933
0.005997896
0.0038279295
0.0033097267
0.0026547909
0.0020145178
0.000549078
0.002011776
0.0031311512
0.0027103424
0.002374649
0.0029411316
0.0016002655
0.0010541677
0.0035675764
0.002649188
0.000931859
0.001624465
0.003826499
0.0025937557
0.002805233
0.0007377863
0.0016732216
0.002549529
0.0021208525
0.0026328564
0.002173543
0.0005546808
0.0052746534
0.0013816357
0.0021295547
0.0044817924
0.003927231
0.0005722046
0.0040433407
0.0040528774
0.0014313459
0.004208088
0.0028346777
0.003121376
0.0005503893
0.0018696785
0.0020753145
5.9604645e-06
0.005174756
0.0015341043
0.0063562393
0.0038067102
0.0043421984
0.0032191277
0.0022461414
0.0065430403
0.0005842447
0.004098296
0.0014617443
0.0045183897
0.0037897825
0.0021715164
0.00053691864
0.0012847185
0.0059387684
0.0037882328
0.0034877062
6.175041e-05
0.0013655424
0.0037618876
0.002423644
0.005538583
0.00498271
0.0053135157
0.0024211407
0.00019586086
0.00038778782
0.0019472837
0.003504157
0.0033470392
0.0010560751
0.0059177876
0.0021812916
0.0020074844
0.0024558306
0.0047775507
0.00012516975
0.0027798414
0.0014259815
0.0010910034
0.0037454367
0.0030460358
0.002586484
0.0055003166
0.0027816296
0.0052535534
0.004293084
0.004956126
0.0020192862
0.00500381
0.0026910305
0.0010671616
0.0019462109
0.003890276
0.0070244074
0.00470829
0.0036640167
0.0036478043
0.0031377077
0.0027692318
0.0002040863
0.0026072264
0.0051488876
0.0012738705
0.008785009
0.0018776655
0.003971219
0.0031460524
0.0005553961
0.0016934872
0.004874587
0.001791358
0.0024882555
0.005247116
0.0010222197
6.246567e-05
0.00018131733
0.0032435656
0.0036228895
0.0008250475
0.004120469
0.0025120974
0.00041377544
0.0046942234
0.0018621683
0.0010559559
0.004408121
0.0051579475
0.001750946
0.0052791834
0.0027145147
0.00489974
0.0031368732
0.0049643517
0.0028208494
0.0025678873
0.0045866966
0.0019390583
0.0010656118
0.001445055
0.0014181137
0.0026272535
0.0034387112
0.0025286674
0.0067539215
0.0043096542
0.0009549856
0.010301709
0.0041105747
0.0026983023
0.0035383701
0.003196478
0.004757166
0.0007469654
0.0006430149
0.0038762093
0.00083243847
0.0037816763
0.0038604736
0.002914548
0.0039533377
0.003535986
0.0018923283
0.0017579794
0.0027344227
0.0015012026
0.00018787384
0.00204432
0.00187397
6.0796738e-06
0.0027941465
0.0024530888
0.00025212765
0.0028779507
0.004573822
0.004289031
0.0028100014
0.0017846823
0.0016927719
0.0046510696
0.003378749
0.0031151772
0.0044099092
0.0018119812
0.0010353327
0.0005364418
0.0015823841
0.0012873411
0.005628228
0.0060144663
0.00019991398
0.001799345
0.0014920235
0.0071755648
0.0008368492
0.006891012
0.0016585588
0.0032036304
0.0049940348
0.0015847683
0.0009262562
0.0040950775
0.004361987
0.001778841
0.004599571
0.0005656481
0.0014256239
4.7683716e-07
0.0018835068
0.002085209
0.0018639565
0.00396955
0.0027428865
0.0019133091
0.0028992891
0.007499218
0.0027222633
0.0044369698
0.0017031431
0.0023725033
0.0041115284
0.00088346004
1.13248825e-05
0.0009366274
0.0022904873
0.004279256
0.000997901
0.008615851
0.0015743971
8.34465e-07
0.0027405024
0.0034104586
2.18153e-05
0.002997756
0.007277727
0.0040038824
0.0037673712
0.0019831657
0.00209558
0.0019856691
0.001919508
0.005958438
0.0024930239
0.0030515194
0.0020513535
0.0023604631
0.0033857822
0.007874727
0.00047457218
0.00018835068
0.0031073093
0.0031239986
0.0017279387
0.003660798
0.005636215
0.0032390356
0.002161622
0.0029444695
0.002891302
0.0039104223
0.0039435625
0.0048081875
0.0088813305
0.0021246672
0.0015610456
0.004432082
0.0045564175
0.00385499
0.0046685934
0.0013562441
0.0026009083
0.0011743307
0.0031391382
0.0035824776
0.0062357187
0.0045040846
0.0058909655
0.0026415586
0.0023491383
0.00095045567
0.0035213232
0.001715064
0.0023548603
0.0063585043
0.00811708
0.003084302
0.0028944016
0.0019905567
0.0014221668
0.0008587837
0.0010654926
0.0029053688
0.0020605326
0.0031715631
0.0062901974
0.0050578117
0.007362962
0.0043524504
0.0017294884
0.008191228
0.0034353733
0.0023109913
0.0018212795
0.0012928247
0.010978341
0.0007531643
0.0017030239
0.0018651485
0.004894972
0.00094914436
0.003515005
0.0044982433
0.0017673969
0.0035909414
0.0031933784
0.0055115223
0.0035270452
0.0019823313
0.006564617
0.0016708374
0.0049015284
0.0063490868
0.0036640167
0.00018560886
0.003073454
0.0014334917
0.0019962788
0.0007534027
0.0042790174
0.005631566
0.0035926104
0.0015712976
0.0057371855
0.004601121
0.0016620159
0.0017236471
0.0011160374
4.0888786e-05

0.00169456
0.0017348528
0.0028249025
0.0029312372
0.0028198957
0.001636982
0.011999607
0.003989935
0.002465248
0.003342867
0.0037059784
0.0056142807
0.0036152601
0.002555132
0.0056563616
0.0039435625
0.0052508116
0.00411427
0.0011200905
0.0024479628
0.0016765594
0.0002425909
0.0072211027
0.0039161444
0.002063036
0.0069975853
0.004460454
0.0024110079
0.0017044544
0.0047198534
0.0009510517
0.0036804676
0.0027316809
0.0062441826
0.0015972853
0.0017141104
0.0020889044
0.00862062
0.0030047894
0.004353285
0.003626585
0.004975438
0.0019260645
0.0035659075
0.0035424232
0.0027318
0.0017436743
0.0022894144
0.0033714771
0.002103448
3.2186508e-06
0.002927661
0.0009969473
0.0038434267
0.001639843
0.0044773817
0.0036553144
0.00415051
0.002469778
0.002510786
2.3841858e-07
0.004105687
0.004529476
0.0059348345
0.0021110773
0.0033881664
0.0011707544
0.0028756857
0.006857991
0.0008761883
0.0018056631
0.0029125214
0.0045155287
0.004275799
0.0014977455
0.0065681934
0.0016034842
0.0004905462
0.004090905
0.0013810396
0.0028582811
0.0030688047
0.003254056
0.001926899
0.0043820143
0.0055890083
0.0022609234
0.0022431612
0.00029468536
0.0020788908
0.0025084019
0.0041069984
0.0008819103
0.0007703304
0.0028027296
0.0040597916
0.0063593388
0.0015659332
0.0034960508
0.005955577
0.0032732487
0.0012850761
0.0036939383
0.004766345
0.0014096498
0.005561471
0.002393484
0.005346656
0.0037983656
0.006847501
0.0011140108
0.0023571253
0.008391738
0.0021218061
0.0027436018
0.00031924248
0.0022941828
0.0047775507
0.0026720762
0.002418995
0.002224803
0.0011945963
0.0020290613
0.0033956766
0.0017491579
0.00088632107
0.0019606352
0.0032212734
0.004538417
0.005472541
0.0016849041
0.005420327
0.0011403561
0.0037007332
0.002117753
0.0014144182
0.0036610365
0.0019714832
0.0043307543
0.0038241148
0.002073288
0.0017215014
0.0017578602
0.003337741
0.0061056614
0.0021919012
0.0054911375
0.0019183159
0.0029861927
0.0020295382
0.0024513006
0.000857234
0.0037546158
0.008484602
0.0010434389
0.007093191
0.00021994114
0.0013022423
0.0017410517
0.0043736696
0.003803134
0.0014154911
0.0019564629
0.0026926994
0.0023465157
0.0016322136
1.4424324e-05
0.007399678
0.0019224882
0.00027608871
0.0044691563
0.0013432503
0.0007786751
0.0028783083
0.0057086945
0.0034582615
0.0012776852
0.0046874285
0.00010895729
0.003738165
0.002701044
0.00026977062
0.0035096407
0.0020041466
0.00532043
0.0036422014
0.0024899244
0.0014935732
0.0027462244
0.0036221743
0.003110528
0.0001924038
0.0040875673
0.00070273876
0.002821207
0.0019019842
0.004966855
0.0054513216
0.0022141933
0.00324893
0.0061705112
0.0045244694
0.0017635822
0.005751729
0.0022580624
0.0022073984
0.0033438206
0.0020490885
0.0007266998
0.0029900074
0.0041992664
0.0015319586
0.0037047863
0.0045946836
0.0027381182
0.0015897751
0.006209612
0.0031690598
0.0059456825
0.0013440847
0.0019726753
0.0020813942
0.001554966
0.0025621653
0.0030546188
0.0024678707
0.0022491217
0.0017380714
0.0035880804
0.002665639
0.0017669201
0.0019916296
0.002195716
0.003171444
0.0013217926
0.002733469
0.0033339262
0.0046254396
0.0005354881
0.0038727522
0.0020970106
0.0033854246
0.0025696754
0.0032613277
0.0027103424
0.0010265112
0.0017744303
0.003074646
0.002298355
0.002722621
0.002937436
0.0030850172
0.0010871887
0.0021141768
0.0040234327
0.0025966167
0.0023093224
0.0042686462
0.0014306307
0.004164338
0.0036455393
0.0027692318
0.0018672943
0.0033664703
0.0018945932
0.0018604994
0.007020831
0.003366828
0.0052376986
0.0028221607
0.0033164024
0.0011377335
0.0042535067
0.0040228367
0.002406001
0.005400896
0.0032029152
0.0054433346
0.0062624216
0.0033872128
0.0019862652
0.0021306276
0.0007991791
0.0028159618
0.0027608871
0.002856493
0.0023840666
0.0029377937
0.003379941
0.0039840937
0.0018031597
0.004774809
0.0012495518
0.003913164
0.0026056767
0.004233718
0.0006505251
0.0030527115
0.0024529696
0.003873229
0.0015333891
0.009137392
0.0024524927
0.002452612
0.0012644529
0.0015000105
0.0014442205
0.0022565126
0.0036498308
0.005154133
0.0040165186
0.0022945404
0.0034701824
0.00326097
0.0042271614
0.004296541
0.0032670498
0.008213401
0.0035414696
0.0015728474
0.0031374693
0.0046112537
0.0009229183
0.002844572
0.004296899
0.0016012192
0.006107807
-5.9604645e-07
0.0033720732
0.006304741
0.0028588772
0.0031689405
0.0042698383
0.0039000511
0.0039839745
0.0037868023
0.0025340319
0.0047611
0.002839923
0.001113534
0.0023730993
0.0044459105
0.004123926
0.0011460781
0.0034558773
0.0047216415
0.0036736727
0.0019754171
0.001984477
0.0018283129
0.00423038
0.0032327175
0.00068211555
0.006718397
0.0016237497
0.0052508116
0.0070238113
0.0033587217
0.0015749931
0.0023944378
0.008019924
0.0039795637
0.0037403107
0.0015183687
0.0026013851
0.0016566515
0.0007945299
0.0016492605
0.002881527
0.0053008795
0.0070273876
0.0019358397
0.0013054609
0.0016235113
0.002400875
0.0034065247
0.0018811226
0.0015019178
0.0022016764
0.0043826103
0.0008057356
0.0033905506
0.0025941133
0.0033590794
0.0017054081
0.0019247532
0.003370881
0.0039012432
0.0032829046
0.0013574362
0.0020958185
0.0017597675
0.0021324158
0.0017088652
0.003743887
0.0049717426
0.0023218393
0.0070272684
0.002144456
0.002498269
0.0011751652
0.0019309521
0.00448668
0.0037146807
0.0022268295
0.0041457415
0.0026507378
0.0010234118
0.0017901659
0.004608512
0.0006517172
0.002839923
0.0026111603
0.0024932623
0.0021693707
0.0036679506
0.0032910109
0.0030460358
0.0044486523
0.003315568
0.0018495321
0.002390027
0.0040519238
0.0011917353
0.00074350834
0.0032738447
0.0038763285
0.0019322634
0.0022075176
0.0007470846
0.0029417276
0.0026630163
0.0058478117
0.0054163933
0.0011354685
0.0020879507
0.003210187
0.0016059875
0.0022745132
0.0031584501
0.0016980171
0.002923727
0.0029369593
0.0024775267
0.0110474825
0.0015417337
0.0028996468
0.006385684
0.0005558729
1.1444092e-05
0.002646327
0.004137635
0.0019749403
0.002218604
0.0011314154
0.0021533966
0.0024574995
0.0035191774
0.0029287338
0.0007047653
0.003640771
0.0040175915
0.006901741
0.002108574
0.0021423101
0.003232956
0.0012335777
0.00055933
0.010414004
0.00030887127
0.001785636
0.0055429935
0.0044488907
0.003656745
0.0037406683
0.0018395185
0.0035687685
0.002585411
0.0019235611
0.002550006
0.0035134554
0.0021346807
0.0037343502
0.0009306669
0.0037136078
0.0023018122
0.0023268461
0.0010453463
0.0025075674
0.003388524
0.0014460087
0.0024119616
0.001819253
0.00065231323
0.0011473894
0.002767086
0.0019150972
0.006858945
0.0010817051
0.003687501
0.0015678406
0.0026043653
0.0009763241
0.001560688
0.002293706
0.0020005703
0.008577943
0.0023994446
0.0042432547
0.0035085678
0.0020819902
0.0047795773

0.06464279
0.05169928
0.079666734
0.087337494
0.07114744
0.07645714
0.05583024
0.04659176
0.05428183
0.06003177

