0.061711907
0.1460309
0.027199864
0.0241009
0.14100945
0.041176796
0.063491225
0.04426825
0.16750324
0.03399253
0.29286087
0.13830721
0.10986519
0.093912005
-0.00962007
0.014493704
0.06640291
-0.035643578
0.25813055
-0.06410074
0.013457298
0.087350726
0.08655989
-0.022582412
0.04512787
0.0736959
0.17317498
0.052304506
0.17171085
0.015635729
0.11260915
0.10069835
0.087816834
0.16240859
0.017365217
0.06622434
0.03258753
0.13783157
-0.0013719797
0.11608851
0.06055188
0.060059786
0.036491275
0.36671937
0.011536717
0.17802227
-0.0043245554
0.094984055
0.09244001
0.10064757
0.13591409
0.012891769
0.049429417
0.011342049
0.07991755
0.029055834
0.07283914
0.07084286
0.06795752
0.059236288
0.015725136
0.05587101
0.017851949
-0.028773427

0.027157903
0.04910469
0.01018846
0.0005441904
0.1103096
0.13054979
-0.009314895
0.015839696
0.29483974
0.10047436
0.036625504
0.019447207
0.064799786
0.008697987
0.27298987
0.07515979
0.08114219
0.030173063
0.010736585
0.06832445
0.06952405
0.026706696
0.06469643
0.13724864
0.027670264
0.18384373
0.07883763
0.047309756
0.06548381
0.49283326
0.05333829
0.029538155
0.046522737
-0.0004143715
0.049663424
0.03851676
0.18961656
0.14042163
0.073094845
0.039830446
0.0072050095
0.027390003
0.0066815615
0.070515156
0.115979195
0.14484203
0.1772095
0.07169604
0.12595713
0.09315956
0.082837224
0.081062436
0.21259129
0.14823437
0.013194442
0.02661848
0.11369479
0.03290081
0.020291448
0.0701009
0.11213791
0.061865926
0.0055342913
0.06290746

0.05894518
0.02720666
0.044606447
0.03715825
0.006057024
0.06254971
0.05314219
-0.0008878708
-0.06743884
0.02838564
0.102659106
0.016382813
0.00888896
0.0011643171
0.0027165413
0.019447446
0.006838441
0.05718851
0.09347665
0.075570345
0.0084917545
0.05977857
0.067766786
0.05211246
0.063427806
0.010741234
0.057943583
0.0040158033
-0.00027143955
0.09618294
0.0115100145
0.029360652
0.03696239
0.07305539
0.00045645237
0.0056420565
0.040929914
-0.0005311966
0.039854646
0.027681708
0.043245077
0.016986609
0.056509137
-0.00069081783
-0.0006711483
0.05868244
0.05791819
0.039749503
0.07847726
0.14438677
0.04394698
0.006147027
0.056553483
0.052589297
0.041493297
0.032702684
0.048441052
0.05013466
0.047199607
0.015786648
0.1164788
0.05619812
0.022010088
-0.0019572973
0.026094198
0.01867354
0.0045473576
0.019802094
0.0012969971
0.103740215
0.043682575
0.042378187
0.004271388
0.011749983
0.02729249
0.11918783
0.06163919
0.061315656
0.009854794
0.043626904
0.034419656
0.05259955
0.042807817
-0.005892396
0.022057652
0.032198906
0.015390515
0.045615435
0.04723239
0.0011531115
0.05067599
0.05297005
0.066159606
0.115734935
0.03820789
0.015315056
0.03290069
0.020569086
0.05009508
-0.0012967587
0.063809276
0.04313302
0.030466199
0.12814164
0.08646083
0.04257071
0.035688996
0.08144927
0.00091409683
0.030509114
0.009070039
0.028035283
0.10672319
0.051133394
0.053566813
0.0468179
0.008682132
0.012516141
0.028644443
0.0016176701
0.0438838
0.09509885
0.03653848
0.03699732
0.040023804
0.043392777
-0.011088014
0.1042757

0.022028923
0.044803143
0.037492275
0.025557756
-0.0027780533
0.03413987
0.015345335
0.0069823265
0.016788602
0.012842178
0.042907476
0.08596122
0.046252966
0.06320977
0.02693963
0.029304028
0.03989303
0.029672623
0.040303707
0.020162582
0.044137
0.056998134
0.062386036
0.013072014
0.02776575
0.011374474
0.049597144
0.026320338
0.018251419
0.10187733
0.038374543
-0.00372231
0.10476518
0.06528008
0.051643252
0.06278241
0.03893602
0.010813236
0.0660795
0.03810036
0.06375635
0.022465706
0.012724876
0.060307622
0.0659461
0.0022622347
0.04974544
0.04988706
0.046537995
0.011423111
0.04565561
0.056096792
0.044229984
0.0438689
0.02594614
0.053234696
0.08115256
0.04365456
0.02664721
0.032589912
0.025930524
0.02591443
0.05598557
0.061808825
0.081448436
0.042942286
0.0037221909
0.066833735
0.021255255
0.008236051
0.084855676
0.038752437
0.03726387
0.050435185
0.031125307
0.0026471615
0.027696133
0.0033944845
0.044971585
0.03676653
0.052631736
0.0771302
0.0029575825
0.017599225
0.041094303
0.040703773
0.075603485
0.06785512
0.055546165
0.03691709
0.032607317
0.09068203
0.037731647
0.030324578
0.032531977
0.029101849
0.020576596
0.051204205
0.020348191
-0.0019944906
0.06494498
0.02302301
0.034018755
0.015777588
0.046248913
0.06405926
0.057999372
0.084886074
0.052994967
0.014228106
0.026430845
0.02122128
0.024143338
0.018528461
0.046352863
0.08369744
0.07048607
0.02786374
0.024553776
0.08064568
0.023127198
0.0023043156
0.029319286
0.0019057989
0.011437297
0.043658376
-0.00271976
0.059179664

0.028683662
0.026369572
0.011270285
0.0055445433
0.013521552
0.06417704
0.0045183897
0.01793921
0.043245196
0.03682244
0.037599444
-0.020898938
0.033503413
0.03193903
0.012544155
0.008817673
0.015084982
0.005322337
-0.0017534494
0.038013935
0.026033401
0.06203997
0.014667511
0.0063409805
0.004587531
0.020222425
0.006321192
0.005679488
0.02214849
0.031688094
0.008270383
0.017171264
0.019068599
0.037145853
-0.0024950504
0.02929473
0.013764262
0.0030355453
0.003877759
0.015825152
-0.00024926662
0.011586547
0.021842957
-0.0034294128
0.017391086
0.018421173
0.0038878918
-0.0049676895
0.0035015345
0.025292158
0.0056214333
0.02586615
-0.0017386675
0.014053583
0.007019043
0.005605459
0.054924607
0.056313753
0.010079622
0.055892706
0.018737912
0.010741949
0.012948871
0.04274571
0.03790939
0.015664458
0.022403717
-0.0015317202
0.014065504
0.008472204
0.010028601
0.016854048
0.037728667
0.02131319
0.010629892
0.03001821
0.0485003
0.02669096
0.003243804
0.034317017
0.017678738
0.023005009
0.01827097
0.009586096
0.011272669
0.0061810017
0.027342677
0.025855541
0.047230124
0.005940914
0.017268062
-0.0013538599
0.015020251
0.033428192
0.0045291185
0.021889567
0.011118889
0.011279464
0.030985951
-0.004351735
0.02534771
0.015966535
0.026880383
0.005625963
0.0147720575
0.004690051
0.011157632
0.008416772
0.034514546
0.009786963
-0.000400424
0.020334005
-0.0025525093
0.025613189
0.0055612326
-0.017543197
0.031185031
0.011277199
0.013154268
0.037950516
0.013117433
-0.00084865093
0.0386163
0.032110095
-0.015865207
0.034634233
0.034544945
0.021788001
0.049180508
0.009830952
0.00631845
0.016905665
0.040789485
0.009761572
0.028092504
0.039806843
0.001763463
-0.0044020414
0.0118842125
0.009300947
0.04832852
0.017620087
-0.002455473
0.035049796
0.013749719
0.019425988
0.020828009
0.031336546
0.0063722134
0.009549737
0.0176785
0.011317015
0.038837194
0.028263092
0.03485012
0.02306521
0.020061612
0.017446995
0.017799973
0.017835379
0.0009659529
0.012631893
0.025939107
0.022940278
0.023017049
0.02537167
0.004819751
0.016918302
0.03332293
0.0013916492
0.034142017
0.024909616
0.010195971
0.043105006
-0.0034674406
0.010143399
0.03527069
0.020528674
0.037986755
0.055161
0.021251082
0.025729537
0.027880669
0.037444353
0.0329628
0.024026036
0.0045292377
0.02139175
0.03240943
0.008885503
0.024741292
-0.0011782646
0.022220612
0.031663418
0.00070619583
0.012551546
0.025243998
0.0015554428
0.011720657
0.029932141
0.03249538
0.006079197
0.019980788
0.02458477
0.001737237
0.016660094
0.026254535
0.021501422
0.040765524
0.009376168
0.01770556
0.03344333
0.014680386
0.05000019
0.013872266
-0.001217246
0.029030085
0.027148366
0.025981784
0.02673328
0.007989407
0.00568974
0.029778838
0.0160712
0.0042204857
0.031451583
0.0049011707
0.02345252
0.023795366
0.023841381
0.011858106
0.018844604
0.024226904
0.022128463
-0.0011576414
0.010417581
0.016035318
0.023742437
0.006292343
0.010713458
0.039506316
0.012477517
0.040224433
0.02200067
0.027378678
0.03971684
0.041450977
0.026633859
0.007335305
0.061257124
0.0063843727
0.015480399
0.0142605305
0.033056855
0.02771759
-0.0025362968

-0.0013536215
0.024156332
0.016155958
0.0043815374
0.03403306
0.020020008
0.009846449
0.01616013
0.00090026855
0.021998405
0.025317907
0.013367295
0.020741463
0.022911072
0.039348125
0.016697288
0.03292954
0.032696366
-0.000749588
0.031267524
-0.00081789494
-0.0011307001
0.022099018
0.032073975
0.01952684
0.02732873
0.016801834
0.022045255
0.0026357174
0.0034154654
0.033813715
0.032246947
-0.0015861988
0.027102113
0.009705067
0.0087583065
0.016376257
0.011552215
0.037608147
0.008709788
0.024991035
0.001075983
0.025608659
0.010580182
0.0016491413
0.012256026
0.01655829
0.02767837
0.035674334
0.040060997
0.013402939
0.021845937
0.014566064
-0.0029724836
0.00015056133
0.03211057
0.036262512
0.036040425
0.02258861
0.0165627
0.04931283
0.04562962
-0.0034048557
0.012049437
0.013452411
0.013877869
0.015222192
0.03704238
-0.007274151
0.036139846
0.010589957
0.023290873
0.022274017
0.030759335
0.03425467
0.025823116
-0.003823042
0.009255886
0.0070564747
0.0028992891
0.0028961897
0.030491352
0.012290716
0.02521205
0.043112874
0.018729687
0.044644237
0.0022850037
-0.0057184696
0.026987314
0.015079379
0.025528908
-0.0009255409
0.019600272
0.012756586
0.034017086
0.007750988
0.028930664
0.03104794
0.027677298
0.020904541
0.019350648
0.008261681
0.015454888
-7.104874e-05
0.0013566017
0.026813865
0.026573181
0.044736385
0.009764314
3.349781e-05
0.0029534101
0.020341396
0.02125132
0.0492059
0.028763294
0.015531778
0.010002613
0.042749405
0.039538622
0.00867033
0.012724876
0.016749024
0.026412964
0.018708348
0.02997303
0.02649045
0.03158486
0.0071064234
0.013468742
-0.004032135
0.028115869
0.0027650595
0.017028093
0.036488533
0.007708907
0.02330327
0.0038634539
0.005333066
0.011752844
0.044724107
0.04088533
0.0034433603
0.023669362
-0.000852108
0.034795403
0.009114504
-0.0037078857
0.06282258
0.021132827
0.024733543
0.0077183247
0.04513967
0.010768652
0.01100564
0.0128268
0.001047492
0.029466748
0.013639331
0.0006623268
0.036349416
-0.00023174286
0.018755913
0.03617668
0.019275546
0.0026134253
0.01991117
0.017402649
0.012212396
0.03177631
0.019878149
0.044140577
0.03494072
0.015304327
0.026964664
0.02945745
0.022385955
0.035772085
0.01462245
0.008947372
0.027956367
0.012266159
0.006719351
0.023735642
0.015513182
0.027919412
0.031015396
0.022673965
0.035115957
0.01441133
0.019645452
0.0063426495
0.01952672
0.03813517
-0.01693809
0.010405183
0.010876298
-0.0025560856
0.0096844435
0.006366849
0.050581694
0.03958881
0.028038263
0.02639258
0.01703155
0.0067509413
0.012632489
0.010545492
0.018016696
0.0027136803
0.019232988
0.012198091
0.060254812
0.01286149
0.008852482
0.025888085
0.02578783
0.021733642
0.033899426
0.017273664
0.038398147
0.04018271
0.001461029
0.005646825
0.02324009
0.014429092
0.022304773
0.003237486
0.029975176
0.025820851
0.027812362
0.009582281
0.02975583
0.00405252
0.019498825
0.0129214525
0.037982225
0.01292491
0.031229377
0.015525579
0.038941026
0.00460279
0.0043964386
0.015628457
0.013324618
0.016545653
-0.0030190945
0.010562658
0.039343238
0.008418918
0.04207611
0.04052937
0.010971427
0.03884697
0.026389837
-0.00014138222

0.016712666
0.014675736
0.006608486
0.008215904
0.010728121
0.03676808
-0.003894806
-0.0161767
0.020141482
0.013415933
0.007488847
0.063810825
0.00071680546
0.01438272
0.0074523687
0.0373168
-0.014024138
-0.009884119
0.0176332
0.04854238
0.01055336
-0.0027416945
0.01254034
0.019378662
0.042868257
0.016531825
0.016438246
0.031167269
0.016787052
0.06600392
0.056400776
0.002887845
0.0069879293
0.057091594
0.01990211
0.03207004
0.02981329
0.01583314
0.039592028
0.010404706
0.02860248
0.009277344
0.005786419
0.077299714
0.03189349
-0.0019811392
0.02278614
-0.0011751652
0.04895878
0.053516865
0.033874154
0.01938212
0.03414023
0.010803223
0.05793369
0.020395994
0.007282138
0.012328625
-0.00036752224
0.014330387
0.035363197
0.03031981
0.021004558
0.0088044405
0.031431198
0.012661219
0.011603594
0.040780067
0.010609508
0.025986075
0.026569128
0.045259833
0.028283238
-0.0027207136
0.005339861
-0.0029786825
0.004551649
0.02257526
0.027289987
0.0100739
0.042569876
0.004917264
-0.00047028065
0.0037273169
0.010661244
0.03652215
0.007560611
-0.00235188
0.006531477
0.018743038
-0.0019631386
0.0053557158
0.005924225
-0.0035135746
0.029661298
0.03537512
0.014563084
-0.0021646023
0.027580261
0.03841746
0.014054418
0.040681362
0.03969431
0.004741311
0.05854249
0.061185956
0.016883612
0.00559175
0.042553186
0.053752065
0.0037070513
-6.914139e-05
0.01627767
0.011004686
-0.0012514591
0.00376153
0.011957645
0.020403266
0.016907573
-0.0024023056
0.041925788
0.025475621
-0.0012490749
0.019025564
0.004471302
0.032800913
-0.0019094944
0.0069742203
0.03748727
0.023251057
0.059108615
0.0070468187
0.04548216
0.004088044
0.004018545
0.034573674
0.045334816
0.007446885
-0.0003644228
-0.00854218
0.0015839338
0.014929891
0.01899612
0.05126643
0.0066223145
0.022136688
0.019333243
0.0020895004
0.010667443
0.0007208586
0.0057071447
0.031961918
0.0037915707
0.026512504
0.01899314
0.018702507
0.030963898
0.024163842
0.041784286
0.07354593
0.021980166
0.02403593
0.015717506
0.025242448
-0.0003285408
0.010950565
0.027631879
0.003853798
0.0046555996
0.029965997
0.013290048
0.023630023
0.0074002743
0.018058658
0.006876588
0.013320684
0.026852012
0.017471433
0.03623545
-0.000677228
0.019729853
0.028392911
0.05020976
0.007889628
0.008656263
0.0085942745
0.04450333
0.012098074
0.062110066
0.00090420246
0.025218248
0.009474754
0.02118349
0.0040631294
0.024304152
-0.0002667904
0.030668616
-0.00798285
-0.005497813
0.04848814
0.010172844
0.009386897
0.000554204
0.002548933
0.01527524
0.033803225
-0.0019911528
0.04476416
0.022951245
0.0026637316
0.019585252
0.018810153
0.022500634
0.04069197
0.011897206
0.02162528
0.0037544966
0.04123354
0.0075577497
0.006187916
0.03569317
0.028953433
0.06906927
0.029889107
0.02429092
0.013730168
0.01675129
0.02849257
-0.0053961277
0.026844144
0.015162349
0.023840666
0.029310465
0.027193427
0.0010451078
-0.0049716234
0.028389335
0.03654468
0.00619936
0.017419696
0.0041514635
0.014815211
0.029704094
0.013098955
0.013593793
-0.0028704405
0.0043200254
0.005955696
0.025586724
-0.0003772974
0.023375988
0.015541911
0.013537407
0.030511498
0.032690644
0.04729259

0.0026671886
0.015408993
0.004178524
0.022674203
0.015553951
0.005740881
0.015644312
0.028435111
0.013675094
0.0031499863
0.004763961
-0.00018596649
0.0003002882
0.005741954
0.0023709536
0.020751357
0.014165282
0.018283367
0.03291583
0.0028672218
0.0076435804
0.02464962
0.018298984
0.014251828
0.014314532
0.002681017
0.020676494
0.018993258
0.013261795
0.033798218
0.0045217276
-0.0034327507
0.0113556385
0.015730977
-5.841255e-06
0.004927635
0.008881807
0.001401186
0.010337234
0.018523693
-0.0011070967
0.002757907
0.0026756525
0.009554625
0.0025720596
0.016746044
0.0024197102
-0.0014785528
0.007374406
0.033073783
0.013334513
0.013439536
0.013519883
-0.0039309263
9.572506e-05
0.0035322905
0.005542755
0.005998373
0.012133479
0.0020872355
0.006598115
0.017642498
-0.0023852587
0.028356194
0.016417265
-0.0009279251
0.004260421
0.0006580353
0.0102036
0.02601695
0.0046453476
0.023026943
0.0061398745
0.0019812584
0.0021437407
0.011939645
0.025525331
0.0037032366
0.0020925999
-0.0028859377
0.023828864
0.0034713745
0.011563659
0.017512798
0.005406022
0.017149687
0.009184957
0.010622501
0.020376205
0.027508974
0.015976548
0.013730526
0.010173798
0.009607792
-0.0019339323
0.020176172
0.0026011467
0.018201828
0.009236336
0.015158534
0.008485079
0.014650106
-0.010636926
0.008033395
0.012488723
0.007945538
-0.00096821785
0.0031994581
0.01719141
0.024111867
0.005681753
0.0011329651
0.0010949373
0.009639025
0.0055339336
0.018722057
0.004470587
-0.0018823147
0.010876298
0.013427258
0.0070307255
0.011648059
0.001227498
0.008042932
0.015874624
0.010783672
0.014532328
0.013920188
0.0069913864
0.007302642
0.017969131
0.016842484
0.011556864
0.012791872
0.0059199333
0.0074266195
0.020253062
0.009843707
0.013287187
0.0017470121
0.0052229166
0.0030719042
0.014991164
0.010456324
0.010527253
0.005768895
0.0073416233
0.013181448
0.0048822165
0.00069856644
0.023016691
0.012842774
0.004802108
0.011577487
0.006948948
0.0073421
0.01981461
0.0027272701
0.0032075644
0.0016001463
0.011623144
0.0018018484
0.012714863
0.024275899
0.014588594
0.005960107
0.018844366
0.014956474
0.01047194
-0.0033900738
0.0066945553
0.006642103
0.0005043745
0.018280268
0.015103221
0.0148079395
0.008520484
0.017489076
0.0018754005
0.0019654036
0.024915576
0.0024670362
0.012807012
0.0023716688
-0.0012135506
0.012642384
0.01728499
0.023061275
-0.0015813112
0.024035692
0.0044207573
0.013164997
0.014527798
0.009946704
0.0002759695
0.015242219
0.010250807
0.032075405
0.007284403
0.009995937
-0.0014770031
0.023655772
0.010171652
0.016910553
0.010035872
0.015510678
0.015171051
-0.0047106743
-0.0035643578
0.0055805445
0.019291997
0.0067694187
0.0024135113
-0.00282228
0.021404982
0.0071929693
-0.014772296
0.0024707317
0.006774187
0.011628509
0.012041926
0.022640228
0.026773334
0.017954946
-0.0020278692
0.0012569427
0.009976506
0.0009166002
0.009328961
0.011584997
0.008539915
-0.0016583204
0.0040222406
0.005184293
-0.0055109262
0.02179575
0.01664567
0.005406499
-0.00087440014
-0.0013473034
0.028713226
0.0012147427
-0.0016598701
0.00931263
0.010643959
0.032813072
0.00049066544
0.005281329
0.012302637
0.020498037
0.006897807
0.010558605
0.016426325
0.0017025471
0.019914746
0.019387007
-0.007502675
0.025593877
0.012912631
0.017675757
0.00068724155
-0.0012837648
0.035982728
0.006408572
0.0023406744
0.004943013
0.0068360567
0.007461071
0.004290223
0.00077450275
0.0089229345
0.0032225847
0.018126965
0.010329366
0.013270378
0.0041047335
0.0117070675
0.0015656948
-6.92606e-05
0.014978886
0.002067566
-0.0006802082
0.015063047
0.0017880201
0.03522539
0.0068700314
0.009147525
0.007545471
-0.00068306923
0.021386147
0.0114187
-0.0004595518
0.007123828
0.0042493343
0.00886941
0.010606408
-0.0012073517
-0.0015765429
0.03954184
0.015780807
-0.0002939701
-0.0010763407
-0.0041126013
-0.0034427643
-0.00094640255
0.002983451
0.007827163
-0.0031547546
0.033002734
0.016303778
0.023805022
0.002164483
0.01937306
0.019877791
0.012245059
0.010583401
0.020894408
0.0052298307
0.0019016266
0.008843303
0.008158803
0.00070154667
0.0077319145
0.0049726963
-0.0014146566
0.007135749
0.031012654
0.011758089
0.029750466
0.013520837
0.008841753
0.006504655
0.018524528
0.0014050007
0.0076100826
0.0012084246
0.005566478
0.0029809475
0.010437131
0.009409666
0.01855719
0.0018621683
0.005717039
0.018061161
-0.0033009052
-0.0022845268
-0.0020660162
0.0011613369
-0.0011081696
0.00035655499
0.0086734295
0.0028172731
-0.0026749372
0.029811025
0.006135702
0.009879351
0.012202501
0.0046293736
0.013217807
0.0030902624
0.015071988
-0.003878951
0.0057270527
0.0046241283
0.009235144
0.023431897
0.0038297176
-0.0001629591
-0.0014305115
0.01575923
-0.001860857
0.0100803375
0.024409413
0.007861733
0.0121895075
-0.0069981813
0.0013484955
0.000618577
0.010316491
0.002051711
0.013667583
0.010679364
0.01238656
0.0086301565
0.01742065
0.00917542
0.0014569759
-0.0012795925
0.007671833
0.0017553568
0.01041162
0.024199486
0.00806427
0.009620547
0.0153108835
0.014111996
0.0062949657
0.011061907
0.0020791292
0.02444768
0.027793407
0.0020956993
0.011464357
0.025617242
0.01178503
0.012859106
0.023952723
0.010115027
-0.002077818
-0.0038696527
0.0071855783
0.02238977
-0.00019955635
0.0011743307
0.018918037
0.0015292168
-0.00038647652
0.0064003468
0.0034656525
0.008188963
0.013777375
0.00020241737
0.0017485619
0.010789394
0.01603806
0.012025833
0.0129419565
0.016041398
0.015061021
0.021134496
0.009711623
0.010375261
0.019522786
0.003962755
0.001291275
0.008622289
-0.0007122755
0.005179405
0.027060747
0.00030183792
0.019853711
0.01600504
0.00545156
0.007952213
0.015865684
0.00319767
-0.00026357174
0.008990407
0.005571604
0.009968638
0.024707556
-0.0019729137
0.01805079
-0.006906867
0.016844511
-0.005829692
0.011672378
0.008669257
0.0032719374
-0.0069646835
0.0004850626
0.01878488
0.014706612
0.018295765
0.019756079
0.0025604963
0.0049607754
0.025930047
-0.0018146038
0.026996136
0.02247703
0.016414523
0.012400746
0.016805291
0.024565578
0.015883923
0.03309095
0.027591467
0.0049284697
0.023837805
-0.0026478767
0.021737456
0.017066479
0.011553884
0.017559886
-0.00013303757
0.009219766
0.01957786
0.004560709
-0.0015646219
0.0021486282
0.008551478
0.0010613203
0.022530079
0.0011419058
0.0047695637
0.0037869215
0.010068178
0.03837061
0.0041236877
0.0046360493
0.014242768
0.007705927
0.016219258
-0.0044355392
0.005914688
0.006115079
0.001067996
0.0042071342
-0.0015457869
0.018960238
0.0030807257

0.007895708
0.00076699257
0.0130678415
0.016241074
0.011730909
0.011163354
0.0278157
0.020936728
0.009658456
0.007964134
0.0009379387
0.0056717396
0.002133727
0.012147069
0.013151407
0.002797842
0.00862062
0.006614566
0.023661137
0.014864445
0.020488858
-0.0017061234
0.00904429
0.0032550097
0.026533604
0.0028016567
0.011925817
0.01724577
0.011240363
-0.004462242
0.010208607
0.014575124
-0.007912159
0.030432105
0.0006223917
0.01349926
0.01105094
0.0039852858
0.006203413
0.0014595985
-0.00061142445
0.018118024
0.007865667
0.013671994
0.004511714
0.029038548
0.0038524866
0.015902996
0.0051082373
0.013422728
0.006801009
0.0037734509
0.014177322
0.0062776804
0.010619283
0.0081624985
0.0014386177
0.011477828
0.006382823
0.015049219
0.011004806
0.0035476685
0.010360122
0.0056664944
0.0125056505
0.00498271
0.007830143
0.024525166
0.008674502
0.009763479
-0.0012766123
0.0020629168
0.0042259693
0.015424132
0.002368331
0.002051711
0.022090077
0.005398631
0.00091421604
0.014649868
0.007920742
0.0034404993
0.0028402805
0.009154558
0.01143086
0.00592041
0.012929559
0.0048657656
0.021865487
0.004639268
0.012049675
0.012356043
0.01758945
0.0043236017
0.0019243956
0.008505344
0.0029306412
0.0042598248
-0.00027358532
0.018223047
0.0013077259
0.0073274374
0.008508563
0.00578928
0.01667142
0.0034109354
0.0026465654
0.0070590973
0.004586458
0.02298069
0.0012761354
0.0013692379
0.0030834675
0.013514161
0.003813386
0.00029027462
0.02086842
-0.0011805296
0.015664458
0.011135697
0.014715433
0.0022298098
0.012887478
0.0059518814
0.012049675
0.010886908
0.007880807
-0.000415802
-0.0014424324
0.005707979
0.0010995865
0.005859971
0.0033900738
0.007294297
0.0032954216
0.009351611
0.018642426
0.012770653
0.014669776
0.004701972
0.0037142038
0.013840318
0.0064709187
0.008624077
0.009810686
0.0052577257
0.0079933405
0.016247153
0.027355552
0.022833586
0.008411646
0.00963366
0.012037277
0.018522143
0.02638483
0.009626746
0.008635998
0.0056620836
0.009187937
0.012148261
0.0034781694
0.001277566
0.013216734
-0.0020629168
-0.0013674498
0.0189749
0.00016617775
0.0066041946
0.027041316
0.012331486
0.0020412207
0.003383994
-0.000369668
0.0018681288
0.0077832937
0.013358116
0.0069750547
0.019393802
0.01622796
0.022258282
0.002105713
0.005025387
0.010829449
0.013463974
0.0058892965
-0.00034356117
0.009530187
0.0061057806
0.0059046745
0.0051977634
-0.00080788136
0.008165956
0.011130571
-0.005991459
-0.0005824566
0.014125466
0.021652937
0.0070021152
0.014714003
0.014140725
0.0056421757
0.013481498
0.008567929
0.0042060614
0.021545053
0.003142476
-0.0025680065
0.026880503
0.0035631657
0.02069509
0.010614157
-0.0010000467
0.008253813
0.013665199
0.015923262
0.016572833
0.003655076
0.022415638
0.028237224
0.010724783
0.00784564
0.00026988983
0.0018744469
0.0064384937
0.011922598
0.027557254
0.0045466423
0.009896517
0.005161524
0.002047062
0.00872457
0.008633852
-0.0035165548
0.02689302
-0.0007351637
0.010160804
0.007885098
0.008099675
0.011218071
0.010549426
0.014176846
0.011559844
0.028252363
0.0074187517
0.012563944
0.0254246
0.0226897
0.0017075539
0.00668931
0.0049989223
0.018465042
0.011867046
0.006256342
-0.0032773018
0.0141836405
0.010746717
0.012823105
0.022611618
0.0076391697
0.019477248
0.0011895895
0.0055811405
0.009029627
0.008987188
0.009778857
0.013408661
0.009395361
0.011889219
-0.0030477047
-0.0060497522
0.0034922361
0.005541444
-0.010035396
0.014048576
0.00078880787
0.0090277195
-0.0004950762
0.01489532
0.008231282
0.012239933
0.013877273
0.028852463
0.002141118
0.0026197433
0.021914959
0.006586075
0.015411258
0.0036531687
0.010197759
0.0076471567
0.016204834
0.004475713
0.009734273
-0.0013445616
0.023081064
0.01304841
0.0093125105
0.010005355
0.004632592
0.014925599
0.016070485
0.006754875
0.029486299
0.009680986
0.0042989254
0.00021100044
0.007532716
0.0019227266
0.015129209
0.035567403
0.011493444
0.004195571
0.011272788
0.011497974
-0.0014158487
0.009706497
0.0010970831
0.013073087
-0.0010302067
0.007496953
0.017616034
0.0058584213
0.0036931038
0.021034718
-0.001444459
0.010122895
0.015744567
-0.003047824
0.0020526648
0.0054348707
0.026388645
0.015675187
0.013614655
0.00022935867
0.011719823
0.004178405
0.015440464
0.008326411
0.0036133528
0.006938696
0.006324053
0.011481166
0.023649335
0.015433192
0.015427232
0.014642715
0.002379179
-0.0010362864
0.010497212
0.0027338266
0.007130623
0.012284279
0.009763002
0.012133002
0.034090042
0.034278393
0.009349704
0.01834178
0.012936592
0.0050774813
0.036642194
-0.0007765293
0.022010803
0.015344739
0.005840659
-0.0022964478
0.008108377
0.018431544
0.019305587
0.0133936405
0.0027776957
0.002347231
0.002823472
0.004369855
0.0018496513
0.011430025
0.0059245825
0.019848704
0.013239861
0.010524273
0.013278723
0.009992361
0.017824173
0.012059331
0.004740715
0.021896124
0.008992195
0.0060989857
0.010237098
0.00062060356
-0.0012593269
0.013677955
0.002846837
0.012641549
0.0074157715
0.01100719
0.0024527311
0.016552567
0.005866766
0.015771627
0.003830552
0.017621517
0.00036919117
0.011342645
0.009539843
-0.0028319359
0.022741556
0.015603304
0.008590102
0.0056780577
0.0107700825
0.0117611885
0.006785035
-0.009401798
0.027876377
0.007916808
-0.0036420822
0.0010113716
0.008433223
0.0057165623
0.012608528
0.0061137676
0.00024342537
0.019999266
0.015298128
-0.00022339821
0.008568883
0.00973475
0.0036416054
0.016493917
-0.001863122
0.0025385618
0.011334658
0.042883396
0.005204916
0.0014928579
-0.001060009
0.016274452
0.014072418
0.0055691004
0.011575699
0.0033404827
0.024025917
0.009524226
0.0057940483
0.0050690174
0.026441097
0.015815616
0.0053567886
-0.0032182932
0.00046610832
0.02370882
0.0064234734
0.0146359205
0.013315082
-0.005633712
0.005509615
0.013769865
0.0022405386
0.007969618
0.022139668
0.019436121
0.0046994686
0.010127664
0.010121942
0.0026302338
0.011859179
0.003023386
0.0124310255
0.019633532
0.01876223
0.025329828
0.013076544
0.019940138
0.022204638
0.009610176
0.0057837963
9.4890594e-05
0.00806129
0.015496969
0.011373043
0.009201527
0.010993242
0.0013139248
0.018211603
0.017889619
0.0006868839
0.0095694065
0.0036741495
0.010420561
0.0174855
0.018173337
0.02393651
0.00420177
0.00016760826
0.009961367
0.008274555
0.015075088
0.021590352
-0.007480979
-0.005138159
0.011400461
0.008108854
0.0194242
0.010238171
0.01782763
0.014830828
0.00870049
-9.739399e-05
0.01066947
-0.000531435
-0.0028470755

0.024413705
0.000104784966
0.005152583
0.0036355257
0.0076708794
-0.0007392168
0.02017188
0.020838022
0.011918306
0.00025212765
0.00072848797
0.014274001
0.002008915
0.0060800314
0.008307338
0.012253523
0.0059734583
0.007696867
-0.0012196302
0.016235113
0.005624771
0.009156108
0.016381502
0.0055595636
0.007490158
0.009432554
0.0040433407
0.015332937
0.003381133
0.020257354
0.013623714
0.01715839
-0.00093972683
0.028104782
0.00021541119
0.0006122589
0.012414694
0.0066535473
0.01008153
0.013417602
0.028624535
0.007969379
0.009879351
0.00081932545
0.004148245
0.0072585344
-6.54459e-05
0.006303668
-0.002595067
0.0055633783
0.0022841692
0.004355192
0.011172295
0.007629156
0.027376652
0.010907173
0.0005618334
0.015922904
0.019331217
0.009426713
0.00082957745
0.030852318
0.0048942566
0.0020192862
0.0050821304
0.003031373
0.010673404
0.0034923553
0.010753989
0.016703725
0.0073064566
0.0011303425
0.0076128244
0.013313413
0.010331154
0.008009553
-0.0015717745
0.0023890734
0.020184517
0.0052433014
0.023018837
0.01049161
0.008870959
0.006648779
0.0076533556
0.002980709
0.008816481
0.027253866
0.020302534
0.0033960342
0.0016793013
0.008501172
0.016554952
0.020625591
0.010461807
0.0007790327
0.009023428
0.0027819872
0.033406258
0.005936384
0.0050547123
0.011429429
0.007581234
0.0125540495
0.0005823374
0.0028396845
0.023251414
0.0021197796
0.0023738146
0.0018417835
0.0063757896
0.0152897835
0.00567317
0.0046898127
0.017959714
0.00989449
0.0007661581
0.020122528
0.0028195381
0.02065289
0.019742131
0.00093889236
9.1314316e-05
0.014919281
0.0035452843
0.0065569878
0.005083561
0.007030487
-0.0026259422
0.0038518906
0.0017757416
0.002247572
0.012126446
0.0016169548
0.0015678406
0.0051909685
0.012842774
0.008765578
0.027914047
0.0028339624
0.0003825426
0.0032490492
0.031327605
0.016241074
0.006914139
0.0049957037
0.005282283
0.019616723
0.029699683
0.039541125
0.012526751
0.004858732
0.009396076
0.02266264
0.035678506
0.016504645
0.0008956194
0.007559061
0.015722275
0.015551686
0.023598194
0.005205512
0.020110726
-0.002411604
0.0023026466
0.0068849325
0.0022281408
0.0018593073
0.0279392
0.010351777
0.01970148
0.020404458
0.010933399
0.003296733
0.003370285
-0.0008504391
0.002784729
0.014625311
0.0019323826
0.0042033195
0.004131198
0.0137043
0.009956241
0.0019119978
0.008374572
0.032191873
0.008151531
0.013708591
0.023321748
-0.00082433224
0.016698122
0.011994243
0.003570795
0.012432814
0.0041697025
0.0035632849
0.017390013
0.00022506714
0.010013342
0.007040024
0.0005155802
0.005855322
0.020027876
0.010449052
0.00023901463
0.004546523
0.00013160706
0.0033563375
0.0076577663
0.01854372
0.00017988682
0.011896968
0.014276624
0.0062747
0.008200526
0.00045907497
0.0026334524
0.0055553913
0.009205222
0.0010931492
0.0062423944
0.004991412
0.008573055
0.022591233
-0.004152417
0.0007789135
0.006726384
0.021369696
0.006749034
0.008948684
0.010882854
0.020510077
-0.000829339
-0.0012594461
0.0072268248
0.0056587458
0.023368597
0.0034877062
0.008651376
0.007865071
0.00470984
0.04324639
0.007580757
0.0037999153
0.016022563
0.023412943
0.0096155405
0.003373623
0.013778925
0.01309073
0.022707224
0.014882922
0.0049803257
0.01128006
0.014344096
0.025922775
0.009797692
0.01643908
0.00409019
0.00094389915
0.008164644
-0.00037932396
0.006833434
0.02030456
-0.00070393085
0.0030733347
0.01201725
0.00443244
0.034409404
0.011789322
0.0051532984
0.0055263042
0.0106675625
0.004714012
0.029609203
0.0029610395
-0.0010559559
-0.0016616583
0.0047234297
0.010302186
0.025022268
0.0019114017
0.029212356
0.019020915
0.009818554
0.011362314
-0.0012344122
0.011115313
0.011449695
0.023860812
-3.4570694e-06
0.0061320066
0.0028419495
0.02321279
0.009150982
0.007004857
0.0093410015
0.024746776
0.02723968
0.0022109747
0.013916731
0.005890012
0.0028853416
0.00048422813
0.014058828
0.006823182
0.0035429
0.0091177225
0.008038878
-0.0008672476
0.012467027
0.041223526
-0.00025606155
0.013402104
0.0035386086
0.0025879145
0.005619049
0.0087662935
0.007809639
0.0015646219
0.007340312
0.013828874
0.012347817
0.0035024881
0.0016750097
0.014643908
0.0192312
0.010169506
0.015741944
0.019580245
0.022812247
0.00039684772
0.0027805567
0.01446259
0.009665012
0.017059684
0.008544803
0.019533396
0.024555087
0.010314822
0.0014634132
0.0019932985
0.009329557
0.011368513
0.0067031384
0.005138397
0.0075409412
0.00916791
0.007313609
0.0073806047
0.0015380383
0.022722483
0.008393407
0.019025207
0.018735886
-0.0012062788
0.009670854
0.027559042
0.0018246174
0.008700848
0.0030304193
0.00879395
-6.723404e-05
0.0064617395
0.000101447105
0.0015792847
0.018756509
0.016555548
0.010848403
0.009579897
-0.0015712976
0.014906287
0.020478845
0.008402586
0.004493594
0.021736383
0.04856038
-0.0003144741
0.010658979
0.012834668
0.010463476
0.00015497208
0.0013221502
0.0034623146
0.0031359196
0.0042123795
0.003584385
0.0014250278
-0.00040769577
0.0024929047
0.016315341
0.013839126
0.011674166
0.013565183
0.02864778
0.0032219887
0.018574953
0.008111715
0.011902332
-0.0010483265
0.018557549
0.0018984079
0.024841309
0.00415504
0.0012937784
0.008493066
0.00963676
-0.002015233
0.016582131
0.0044947863
0.0014103651
0.011723638
0.014404058
0.003552556
0.010278344
0.0023491383
0.013664603
0.010681629
0.0031033754
0.008739591
0.02630651
0.027862787
0.0029144287
0.0078241825
-0.0024887323
0.007679701
-0.00011873245
0.015791297
0.005979061
0.012075186
0.003014803
0.0031387806
0.012621641
0.0048054457
0.008515596
0.015590668
0.004537225
0.020582557
0.0048191547
0.0062117577
0.016336918
0.005705714
-0.0007171631
0.037178874
0.012073636
0.0007251501
0.005986929
0.0098570585
0.0006375313
0.006598115
0.017496347
0.030573964
-0.00029575825
0.0048253536
0.0047870874
0.011780143
0.0017633438
0.007858157
0.0080320835
0.0056073666
0.0020086765
0.033052802
0.0019085407
-0.0021624565
0.0027165413
0.0081015825
0.0047460794
0.024792552
0.0101162195
0.003379345
0.0039020777
0.0006431341
0.0020974874
0.02085638
0.016913772
0.0035767555
0.01072228
0.0061944723
0.011581302
0.023287296
0.0056083202
0.01406014
0.0018906593
-0.0001591444
0.0026291609
0.0031199455
0.008910775
0.015587807
-0.0015559196
0.004888773
0.0058264732
0.016371608
0.0011729002
0.04110384
0.003580451
0.012060523
0.021349907
0.005416155
0.011959791
0.0367651
0.006889224
0.00865674
0.004800439
0.007862449
0.0068300962
0.0091513395
0.009048462
0.007952809
0.012302995
0.007907033
0.002879262
0.014636517

-0.0013325214
0.010108709
0.012776136
0.008725047
0.020905733
0.00267303
0.0050987005
0.005874276
0.00055515766
0.01648748
0.0018315315
0.00036215782
2.3126602e-05
0.013291836
0.015287876
0.021763802
0.0063910484
-0.00020468235
0.0026285648
2.6106834e-05
0.023181796
-0.0012391806
0.011933684
0.010545969
-0.0005723238
0.014547229
0.007589817
0.005878091
0.016790032
0.00016069412
0.012599468
0.0074751377
0.009084344
-0.000592947
0.0296942
0.017577171
0.01729536
0.013429642
0.005825877
0.0039936304
0.01219821
0.0040841103
0.0012135506
0.008417606
0.004079461
0.0045189857
0.0048519373
0.032882094
0.009783149
0.009485364
0.0055588484
0.01821673
0.00801003
0.02170062
0.0059968233
0.00015854836
0.011546373
0.006626487
0.010944605
0.0024553537
0.0016336441
0.02279222
0.003347993
0.0063267946
0.020667315
0.016085863
0.018746734
0.000313282
0.01962936
0.008197188
0.008352637
0.015827298
0.0013400316
0.016117215
0.008701563
0.011904001
0.006121397
0.0295372
0.0023627281
0.009126782
0.0045182705
0.01408124
0.018918991
0.01950097
-0.00043070316
0.032627463
0.008645892
0.028603792
0.009457827
0.010052562
0.004734516
0.0055247545
0.04403758
0.005387068
0.0018559694
0.0011746883
0.0103333
-0.00015962124
0.007979512
0.0029563904
0.0031305552
0.011601806
0.00889492
0.002880931
0.0028887987
0.0057706833
0.0001552105
0.0074244738
0.007049322
0.0043549538
0.006490588
0.009416342
0.0024791956
0.004496336
0.0056482553
0.0010938644
0.0052968264
0.000582695
0.0002937317
0.0055326223
0.009694099
0.0046168566
0.01724255
0.023751616
0.0022222996
0.029618502
0.0012027025
0.00019657612
0.0035772324
0.012594581
0.0048270226
0.010375857
0.006599784
0.023479342
0.0043216944
0.0023081303
0.018733263
0.0029281378
0.0010341406
0.0013456345
0.0007351637
0.0133417845
0.015598536
0.0036084652
-0.00096583366
0.008484483
0.03163576
0.0057584047
0.017953634
0.019384623
0.008539557
0.009775519
0.008571625
0.007342577
0.0040439367
0.016511917
0.003588438
0.022061944
0.0048538446
0.003894806
0.01671493
0.001244545
0.015889168
0.010829568
0.017591953
0.00036144257
0.007393241
0.0055475235
0.0071030855
0.0041627884
0.01176393
0.017276049
0.030325174
0.005462289
0.011012435
0.0124486685
0.011628628
0.012219787
0.007924318
0.029307723
0.02615428
0.019826174
0.012835145
0.005105257
0.004527211
0.0038141012
0.0037044287
0.013496637
0.011970639
0.0020108223
0.0035960674
0.01156652
0.013324261
-0.00043427944
0.002854228
0.014809489
0.009218216
0.008220911
0.009172916
0.0032134056
0.018162847
0.018200278
0.003986597
0.0026749372
0.0015468597
0.020352364
0.0044994354
0.0009471178
0.0032656193
0.0030521154
0.0019052029
0.005194068
0.01189971
0.01701057
0.008027196
0.0016826391
0.0043051243
0.004246831
0.008273125
0.005142212
-0.00022387505
0.0010840893
0.0064946413
0.013051033
0.012383461
0.032724977
0.0077044964
0.0065135956
0.010365605
0.002654314
0.013225436
9.417534e-05
0.028422475
0.009233475
0.0072181225
-4.7683716e-07
0.028073072
0.00088334084
0.00730443
0.017141819
0.0026621819
0.008557439
0.016068935
-0.0010870695
0.0048521757
0.010863304
0.0048644543
0.0033627748
0.01765871
0.031952977
0.00096416473
0.012109637
0.010026813
0.016753435
0.038058043
0.01790595
0.0051169395
0.0058510303
0.030934334
0.005496621
0.011474013
0.009134889
0.0009211302
0.00014281273
0.009984136
0.0047422647
0.00802505
0.0007419586
0.012199402
0.015733004
0.014961004
-0.00012123585
0.030176759
0.03891325
0.0037784576
0.013195038
0.009929776
0.0019927025
0.0023566484
0.022425413
0.0039334297
0.013933897
0.0011329651
0.018087745
0.007857084
0.0112143755
0.0062168837
0.019285679
0.012948513
0.0053310394
0.0126212835
0.00213027
0.003127575
0.018202543
-0.00027430058
0.007562995
0.020623684
0.01811421
0.0070245266
0.003453374
0.019064426
0.0040863752
0.00071394444
0.010211825
0.009720564
0.0060044527
0.025227308
0.06186378
0.020195842
0.038594127
0.009567738
0.02022326
0.01381588
0.0013848543
0.0057575703
0.005666256
0.005675435
0.017000198
0.009577036
0.00706923
0.018656254
0.02518773
0.005387187
0.0008738041
0.0009061098
0.00087988377
0.00087857246
0.012321472
0.002810955
0.003008604
0.02386117
0.009232998
0.024092674
0.0074061155
-0.0011851788
0.006356597
0.02157402
0.031176805
0.0077092648
0.009438276
0.00016760826
0.009373069
0.005736947
0.002454877
0.013644695
0.008137584
0.006890416
0.0055656433
0.0076520443
0.00087845325
0.012503982
0.0034279823
0.008379459
0.0022774935
0.011975884
0.011787534
0.012383938
0.015801191
-0.0002039671
0.0040875673
0.004878044
0.0041657686
0.014540076
6.556511e-05
0.0028697252
0.026323795
-0.00021970272
0.009945393
0.01306963
0.008554459
0.0023686886
0.019648552
0.0069533587
0.018335104
0.01691556
0.009266734
0.029103637
0.0069361925
0.019388914
0.008420467
-0.0002912283
0.0093022585
0.0095027685
0.005123496
0.018441796
0.013739586
0.00022661686
0.0152128935
0.008016825
0.013542533
-0.0010048151
0.00472641
0.011705279
0.014393926
0.025502443
-0.0009124279
0.0210222
0.018565774
0.0043338537
0.0043703318
0.00409317
0.010192752
0.0059808493
0.014403939
0.0022667646
0.006511688
0.017238736
0.0059075356
-0.0009826422
0.009555697
0.0058959723
0.0043822527
0.017907262
0.00076520443
0.00032806396
0.016876578
0.013743043
0.00070273876
-0.00016331673
0.010286093
0.010403156
0.0009201765
0.003891468
0.020240545
0.026806116
0.02754116
0.010144591
0.008911729
0.015752673
0.008274555
0.0041638613
0.0023548603
0.00026381016
0.008908391
0.0040985346
0.002846837
0.0062533617
0.008619428
0.00072693825
0.005857706
0.019133091
0.027088046
0.016882896
0.01629734
0.0021512508
0.007002473
0.008769155
0.013633013
0.00073587894
0.005123377
0.008501172
0.0036748648
0.007213831
0.012230635
-0.00058579445
0.009502888
0.0030624866
0.00949204
0.002579093
0.0042951107
0.0021381378
0.0025241375
0.013840914
0.007206917
0.0007234812
0.012372732
0.0052603483
0.009038448
0.0048559904
0.029075146
0.0047154427
0.01583612
0.011078
0.0018075705
0.0024971962
0.0039747953
0.015592337
0.0017850399
0.024929404
0.015908241
0.00017428398
0.01651907
0.0004771948
0.00859499
0.01524961
0.012951136
0.008257031
0.0016436577
0.009750605
0.0020247698
0.0043593645
0.0014929771
0.048598647
0.006522298
0.0044335127
0.0038101673
0.0081067085
0.011934876
0.011799097
0.0019478798
0.00225842
0.010623813
0.00871551
0.012977123
0.017304182
0.01034677
0.011850357
0.0046924353
0.001095891
0.01069665
0.0018780231
0.001382947

0.017030954
0.0044362545
0.008850455
0.028757691
0.001322031
0.012694955
0.01688385
0.0074335337
0.009984136
0.00048446655
0.009229422
0.011774659
0.01897955
0.008981466
0.0063346624
0.003291607
0.0017863512
0.0032434464
0.012083411
0.010191917
0.010657787
0.010920644
0.010086417
0.006669283
0.006888747
0.021357656
0.0032120943
0.006266713
0.016688824
0.005091667
0.004589081
0.0025897026
0.0045820475
0.00025999546
0.00084257126
0.0057350397
0.013996959
0.00046133995
0.010629773
0.009163499
0.011343956
0.0070904493
0.008141875
0.0010790825
0.012289405
0.017215133
0.007087469
0.011988282
0.007172823
0.00096488
0.0095152855
0.0039696693
0.0045485497
0.008790255
0.010701776
0.0080935955
0.0072641373
0.024153233
0.004267335
0.00060224533
0.0071434975
0.0031055212
0.009932756
0.002578497
0.0028800964
0.023098588
0.012270212
0.009846091
0.009083867
0.009654403
0.003115058
0.008138776
0.007413149
0.014674544
0.010069132
0.012057066
0.010362983
0.0038102865
0.0043501854
0.010289907
0.0073860884
0.0044614077
0.008955002
0.012389898
0.009634018
0.010580301
0.008077979
0.007922411
0.013599277
0.012588263
0.008925676
0.007753253
0.011444688
0.021263957
-0.00032114983
0.0027350187
0.0078270435
0.010408998
0.027546883
0.0045098066
0.038440347
0.030552864
0.022834778
0.010882616
0.015053272
0.0074323416
0.010243893
0.020018578
0.009766936
0.007717252
0.0037878752
0.00048017502
0.016504169
-0.00017154217
0.019245863
0.0061929226
0.009723902
0.005410552
0.004973173
0.008916974
0.0069288015
0.024036288
0.018580198
0.007466078
0.000111460686
0.014114857
0.011390448
0.013711095
0.015115738
0.014198899
0.010224581
0.00517416
0.0045719147
0.0024174452
0.017570734
0.003777504
0.0014839172
0.0026474
0.0050554276
0.009644628
0.0050958395
0.0018367767
0.009418726
0.0038980246
0.0135189295
0.012951136
0.004134655
0.0052930117
0.022360206
0.0049533844
0.008214712
0.009938598
0.0210886
0.020728707
0.018026233
0.015470505
0.006594777
0.010546684
0.019663692
0.0039474964
0.010028839
0.012791157
0.004789591
0.0039908886
0.014517665
0.0051677227
0.019812942
0.004810095
0.014615059
0.018410802
0.012971282
0.010418057
0.006743312
0.004636526
0.0010875463
0.005681038
0.010701299
0.009673238
0.007306814
0.009414434
0.004398823
0.0046442747
0.013381243
0.010231018
0.0028226376
0.0031461716
0.01041615
0.011512876
0.0065618753
0.0037312508
0.0030219555
0.009278417
0.0066223145
0.008621216
0.0058288574
0.0018428564
0.02065456
0.0041902065
0.004817128
0.018053532
0.014164209
0.0010535717
0.011910677
0.014603972
0.008140087
0.017476678
0.010210514
0.011742473
0.0011737347
0.004837513
0.007165909
-1.8119812e-05
0.017417789
0.004941702
0.023401976
0.012944579
0.017580628
0.007316947
0.005249262
0.017768025
0.0012812614
0.011004448
0.0019156933
0.012636423
0.012306213
0.0051242113
0.0008689165
0.0047342777
0.023326397
0.0133212805
0.008816719
0.0008227825
0.0035105944
0.009005666
0.008796096
0.019060373
0.016239285
0.01846242
0.0050667524
0.0011891127
0.0021951199
0.009489298
0.014288545
0.012096882
0.00197196
0.014145613
0.0056626797
0.0045028925
0.0077548027
0.012407541
0.00056672096
0.00544703
0.005976796
0.0035762787
0.011282444
0.012069464
0.007050276
0.021996498
0.006582737
0.021374702
0.018606663
0.014817834
0.007038951
0.01602006
0.007987618
0.0042897463
0.0045359135
0.012858391
0.022173762
0.013600349
0.013099194
0.007262826
0.008669257
0.0075867176
0.0010340214
0.006987214
0.018260956
0.0024377108
0.031062484
0.0064561367
0.011158109
0.0108760595
0.0004733801
0.0058294535
0.01873374
0.0065284967
0.008462787
0.018231273
0.003427267
0.00012230873
0.00061786175
0.007834554
0.0089787245
0.0027326345
0.0117093325
0.007055044
0.0019726753
0.016783118
0.0051579475
0.005877733
0.014969945
0.017654657
0.0056256056
0.01984477
0.007261753
0.018663526
0.011057019
0.01674819
0.006589651
0.0062345266
0.012392998
0.005281329
0.003919959
0.0031548738
0.004331231
0.0066001415
0.013599515
0.006138921
0.020688295
0.017590761
0.0015269518
0.034781814
0.014930248
0.009312391
0.011581421
0.010032654
0.01350677
0.002478838
0.0012801886
0.012131214
0.00282979
0.011031508
0.008128047
0.00709188
0.010517478
0.011023521
0.0038647652
0.006472826
0.010312557
0.004439831
0.00042176247
0.0024163723
0.008866429
-0.00040721893
0.008575559
0.012074351
0.00056648254
0.011230111
0.0102341175
0.014789581
0.009020805
0.006488085
0.003934264
0.015303135
0.009153962
0.009408236
0.011214733
0.0046736
0.0036745071
0.0011341572
0.006726742
0.003434062
0.018220901
0.015850306
0.00021541119
0.006718278
0.0064361095
0.022454977
0.004257202
0.021107554
0.002877593
0.010086179
0.013958454
0.0030288696
0.0027333498
0.012422085
0.0151667595
0.0057427883
0.0151536465
0.0031086206
0.003037095
-0.0004503727
0.0057827234
0.008753896
0.0066730976
0.008903146
0.0071680546
0.0068454742
0.007929802
0.027306437
0.0103930235
0.015361667
0.0048151016
0.004286289
0.0125072
0.0014522076
3.8146973e-06
0.004593253
0.0058158636
0.013438702
0.002401948
0.03066349
0.005833745
6.0796738e-06
0.009836793
0.01165235
-0.00044739246
0.011111259
0.026317716
0.014783621
0.012668252
0.005109668
0.0050867796
0.0073512793
0.0055583715
0.015498757
0.007891536
0.008391142
0.0057122707
0.005641103
0.012093306
0.028805494
0.00092589855
0.0011429787
0.008901119
0.008807182
0.004392624
0.00956738
0.021804929
0.007799268
0.008561611
0.0086609125
0.00807035
0.01475966
0.013044238
0.0154771805
0.030141234
0.008199215
0.0057663918
0.014300704
0.01327455
0.01194334
0.01881373
0.0033547878
0.008838534
0.0049408674
0.01122582
0.012054682
0.02276206
0.017117262
0.01909864
0.0071251392
0.0087093115
0.0033721924
0.013070583
0.008153319
0.0078035593
0.017840028
0.023580194
0.012131333
0.010718465
0.005906105
0.0057884455
0.0025695562
0.0024428368
0.011003733
0.0054454803
0.011941671
0.019949317
0.015298724
0.019527197
0.013275623
0.0053497553
0.023513913
0.011139274
0.00536263
0.0054444075
0.002835989
0.030346155
0.003103733
0.0040044785
0.0055342913
0.013870478
0.0022804737
0.011552334
0.0140321255
0.0055269003
0.009318233
0.015099645
0.016284108
0.012171745
0.0059651136
0.018808126
0.005256057
0.01875031
0.017382383
0.005923271
0.0010583401
0.0097801685
0.005170226
0.005877137
0.0018703938
0.015993714
0.016313314
0.0093899965
0.007636547
0.02017045
0.009671688
0.0040522814
0.007408142
0.0047477484
-0.00013685226

0.009314179
0.006257057
0.0051140785
0.008700013
0.0076497793
0.007663965
0.034638524
0.016738534
0.006651759
0.008836031
0.008621573
0.014294982
0.019533277
0.004629731
0.016852975
0.007008314
0.026797056
0.013153791
0.004065037
0.008605242
0.0034691095
0.00028169155
0.020913124
0.009494662
0.0053532124
0.025536537
0.008871317
0.009728432
0.0041822195
0.012838721
0.0026304722
0.016104221
0.009796143
0.018504262
0.0021828413
0.0115299225
0.015029788
0.019312859
0.009418607
0.008376241
0.010597944
0.009409308
0.006004095
0.012514234
0.0051915646
0.00885272
0.0040591955
0.0059313774
0.0037090778
0.0057525635
-0.00043690205
0.010271549
0.0034046173
0.016395688
0.003477335
0.01648128
0.0152055025
0.008634925
0.008516073
0.0079449415
-0.00026667118
0.0073149204
0.005920291
0.017376661
0.0021207333
0.0071794987
0.0020513535
0.012235165
0.017567515
0.0027102232
0.008711576
0.011648536
0.012021661
0.008183479
0.004260659
0.016516685
0.0056061745
0.0027501583
0.015211225
0.0029568672
0.012392163
0.00810492
0.011356235
0.004911661
0.010215044
0.014894962
0.009664655
0.014286995
0.00046682358
0.0041445494
0.008007407
0.014811516
0.0017315149
0.003430128
0.010097384
0.0056587458
0.016472697
0.0038325787
0.008524179
0.0097516775
0.010583639
0.0051300526
0.005766988
0.015766859
0.007979274
0.017307043
0.01250422
0.014407039
0.008569956
0.028367043
0.0079215765
0.0067191124
0.022980213
0.0064549446
0.005809903
-0.0013586283
0.0102289915
0.0088630915
0.0060400963
0.0077517033
0.010437369
0.004083991
0.004850149
0.005668521
0.0028905869
0.0023492575
0.0048726797
0.0064644814
0.019553304
0.015485764
0.00799644
0.009907961
0.004157901
0.010889888
0.0077831745
0.0041145086
0.014669418
0.004169464
0.021854997
0.010767937
0.0052514076
0.003873825
0.0020817518
0.008929849
0.017120838
0.008167505
0.0108270645
0.007519841
0.010800242
0.008010387
0.006623864
0.0023874044
0.009591579
0.030834436
0.0019026995
0.016070962
0.00025737286
0.0032644272
0.0034322739
0.01574421
0.0107604265
0.0066884756
0.004516244
0.011222482
0.011768937
0.006465435
1.50203705e-05
0.022180557
0.004431367
0.00068748
0.013876319
0.00477767
0.0021508932
0.006149173
0.021411061
0.0046310425
0.0040045977
0.014788628
0.0011677742
0.018045664
0.007662654
0.0007504225
0.012041211
0.0052479506
0.014827132
0.011393666
0.006231427
0.0033637285
0.0044031143
0.018514633
0.012477636
0.00018787384
0.015336275
0.0010462999
0.005675435
0.007316828
0.019371986
0.016301632
0.006967783
0.018439054
0.02327931
0.019207954
0.0033534765
0.015501022
0.010070324
0.00899899
0.009520769
0.014176965
0.0015509129
0.010936856
0.010639548
0.0033034086
0.007145405
0.013339281
0.0029011965
0.0023553371
0.027920485
0.006895542
0.026732564
0.003870368
0.0047398806
0.0069972277
0.008478284
0.020270944
0.0102421045
0.011655211
0.006304264
0.0045534372
0.008583903
0.0076555014
0.0057940483
0.0064103603
0.008166313
0.010561109
0.0037304163
0.014292479
0.014152169
0.014689922
0.0009865761
0.0150671005
0.004912615
0.006937623
0.006365299
0.007820487
0.010901809
0.0020785332
0.0032544136
0.010647893
0.00718987
0.011075377
0.007786393
0.012081146
0.005796194
0.007878184
0.011958957
0.01053679
0.005478382
0.01596737
0.0034065247
0.015113473
0.00844264
0.0046464205
0.0062047243
0.011896253
0.01210165
0.006021619
0.02845025
0.0074380636
0.013092399
0.004282832
0.012062907
0.0030965805
0.012127876
0.010270953
0.007917643
0.025012255
0.020968676
0.012102008
0.02312076
0.012949705
0.00675416
0.001221776
0.0009849072
0.018360496
0.010761142
0.0116609335
0.009602666
0.0074419975
0.009951115
0.009652376
0.0059080124
0.024834394
0.0034017563
0.013725758
0.010121703
0.014461279
-0.00050771236
0.008818269
0.009031296
0.012031317
0.0062863827
0.030785084
0.006809354
0.009083152
0.006139636
0.004236698
0.002001524
0.008162856
0.014041901
0.020658731
0.015405059
0.0045348406
0.013594031
0.0101162195
0.011260033
0.01093626
0.012289166
0.035699487
0.012474656
0.0024511814
0.011764526
0.017471194
0.0040467978
0.0067076683
0.014084697
0.011057615
0.021679878
-0.0003323555
0.014336824
0.017180204
0.0108321905
0.008766532
0.009422302
0.01283443
0.012980461
0.01622963
0.011099577
0.014124632
0.012348175
0.0017802715
0.009028435
0.010017037
0.013180852
0.0033905506
0.008178711
0.014977217
0.009062171
0.0048942566
0.0040670633
0.005525589
0.012786031
0.011384487
0.001149416
0.025322318
0.0067944527
0.017155647
0.02080512
0.010329843
0.0069766045
0.010220885
0.019616842
0.012369037
0.009146929
0.0052056313
0.0032378435
0.0053397417
0.0032013655
0.0056489706
0.009669781
0.019827008
0.025292635
0.0055042505
0.004528165
0.003083825
0.013817549
0.014726162
0.004382372
0.003590703
0.0074899197
0.01720357
0.001562357
0.009906054
0.0048371553
0.0107495785
0.005735278
0.0029081106
0.009431362
0.017611265
0.00993073
0.0030395985
0.0037977695
0.01128912
0.009379864
0.0075193644
0.011986971
0.013601184
0.0024462938
0.020962358
0.0051606894
0.011394501
0.0034428835
0.0077340603
0.013558745
0.00891006
0.006950021
0.0090613365
0.010752797
0.0039429665
0.0035717487
0.011816978
0.002609849
0.0048974752
0.01385808
0.011305571
0.0072927475
0.029878378
0.012091517
0.0086096525
0.026845694
0.011199713
0.004602313
0.0077017546
0.017340302
0.002141714
0.0028260946
0.0046699047
0.01805079
0.0093535185
0.0059018135
0.0009572506
0.006802082
0.0061188936
0.014798164
0.017164469
0.0024555922
0.0038444996
0.009121299
0.0024574995
0.0042591095
0.006434083
0.0039942265
0.009556055
0.012197137
0.008386254
0.04561901
0.0034229755
0.0062690973
0.017712831
-0.00035893917
-0.00025892258
0.009804606
0.011012197
0.0039880276
0.0068769455
0.0031613111
0.0059523582
0.011382937
0.0110269785
0.009685755
0.0019465685
0.009292245
0.0138196945
0.03040731
0.0044140816
0.0065615177
0.011333942
0.0037984848
0.000151515
0.038870096
0.0011566877
0.0052996874
0.013865948
0.013943315
0.009463906
0.012106776
0.00473094
0.012132645
0.012304187
0.007417321
0.0044674873
0.011249304
0.0074630976
0.008699417
0.0038346052
0.010659814
0.00035619736
0.007906795
0.0033118725
0.005933523
0.008019686
0.0010173321
0.009117365
0.0051646233
0.001979351
0.004514098
0.010987639
0.00465703
0.020249367
0.0027754307
0.008978248
0.0053180456
0.0049943924
0.0030876398
0.0058988333
0.00988698
0.0053184032
0.023412228
0.010031104
0.017658353
0.011191368
0.008371234
0.010430098

0.3407513
0.32724416
0.27045667
0.28357553
0.322536
0.2829517
0.33070767
0.31051493
0.32707214
0.30614376

