1.0290271
1.6768949
1.4064976
1.7860106
1.701944
1.1111332
1.4313965
1.587504
1.6672312
1.4708737
1.9122142
1.7329216
1.5174335
1.8756084
1.3631998
1.3977585
1.3648908
1.2730181
1.7301589
1.4579028
1.1908671
1.5006279
1.6414238
1.0307288
1.4801489
1.4044886
1.758368
1.3591255
1.4162276
1.6417166
1.5189866
1.3468885
1.3813065
1.8886269
1.0433866
1.9337062
1.3740332
1.4259169
1.6165323
1.6034464
1.2370888
1.3894273
1.3126882
1.984577
1.1829079
1.6446941
1.3073997
1.5794879
1.4732561
1.658447
1.2775369
1.2035573
1.2745289
1.2883021
1.599344
1.6656747
1.1780226
1.4082949
1.4269038
1.7134556
1.0668519
1.4866276
1.3731645
1.0011778

1.3988311
1.6067646
1.3716784
1.4173452
1.4902408
1.5507969
1.3924546
1.433634
1.702951
1.5226803
1.5000757
1.5066733
1.4319226
1.3743061
1.7027383
1.477017
1.4842794
1.4352095
1.4262079
1.5141928
1.5336785
1.4624683
1.3998352
1.6193397
1.4570903
1.6169728
1.3988831
1.4202267
1.5278821
1.9403267
1.4822824
1.3768675
1.4652233
1.4125692
1.461853
1.4424286
1.5859782
1.553663
1.5075998
1.4617983
1.4034072
1.4256346
1.4359939
1.5107377
1.4816331
1.5270987
1.5540023
1.4999284
1.547662
1.4940382
1.4473674
1.5229024
1.5527195
1.5785625
1.4687684
1.4264779
1.5012963
1.3749975
1.3494865
1.4836712
1.5086515
1.5427064
1.4427698
1.5369217

1.4731545
1.4012786
1.4512832
1.3760148
1.41297
1.5031089
1.4511938
1.3888129
1.3732884
1.3686686
1.625263
1.3762583
1.4259956
1.3660468
1.3620567
1.4441965
1.401962
1.4837223
1.4428154
1.5364535
1.3468376
1.5261964
1.5197678
1.5125307
1.4274312
1.4415059
1.5353835
1.4607371
1.424937
1.5187855
1.3980064
1.411931
1.4648811
1.5245908
1.3804704
1.4306757
1.4930395
1.4073199
1.4825946
1.4757177
1.4595474
1.4253168
1.4703858
1.4366947
1.4232959
1.4239191
1.4930924
1.5478591
1.5044571
1.5811794
1.5239891
1.442275
1.4435747
1.4683961
1.5267233
1.4353212
1.4494369
1.4693072
1.4776217
1.4686689
1.5332463
1.434437
1.3910158
1.4385563
1.3618151
1.4251248
1.474824
1.4448509
1.4155602
1.4987222
1.4541758
1.4426026
1.3960556
1.4207886
1.4835225
1.544142
1.3995777
1.4000943
1.380241
1.4916943
1.4216126
1.5087721
1.4772921
1.437483
1.4864286
1.3320985
1.4082134
1.4697924
1.5202951
1.4236474
1.4112211
1.4822967
1.4823092
1.5514606
1.4321285
1.4253983
1.4384087
1.467419
1.5198215
1.4699794
1.514496
1.4544274
1.4015746
1.6189364
1.4795301
1.408935
1.4265761
1.5448796
1.437388
1.4821724
1.4028724
1.4470496
1.5182952
1.4080385
1.4154171
1.4622993
1.4013929
1.3878717
1.4348754
1.3970658
1.4802434
1.4950877
1.3601109
1.4789885
1.507111
1.4989936
1.446906
1.5696983

1.4162153
1.4842309
1.4164364
1.459854
1.3876923
1.4640253
1.3718557
1.4274188
1.4364308
1.3990805
1.3992066
1.4473935
1.4043041
1.5046235
1.3971702
1.4623581
1.4338868
1.4437442
1.4508922
1.4277711
1.499611
1.4685861
1.5462848
1.4116708
1.4697428
1.4404454
1.4910386
1.4611884
1.4123032
1.5130563
1.4782653
1.3737125
1.5911106
1.4717422
1.4950585
1.5118318
1.4620887
1.4134414
1.4898918
1.4356487
1.4665643
1.3895985
1.448166
1.5282279
1.4394846
1.4054079
1.3925422
1.4604619
1.4382145
1.4133514
1.4904513
1.4822786
1.3861718
1.4349167
1.455894
1.4960108
1.5414562
1.4177825
1.4484171
1.4617099
1.4385759
1.4156907
1.4313148
1.4751501
1.4508958
1.463239
1.4301157
1.5202492
1.4547029
1.4665585
1.5367395
1.4944495
1.4779292
1.4167073
1.4370174
1.4149073
1.4880307
1.4057194
1.4495405
1.5119
1.5053077
1.485264
1.4097375
1.4134258
1.3846629
1.4549738
1.5167228
1.5100174
1.4748181
1.4726368
1.393021
1.5245214
1.448529
1.4679487
1.4626259
1.4524964
1.4148394
1.455636
1.4045863
1.4542692
1.476459
1.440924
1.4010723
1.4606184
1.4957408
1.4280319
1.4344871
1.5168004
1.4374014
1.4246044
1.475399
1.4621837
1.3887293
1.4154727
1.5241681
1.4986924
1.4947227
1.4116719
1.4348656
1.5002717
1.4015373
1.4247378
1.4556323
1.362644
1.4196892
1.4322486
1.4122851
1.4753253

1.4291413
1.4155856
1.4089212
1.396808
1.4729792
1.4246933
1.4279871
1.422947
1.501488
1.4049697
1.5067248
1.4486768
1.4234805
1.4435495
1.4359212
1.4466254
1.4336361
1.4372408
1.4288871
1.4696714
1.4335793
1.5110304
1.3964037
1.4158868
1.40217
1.4946378
1.4208102
1.3965003
1.4254324
1.4621959
1.4055892
1.4031353
1.3958161
1.4029598
1.4355078
1.4601973
1.4218782
1.356784
1.4528666
1.4383624
1.4227331
1.4467714
1.4221325
1.4030209
1.4462181
1.4234973
1.4097724
1.3874408
1.4299872
1.4610194
1.3983841
1.44493
1.431877
1.4180931
1.3773522
1.4373391
1.4820547
1.4690245
1.3978827
1.4308254
1.4587684
1.4096211
1.4116243
1.4864609
1.4307007
1.4757981
1.4416466
1.3960072
1.4281765
1.4789048
1.4172689
1.4671788
1.4450885
1.42487
1.4289138
1.4126946
1.4385952
1.4374019
1.4043543
1.4929183
1.4358796
1.3958075
1.3467323
1.4119984
1.4268465
1.421354
1.4126344
1.4267385
1.4174309
1.3678312
1.426578
1.4434376
1.391821
1.4446167
1.3961207
1.4574379
1.4323307
1.4204795
1.4127305
1.3708133
1.4594817
1.3944815
1.3961256
1.4309392
1.3925664
1.3766178
1.4318012
1.4040272
1.4398639
1.4333391
1.4539301
1.4182013
1.445531
1.4444034
1.4240651
1.3812788
1.4528682
1.4315401
1.4081498
1.4180721
1.465262
1.417857
1.4524696
1.3952395
1.423027
1.459523
1.4529092
1.4421182
1.4390461
1.4544084
1.4404685
1.4090121
1.4557942
1.4380326
1.433761
1.528163
1.3786019
1.4138459
1.3782594
1.4640514
1.5033011
1.4118826
1.4403608
1.416955
1.4429364
1.5078418
1.4570197
1.4699048
1.4445398
1.4236244
1.4502157
1.4171348
1.4248883
1.4473351
1.3887106
1.4165692
1.4335651
1.4837475
1.3986845
1.4290924
1.3942246
1.4267706
1.4304299
1.3735129
1.4442787
1.4514116
1.4556158
1.4720858
1.4126616
1.3754268
1.420984
1.4449838
1.3857076
1.4459738
1.3998032
1.4340478
1.5087895
1.4083644
1.5200738
1.4358169
1.4809755
1.4184813
1.3696672
1.4051301
1.41389
1.4264735
1.401425
1.4183545
1.4488901
1.344331
1.421254
1.3678409
1.4258329
1.4508315
1.3988993
1.3977749
1.4818693
1.3797512
1.4074227
1.4167395
1.4662571
1.3839903
1.4428364
1.480212
1.376895
1.4087571
1.4155737
1.4609437
1.4798532
1.4287666
1.4240286
1.4903786
1.4008299
1.4787213
1.4768176
1.4119471
1.491481
1.4293684
1.3745649
1.4539741
1.4082165
1.4593893
1.3844528
1.4408513
1.4369693
1.4583431
1.4310046
1.3844168
1.4554819
1.4465753
1.3721863
1.4514714
1.4584858
1.3842983
1.3772001
1.4473584
1.3938091
1.4523402
1.415343
1.4383526
1.4210837
1.4169855
1.4638188
1.4362633
1.4593574
1.4458953
1.4845262
1.4482799
1.420535
1.5335029
1.3967689
1.4106438
1.4199096
1.4467674
1.4328636
1.440914

1.3846657
1.4180058
1.4341875
1.4052083
1.4423437
1.4545144
1.4534876
1.3994436
1.4056691
1.4110639
1.4338387
1.4207019
1.4179466
1.4271573
1.4802283
1.421684
1.4288297
1.4514023
1.4305897
1.4206054
1.4489114
1.4216669
1.3967143
1.4813846
1.434349
1.4412053
1.4025787
1.440166
1.4206702
1.4145318
1.4618528
1.4535366
1.3889109
1.4315754
1.4195281
1.4102145
1.4347175
1.4364398
1.4561188
1.3963506
1.4430544
1.4040579
1.4192946
1.45079
1.4724197
1.4368868
1.4502774
1.4519471
1.503969
1.4566411
1.404288
1.4094753
1.4344679
1.42694
1.4009945
1.4380045
1.5007885
1.4479611
1.4261502
1.4542929
1.4601262
1.4603133
1.3825551
1.4777726
1.4222034
1.446389
1.4411398
1.425008
1.4045178
1.4646077
1.4356318
1.437714
1.4557743
1.423413
1.438143
1.4168158
1.4173276
1.3995864
1.4304763
1.4099393
1.421815
1.4324142
1.4202796
1.4557108
1.4444543
1.447156
1.4333715
1.4203521
1.4247963
1.4447165
1.3925803
1.4230479
1.4135567
1.4328794
1.4396173
1.4679799
1.3952589
1.4304657
1.4151939
1.4636348
1.4404169
1.4268439
1.4541097
1.4289181
1.4151653
1.4229642
1.435252
1.4388183
1.4249198
1.4254059
1.448997
1.439387
1.4116659
1.4769896
1.4357446
1.4274539
1.3859301
1.4442996
1.4773124
1.4481447
1.3886036
1.4322753
1.4037199
1.4342324
1.4086846
1.444033
1.3925017
1.4148598
1.440478
1.405451
1.4097438
1.4692836
1.398464
1.4130963
1.4737612
1.4046531
1.4383087
1.4405569
1.4121307
1.4185698
1.4741162
1.4599305
1.431876
1.4520676
1.4421506
1.398057
1.4562606
1.4266828
1.4851836
1.4425299
1.4296396
1.4071941
1.4395698
1.431851
1.4114237
1.446744
1.4255186
1.4473298
1.4343715
1.4108516
1.469062
1.3961395
1.4486969
1.4882692
1.4283968
1.4162718
1.4277968
1.4536828
1.4158006
1.4383798
1.3997958
1.4550126
1.4544594
1.4181165
1.4574287
1.4168116
1.4730802
1.4231297
1.4259045
1.4239784
1.4577338
1.422584
1.4140786
1.3917516
1.4211894
1.4143313
1.4850991
1.4138296
1.470462
1.450312
1.4579258
1.410308
1.4425484
1.438148
1.3958721
1.4198776
1.4219053
1.4565028
1.4508402
1.4193066
1.4641569
1.4474471
1.4320939
1.4152747
1.428608
1.4382896
1.428101
1.4229397
1.4335853
1.3995582
1.3951991
1.4388442
1.4433353
1.4191914
1.4124022
1.4429957
1.411881
1.4564716
1.4494239
1.4294721
1.4533919
1.4874681
1.4172366
1.4225359
1.4359124
1.4414457
1.4129839
1.3692188
1.403297
1.446534
1.4718183
1.3937391
1.4702235
1.3822097
1.4543458
1.4008831
1.4543139
1.4135826
1.4408423
1.422485
1.4670259
1.4489291
1.4379864
1.3697371
1.408488
1.4165529
1.3991696
1.4293228
1.4632441
1.429068
1.4544362
1.4686244
1.3897605
1.4859228
1.456706
1.4225793

1.4326882
1.440876
1.4496365
1.4290609
1.4260975
1.4459689
1.3973833
1.3858398
1.4293499
1.4515604
1.4066542
1.4671843
1.4441904
1.3989235
1.3945396
1.4390541
1.4059473
1.4274434
1.4279683
1.4845846
1.4286218
1.4161195
1.460768
1.4527346
1.4619641
1.4315928
1.4396096
1.443686
1.4137484
1.5053905
1.4932885
1.412579
1.4365396
1.4557167
1.4466364
1.3971167
1.4108782
1.4144506
1.4243222
1.4301583
1.4016196
1.4347359
1.428506
1.5086982
1.4540608
1.4006199
1.4242895
1.3758452
1.4542333
1.4516848
1.4267675
1.4299189
1.4597425
1.3980372
1.4581951
1.4438845
1.4336649
1.4461827
1.4040966
1.4162692
1.4755093
1.465412
1.4137106
1.4221154
1.4485515
1.4454143
1.4241797
1.4982696
1.3900459
1.430242
1.4563632
1.463778
1.4623678
1.3886328
1.4033307
1.4271666
1.4159096
1.4207106
1.4352276
1.4001354
1.4775162
1.4128139
1.3788834
1.4054981
1.4414372
1.4365479
1.4169179
1.4018164
1.3967538
1.371314
1.3975532
1.4186499
1.463737
1.3641819
1.422452
1.4389098
1.4125743
1.3895912
1.4773105
1.4073446
1.418944
1.4763448
1.4639621
1.4265308
1.4795568
1.4642892
1.4612377
1.4107549
1.4456542
1.4600638
1.4205105
1.4021218
1.4360319
1.4361192
1.4236541
1.4260534
1.4079405
1.4352386
1.4184965
1.4213498
1.4603001
1.4844142
1.4003811
1.4832523
1.4673078
1.4307803
1.4184035
1.4253731
1.4827902
1.4683787
1.4691544
1.4715196
1.4835625
1.4172852
1.4170656
1.4316429
1.4755902
1.4348024
1.463891
1.3780878
1.4102085
1.4131428
1.4359119
1.4225597
1.3806013
1.414009
1.4173801
1.4237614
1.4155589
1.3882264
1.3893565
1.4647237
1.417691
1.4642507
1.4013755
1.4247217
1.4825519
1.4542872
1.4731771
1.4720197
1.4352974
1.473505
1.4354438
1.4305239
1.4261109
1.4480156
1.4509823
1.4199923
1.4339455
1.4568272
1.4340237
1.409009
1.4133613
1.4271909
1.4141225
1.4783045
1.4559234
1.4441743
1.4608685
1.4241252
1.4005826
1.4503751
1.4793038
1.425122
1.4152633
1.4231386
1.474418
1.4539027
1.479808
1.4117821
1.4521661
1.4364796
1.4321278
1.39725
1.428404
1.3918124
1.4330385
1.4343947
1.4327682
1.4656003
1.4310662
1.4202197
1.4326777
1.4184967
1.4588925
1.4239061
1.4012958
1.4586161
1.42947
1.4080764
1.4117389
1.4697019
1.4261473
1.4407947
1.4080905
1.3866901
1.4136542
1.4343407
1.4166491
1.4442914
1.4532639
1.4594004
1.493177
1.4401746
1.4301802
1.396918
1.4516519
1.405235
1.4253616
1.4530258
1.4689149
1.4753525
1.410632
1.4566516
1.4091426
1.4311948
1.4209405
1.4291407
1.3891326
1.4102728
1.4221004
1.4328786
1.4464648
1.4194113
1.4175715
1.435031
1.4170161
1.4107697
1.4077166
1.4300755
1.4426446
1.4214191
1.411859
1.4526348
1.4439604
1.457649

1.3655243
1.4656442
1.4533812
1.4584486
1.4103874
1.4268866
1.4284445
1.4697708
1.4053789
1.4246185
1.3925564
1.390058
1.4023093
1.4381129
1.39876
1.4554888
1.4313304
1.4409423
1.4348938
1.3974371
1.4016006
1.4569353
1.4179376
1.4130175
1.38133
1.4075816
1.4435658
1.3877639
1.4369752
1.4339395
1.4278116
1.3844227
1.4173378
1.4410672
1.4239298
1.4074852
1.4379727
1.4032446
1.4123054
1.4122133
1.3985012
1.4260372
1.4082379
1.4138435
1.3944885
1.4290354
1.3850135
1.3831602
1.4201143
1.4357611
1.3997624
1.4281377
1.4572434
1.4743232
1.4285754
1.4073222
1.4320655
1.4331454
1.4218079
1.4406128
1.4371395
1.4695278
1.4090226
1.4153924
1.4395336
1.4010152
1.4310423
1.3714303
1.4274758
1.4364476
1.4268391
1.4626474
1.4135339
1.4076318
1.4176153
1.4164451
1.4317486
1.3765591
1.3953027
1.4227154
1.4529736
1.458055
1.4028807
1.4313636
1.3937618
1.4170581
1.4024878
1.3893015
1.4562432
1.4525417
1.433025
1.4181663
1.4237822
1.4583123
1.4041026
1.4418449
1.3683046
1.4155732
1.399843
1.4571534
1.4360552
1.4223961
1.4057263
1.4674647
1.4238064
1.4324156
1.3824521
1.4185905
1.4282933
1.4168373
1.444073
1.4023033
1.4234535
1.4191154
1.3899648
1.4363706
1.432356
1.3673021
1.4559927
1.4403324
1.4160998
1.3706291
1.3661183
1.4323169
1.4139553
1.3870852
1.4682356
1.4426373
1.394538
1.4269555
1.4551437
1.411201
1.4056857
1.4687002
1.4516093
1.4100289
1.4366297
1.4366018
1.4174311
1.4414413
1.4052479
1.4365554
1.4395869
1.4235204
1.4472966
1.4405146
1.4282678
1.4068599
1.4137866
1.3921499
1.4136126
1.4295336
1.4287677
1.4365879
1.4525592
1.408469
1.428136
1.4121894
1.4290918
1.421082
1.438432
1.4018033
1.4261415
1.4283096
1.4024962
1.4058216
1.4024729
1.4386411
1.4181874
1.4079227
1.4385293
1.4300133
1.4551561
1.3892653
1.4578394
1.4136429
1.4069427
1.4245362
1.3701682
1.4149779
1.4297335
1.4016912
1.4477044
1.4162616
1.3689744
1.4412688
1.4466048
1.395921
1.4021764
1.4394013
1.4094852
1.460026
1.4419776
1.4391066
1.418655
1.4406291
1.4224987
1.4364685
1.4260812
1.4450735
1.4289536
1.4432256
1.42065
1.4327545
1.434221
1.4372238
1.4208379
1.3999676
1.4197577
1.3672692
1.4608319
1.4154981
1.4050188
1.4463472
1.4382492
1.4326215
1.4128456
1.4319298
1.423136
1.3735948
1.4172183
1.4771096
1.4379135
1.4621489
1.4147569
1.4256546
1.4520596
1.4243169
1.400775
1.3768797
1.4237033
1.4398042
1.4249215
1.427374
1.4057114
1.4228363
1.4288437
1.4328196
1.4009107
1.431437
1.4485022
1.4210947
1.4130585
1.4205599
1.4240372
1.43857
1.4309807
1.4394002
1.4011396
1.4267067
1.4449432
1.4504533
1.4605621
1.4193176
1.4371856
1.4256734
1.4327916
1.4427068
1.4343202
1.4772793
1.3806021
1.4068302
1.4167181
1.4117528
1.4342204
1.4143916
1.3721286
1.4184638
1.4005901
1.3962529
1.4038031
1.3590246
1.3991061
1.4399093
1.4211549
1.402133
1.4190032
1.4201494
1.400048
1.4547071
1.4083413
1.4590285
1.4342573
1.4062825
1.4489492
1.3891947
1.4640758
1.4245486
1.476085
1.4340495
1.4282415
1.4159378
1.4169029
1.3874662
1.4340584
1.4576355
1.4056263
1.4360695
1.4406031
1.4401977
1.4595226
1.4022859
1.4007043
1.4002228
1.4146489
1.4190826
1.3860377
1.4436129
1.3842893
1.4568579
1.423753
1.4198978
1.4189112
1.423969
1.4274044
1.4142954
1.4104747
1.4012197
1.4003145
1.424806
1.4066305
1.3564174
1.4258716
1.413665
1.399593
1.4169216
1.4254448
1.4237927
1.4134613
1.4287083
1.4201725
1.4176373
1.4357566
1.4232507
1.402301
1.4288782
1.4144146
1.4348001
1.4080408
1.4134841
1.4340781
1.4371923
1.4134907
1.4471778
1.4071424
1.4309953
1.3698401
1.4259189
1.4144258
1.4397087
1.4161992
1.3872479
1.4040233
1.4620099
1.4436951
1.4064922
1.4478947
1.3938838
1.4065764
1.4271667
1.4520326
1.4111134
1.3835648
1.3821028
1.4461156
1.4404293
1.4495331
1.425949
1.3526794
1.4147478
1.4037379
1.4480817
1.3886154
1.3725257
1.4207932
1.4198917
1.3811039
1.4267426
1.4382439
1.4332416
1.4322077
1.4623078
1.3839113
1.4632083
1.4415581
1.4320164
1.3879691
1.4234688
1.4594439
1.4313542
1.43564
1.4625854
1.3880225
1.4207734
1.4550468
1.431395
1.4332016
1.3989254
1.4160377
1.4203644
1.4445473
1.4228697
1.416999
1.4151
1.4287485
1.4444978
1.417874
1.4376689
1.3994651
1.4001802
1.3925228
1.4458677
1.3970832
1.4334604
1.4399377
1.4099369
1.4286158
1.4305756
1.4220023
1.3950183
1.4074839
1.4332792
1.3889134
1.421577
1.4144063
1.4302819
1.419502
1.4316937
1.4110731
1.3860424
1.4040827
1.4287448
1.4595797
1.3686862
1.3930256
1.4547226
1.4140327
1.4436934
1.4249918
1.4128449
1.4146479
1.4108865
1.438916
1.3658949
1.4127784
1.4423614
1.3831675
1.4218385
1.3935238
1.4326102
1.4245443
1.4240253
1.4502277
1.4589562
1.3964528
1.421774
1.4205761
1.4400069
1.4218714
1.400692
1.4009444
1.4224595
1.4232363
1.3878323
1.417105
1.4010366
1.4362541
1.4495205
1.417772
1.4422932
1.4346335
1.4206972
1.4240804
1.4448813
1.4175282
1.4588703
1.4852432
1.4165283
1.3920239
1.4659351
1.39683
1.4352112
1.3803523
1.424441
1.4756545
1.4125242
1.3897982
1.4498485
1.3974832
1.4111537
1.441369
1.3696606
1.422908
1.424552
1.4111048
1.3781186
1.4313151
1.4284393
1.4760445
1.4602381
1.3902972
1.4006621
1.4212245
1.4413613
1.3749145
1.41509
1.4239079
1.4420837
1.393892
1.4210415
1.4193511
1.4141726

1.4369236
1.436512
1.4394299
1.4402654
1.4171177
1.4159634
1.4681963
1.4290912
1.4265919
1.4137125
1.4238135
1.4287952
1.4061503
1.4095361
1.4407315
1.4104179
1.427538
1.4352965
1.4365882
1.4153265
1.4352218
1.4109988
1.4010909
1.4271531
1.4329853
1.3943911
1.4372383
1.4316021
1.4370091
1.4228146
1.4219308
1.4405199
1.4055281
1.455766
1.4238635
1.434385
1.4352032
1.4054184
1.4178569
1.4178412
1.4109377
1.4329792
1.4246614
1.4300864
1.405061
1.4361631
1.3656455
1.4286423
1.3964441
1.4605242
1.4126605
1.4247266
1.4524611
1.4372536
1.4444755
1.4245224
1.3927119
1.4159173
1.4360533
1.4411409
1.3869088
1.4303982
1.4382087
1.4244685
1.4270736
1.4216458
1.4045641
1.4377643
1.4210373
1.4144018
1.4343905
1.4055675
1.4248781
1.4332001
1.4408146
1.4327786
1.4529467
1.4234539
1.4177616
1.4124979
1.4246315
1.4176098
1.4321235
1.4193697
1.4274181
1.388027
1.4013224
1.4270571
1.4201626
1.4158831
1.4491605
1.42231
1.4458182
1.4170226
1.4062961
1.4247938
1.4143431
1.4417852
1.4022473
1.4323821
1.4048141
1.4149381
1.412553
1.426123
1.4382063
1.4150708
1.407005
1.4103131
1.4110367
1.4456409
1.3910125
1.4141331
1.3952103
1.4111143
1.4383645
1.3788364
1.4417961
1.4078078
1.41962
1.4251412
1.4208626
1.4281446
1.4109459
1.4152936
1.4160913
1.4396434
1.4220967
1.4199194
1.413633
1.4239322
1.4390534
1.4346232
1.4321486
1.420947
1.4296919
1.3878783
1.4401414
1.4219017
1.453587
1.4255915
1.411513
1.433926
1.4283147
1.4003301
1.4302063
1.4279964
1.4163198
1.4387217
1.4422944
1.4393302
1.4206601
1.4399966
1.4408352
1.4405416
1.4279642
1.4351971
1.4144421
1.4148573
1.4329281
1.4142597
1.4240558
1.429991
1.4248122
1.4133433
1.4370635
1.4199368
1.3976339
1.4000939
1.4615817
1.4351811
1.3897798
1.404559
1.4347574
1.4458375
1.3989551
1.4562185
1.4291997
1.4213623
1.4148916
1.4195571
1.4249961
1.4271094
1.436046
1.4482687
1.4302428
1.4090333
1.4374182
1.433102
1.4095569
1.4143457
1.4120089
1.4177672
1.4252286
1.4279025
1.4195403
1.3935758
1.4314166
1.4358362
1.4070193
1.4180688
1.4306012
1.4441298
1.4114739
1.3980013
1.4364231
1.4186534
1.3839642
1.4635435
1.4262263
1.4310254
1.422178
1.4190459
1.4198353
1.3967261
1.4298753
1.4325682
1.4017951
1.4088932
1.4590719
1.4223381
1.452507
1.4222748
1.4094634
1.4155976
1.4183449
1.4041073
1.419703
1.4130248
1.4381038
1.4176074
1.3953505
1.4212375
1.4280211
1.4394193
1.4150014
1.4246482
1.426007
1.4285284
1.4018024
1.4319407
1.4139979
1.4218762
1.459415
1.4261003
1.4287788
1.4330101
1.438676
1.3938342
1.4237218
1.4153755
1.4266964
1.4287966
1.4435688
1.4022521
1.4226456
1.4269661
1.4129595
1.435021
1.3993138
1.4120499
1.3982077
1.4063146
1.4198748
1.4346802
1.4436954
1.427573
1.4254172
1.4153802
1.3997959
1.418673
1.400439
1.4153118
1.4129881
1.4220709
1.4180732
1.4269623
1.4200704
1.4213016
1.4221667
1.4330834
1.4098395
1.4407514
1.4173481
1.42607
1.408978
1.4255606
1.4520664
1.4108559
1.4300418
1.3958205
1.4047756
1.4282981
1.4514834
1.4278173
1.437325
1.423843
1.4238731
1.4323329
1.4298477
1.3882606
1.4337674
1.427433
1.4487836
1.4432877
1.4360245
1.4164876
1.4137431
1.4017026
1.4477649
1.4418906
1.380063
1.4012126
1.4169431
1.4190979
1.4155484
1.4065754
1.3971561
1.4537625
1.3917186
1.4158837
1.4235868
1.4312071
1.4255825
1.4416296
1.437819
1.4302466
1.4511501
1.412542
1.4261768
1.400495
1.4532568
1.4227154
1.4387854
1.3984964
1.406971
1.4256135
1.4365228
1.4326518
1.4097995
1.4369888
1.4064351
1.4274311
1.4710635
1.423378
1.4248642
1.4131335
1.4385496
1.4001148
1.4430702
1.4417293
1.4250191
1.4443151
1.4509345
1.428448
1.4719338
1.4671652
1.3969711
1.4226985
1.4354289
1.4299319
1.4774863
1.4093099
1.4416007
1.4358406
1.4263479
1.3996819
1.4238913
1.4206568
1.4416074
1.4229937
1.418652
1.4082344
1.4306523
1.4072465
1.4164714
1.438566
1.4187971
1.4473852
1.4111733
1.4256616
1.4111387
1.4390385
1.4284604
1.4273623
1.4119848
1.4379528
1.4122688
1.4472035
1.4225621
1.440374
1.3994123
1.4155946
1.4178308
1.4345832
1.3991674
1.4119426
1.4129434
1.4441537
1.4220363
1.4278915
1.4049336
1.4300976
1.439236
1.4208702
1.421747
1.4077162
1.4088526
1.4306018
1.4280618
1.4178424
1.425736
1.4175136
1.4055657
1.4309251
1.455485
1.4234902
1.3916856
1.441087
1.4295266
1.4393402
1.4069468
1.4424872
1.4223288
1.4246693
1.4473898
1.4294717
1.4210856
1.4330316
1.4166216
1.4531006
1.4210393
1.4341944
1.4145403
1.4596109
1.4136561
1.4285358
1.4364204
1.4007684
1.4467618
1.4081657
1.4277792
1.4166764
1.4388244
1.4200869
1.427718
1.4496363
1.4348992
1.4028637
1.405824
1.4340305
1.4219471
1.4578383
1.398377
1.4442427
1.4395571
1.4339371
1.4487697
1.4323561
1.4405203
1.4145286
1.4654481
1.4523507
1.4467194
1.4540689
1.4289491
1.4476131
1.428298
1.4396615
1.4095371
1.4035789
1.4418414
1.4251833
1.4324728
1.4225955
1.4212672
1.4305032
1.4155207
1.4046391
1.4227762
1.3864343
1.4053475
1.4288551
1.4585959
1.4030244
1.4482294
1.4108233
1.4052032
1.4025993
1.4098923
1.4443698
1.4319786
1.4220777
1.4410594
1.4334408
1.4001858
1.4204371
1.4532957
1.4369376
1.4455819
1.4030886
1.422637
1.4275441
1.4237428
1.4209121
1.429147
1.4169272
1.4130409
1.4253377
1.4048877
1.4384187
1.4096509
1.4283156

1.4432919
1.4117404
1.4066621
1.4143147
1.4144447
1.4115632
1.4309713
1.4423182
1.4208422
1.3916509
1.4106187
1.4141393
1.4411168
1.3966893
1.4501821
1.4046253
1.4258908
1.4180664
1.4160646
1.437424
1.4124252
1.4117022
1.4182361
1.4059942
1.4123993
1.4457937
1.4121226
1.4518249
1.4292842
1.431169
1.4140104
1.4464142
1.4249905
1.4447163
1.3898377
1.4221954
1.4241867
1.4189615
1.4276801
1.4514136
1.4525279
1.42437
1.4014953
1.398629
1.4301192
1.4138708
1.4231972
1.3996196
1.3788027
1.3930691
1.416792
1.435108
1.4044566
1.4189651
1.4375387
1.4253263
1.4004068
1.4586251
1.4481351
1.4165378
1.3868716
1.4533852
1.43488
1.4210238
1.4127802
1.4073559
1.4460572
1.4323193
1.431739
1.4329875
1.4428977
1.4008139
1.4151797
1.4168352
1.4381766
1.4281089
1.4015486
1.4100912
1.4257387
1.439218
1.4478657
1.4225947
1.4343553
1.4434098
1.4328318
1.4174665
1.4111884
1.4488147
1.4366403
1.415851
1.4017129
1.4336109
1.4210389
1.4363419
1.4302386
1.3721406
1.426458
1.4271486
1.4404366
1.4365531
1.4307293
1.4368817
1.438499
1.4256783
1.4125738
1.4057834
1.4553494
1.4304634
1.425404
1.4088354
1.4197032
1.4221424
1.4201343
1.4157101
1.4372711
1.4162143
1.4398915
1.4497665
1.4216324
1.4083153
1.4321634
1.3959444
1.4058759
1.3916332
1.4420352
1.4098445
1.4246271
1.4277248
1.4334195
1.4437099
1.4087247
1.4287002
1.4325073
1.4238337
1.410957
1.4211687
1.4268255
1.4292371
1.4332254
1.4014063
1.4307965
1.4051753
1.4494848
1.4297842
1.4312906
1.4289439
1.428066
1.4232067
1.4494736
1.4133581
1.4077165
1.4561449
1.4385157
1.4109535
1.4579315
1.4430602
1.4089326
1.420516
1.4378434
1.4299132
1.4480112
1.4207587
1.445473
1.3872149
1.387545
1.3982637
1.4021645
1.4377466
1.444777
1.4163865
1.434668
1.4178425
1.4125941
1.4154083
1.4617988
1.4068743
1.4358076
1.4298024
1.4203278
1.3940518
1.4211684
1.4627253
1.437426
1.412099
1.414912
1.4500248
1.4153595
1.4071411
1.4468794
1.406817
1.437054
1.4108312
1.4210781
1.3949254
1.4335314
1.44857
1.4376843
1.4107516
1.4190202
1.4387846
1.4254098
1.4347533
1.4387374
1.4077561
1.4099718
1.4017632
1.3972393
1.4068205
1.4188801
1.4487233
1.4074872
1.4013647
1.4452964
1.4159029
1.4268131
1.3973477
1.4102736
1.4013067
1.4298257
1.4345387
1.4236737
1.4167737
1.4318843
1.4234376
1.4200563
1.4430736
1.446479
1.4624466
1.4244578
1.4587357
1.42044
1.4395703
1.4208299
1.4146101
1.4429909
1.4228919
1.4598026
1.4280112
1.4261131
1.4232858
1.4096379
1.4252576
1.4353935
1.4301857
1.4315058
1.4487425
1.4182098
1.4270788
1.4177395
1.4125379
1.4312719
1.4239995
1.4426137
1.4531435
1.4401242
1.453254
1.4349074
1.4497678
1.4076221
1.4177234
1.4334717
1.4606478
1.4194988
1.4764066
1.421913
1.4274392
1.4471589
1.4190942
1.4474356
1.4210811
1.4098171
1.4459945
1.4395174
1.3979757
1.4505103
1.3977448
1.4105164
1.4095142
1.4227796
1.4428903
1.4528391
1.3917154
1.4489403
1.450872
1.4168123
1.4531686
1.4149661
1.4222931
1.4135184
1.4300915
1.4279025
1.433025
1.4337661
1.4282758
1.4210992
1.4456563
1.4154596
1.4300604
1.4413697
1.4131823
1.4215205
1.4014943
1.4025195
1.3878857
1.4155126
1.4524398
1.4060372
1.403411
1.4194012
1.43649
1.4157634
1.4191566
1.4080758
1.4434003
1.442543
1.4046553
1.4322006
1.4323943
1.4054843
1.3971114
1.4168757
1.4376706
1.44425
1.399669
1.4187534
1.4182268
1.4333441
1.4437615
1.4125845
1.4134558
1.4260689
1.4271392
1.4111998
1.453224
1.4447982
1.4291239
1.4472091
1.4470831
1.4272194
1.4370874
1.4339087
1.4077446
1.4306997
1.4468725
1.4197594
1.4223044
1.421375
1.4200283
1.4282922
1.4436378
1.4249218
1.4510287
1.3983413
1.4285897
1.4309462
1.4065775
1.4106066
1.4393728
1.4290628
1.4357139
1.4599037
1.4451357
1.4127984
1.4360062
1.3953319
1.4059292
1.4505761
1.4425633
1.4316491
1.4076676
1.4066181
1.4464738
1.4375548
1.4134272
1.4060516
1.4177701
1.4813122
1.4180313
1.4157531
1.4501985
1.411135
1.394073
1.429232
1.4103281
1.4063555
1.4246038
1.4176879
1.4060624
1.421393
1.4122591
1.4567267
1.4474792
1.413492
1.4274238
1.4538739
1.3981652
1.4318281
1.4538932
1.4235692
1.4188572
1.447076
1.4483024
1.4468635
1.4279637
1.3967214
1.4034883
1.410655
1.3958567
1.4454466
1.4577867
1.4137664
1.4408345
1.4540684
1.4020431
1.4568832
1.4284909
1.4440088
1.4435128
1.4255934
1.4173468
1.4492859
1.4569216
1.4070566
1.4200271
1.4180198
1.4465164
1.4156585
1.4363208
1.415484
1.4213748
1.4053137
1.4194587
1.4206728
1.434835
1.4335765
1.4220904
1.4077438
1.46513
1.4172417
1.4333518
1.4054524
1.3846912
1.43561
1.4509994
1.4383266
1.4151438
1.4170455
1.4395018
1.3999039
1.418379
1.4132828
1.4465084
1.4439216
1.4348454
1.4211689
1.456275
1.3994583
1.4001368
1.4305227
1.4046277
1.4457264
1.4439172
1.4019965
1.4164194
1.4007627
1.427582
1.4090246
1.4499704
1.4229292
1.4122789
1.4372227
1.416558
1.406179
1.4285789
1.4321142
1.4193553
1.431416
1.3970703
1.4336079
1.4576858
1.4353395
1.4143169
1.4196676
1.3910787
1.3735645
1.4135534
1.4550127
1.4535614
1.422326
1.4121339
1.4116013
1.414803
1.3825332
1.4526229
1.3937926
1.3848066
1.4274715
1.4275985
1.3960456
1.4556856
1.4243987
1.3997203
1.4367558
1.4363722
1.4291515
1.4273049
1.4258738
1.4063766
1.4648745
1.4219304
1.4212193
1.439067

1.4261845
1.4335994
1.4211955
1.4409816
1.4375755
1.4025279
1.4128759
1.4220998
1.4278883
1.4188168
1.3999482
1.4065558
1.4096091
1.3987786
1.4198874
1.4400973
1.4109542
1.4557718
1.4295098
1.4245069
1.426672
1.4073447
1.4176892
1.3842791
1.4406334
1.4095992
1.4113322
1.3981197
1.4465028
1.3860503
1.4217418
1.4304954
1.4270229
1.4248639
1.4664191
1.4044013
1.4295572
1.4420841
1.3983618
1.4156116
1.4330813
1.4124142
1.4225112
1.4237301
1.4306982
1.4066658
1.4295301
1.442448
1.4462494
1.4167359
1.435728
1.4311509
1.412998
1.411903
1.4081742
1.4311905
1.4091123
1.4049923
1.4298227
1.4245125
1.4409717
1.4371145
1.4042662
1.4393117
1.4216702
1.4028122
1.4272629
1.4261471
1.4495931
1.4442316
1.4373469
1.4383463
1.4295813
1.4447736
1.4269912
1.4403654
1.4124848
1.4513034
1.4277357
1.4280773
1.401618
1.4059186
1.4125772
1.4585391
1.4301667
1.4451934
1.3932137
1.4459119
1.4347086
1.4292808
1.4160713
1.4228268
1.4672903
1.3994762
1.4110093
1.379703
1.4144068
1.4377503
1.4102582
1.4032147
1.4213538
1.4308423
1.4386489
1.3986367
1.4085201
1.431552
1.4217782
1.4346192
1.4313993
1.4082656
1.4166244
1.4298044
1.4055465
1.4274536
1.394861
1.4123544
1.4318023
1.4189076
1.4372697
1.426287
1.4194148
1.4391235
1.4323604
1.4267592
1.4166018
1.4579439
1.448134
1.4157991
1.3968569
1.4238628
1.445152
1.4539739
1.4404937
1.4484024
1.4261767
1.4215853
1.4239212
1.4256669
1.4098624
1.4082797
1.4147253
1.4417495
1.4144279
1.4253893
1.4260452
1.416133
1.4196064
1.4013017
1.4591814
1.4479443
1.41011
1.4024992
1.4140981
1.4179654
1.427649
1.4312685
1.4275479
1.4364339
1.3917688
1.4190166
1.4583373
1.4004939
1.4279987
1.4172175
1.4373684
1.4075298
1.4254487
1.4235324
1.4052068
1.4266298
1.4076612
1.4061856
1.4121884
1.4034507
1.425435
1.4247869
1.4517719
1.4084063
1.4202873
1.4316452
1.4212894
1.4571359
1.4134231
1.4031078
1.3895012
1.4122516
1.4166074
1.4439867
1.4271879
1.4325145
1.3919681
1.4114169
1.4189552
1.3839353
1.4068645
1.4380248
1.4439806
1.4274018
1.4216715
1.3954209
1.4063596
1.4312087
1.41044
1.4341305
1.4157957
1.4002529
1.4184306
1.4293644
1.3961262
1.4255642
1.4225482
1.4291716
1.4191692
1.4149051
1.4144505
1.416097
1.3873731
1.4174138
1.3978733
1.4239689
1.4318161
1.4262794
1.4353955
1.4304256
1.4315718
1.4747052
1.4201609
1.4271635
1.4149323
1.4306892
1.4257474
1.3952492
1.4350351
1.430301
1.416938
1.4054322
1.4525847
1.3989564
1.4031931
1.4326898
1.4190849
1.4340624
1.4409378
1.4220624
1.4054197
1.4127806
1.4129761
1.4102936
1.4294965
1.443427
1.4112267
1.4246056
1.4089638
1.4170836
1.4542077
1.4142925
1.4093882
1.4109318
1.4621375
1.4216009
1.4335858
1.4343184
1.4132653
1.4142438
1.418484
1.4489257
1.4150019
1.4059216
1.4309434
1.4283307
1.4212005
1.4011316
1.4462459
1.4476517
1.4135952
1.4210297
1.4539075
1.4047841
1.4325272
1.4456563
1.4188185
1.4334115
1.4143956
1.4349636
1.4149253
1.395584
1.4019471
1.4407436
1.4089419
1.4315128
1.4369714
1.4422902
1.4569685
1.4200785
1.4191861
1.4183903
1.4333267
1.4225197
1.398949
1.4153512
1.4486874
1.3982656
1.4131104
1.4540735
1.4079382
1.4283296
1.4467876
1.4893681
1.441323
1.4411627
1.4203048
1.4220386
1.4138263
1.3688716
1.4338678
1.4284096
1.429907
1.4274764
1.429761
1.4367716
1.4066011
1.4755435
1.4254069
1.424656
1.4186878
1.4267571
1.4079677
1.411522
1.4109496
1.425763
1.4429723
1.4280077
1.4406704
1.4359273
1.437325
1.4140724
1.4454799
1.4562323
1.435036
1.4238636
1.4172614
1.4626725
1.4268783
1.4449993
1.4053867
1.4298323
1.4139128
1.3957821
1.4181365
1.3991463
1.4228705
1.4213998
1.4263414
1.3730448
1.4088973
1.4170586
1.3964698
1.4464203
1.419614
1.4192274
1.4115021
1.424684
1.4373797
1.4050585
1.4222658
1.419444
1.4233887
1.4115697
1.4458781
1.4254291
1.397708
1.4484568
1.4253876
1.421721
1.4290732
1.4207816
1.4392328
1.4457989
1.4505893
1.4265449
1.3995154
1.4195658
1.3951174
1.405239
1.4330746
1.4319897
1.4237322
1.4187262
1.4236821
1.4521558
1.4071754
1.4017272
1.4238726
1.408033
1.4449604
1.4115089
1.4570681
1.4149927
1.417037
1.4090152
1.4276339
1.4473296
1.4015687
1.4494104
1.4096538
1.407992
1.4239687
1.4258568
1.4133289
1.4450848
1.4210024
1.4303675
1.4195266
1.4057477
1.4123231
1.4364367
1.4320146
1.4355118
1.4081644
1.4406227
1.402361
1.4362447
1.4223864
1.4399201
1.4375361
1.4341413
1.4166538
1.3916095
1.4315358
1.4232732
1.4144264
1.4043593
1.4121083
1.4175704
1.4305922
1.3915876
1.4092344
1.4250515
1.406174
1.4167886
1.4634163
1.4487535
1.4529248
1.4361911
1.4240808
1.417371
1.3924459
1.444378
1.3994516
1.4569315
1.4218528
1.4135758
1.399293
1.4152488
1.404203
1.447856
1.4289272
1.4062903
1.4087464
1.435534
1.4060793
1.4024885
1.447866
1.4428264
1.4250296
1.4197917
1.4275128
1.4313213
1.4127274
1.4212816
1.4467412
1.4014347
1.4194541
1.419071
1.4129933
1.4184365
1.4366167
1.4266804
1.4523603
1.4223288
1.4055226
1.4170237
1.4321098
1.4462621
1.4402157
1.4371216
1.409819
1.4314926
1.4149126
1.399993
1.4362148
1.4080265
1.4737856
1.4011978
1.4265201
1.440472
1.4116936
1.4380238
1.3900278
1.4294595
1.4132181
1.3964537
1.4100081
1.4370023
1.464046
1.4142224
1.4353757
1.4199802
1.381894
1.4216647
1.4233215
1.420802

1.4195893
1.4110572
1.4331517
1.4570622
1.3799386
1.4599313
1.4228837
1.4185741
1.4358026
1.3966603
1.4305575
1.423885
1.4189718
1.3986541
1.4448451
1.4044104
1.3938539
1.4076596
1.4216232
1.4246703
1.4219524
1.4476212
1.4203756
1.4235995
1.4203355
1.4509734
1.4281611
1.4254309
1.4575225
1.4419463
1.3916026
1.4167424
1.4179666
1.3949674
1.4292066
1.4156102
1.4616561
1.4386755
1.4384953
1.4110503
1.4252276
1.3993486
1.4278878
1.4118304
1.4175723
1.4328626
1.4412057
1.4218538
1.408
1.4214195
1.4342635
1.4250131
1.4238023
1.4159812
1.4418676
1.4133464
1.4528902
1.4449092
1.4208965
1.4226309
1.457001
1.4287112
1.4153603
1.4146183
1.399007
1.4393107
1.4447246
1.4145702
1.4289833
1.4069718
1.4090264
1.4262372
1.4151254
1.4350128
1.3975407
1.4404601
1.4309167
1.4423572
1.4052346
1.4154404
1.4163866
1.4215605
1.413931
1.4177616
1.4135324
1.415889
1.3836852
1.415432
1.427282
1.4154466
1.4405122
1.4099824
1.44419
1.412727
1.4436423
1.4261594
1.4201317
1.4208074
1.4418725
1.428363
1.4741656
1.4390852
1.460727
1.4273157
1.4150543
1.4204978
1.4602891
1.4269935
1.4205841
1.3977232
1.4086366
1.4362468
1.4296517
1.4091253
1.4338102
1.4097902
1.4282963
1.4153074
1.4365538
1.4169811
1.407139
1.4421009
1.4520038
1.4029622
1.3738252
1.4067713
1.4148247
1.442593
1.4436206
1.4400815
1.4251661
1.414436
1.3987226
1.4163496
1.4388208
1.4221168
1.4290699
1.4333498
1.4229343
1.4162437
1.39763
1.4451393
1.4476895
1.3967301
1.416979
1.4225672
1.423721
1.4261476
1.433382
1.4271636
1.4276947
1.4151319
1.4358006
1.4178407
1.444358
1.4276719
1.4218389
1.4152107
1.4297783
1.4243462
1.4115419
1.4186263
1.4147261
1.3831995
1.4204701
1.4311314
1.4537174
1.4245101
1.4362217
1.4398669
1.4122653
1.4202571
1.4305471
1.3940365
1.3963888
1.436533
1.4336874
1.3899878
1.4013981
1.3985219
1.4144071
1.4027917
1.4427278
1.4279022
1.4240175
1.3942249
1.4197121
1.4185704
1.4315568
1.3998423
1.4108285
1.4446964
1.4321319
1.45218
1.4411721
1.4229733
1.4130306
1.444007
1.4333256
1.4315354
1.4427623
1.4000696
1.4465173
1.4161803
1.4283073
1.4085299
1.4167864
1.4484484
1.4062055
1.4223151
1.4313878
1.4237654
1.4107058
1.4272753
1.4176092
1.4514585
1.4181037
1.4148853
1.4406805
1.435408
1.4019605
1.4183391
1.4165722
1.4235796
1.4298574
1.4300617
1.4384552
1.4090693
1.4283841
1.4356228
1.4296132
1.406594
1.4258941
1.421557
1.4238932
1.4141057
1.4478382
1.4443612
1.4188722
1.4348557
1.4147931
1.3960574
1.4374245
1.4375124
1.4151568
1.4226859
1.45439
1.4238435
1.4018273
1.4266413
1.3983158
1.4295189
1.3922839
1.3995172
1.4234679
1.4195176
1.4046594
1.4408367
1.4178715
1.4489857
1.4450474
1.4257436
1.4195364
1.4292243
1.403183
1.4175085
1.4167655
1.4444406
1.4414171
1.4198983
1.4189466
1.4427757
1.4093497
1.4383883
1.4085671
1.4261497
1.4090362
1.4349343
1.452649
1.4059569
1.4076605
1.4218363
1.403445
1.4200677
1.4333371
1.390233
1.4089948
1.4260855
1.4364728
1.4132501
1.4262725
1.4180894
1.4319879
1.409749
1.4287593
1.4012318
1.4275389
1.4354352
1.3948255
1.4212966
1.4266382
1.4264424
1.4378896
1.4346614
1.4140579
1.4262978
1.4282528
1.426331
1.411641
1.4353497
1.4205527
1.4001161
1.4135973
1.4349657
1.4043355
1.4202183
1.4122488
1.4103521
1.4364885
1.4605505
1.4254035
1.4429966
1.4228504
1.4260783
1.4645983
1.4319477
1.4076355
1.4170659
1.3986982
1.4138192
1.4007037
1.4368505
1.4495568
1.4227554
1.4191086
1.4369601
1.3856884
1.4240849
1.4213198
1.3900418
1.4210788
1.4107019
1.4094133
1.4189221
1.4307356
1.3932382
1.420218
1.4143958
1.4413061
1.4392061
1.4050452
1.4269204
1.4183427
1.4255481
1.4224601
1.4412004
1.441079
1.4397126
1.4202462
1.4229155
1.4430798
1.4369338
1.4465994
1.4074707
1.4268914
1.4043125
1.4252343
1.4544934
1.4027724
1.434953
1.4221303
1.4124639
1.4375125
1.4237467
1.4473447
1.4269372
1.4453026
1.4202791
1.4233807
1.4273151
1.442467
1.425041
1.4155389
1.4350331
1.4075321
1.4057148
1.433024
1.4023204
1.402619
1.4507978
1.4341854
1.4220434
1.4238508
1.4358711
1.4227123
1.4126267
1.3979979
1.4248384
1.4201459
1.4072683
1.3994664
1.4545137
1.393868
1.4206364
1.4156852
1.4377856
1.4225771
1.4039497
1.4368607
1.4254458
1.4166787
1.4230391
1.4114269
1.4311413
1.4153162
1.4556811
1.4151341
1.4317113
1.4077771
1.416569
1.4549226
1.4531199
1.4264878
1.4140068
1.4304911
1.4395869
1.4134271
1.4503914
1.4261574
1.4209439
1.3915265
1.4450737
1.4133996
1.3993038
1.4303212
1.4630874
1.4526154
1.4012265
1.4260154
1.3971357
1.4186534
1.4293401
1.4176009
1.395534
1.4175832
1.4378266
1.4222794
1.4063108
1.4532511
1.4201536
1.4456418
1.4134486
1.4002589
1.3859161
1.3914424
1.4246081
1.4383453
1.4424968
1.4459916
1.4323516
1.406539
1.4222244
1.4354732
1.429513
1.3822329
1.4203774
1.4204389
1.4489498
1.4210204
1.4551342
1.4364676
1.4121715
1.4145288
1.4403716
1.4419395
1.4127978
1.4208875
1.405921
1.4576406
1.4252034
1.4231373
1.4002362
1.4563514
1.4263201
1.4648536
1.448598
1.394006
1.4122437
1.4324077
1.443033
1.4245008
1.4175152
1.435569
1.3952192
1.4340807
1.4079291
1.4332864
1.4312434
1.4505515
1.4262413
1.4269474
1.4220016
1.4219247
1.4255352
1.4035933
1.4097245
1.4540784
1.416822
1.4006326
1.4216454
1.4194038
1.4384748

1.4159347
1.4384608
1.4220697
1.4064527
1.4116995
1.4382147
1.4508531
1.4421004
1.4251318
1.422749
1.4084247
1.4105668
1.420553
1.3846383
1.407137
1.4277165
1.4233236
1.4134254
1.4094118
1.4631947
1.4328493
1.4014406
1.4640408
1.4082528
1.427548
1.4356567
1.4216789
1.4202456
1.4347973
1.4478503
1.4024951
1.4483145
1.4505773
1.4572904
1.4397234
1.4048513
1.4244065
1.4383715
1.4081826
1.4463972
1.4090391
1.432293
1.4295344
1.4318724
1.4252622
1.4303987
1.438763
1.4123158
1.4060104
1.4380034
1.3961943
1.4225608
1.4076687
1.4285644
1.4064004
1.4177574
1.4427083
1.4211578
1.4182297
1.4042411
1.4116317
1.4076313
1.4233398
1.4320164
1.4383466
1.4296477
1.393206
1.407629
1.4234486
1.4018579
1.405926
1.432999
1.4053326
1.4250381
1.406652
1.4585646
1.40834
1.4321027
1.4469979
1.4226195
1.4124693
1.4025601
1.4239426
1.4416006
1.4238014
1.4502395
1.4172907
1.4281044
1.3951571
1.3990992
1.415354
1.4134972
1.4115695
1.4058731
1.4147234
1.4046364
1.4574604
1.4292482
1.4258988
1.4221147
1.4363184
1.4160149
1.4240409
1.4397359
1.3978716
1.437656
1.4508625
1.4398776
1.4381714
1.4396639
1.4159906
1.4325883
1.4482421
1.4128729
1.4274057
1.3991715
1.4193013
1.4027697
1.4248743
1.4174465
1.437621
1.4149636
1.4011092
1.422379
1.3858926
1.3985239
1.4260902
1.4488016
1.4396331
1.4316994
1.4159689
1.4418002
1.4329185
1.4054372
1.4131011
1.4273571
1.4320104
1.4452637
1.4408752
1.427907
1.4277763
1.4085592
1.4249789
1.4296912
1.4191614
1.4189281
1.4526215
1.4167876
1.4122443
1.4328628
1.416207
1.4244901
1.4163258
1.4371496
1.4132271
1.4346769
1.398514
1.3899258
1.3829362
1.4017665
1.4419796
1.4360077
1.4097
1.3997496
1.4202521
1.4242727
1.3989114
1.4459761
1.3964351
1.4153478
1.4186922
1.42744
1.4050246
1.4140251
1.4386573
1.400433
1.4277036
1.4481457
1.4003229
1.4132746
1.4105911
1.3993793
1.4290968
1.4115684
1.4215963
1.4279244
1.4063395
1.4304601
1.4011042
1.4443482
1.4004284
1.4112936
1.4566818
1.4271872
1.428513
1.4169568
1.470203
1.4683741
1.4062959
1.4359412
1.419917
1.4442005
1.3998576
1.4309119
1.4082031
1.4350652
1.4229614
1.4287609
1.421461
1.4264976
1.4091038
1.3950341
1.4278911
1.417912
1.4258729
1.4052342
1.460195
1.436926
1.4310471
1.4248486
1.3982037
1.4063734
1.4128568
1.4287587
1.4223322
1.4164823
1.4183384
1.4350249
1.444104
1.4305637
1.4259926
1.4208044
1.4306134
1.4063219
1.3970478
1.4028585
1.4369355
1.4494615
1.4309776
1.4282662
1.4230655
1.4260634
1.4259129
1.4202038
1.4301137
1.4169714
1.4061053
1.4273548
1.4143091
1.435967
1.4175091
1.4002373
1.4047076
1.4106858
1.4768088
1.4344015
1.423245
1.4285579
1.4434059
1.393525
1.4345295
1.4169956
1.3861285
1.4092015
1.4120045
1.436624
1.4435089
1.4073128
1.4105376
1.4218565
1.4471097
1.4418006
1.4465305
1.4545863
1.4165139
1.4493397
1.4488106
1.4191842
1.4329336
1.4512115
1.4140203
1.3902892
1.4008658
1.4455756
1.42494
1.4319993
1.4295484
1.4290699
1.4574986
1.3770682
1.4165243
1.4451528
1.4171509
1.4298166
1.4201624
1.438496
1.4211856
1.4395641
1.4230918
1.427888
1.4138601
1.4395056
1.413851
1.4162982
1.4123087
1.426195
1.4145267
1.4250672
1.4342976
1.4404578
1.4590478
1.4028506
1.4241642
1.4308252
1.4424275
1.4120991
1.4171684
1.4444631
1.4277612
1.412827
1.3910681
1.4350268
1.3987789
1.3999134
1.3939135
1.4431007
1.4424808
1.4189907
1.4083695
1.4238918
1.4304254
1.4367694
1.409121
1.4359001
1.4097527
1.4317605
1.4364057
1.4326272
1.4205918
1.3971817
1.4145715
1.4280664
1.4551568
1.4320773
1.4314039
1.4136055
1.420865
1.4424294
1.4249789
1.3894582
1.449981
1.4290415
1.4144523
1.4169723
1.4181843
1.4295915
1.4264712
1.4366676
1.3997132
1.4329835
1.4059367
1.4118792
1.4007984
1.4298285
1.430821
1.4305009
1.4071248
1.4046103
1.4259211
1.4275422
1.4223315
1.426412
1.3922328
1.383431
1.4477427
1.4358398
1.4054022
1.3956759
1.4259082
1.4263481
1.4267876
1.4178232
1.4262043
1.4216164
1.4451429
1.4008235
1.4235265
1.4323839
1.4085392
1.4207199
1.4310592
1.4016583
1.4350725
1.4375031
1.4203147
1.4243603
1.4253976
1.4015435
1.411906
1.4242829
1.4352164
1.4224846
1.4503673
1.4380128
1.4333193
1.4084427
1.4220072
1.4285069
1.4140427
1.4258351
1.4410177
1.4208138
1.4545653
1.4219335
1.4358423
1.4566199
1.4545829
1.4287752
1.4396209
1.4171294
1.4114529
1.4455793
1.4336779
1.4259549
1.4175906
1.4231693
1.4372149
1.4246047
1.448881
1.4246197
1.4291399
1.4160645
1.4364207
1.4368962
1.3967892
1.4131716
1.4426069
1.4108995
1.4382674
1.4073837
1.4058886
1.4276433
1.4452825
1.4108773
1.4726537
1.3939856
1.4507667
1.4256035
1.4328737
1.4211048
1.4247068
1.4322313
1.3693012
1.4135677
1.4381348
1.4304254
1.4343746
1.4133799
1.4243268
1.4138128
1.4268887
1.4288665
1.4227625
1.4070716
1.4363794
1.45563
1.429903
1.4119631
1.4279493
1.4239321
1.4076985
1.4355015
1.4405069
1.4244223
1.4033685
1.423901
1.4352987
1.4347659
1.4301482
1.4110441
1.4176584
1.4260826
1.4376163
1.4011638
1.4145515
1.4281954
1.4377404
1.4349502
1.4318199
1.4142978
1.4217145
1.4296418
1.4191169
1.416235
1.4119433
1.4248
1.4331974
1.4596349
1.4074521
1.4494275
1.4160638
1.4272057
1.4019909
1.4372727
1.4665755
1.4136423
1.4476075
1.4305139
1.4166372
1.4113997
1.429477
1.4303849

1.7078636
1.7117485
1.7474273
1.6848309
1.7393352
1.683396
1.7491547
1.7105403
1.7616662
1.6457417

