1.4298224
1.402317
1.4433081
1.4146837
1.4189571
1.3839827
1.4041579
1.4238026
1.499401
1.4009353
1.4631826
1.4010434
1.4341657
1.3944288
1.4421021
1.4036406
1.4121009
1.4519033
1.4595699
1.4373789
1.4371376
1.355
1.4476789
1.4388757
1.4711974
1.3286039
1.4008458
1.410798
1.4042011
1.4273366
1.3799772
1.403662
1.3681773
1.3712617
1.3871635
1.4085674
1.3853446
1.4150504
1.3959147
1.4200301
1.4733787
1.452768
1.3983045
1.4103504
1.4337103
1.3296468
1.4285437
1.3735037
1.432069
1.4376985
1.4281162
1.4235905
1.478248
1.3611785
1.458196
1.391602
1.3943217
1.4192699
1.3872195
1.4158584
1.4174153
1.3918695
1.3820072
1.458584
1.4262822
1.3721498
1.4156718
1.4087272
1.3788654
1.3720638
1.4141641
1.3872688
1.366633
1.4425497
1.4938434
1.4489574
1.3997526
1.4248254
1.398326
1.4863136
1.407896
1.3932978
1.3693904
1.4189401
1.4729768
1.365979
1.4254496
1.4178104
1.3790928
1.3276452
1.4430823
1.4552901
1.4824517
1.4377799
1.4033985
1.4070083
1.3940089
1.4195876
1.448236
1.438472
1.3828696
1.437739
1.4346159
1.4005969
1.3763092
1.4533073
1.3598042
1.334054
1.3402141
1.4289455
1.4036388
1.409915
1.3398453
1.4184705
1.4678751
1.4451152
1.4063913
1.4320623
1.4265145
1.4510728
1.3748204
1.3770323
1.4776076
1.4429958
1.4613513
1.4217355
1.3855488
1.4197326
1.4547727
1.4268605
1.4817163
1.3370187
1.4357435
1.4370465
1.4180589
1.463476
1.4572109
1.4082892
1.4049097
1.444396
1.4144837
1.3899952
1.3889122
1.4162455
1.39083
1.3960443
1.3610545
1.3893024
1.4249091
1.3959768
1.401591
1.4948374
1.3776408
1.4109942
1.4125346
1.431008
1.4277624
1.399711
1.3560432
1.395445
1.4347262
1.3804461
1.44338
1.3724066
1.4330984
1.3866816
1.4260588
1.4599185
1.4294765
1.3927218
1.3955735
1.4138033
1.4240296
1.3718352
1.4473323
1.3929383
1.4013884
1.42628
1.3851022
1.4506147
1.3930146
1.389803
1.3952587
1.4311028
1.4249704
1.4130946
1.4152284
1.4172319
1.4024885
1.3789735
1.391682
1.4033092
1.4591835
1.4151975
1.4614176
1.4215006
1.4138298
1.4820848
1.4272776
1.3747566
1.4291363
1.3980129
1.3889499
1.428559
1.4047937
1.4582512
1.3877043
1.4568667
1.427134
1.3779726
1.4034052
1.3807725
1.396253
1.4144781
1.4596752
1.4188889
1.4016358
1.3899935
1.4367406
1.4248492
1.4713302
1.4336469
1.3945978
1.3869456
1.4413017
1.3935827
1.4374781
1.4167215
1.4232357
1.3635123
1.4357919
1.4042977
1.4130762
1.4076852
1.523321
1.3745517
1.4524127
1.3983713
1.3501581
1.3832682
1.4391364
1.4287909
1.3728722
1.4566008
1.4092162
1.4333072
1.3651837
1.4516404
1.5147775
1.452864
1.4606366
1.4397147
1.4450283
1.4372456
1.3111185
1.4121011
1.4332619
1.5067891
1.3364469
1.3682
1.4217632
1.4290597
1.4476112
1.3822583
1.4568802
1.4072931
1.3941206
1.4043044
1.4137039
1.4238733
1.4302537
1.3721688
1.3623601
1.3958372
1.3685468
1.4313986
1.3625411
1.4701912
1.429892
1.3867639
1.4206218
1.4311073
1.4680691
1.3918864
1.4102864
1.4770851
1.3471311
1.4350173
1.3690464
1.4047518
1.4772233
1.3706905
1.3832941
1.3791974
1.4415039
1.4461277
1.4467111
1.4988298
1.4246569
1.3781481
1.4794145
1.3689431
1.4198872
1.4536318
1.4322865
1.469116
1.3830858
1.3910539
1.4821419
1.3925543
1.4199164
1.3818495
1.4466937
1.4147861
1.3106464
1.3825432
1.385429
1.4755242
1.4748341
1.4362562
1.4256873
1.4285896
1.3914711
1.4156113
1.4228967
1.4327096
1.406856
1.3640833
1.4219695
1.3392978
1.3571591
1.3933923
1.3926549
1.3659054
1.4466909
1.4366279
1.3982536
1.395868
1.4224263
1.451837
1.4444578
1.4126605
1.4092448
1.3679826
1.3323611
1.4430217
1.3817549
1.3718827
1.4370446
1.3995141
1.4637914
1.4440928
1.3836178
1.3703731
1.4099686
1.4275386
1.4259865
1.5006795
1.437164
1.4409758
1.3961968
1.4280722
1.4383684
1.4076419
1.3640722
1.4434522
1.3737091
1.3981088
1.3977578
1.3947697
1.4752282
1.4197508
1.4323492
1.4529315
1.3960699
1.4261812
1.4892509
1.4375236
1.4424225
1.424616
1.3730168
1.4132218
1.4383522
1.3938507
1.4169235
1.431869
1.3859268
1.3998066
1.4486023
1.3970517
1.4083937
1.4083208
1.3381064
1.4528037
1.4445617
1.3853012
1.4346725
1.4723647
1.4839483
1.4179509
1.4112777
1.3769584
1.3492719
1.3962446
1.4591758
1.4166906
1.4123678
1.3781873
1.4127955
1.4295704
1.4594716
1.4336505
1.4187496
1.4423428
1.3780248
1.4203868
1.4445574
1.3833
1.4586774
1.4167544
1.4468943
1.3975629
1.3582854
1.4123831
1.4066309
1.4000044
1.4291457
1.4190636
1.4167482
1.4570286
1.4282215
1.4435089
1.3498925
1.4237357
1.4106891
1.3398888
1.3936183
1.3981419
1.351833
1.3317858
1.4261147
1.474997
1.4150815
1.4175007
1.4537834
1.356138
1.4384738
1.3728127
1.4136801
1.4425437
1.4561003
1.4418191
1.4267954
1.4125582
1.4317683
1.3466506
1.3971647
1.3677275
1.4495132
1.4127694
1.3637995
1.3773161
1.3642045
1.3770078
1.405133
1.4501545
1.3997355
1.3726792
1.4644692
1.4211648
1.4357283
1.4300423
1.4303229
1.4755608
1.5192573
1.3871071
1.3978041
1.4305686
1.3551375
1.4214118
1.4182882
1.3890518
1.3825625
1.3511834
1.431828
1.4180776
1.3933319
1.4230121
1.425026
1.3970404
1.4031928
1.3956674
1.3902025
1.3860754
1.4237407
1.413897
1.4144224
1.442411
1.4277234
1.4159461
1.3772414
1.4187443
1.3772255
1.4380963
1.4207071
1.4269378
1.3994153
1.4053038
1.4213103
1.3744597
1.4569439
1.4413824
1.3485588
1.3804586
1.3790773
1.3642242
1.4133465
1.4490463
1.3372269
1.3927175
1.4442687
1.4356534
1.4931903
1.4421237
1.4091939
1.383528
1.4524078
1.4234109
1.4763412
1.4026821
1.4538466
1.4184216
1.4292045
1.4098103
1.3926647
1.3895546
1.391208
1.4037076
1.4090636
1.3644564
1.4714959
1.4291189
1.4310526
1.3517641
1.4104482
1.4141444
1.4315346
1.4451994
1.467926
1.3809397
1.4202034
1.3969873
1.4140677
1.4200659
1.3823092
1.3782636
1.4065348
1.4323318
1.4358853
1.3756123
1.4017144
1.3804709
1.4312296
1.4469773
1.4540169
1.3952837
1.4162472
1.3894575
1.4187336
1.3984661
1.4106975
1.3607334
1.4071903
1.4368261
1.3805528
1.4211003
1.4537882
1.4692929
1.44668
1.4328882
1.3731985
1.3561958
1.3496798
1.3506913
1.4842072
1.4019748
1.4287058
1.4011008
1.3674229
1.4244463
1.4062904
1.3973273
1.4303058
1.438547
1.4591317
1.4258372
1.3970674
1.3975828
1.3932929
1.3470514
1.3865781
1.4615871
1.379119
1.4362109
1.4715555
1.450946
1.4202782
1.443104
1.4072222
1.3801898
1.3670495
1.408672
1.4306114
1.441941
1.4237585
1.3898597
1.50309
1.3648726
1.377212
1.4425846
1.4621139
1.4382851
1.3594414
1.3858246
1.4749491
1.3753276
1.431919
1.4060893
1.3867335
1.3725485
1.360504
1.4158303
1.3715284
1.4333274
1.4297277
1.3979535
1.4023808
1.3775927
1.391216
1.3811475
1.4197359
1.4274575
1.4252177
1.3472121
1.4716489
1.4112006
1.4519083
1.3809458
1.4392885
1.4006873
1.4159653
1.4734608
1.4533893
1.4335141
1.3991346
1.3937063
1.4543115
1.3729138
1.3750547
1.4455473
1.3817427
1.3654933
1.423574
1.4375193
1.410592
1.394528
1.4008121
1.3608176
1.394699
1.3259817
1.4086605
1.3909795
1.3938568
1.425621
1.4231039
1.3929985
1.437849
1.3770953
1.4220259
1.3882152
1.4043888
1.4317328
1.414511
1.3879964
1.3634502
1.3865285
1.4912019
1.418393
1.3841063
1.4066932
1.3716967
1.4499022
1.4005151
1.3870957
1.4251256
1.3546867
1.4026057
1.4540082
1.4087089
1.3738413
1.4381988
1.3382316
1.4383925
1.4815013
1.3680259
1.4096
1.432653
1.4472488
1.4329638
1.4003711
1.3902129
1.4440628
1.4036701
1.4271994
1.367119
1.3918873
1.3876923
1.3591586
1.495166
1.4277562
1.4239974
1.3866676
1.3887087
1.417267
1.4596634
1.3419094
1.3883493
1.3824921
1.4103752
1.3865311
1.4148324
1.416682
1.3847243
1.4445062
1.5060713
1.4563241
1.3620654
1.4544665
1.3607728
1.4416388
1.4149483
1.4029486
1.412248
1.4428535
1.3801895
1.4363095
1.38736
1.4372802
1.4201463
1.4577248
1.4865533
1.4555569
1.4043936
1.3784653
1.4250579
1.4160898
1.4399621
1.3801744
1.3830614
1.3916686
1.4019402
1.4074998
1.3822663
1.3349097
1.4548696
1.426692
1.434313
1.382987
1.3767928
1.4606869
1.4031961
1.428809
1.3580159
1.4850137
1.4233425
1.369264
1.4575216
1.3969285
1.46736
1.3920926
1.4132096
1.4060267
1.3906354
1.4262066
1.4338155
1.3550667
1.3997188
1.427374
1.3634865
1.3850379
1.4011732
1.4176317
1.4478103
1.4283938
1.4919068
1.3926712
1.438091
1.3842686
1.4776195
1.3004085
1.4070841
1.4405512
1.4055215
1.368999
1.4085616
1.3392199
1.481576
1.4051199
1.3846385
1.4610919
1.3990215
1.3676358
1.3897341
1.3565577
1.4161338
1.4400698
1.4337465
1.3832736
1.3964894
1.4057316
1.4437816
1.3760276
1.38195
1.3978393
1.4266295
1.3864807
1.4465871
1.463017
1.3913003
1.3811008
1.4064221
1.4536648
1.4002064
1.3860838
1.3967712
1.4203185
1.4120654
1.3927454
1.4465353
1.4225714
1.426491
1.416831
1.4704065
1.3946702
1.4590197
1.3951129
1.3792185
1.4076134
1.3765393
1.3139869
1.3960624
1.4631829
1.3923502
1.3834227
1.4035759
1.3887149
1.4386157
1.3448855
1.3673118
1.440884
1.4715774
1.4081583
1.3867339
1.3822907
1.4014167
1.417913
1.341872
1.3661137
1.4897164
1.4484388
1.4719872
1.4101459
1.4786816
1.3910073
1.4349234
1.3705463
1.3609209
1.4007194
1.3826941
1.3831074
1.4032414
1.3564281
1.39718
1.3991349
1.4226071
1.4323282
1.412663
1.3946913
1.3766744
1.4421049
1.3970803
1.4791954
1.4523692
1.3825493
1.4191544
1.4115504
1.4117059
1.4091626
1.3771054
1.4315321
1.4263189
1.3869461
1.3845817
1.4119123
1.4055772
1.388649
1.4792567
1.4999418
1.4121491
1.4252898
1.4285167
1.4471419
1.4335773
1.3532082
1.453755
1.4411665
1.4637046
1.5049986
1.4095743
1.4135447
1.4108431
1.3999283
1.4035162
1.4358102
1.3717927
1.3967582
1.4808768
1.4237217
1.4021444
1.3831859
1.4608783
1.4008874
1.3811574
1.4312265
1.3972344
1.3927115
1.4056721
1.4833667
1.3618019
1.362782
1.3766576
1.422122
1.3994255
1.4351401
1.4100884
1.4175735
1.4202297
1.291551
1.3922813
1.4066848
1.3950162
1.4397869
1.4312719
1.4512926
1.3893865
1.3303376
1.4343781
1.4558302
1.4085788
1.4130368
1.387597
1.4121417
1.4153692
1.428476
1.4417777
1.4480661
1.4001318
1.3959868
1.4900545
1.479591
1.3795612
1.4130865
1.4411441
1.3793806
1.4790361
1.4483715
1.380651
1.4642631
1.3973807
1.4482872
1.4535298
1.3852308
1.4651476
1.3720905
1.3587698
1.4128776
1.4229453
1.4071467
1.416601
1.4102341
1.408582
1.4895453
1.4952228
1.4217027
1.3649988
1.4514483
1.3396058
1.3532718
1.4226526
1.3915119
1.4183801
1.3751979
1.4425673
1.441998
1.3803388
1.4872653
1.4458137
1.4112078
1.3846653
1.4698329
1.4712085
1.4511012
1.3780727
1.4081287
1.3586094
1.3150666
1.4014673
1.4077499
1.4061604
1.4534446
1.4449008
1.4003897
1.3833694
1.3962889

1.4568863
1.414804
1.3975748
1.409905
1.3659718
1.374113
1.4188265
1.4080684
1.3921765
1.4289635

1.4298224
1.402317
1.4433081
1.4146837
1.4189571
1.3839827
1.4041579
1.4238026
1.499401
1.4009353
1.4631826
1.4010434
1.4341657
1.3944288
1.4421021
1.4036406
1.4121009
1.4519033
1.4595699
1.4373789
1.4371376
1.355
1.4476789
1.4388757
1.4711974
1.3286039
1.4008458
1.410798
1.4042011
1.4273366
1.3799772
1.403662
1.3681773
1.3712617
1.3871635
1.4085674
1.3853446
1.4150504
1.3959147
1.4200301
1.4733787
1.452768
1.3983045
1.4103504
1.4337103
1.3296468
1.4285437
1.3735037
1.432069
1.4376985
1.4281162
1.4235905
1.478248
1.3611785
1.458196
1.391602
1.3943217
1.4192699
1.3872195
1.4158584
1.4174153
1.3918695
1.3820072
1.458584
1.4262822
1.3721498
1.4156718
1.4087272
1.3788654
1.3720638
1.4141641
1.3872688
1.366633
1.4425497
1.4938434
1.4489574
1.3997526
1.4248254
1.398326
1.4863136
1.407896
1.3932978
1.3693904
1.4189401
1.4729768
1.365979
1.4254496
1.4178104
1.3790928
1.3276452
1.4430823
1.4552901
1.4824517
1.4377799
1.4033985
1.4070083
1.3940089
1.4195876
1.448236
1.438472
1.3828696
1.437739
1.4346159
1.4005969
1.3763092
1.4533073
1.3598042
1.334054
1.3402141
1.4289455
1.4036388
1.409915
1.3398453
1.4184705
1.4678751
1.4451152
1.4063913
1.4320623
1.4265145
1.4510728
1.3748204
1.3770323
1.4776076
1.4429958
1.4613513
1.4217355
1.3855488
1.4197326
1.4547727
1.4268605
1.4817163
1.3370187
1.4357435
1.4370465
1.4180589
1.463476
1.4572109
1.4082892
1.4049097
1.444396
1.4144837
1.3899952
1.3889122
1.4162455
1.39083
1.3960443
1.3610545
1.3893024
1.4249091
1.3959768
1.401591
1.4948374
1.3776408
1.4109942
1.4125346
1.431008
1.4277624
1.399711
1.3560432
1.395445
1.4347262
1.3804461
1.44338
1.3724066
1.4330984
1.3866816
1.4260588
1.4599185
1.4294765
1.3927218
1.3955735
1.4138033
1.4240296
1.3718352
1.4473323
1.3929383
1.4013884
1.42628
1.3851022
1.4506147
1.3930146
1.389803
1.3952587
1.4311028
1.4249704
1.4130946
1.4152284
1.4172319
1.4024885
1.3789735
1.391682
1.4033092
1.4591835
1.4151975
1.4614176
1.4215006
1.4138298
1.4820848
1.4272776
1.3747566
1.4291363
1.3980129
1.3889499
1.428559
1.4047937
1.4582512
1.3877043
1.4568667
1.427134
1.3779726
1.4034052
1.3807725
1.396253
1.4144781
1.4596752
1.4188889
1.4016358
1.3899935
1.4367406
1.4248492
1.4713302
1.4336469
1.3945978
1.3869456
1.4413017
1.3935827
1.4374781
1.4167215
1.4232357
1.3635123
1.4357919
1.4042977
1.4130762
1.4076852
1.523321
1.3745517
1.4524127
1.3983713
1.3501581
1.3832682
1.4391364
1.4287909
1.3728722
1.4566008
1.4092162
1.4333072
1.3651837
1.4516404
1.5147775
1.452864
1.4606366
1.4397147
1.4450283
1.4372456
1.3111185
1.4121011
1.4332619
1.5067891
1.3364469
1.3682
1.4217632
1.4290597
1.4476112
1.3822583
1.4568802
1.4072931
1.3941206
1.4043044
1.4137039
1.4238733
1.4302537
1.3721688
1.3623601
1.3958372
1.3685468
1.4313986
1.3625411
1.4701912
1.429892
1.3867639
1.4206218
1.4311073
1.4680691
1.3918864
1.4102864
1.4770851
1.3471311
1.4350173
1.3690464
1.4047518
1.4772233
1.3706905
1.3832941
1.3791974
1.4415039
1.4461277
1.4467111
1.4988298
1.4246569
1.3781481
1.4794145
1.3689431
1.4198872
1.4536318
1.4322865
1.469116
1.3830858
1.3910539
1.4821419
1.3925543
1.4199164
1.3818495
1.4466937
1.4147861
1.3106464
1.3825432
1.385429
1.4755242
1.4748341
1.4362562
1.4256873
1.4285896
1.3914711
1.4156113
1.4228967
1.4327096
1.406856
1.3640833
1.4219695
1.3392978
1.3571591
1.3933923
1.3926549
1.3659054
1.4466909
1.4366279
1.3982536
1.395868
1.4224263
1.451837
1.4444578
1.4126605
1.4092448
1.3679826
1.3323611
1.4430217
1.3817549
1.3718827
1.4370446
1.3995141
1.4637914
1.4440928
1.3836178
1.3703731
1.4099686
1.4275386
1.4259865
1.5006795
1.437164
1.4409758
1.3961968
1.4280722
1.4383684
1.4076419
1.3640722
1.4434522
1.3737091
1.3981088
1.3977578
1.3947697
1.4752282
1.4197508
1.4323492
1.4529315
1.3960699
1.4261812
1.4892509
1.4375236
1.4424225
1.424616
1.3730168
1.4132218
1.4383522
1.3938507
1.4169235
1.431869
1.3859268
1.3998066
1.4486023
1.3970517
1.4083937
1.4083208
1.3381064
1.4528037
1.4445617
1.3853012
1.4346725
1.4723647
1.4839483
1.4179509
1.4112777
1.3769584
1.3492719
1.3962446
1.4591758
1.4166906
1.4123678
1.3781873
1.4127955
1.4295704
1.4594716
1.4336505
1.4187496
1.4423428
1.3780248
1.4203868
1.4445574
1.3833
1.4586774
1.4167544
1.4468943
1.3975629
1.3582854
1.4123831
1.4066309
1.4000044
1.4291457
1.4190636
1.4167482
1.4570286
1.4282215
1.4435089
1.3498925
1.4237357
1.4106891
1.3398888
1.3936183
1.3981419
1.351833
1.3317858
1.4261147
1.474997
1.4150815
1.4175007
1.4537834
1.356138
1.4384738
1.3728127
1.4136801
1.4425437
1.4561003
1.4418191
1.4267954
1.4125582
1.4317683
1.3466506
1.3971647
1.3677275
1.4495132
1.4127694
1.3637995
1.3773161
1.3642045
1.3770078
1.405133
1.4501545
1.3997355
1.3726792
1.4644692
1.4211648
1.4357283
1.4300423
1.4303229
1.4755608
1.5192573
1.3871071
1.3978041
1.4305686
1.3551375
1.4214118
1.4182882
1.3890518
1.3825625
1.3511834
1.431828
1.4180776
1.3933319
1.4230121
1.425026
1.3970404
1.4031928
1.3956674
1.3902025
1.3860754
1.4237407
1.413897
1.4144224
1.442411
1.4277234
1.4159461
1.3772414
1.4187443
1.3772255
1.4380963
1.4207071
1.4269378
1.3994153
1.4053038
1.4213103
1.3744597
1.4569439
1.4413824
1.3485588
1.3804586
1.3790773
1.3642242
1.4133465
1.4490463
1.3372269
1.3927175
1.4442687
1.4356534
1.4931903
1.4421237
1.4091939
1.383528
1.4524078
1.4234109
1.4763412
1.4026821
1.4538466
1.4184216
1.4292045
1.4098103
1.3926647
1.3895546
1.391208
1.4037076
1.4090636
1.3644564
1.4714959
1.4291189
1.4310526
1.3517641
1.4104482
1.4141444
1.4315346
1.4451994
1.467926
1.3809397
1.4202034
1.3969873
1.4140677
1.4200659
1.3823092
1.3782636
1.4065348
1.4323318
1.4358853
1.3756123
1.4017144
1.3804709
1.4312296
1.4469773
1.4540169
1.3952837
1.4162472
1.3894575
1.4187336
1.3984661
1.4106975
1.3607334
1.4071903
1.4368261
1.3805528
1.4211003
1.4537882
1.4692929
1.44668
1.4328882
1.3731985
1.3561958
1.3496798
1.3506913
1.4842072
1.4019748
1.4287058
1.4011008
1.3674229
1.4244463
1.4062904
1.3973273
1.4303058
1.438547
1.4591317
1.4258372
1.3970674
1.3975828
1.3932929
1.3470514
1.3865781
1.4615871
1.379119
1.4362109
1.4715555
1.450946
1.4202782
1.443104
1.4072222
1.3801898
1.3670495
1.408672
1.4306114
1.441941
1.4237585
1.3898597
1.50309
1.3648726
1.377212
1.4425846
1.4621139
1.4382851
1.3594414
1.3858246
1.4749491
1.3753276
1.431919
1.4060893
1.3867335
1.3725485
1.360504
1.4158303
1.3715284
1.4333274
1.4297277
1.3979535
1.4023808
1.3775927
1.391216
1.3811475
1.4197359
1.4274575
1.4252177
1.3472121
1.4716489
1.4112006
1.4519083
1.3809458
1.4392885
1.4006873
1.4159653
1.4734608
1.4533893
1.4335141
1.3991346
1.3937063
1.4543115
1.3729138
1.3750547
1.4455473
1.3817427
1.3654933
1.423574
1.4375193
1.410592
1.394528
1.4008121
1.3608176
1.394699
1.3259817
1.4086605
1.3909795
1.3938568
1.425621
1.4231039
1.3929985
1.437849
1.3770953
1.4220259
1.3882152
1.4043888
1.4317328
1.414511
1.3879964
1.3634502
1.3865285
1.4912019
1.418393
1.3841063
1.4066932
1.3716967
1.4499022
1.4005151
1.3870957
1.4251256
1.3546867
1.4026057
1.4540082
1.4087089
1.3738413
1.4381988
1.3382316
1.4383925
1.4815013
1.3680259
1.4096
1.432653
1.4472488
1.4329638
1.4003711
1.3902129
1.4440628
1.4036701
1.4271994
1.367119
1.3918873
1.3876923
1.3591586
1.495166
1.4277562
1.4239974
1.3866676
1.3887087
1.417267
1.4596634
1.3419094
1.3883493
1.3824921
1.4103752
1.3865311
1.4148324
1.416682
1.3847243
1.4445062
1.5060713
1.4563241
1.3620654
1.4544665
1.3607728
1.4416388
1.4149483
1.4029486
1.412248
1.4428535
1.3801895
1.4363095
1.38736
1.4372802
1.4201463
1.4577248
1.4865533
1.4555569
1.4043936
1.3784653
1.4250579
1.4160898
1.4399621
1.3801744
1.3830614
1.3916686
1.4019402
1.4074998
1.3822663
1.3349097
1.4548696
1.426692
1.434313
1.382987
1.3767928
1.4606869
1.4031961
1.428809
1.3580159
1.4850137
1.4233425
1.369264
1.4575216
1.3969285
1.46736
1.3920926
1.4132096
1.4060267
1.3906354
1.4262066
1.4338155
1.3550667
1.3997188
1.427374
1.3634865
1.3850379
1.4011732
1.4176317
1.4478103
1.4283938
1.4919068
1.3926712
1.438091
1.3842686
1.4776195
1.3004085
1.4070841
1.4405512
1.4055215
1.368999
1.4085616
1.3392199
1.481576
1.4051199
1.3846385
1.4610919
1.3990215
1.3676358
1.3897341
1.3565577
1.4161338
1.4400698
1.4337465
1.3832736
1.3964894
1.4057316
1.4437816
1.3760276
1.38195
1.3978393
1.4266295
1.3864807
1.4465871
1.463017
1.3913003
1.3811008
1.4064221
1.4536648
1.4002064
1.3860838
1.3967712
1.4203185
1.4120654
1.3927454
1.4465353
1.4225714
1.426491
1.416831
1.4704065
1.3946702
1.4590197
1.3951129
1.3792185
1.4076134
1.3765393
1.3139869
1.3960624
1.4631829
1.3923502
1.3834227
1.4035759
1.3887149
1.4386157
1.3448855
1.3673118
1.440884
1.4715774
1.4081583
1.3867339
1.3822907
1.4014167
1.417913
1.341872
1.3661137
1.4897164
1.4484388
1.4719872
1.4101459
1.4786816
1.3910073
1.4349234
1.3705463
1.3609209
1.4007194
1.3826941
1.3831074
1.4032414
1.3564281
1.39718
1.3991349
1.4226071
1.4323282
1.412663
1.3946913
1.3766744
1.4421049
1.3970803
1.4791954
1.4523692
1.3825493
1.4191544
1.4115504
1.4117059
1.4091626
1.3771054
1.4315321
1.4263189
1.3869461
1.3845817
1.4119123
1.4055772
1.388649
1.4792567
1.4999418
1.4121491
1.4252898
1.4285167
1.4471419
1.4335773
1.3532082
1.453755
1.4411665
1.4637046
1.5049986
1.4095743
1.4135447
1.4108431
1.3999283
1.4035162
1.4358102
1.3717927
1.3967582
1.4808768
1.4237217
1.4021444
1.3831859
1.4608783
1.4008874
1.3811574
1.4312265
1.3972344
1.3927115
1.4056721
1.4833667
1.3618019
1.362782
1.3766576
1.422122
1.3994255
1.4351401
1.4100884
1.4175735
1.4202297
1.291551
1.3922813
1.4066848
1.3950162
1.4397869
1.4312719
1.4512926
1.3893865
1.3303376
1.4343781
1.4558302
1.4085788
1.4130368
1.387597
1.4121417
1.4153692
1.428476
1.4417777
1.4480661
1.4001318
1.3959868
1.4900545
1.479591
1.3795612
1.4130865
1.4411441
1.3793806
1.4790361
1.4483715
1.380651
1.4642631
1.3973807
1.4482872
1.4535298
1.3852308
1.4651476
1.3720905
1.3587698
1.4128776
1.4229453
1.4071467
1.416601
1.4102341
1.408582
1.4895453
1.4952228
1.4217027
1.3649988
1.4514483
1.3396058
1.3532718
1.4226526
1.3915119
1.4183801
1.3751979
1.4425673
1.441998
1.3803388
1.4872653
1.4458137
1.4112078
1.3846653
1.4698329
1.4712085
1.4511012
1.3780727
1.4081287
1.3586094
1.3150666
1.4014673
1.4077499
1.4061604
1.4534446
1.4449008
1.4003897
1.3833694
1.3962889

1.4568863
1.414804
1.3975748
1.409905
1.3659718
1.374113
1.4188265
1.4080684
1.3921765
1.4289635

1.4298224
1.402317
1.4433081
1.4146837
1.4189571
1.3839827
1.4041579
1.4238026
1.499401
1.4009353
1.4631826
1.4010434
1.4341657
1.3944288
1.4421021
1.4036406
1.4121009
1.4519033
1.4595699
1.4373789
1.4371376
1.355
1.4476789
1.4388757
1.4711974
1.3286039
1.4008458
1.410798
1.4042011
1.4273366
1.3799772
1.403662
1.3681773
1.3712617
1.3871635
1.4085674
1.3853446
1.4150504
1.3959147
1.4200301
1.4733787
1.452768
1.3983045
1.4103504
1.4337103
1.3296468
1.4285437
1.3735037
1.432069
1.4376985
1.4281162
1.4235905
1.478248
1.3611785
1.458196
1.391602
1.3943217
1.4192699
1.3872195
1.4158584
1.4174153
1.3918695
1.3820072
1.458584
1.4262822
1.3721498
1.4156718
1.4087272
1.3788654
1.3720638
1.4141641
1.3872688
1.366633
1.4425497
1.4938434
1.4489574
1.3997526
1.4248254
1.398326
1.4863136
1.407896
1.3932978
1.3693904
1.4189401
1.4729768
1.365979
1.4254496
1.4178104
1.3790928
1.3276452
1.4430823
1.4552901
1.4824517
1.4377799
1.4033985
1.4070083
1.3940089
1.4195876
1.448236
1.438472
1.3828696
1.437739
1.4346159
1.4005969
1.3763092
1.4533073
1.3598042
1.334054
1.3402141
1.4289455
1.4036388
1.409915
1.3398453
1.4184705
1.4678751
1.4451152
1.4063913
1.4320623
1.4265145
1.4510728
1.3748204
1.3770323
1.4776076
1.4429958
1.4613513
1.4217355
1.3855488
1.4197326
1.4547727
1.4268605
1.4817163
1.3370187
1.4357435
1.4370465
1.4180589
1.463476
1.4572109
1.4082892
1.4049097
1.444396
1.4144837
1.3899952
1.3889122
1.4162455
1.39083
1.3960443
1.3610545
1.3893024
1.4249091
1.3959768
1.401591
1.4948374
1.3776408
1.4109942
1.4125346
1.431008
1.4277624
1.399711
1.3560432
1.395445
1.4347262
1.3804461
1.44338
1.3724066
1.4330984
1.3866816
1.4260588
1.4599185
1.4294765
1.3927218
1.3955735
1.4138033
1.4240296
1.3718352
1.4473323
1.3929383
1.4013884
1.42628
1.3851022
1.4506147
1.3930146
1.389803
1.3952587
1.4311028
1.4249704
1.4130946
1.4152284
1.4172319
1.4024885
1.3789735
1.391682
1.4033092
1.4591835
1.4151975
1.4614176
1.4215006
1.4138298
1.4820848
1.4272776
1.3747566
1.4291363
1.3980129
1.3889499
1.428559
1.4047937
1.4582512
1.3877043
1.4568667
1.427134
1.3779726
1.4034052
1.3807725
1.396253
1.4144781
1.4596752
1.4188889
1.4016358
1.3899935
1.4367406
1.4248492
1.4713302
1.4336469
1.3945978
1.3869456
1.4413017
1.3935827
1.4374781
1.4167215
1.4232357
1.3635123
1.4357919
1.4042977
1.4130762
1.4076852
1.523321
1.3745517
1.4524127
1.3983713
1.3501581
1.3832682
1.4391364
1.4287909
1.3728722
1.4566008
1.4092162
1.4333072
1.3651837
1.4516404
1.5147775
1.452864
1.4606366
1.4397147
1.4450283
1.4372456
1.3111185
1.4121011
1.4332619
1.5067891
1.3364469
1.3682
1.4217632
1.4290597
1.4476112
1.3822583
1.4568802
1.4072931
1.3941206
1.4043044
1.4137039
1.4238733
1.4302537
1.3721688
1.3623601
1.3958372
1.3685468
1.4313986
1.3625411
1.4701912
1.429892
1.3867639
1.4206218
1.4311073
1.4680691
1.3918864
1.4102864
1.4770851
1.3471311
1.4350173
1.3690464
1.4047518
1.4772233
1.3706905
1.3832941
1.3791974
1.4415039
1.4461277
1.4467111
1.4988298
1.4246569
1.3781481
1.4794145
1.3689431
1.4198872
1.4536318
1.4322865
1.469116
1.3830858
1.3910539
1.4821419
1.3925543
1.4199164
1.3818495
1.4466937
1.4147861
1.3106464
1.3825432
1.385429
1.4755242
1.4748341
1.4362562
1.4256873
1.4285896
1.3914711
1.4156113
1.4228967
1.4327096
1.406856
1.3640833
1.4219695
1.3392978
1.3571591
1.3933923
1.3926549
1.3659054
1.4466909
1.4366279
1.3982536
1.395868
1.4224263
1.451837
1.4444578
1.4126605
1.4092448
1.3679826
1.3323611
1.4430217
1.3817549
1.3718827
1.4370446
1.3995141
1.4637914
1.4440928
1.3836178
1.3703731
1.4099686
1.4275386
1.4259865
1.5006795
1.437164
1.4409758
1.3961968
1.4280722
1.4383684
1.4076419
1.3640722
1.4434522
1.3737091
1.3981088
1.3977578
1.3947697
1.4752282
1.4197508
1.4323492
1.4529315
1.3960699
1.4261812
1.4892509
1.4375236
1.4424225
1.424616
1.3730168
1.4132218
1.4383522
1.3938507
1.4169235
1.431869
1.3859268
1.3998066
1.4486023
1.3970517
1.4083937
1.4083208
1.3381064
1.4528037
1.4445617
1.3853012
1.4346725
1.4723647
1.4839483
1.4179509
1.4112777
1.3769584
1.3492719
1.3962446
1.4591758
1.4166906
1.4123678
1.3781873
1.4127955
1.4295704
1.4594716
1.4336505
1.4187496
1.4423428
1.3780248
1.4203868
1.4445574
1.3833
1.4586774
1.4167544
1.4468943
1.3975629
1.3582854
1.4123831
1.4066309
1.4000044
1.4291457
1.4190636
1.4167482
1.4570286
1.4282215
1.4435089
1.3498925
1.4237357
1.4106891
1.3398888
1.3936183
1.3981419
1.351833
1.3317858
1.4261147
1.474997
1.4150815
1.4175007
1.4537834
1.356138
1.4384738
1.3728127
1.4136801
1.4425437
1.4561003
1.4418191
1.4267954
1.4125582
1.4317683
1.3466506
1.3971647
1.3677275
1.4495132
1.4127694
1.3637995
1.3773161
1.3642045
1.3770078
1.405133
1.4501545
1.3997355
1.3726792
1.4644692
1.4211648
1.4357283
1.4300423
1.4303229
1.4755608
1.5192573
1.3871071
1.3978041
1.4305686
1.3551375
1.4214118
1.4182882
1.3890518
1.3825625
1.3511834
1.431828
1.4180776
1.3933319
1.4230121
1.425026
1.3970404
1.4031928
1.3956674
1.3902025
1.3860754
1.4237407
1.413897
1.4144224
1.442411
1.4277234
1.4159461
1.3772414
1.4187443
1.3772255
1.4380963
1.4207071
1.4269378
1.3994153
1.4053038
1.4213103
1.3744597
1.4569439
1.4413824
1.3485588
1.3804586
1.3790773
1.3642242
1.4133465
1.4490463
1.3372269
1.3927175
1.4442687
1.4356534
1.4931903
1.4421237
1.4091939
1.383528
1.4524078
1.4234109
1.4763412
1.4026821
1.4538466
1.4184216
1.4292045
1.4098103
1.3926647
1.3895546
1.391208
1.4037076
1.4090636
1.3644564
1.4714959
1.4291189
1.4310526
1.3517641
1.4104482
1.4141444
1.4315346
1.4451994
1.467926
1.3809397
1.4202034
1.3969873
1.4140677
1.4200659
1.3823092
1.3782636
1.4065348
1.4323318
1.4358853
1.3756123
1.4017144
1.3804709
1.4312296
1.4469773
1.4540169
1.3952837
1.4162472
1.3894575
1.4187336
1.3984661
1.4106975
1.3607334
1.4071903
1.4368261
1.3805528
1.4211003
1.4537882
1.4692929
1.44668
1.4328882
1.3731985
1.3561958
1.3496798
1.3506913
1.4842072
1.4019748
1.4287058
1.4011008
1.3674229
1.4244463
1.4062904
1.3973273
1.4303058
1.438547
1.4591317
1.4258372
1.3970674
1.3975828
1.3932929
1.3470514
1.3865781
1.4615871
1.379119
1.4362109
1.4715555
1.450946
1.4202782
1.443104
1.4072222
1.3801898
1.3670495
1.408672
1.4306114
1.441941
1.4237585
1.3898597
1.50309
1.3648726
1.377212
1.4425846
1.4621139
1.4382851
1.3594414
1.3858246
1.4749491
1.3753276
1.431919
1.4060893
1.3867335
1.3725485
1.360504
1.4158303
1.3715284
1.4333274
1.4297277
1.3979535
1.4023808
1.3775927
1.391216
1.3811475
1.4197359
1.4274575
1.4252177
1.3472121
1.4716489
1.4112006
1.4519083
1.3809458
1.4392885
1.4006873
1.4159653
1.4734608
1.4533893
1.4335141
1.3991346
1.3937063
1.4543115
1.3729138
1.3750547
1.4455473
1.3817427
1.3654933
1.423574
1.4375193
1.410592
1.394528
1.4008121
1.3608176
1.394699
1.3259817
1.4086605
1.3909795
1.3938568
1.425621
1.4231039
1.3929985
1.437849
1.3770953
1.4220259
1.3882152
1.4043888
1.4317328
1.414511
1.3879964
1.3634502
1.3865285
1.4912019
1.418393
1.3841063
1.4066932
1.3716967
1.4499022
1.4005151
1.3870957
1.4251256
1.3546867
1.4026057
1.4540082
1.4087089
1.3738413
1.4381988
1.3382316
1.4383925
1.4815013
1.3680259
1.4096
1.432653
1.4472488
1.4329638
1.4003711
1.3902129
1.4440628
1.4036701
1.4271994
1.367119
1.3918873
1.3876923
1.3591586
1.495166
1.4277562
1.4239974
1.3866676
1.3887087
1.417267
1.4596634
1.3419094
1.3883493
1.3824921
1.4103752
1.3865311
1.4148324
1.416682
1.3847243
1.4445062
1.5060713
1.4563241
1.3620654
1.4544665
1.3607728
1.4416388
1.4149483
1.4029486
1.412248
1.4428535
1.3801895
1.4363095
1.38736
1.4372802
1.4201463
1.4577248
1.4865533
1.4555569
1.4043936
1.3784653
1.4250579
1.4160898
1.4399621
1.3801744
1.3830614
1.3916686
1.4019402
1.4074998
1.3822663
1.3349097
1.4548696
1.426692
1.434313
1.382987
1.3767928
1.4606869
1.4031961
1.428809
1.3580159
1.4850137
1.4233425
1.369264
1.4575216
1.3969285
1.46736
1.3920926
1.4132096
1.4060267
1.3906354
1.4262066
1.4338155
1.3550667
1.3997188
1.427374
1.3634865
1.3850379
1.4011732
1.4176317
1.4478103
1.4283938
1.4919068
1.3926712
1.438091
1.3842686
1.4776195
1.3004085
1.4070841
1.4405512
1.4055215
1.368999
1.4085616
1.3392199
1.481576
1.4051199
1.3846385
1.4610919
1.3990215
1.3676358
1.3897341
1.3565577
1.4161338
1.4400698
1.4337465
1.3832736
1.3964894
1.4057316
1.4437816
1.3760276
1.38195
1.3978393
1.4266295
1.3864807
1.4465871
1.463017
1.3913003
1.3811008
1.4064221
1.4536648
1.4002064
1.3860838
1.3967712
1.4203185
1.4120654
1.3927454
1.4465353
1.4225714
1.426491
1.416831
1.4704065
1.3946702
1.4590197
1.3951129
1.3792185
1.4076134
1.3765393
1.3139869
1.3960624
1.4631829
1.3923502
1.3834227
1.4035759
1.3887149
1.4386157
1.3448855
1.3673118
1.440884
1.4715774
1.4081583
1.3867339
1.3822907
1.4014167
1.417913
1.341872
1.3661137
1.4897164
1.4484388
1.4719872
1.4101459
1.4786816
1.3910073
1.4349234
1.3705463
1.3609209
1.4007194
1.3826941
1.3831074
1.4032414
1.3564281
1.39718
1.3991349
1.4226071
1.4323282
1.412663
1.3946913
1.3766744
1.4421049
1.3970803
1.4791954
1.4523692
1.3825493
1.4191544
1.4115504
1.4117059
1.4091626
1.3771054
1.4315321
1.4263189
1.3869461
1.3845817
1.4119123
1.4055772
1.388649
1.4792567
1.4999418
1.4121491
1.4252898
1.4285167
1.4471419
1.4335773
1.3532082
1.453755
1.4411665
1.4637046
1.5049986
1.4095743
1.4135447
1.4108431
1.3999283
1.4035162
1.4358102
1.3717927
1.3967582
1.4808768
1.4237217
1.4021444
1.3831859
1.4608783
1.4008874
1.3811574
1.4312265
1.3972344
1.3927115
1.4056721
1.4833667
1.3618019
1.362782
1.3766576
1.422122
1.3994255
1.4351401
1.4100884
1.4175735
1.4202297
1.291551
1.3922813
1.4066848
1.3950162
1.4397869
1.4312719
1.4512926
1.3893865
1.3303376
1.4343781
1.4558302
1.4085788
1.4130368
1.387597
1.4121417
1.4153692
1.428476
1.4417777
1.4480661
1.4001318
1.3959868
1.4900545
1.479591
1.3795612
1.4130865
1.4411441
1.3793806
1.4790361
1.4483715
1.380651
1.4642631
1.3973807
1.4482872
1.4535298
1.3852308
1.4651476
1.3720905
1.3587698
1.4128776
1.4229453
1.4071467
1.416601
1.4102341
1.408582
1.4895453
1.4952228
1.4217027
1.3649988
1.4514483
1.3396058
1.3532718
1.4226526
1.3915119
1.4183801
1.3751979
1.4425673
1.441998
1.3803388
1.4872653
1.4458137
1.4112078
1.3846653
1.4698329
1.4712085
1.4511012
1.3780727
1.4081287
1.3586094
1.3150666
1.4014673
1.4077499
1.4061604
1.4534446
1.4449008
1.4003897
1.3833694
1.3962889

1.4568863
1.414804
1.3975748
1.409905
1.3659718
1.374113
1.4188265
1.4080684
1.3921765
1.4289635

