1.46248
1.4213173
1.4511589
1.3650986
1.4782404
1.3845832
1.4214671
1.4670376
1.5222967
1.4147484
1.4514642
1.3943056
1.4774735
1.333646
1.4434835
1.4240453
1.4680148
1.4431788
1.4195083
1.4508966
1.4733422
1.4280863
1.5036789
1.4484499
1.5131161
1.3923829
1.402206
1.4103262
1.4156655
1.407955
1.4557744
1.4353544
1.3929502
1.3809037
1.3990916
1.4201611
1.4020356
1.4195281
1.3938532
1.5068274
1.4587449
1.4585148
1.5036516
1.4264982
1.4625565
1.3067145
1.5081313
1.363117
1.4219182
1.4478527
1.418982
1.4023829
1.5777779
1.370398
1.5092475
1.3826854
1.4675332
1.4299687
1.4651493
1.4232103
1.4330559
1.4045272
1.4722222
1.4678291
1.4527599
1.3740245
1.3807275
1.422282
1.3476332
1.3960708
1.4053973
1.3874344
1.3798671
1.4165689
1.5287619
1.3901821
1.4461014
1.4592605
1.378525
1.4863372
1.4266661
1.3936683
1.36903
1.4513774
1.4587377
1.3937297
1.5032665
1.4668739
1.442277
1.3352575
1.49236
1.3954929
1.4551524
1.4336818
1.4312872
1.428949
1.4655111
1.432313
1.4612937
1.4647042
1.3421066
1.4546902
1.3957233
1.4078503
1.3981287
1.492806
1.383667
1.3552637
1.4167542
1.4466983
1.4200943
1.426442
1.3698279
1.4326993
1.6998953
1.4074111
1.4163871
1.4237965
1.4574405
1.4805732
1.3906502
1.4112704
1.505632
1.4547038
1.4577056
1.3333471
1.4061404
1.3986168
1.6121064
1.4406261
1.4961767
1.3671513
1.4427196
1.458729
1.418397
1.5341808
1.5260211
1.3678267
1.4482193
1.4866815
1.4177411
1.5138639
1.4033542
1.4672177
1.4050027
1.4159123
1.4018726
1.459261
1.455178
1.4762485
1.4384323
1.5776345
1.3846904
1.409188
1.4699945
1.4502505
1.4285519
1.3982201
1.3725188
1.4230578
1.4515392
1.3864405
1.3906355
1.348724
1.3919407
1.3956902
1.4575502
1.4316344
1.4878334
1.3696487
1.4123126
1.4263896
1.4409738
1.3676435
1.5145198
1.3958898
1.4419502
1.4586684
1.3813276
1.4641719
1.3550841
1.4826341
1.3998152
1.5565811
1.4315864
1.3759423
1.3913156
1.3710783
1.4045235
1.4454029
1.422667
1.4216512
1.4843501
1.425305
1.433767
1.4655327
1.4390178
1.4585555
1.440987
1.4149487
1.4278476
1.4283682
1.4049821
1.4400741
1.5335703
1.504833
1.3920205
1.5490699
1.4924134
1.3806775
1.4019145
1.3596003
1.3490309
1.4274168
1.4558357
1.4456795
1.4212756
1.4245725
1.4777673
1.4542385
1.4412218
1.3787228
1.4295989
1.4096326
1.6068939
1.3932724
1.4062737
1.4402893
1.4466492
1.3897759
1.4751047
1.4132969
1.4330691
1.4712733
1.5206723
1.4482512
1.4978625
1.3488922
1.3586053
1.3595908
1.5029529
1.4413671
1.2752156
1.5076844
1.4042751
1.5024638
1.3595064
1.6361575
1.5391934
1.463119
1.4844264
1.4486592
1.4524537
1.4245404
1.3286552
1.4446417
1.5660583
1.5791541
1.3897722
1.3897233
1.5124742
1.3919015
1.3838168
1.4171017
1.4639026
1.4548934
1.39823
1.3819087
1.358611
1.4477261
1.4685284
1.4153686
1.5252802
1.4201926
1.429088
1.432419
1.3960937
1.4682436
1.4217747
1.4515198
1.5240049
1.4478774
1.5098443
1.4329374
1.3764547
1.477133
1.3387564
1.4442103
1.4043964
1.4436736
1.5214951
1.3929491
1.3722824
1.3855674
1.5571332
1.457195
1.5267224
1.4675202
1.4518728
1.3696133
1.4596202
1.4109933
1.4251181
1.4646742
1.3652114
1.5075511
1.383326
1.4159086
1.6636238
1.4497893
1.4165336
1.480096
1.446334
1.4120009
1.3063523
1.4084444
1.4044517
1.4789009
1.4789133
1.4173968
1.4178662
1.4411408
1.3956845
1.412417
1.5309262
1.446252
1.4207168
1.3856837
1.4195476
1.380292
1.3681802
1.4069529
1.4037969
1.3760914
1.4410565
1.4048746
1.4370204
1.4370972
1.4260073
1.4823622
1.4067098
1.4386156
1.4385014
1.3866823
1.3411229
1.4434836
1.3902762
1.3828714
1.4503549
1.5305707
1.458042
1.4780328
1.386382
1.4279003
1.3830185
1.4555181
1.438455
1.5332754
1.5906363
1.4208894
1.4303515
1.4312268
1.4410024
1.3849072
1.3558643
1.5031631
1.3874074
1.3113741
1.4469364
1.4180495
1.4974123
1.5894622
1.510405
1.4344455
1.4273688
1.4175339
1.5026731
1.4543151
1.4479276
1.4357805
1.3822534
1.4501488
1.4187799
1.3509024
1.4224869
1.4508016
1.4041673
1.4624947
1.4459499
1.3826813
1.3923776
1.369253
1.3516476
1.466176
1.454089
1.435405
1.4379556
1.4812192
1.5729635
1.4426752
1.4156262
1.4345797
1.3470572
1.3834472
1.5205988
1.3703047
1.4596726
1.3745475
1.4885514
1.4291126
1.3777472
1.4627666
1.4121424
1.5061563
1.3976116
1.4342554
1.4434431
1.3947642
1.5006293
1.3960322
1.4787647
1.4762608
1.3967135
1.4625584
1.4347695
1.3943595
1.4499036
1.4378752
1.3958501
1.4568486
1.4417666
1.3976436
1.3683062
1.5167162
1.4222411
1.341863
1.4110335
1.4501544
1.4516044
1.3128059
1.439825
1.4147285
1.3729124
1.4143949
1.4844415
1.3470377
1.4380591
1.3619285
1.3905846
1.423813
1.5410246
1.4451665
1.4392303
1.3991302
1.4579642
1.353873
1.3954866
1.3433782
1.448241
1.5059758
1.4008069
1.5152031
1.3411685
1.389872
1.4137925
1.4498973
1.3764898
1.3920225
1.4849942
1.4771202
1.5113248
1.4695654
1.4595153
1.4711795
1.4970131
1.4851526
1.3835347
1.3782868
1.3847024
1.4127802
1.4342908
1.3764423
1.4247607
1.3834629
1.4335644
1.4651004
1.4268948
1.4562287
1.5379528
1.5148963
1.389715
1.4132307
1.4035295
1.4162128
1.4390073
1.4142085
1.3840803
1.457319
1.5098993
1.546734
1.3923098
1.4589356
1.4956326
1.4324987
1.4067878
1.4338696
1.4148767
1.469634
1.5970469
1.407759
1.4554362
1.4979898
1.3642384
1.4790659
1.4114789
1.3016474
1.38052
1.4723877
1.3670055
1.421157
1.4593229
1.4060994
1.5178277
1.4388908
1.4084655
1.4139314
1.5045478
1.4614519
1.5519109
1.4010912
1.4668555
1.4658605
1.438865
1.4292153
1.4300712
1.3870003
1.3824306
1.4246125
1.4021394
1.3432949
1.4794276
1.4160779
1.4811316
1.3882946
1.4401948
1.3977839
1.4379951
1.478827
1.4819556
1.408538
1.4321696
1.3806231
1.4307442
1.5185028
1.4223241
1.3640776
1.4159853
1.4561886
1.5319953
1.3814259
1.42265
1.4067621
1.440801
1.4584817
1.4936231
1.3671342
1.4441184
1.4019462
1.4472798
1.4626951
1.4365755
1.3717829
1.443887
1.458743
1.4017851
1.415877
1.4514709
1.4995035
1.4668523
1.4108163
1.3512821
1.3275528
1.387291
1.3515084
1.4465996
1.3871179
1.4782041
1.4054327
1.3907372
1.4304068
1.4132022
1.4148449
1.4815915
1.4662358
1.4751687
1.4325157
1.4093211
1.5115435
1.419892
1.4110746
1.3844774
1.3731563
1.3946449
1.4685907
1.4627217
1.469724
1.4233952
1.4782466
1.4062601
1.3942869
1.4228638
1.4401515
1.4525225
1.4280983
1.4562335
1.4024898
1.5318979
1.3828719
1.3941184
1.4459057
1.4680254
1.4614303
1.3107338
1.3875076
1.5765153
1.3862349
1.4592391
1.3906257
1.3897077
1.3930233
1.3712295
1.4105114
1.3579028
1.4519216
1.4025478
1.4003403
1.4581513
1.3880726
1.4146572
1.4156888
1.4196857
1.4300507
1.4395844
1.341617
1.5047328
1.5932077
1.4927318
1.3714452
1.4569867
1.4585948
1.4690568
1.4338844
1.5166991
1.467703
1.388344
1.3971932
1.4664091
1.4037905
1.4413822
1.4529473
1.4261377
1.476462
1.4568176
1.4188626
1.4302143
1.5538902
1.419296
1.4139621
1.3684194
1.4225919
1.4459081
1.4023385
1.4019231
1.3975422
1.4461843
1.4328481
1.4328436
1.4756638
1.4327464
1.3887023
1.3721313
1.4801084
1.4823527
1.3910799
1.3617005
1.4323112
1.4993309
1.4745492
1.4121623
1.4400527
1.4082631
1.5495836
1.4127128
1.4456887
1.4512129
1.4337529
1.3772056
1.4857279
1.4033972
1.3763069
1.441747
1.4205248
1.484031
1.5291822
1.4158072
1.3491793
1.4561542
1.4399192
1.4666475
1.4131395
1.403009
1.4524738
1.4057791
1.4295788
1.3968246
1.3719506
1.4358317
1.3842499
1.5619819
1.5242424
1.4185398
1.3736361
1.4019179
1.4420607
1.4947932
1.3637071
1.3744781
1.3923403
1.3723133
1.3916506
1.4068106
1.4419882
1.418339
1.4427389
1.5938082
1.4272547
1.3742852
1.6189022
1.3858207
1.451596
1.4523252
1.4585963
1.3876662
1.495925
1.3807113
1.4935336
1.3992879
1.4509733
1.4637431
1.4710568
1.5148158
1.4947975
1.399452
1.4543246
1.4493011
1.4230605
1.4732946
1.3888121
1.3918855
1.4657373
1.4040197
1.450177
1.3657066
1.4194613
1.520711
1.5077523
1.4136013
1.3878276
1.3766769
1.4911344
1.4541698
1.4351215
1.37102
1.579454
1.4916439
1.4655086
1.4424295
1.4198271
1.4625111
1.4147892
1.4256264
1.4800566
1.3925704
1.4027189
1.4259683
1.4091686
1.404123
1.4582554
1.3390113
1.3559712
1.477182
1.4204134
1.531975
1.4257488
1.4697697
1.4776688
1.501008
1.3948398
1.5122346
1.3186808
1.3998677
1.4283723
1.4014388
1.3737018
1.4172877
1.3474646
1.5481228
1.4593344
1.4098912
1.4684188
1.4336001
1.3950891
1.4084767
1.317543
1.4812603
1.4295198
1.4514765
1.3878217
1.3899455
1.4076478
1.430313
1.3841845
1.3554602
1.4091759
1.4536179
1.3771287
1.4142387
1.4946036
1.3949264
1.4739312
1.4105443
1.4980718
1.5166584
1.3750466
1.397632
1.4053569
1.427969
1.3997661
1.4389064
1.4145566
1.4273176
1.3798207
1.4972186
1.4269992
1.4508164
1.3955361
1.355488
1.4037861
1.4405925
1.3126122
1.4083352
1.5087025
1.4173808
1.3904343
1.4182608
1.383736
1.430375
1.3883488
1.3951908
1.5003021
1.5725993
1.3696443
1.4062788
1.423351
1.4288759
1.5252055
1.3181313
1.4429804
1.49668
1.4401772
1.4966011
1.4002455
1.4516046
1.3269032
1.4988062
1.4537103
1.3753879
1.403089
1.37564
1.36353
1.3965054
1.3706257
1.3999884
1.4108909
1.4275692
1.4405456
1.4420382
1.4606812
1.3953103
1.4497695
1.479105
1.4859961
1.4589272
1.3719413
1.4520252
1.4254113
1.4849124
1.4537218
1.4529605
1.4204885
1.4308417
1.4839956
1.4072809
1.4272915
1.4150653
1.4388332
1.5599691
1.5319713
1.4544348
1.4395908
1.4501959
1.4672283
1.4342921
1.3688813
1.4813498
1.4745313
1.4645909
1.5617296
1.4796796
1.407051
1.4205177
1.3781086
1.393003
1.4199386
1.3909981
1.4075155
1.528124
1.4343258
1.4102516
1.4021978
1.4842762
1.3962461
1.4155817
1.4428141
1.3970201
1.4260353
1.4480664
1.4830946
1.4105235
1.3914549
1.3744833
1.4591765
1.412809
1.4566479
1.4071496
1.4446878
1.3828965
1.2703887
1.4082656
1.3898726
1.4671184
1.5390099
1.5109034
1.5033414
1.3593235
1.3244985
1.469123
1.5096695
1.6100054
1.4290909
1.4045593
1.4369153
1.441726
1.4562582
1.4294066
1.464243
1.3878114
1.4271951
1.5567905
1.464265
1.4047828
1.4061817
1.4645079
1.4457409
1.5330296
1.448997
1.380689
1.4875177
1.4228718
1.4870973
1.4936925
1.3879735
1.3639548
1.3917505
1.3973206
1.3986163
1.4745282
1.5341499
1.4631379
1.4195143
1.3704548
1.5029451
1.5207598
1.4639288
1.3890727
1.4685041
1.4014592
1.3519714
1.4376501
1.3802642
1.4490541
1.3987409
1.4704516
1.4493489
1.400241
1.4976789
1.4416107
1.3822795
1.4341271
1.4828452
1.4718671
1.4746593
1.4407717
1.3707043
1.3950703
1.3483044
1.4724503
1.4245822
1.4082364
1.5109868
1.4754223
1.4186063
1.4100227
1.4922909

3.2485669
3.218652
3.6943092
3.8848915
3.8275874
3.8693626
3.3810103
3.6903644
3.7603123
3.8543768

