1.2327296
1.4778585
1.4167662
1.3430259
1.3254503
2.0377975
1.2375729
1.3748085
1.6148107
1.3578999
1.1675853
1.7520596
1.5768318
1.9004959
1.3627491
1.3922566
1.5378528
1.2434081
1.5158418
1.6047643
1.4856067
1.20024
1.5516592
1.881553
1.2867725
1.3246272
1.4783733
1.4703104
1.438184
1.4331827
1.3236195
1.7303969
1.546976
1.5976702
1.4665577
1.1074061
1.1568998
1.5884346
1.5304306
1.3801268
1.3495325
1.4568541
1.7847512
1.2098218
1.9757497
1.5385416
1.3794049
1.2672535
1.3707175
1.4167389
1.6825156
1.4226383
1.4998823
1.4724752
1.16739
1.3717752
1.5853353
1.6259328
2.0066566
1.3181669
1.4988862
1.7224617
1.7640258
1.6972235

1.9452925
1.6307412
1.5648354
1.4898202
1.4901025
1.5369622
1.7758766
1.5806781
1.6130462
1.9280825
1.5610409
1.5430045
1.4887098
1.5488156
1.5649695
1.6624808
1.7899317
1.6232369
1.6222646
1.696593
1.5502172
1.4771987
1.4143934
1.4172766
1.537834
1.6104372
1.5345652
1.9408685
1.576995
1.7977024
1.8953481
2.0416481
1.4563912
1.6106416
1.863388
1.4091545
1.5954283
1.6378793
1.6174612
1.9338399
1.5657479
1.5476913
1.6850488
2.013119
1.6107202
1.9111452
1.889741
1.5933793
1.7252146
1.7262661
1.6907084
1.4915568
1.7253906
1.6530683
1.6213461
1.4260027
1.4849427
1.4411353
1.4678094
1.8391656
1.6448241
1.527804
1.6199379
1.5632336

1.3918278
1.6482711
1.5225841
1.4444753
1.3688413
1.5210772
1.4748032
1.5874608
1.3632238
1.6786177
1.7087743
1.3874491
1.6450353
1.4923347
1.5916046
1.5647916
1.633306
1.5495027
1.4485409
1.5166426
1.6039946
1.5514681
1.5226365
1.6477841
1.6034439
1.663154
1.3792688
1.5623618
1.4429032
1.4503633
1.436193
1.5243254
1.5231397
1.6134211
1.479207
1.475701
1.6354008
1.5011772
1.6246192
1.6240304
1.5791231
1.5707457
1.5653985
1.4841813
1.5807558
1.6651607
1.4400294
1.5034097
1.50064
1.5734217
1.4810245
1.6133672
1.641287
1.5710881
1.580407
1.5488285
1.5335617
1.4371166
1.5510504
1.6153328
1.5726953
1.6148401
1.4127761
1.6938645
1.4676737
1.5802552
1.49038
1.5303102
1.496669
1.4439512
1.4792826
1.522803
1.54192
1.3777165
1.5688623
1.5772007
1.6036026
1.4890374
1.5117041
1.5914863
1.5756587
1.6306394
1.5976918
1.6029744
1.5361872
1.5961299
1.5154426
1.4861077
1.6115705
1.4852881
1.4749774
1.6066
1.5950916
1.4972057
1.5674168
1.5224677
1.4476106
1.5824174
1.3737916
1.548076
1.4584616
1.538743
1.6917125
1.5032237
1.5517093
1.5803299
1.6456904
1.3885128
1.7117202
1.5485562
1.5439143
1.6448182
1.580268
1.629396
1.5043781
1.5522975
1.6006157
1.4621363
1.5273652
1.628194
1.5138102
1.7112458
1.538011
1.5920467
1.5746274
1.4466876
1.5341512
1.6029525

1.4671282
1.6758691
1.6359968
1.5782976
1.448587
1.5797338
1.4971796
1.3934703
1.5842874
1.4788244
1.7178502
1.5858439
1.590497
1.6891137
1.5870092
1.6051068
1.6329138
1.570317
1.4988968
1.4201295
1.4979634
1.5576295
1.6354098
1.5840002
1.6019385
1.4581906
1.6673118
1.507582
1.532685
1.6102552
1.5714109
1.4977822
1.6070919
1.6873101
1.6584302
1.55321
1.6117518
1.6268622
1.5762762
1.5850979
1.5566086
1.7502816
1.5342361
1.6243305
1.6787931
1.7232959
1.636651
1.4266481
1.4365371
1.5735817
1.6451063
1.3991263
1.4485172
1.6070418
1.638382
1.6426289
1.6701064
1.5962625
1.5348885
1.5949281
1.469074
1.5933872
1.624656
1.5061396
1.5995964
1.4704384
1.6122391
1.6238517
1.5368305
1.5135431
1.4504119
1.622517
1.5653393
1.6622219
1.6037391
1.5972041
1.4388369
1.5535799
1.5660015
1.7066977
1.7068415
1.6476531
1.5919393
1.6585867
1.5730498
1.6352955
1.6299794
1.6065664
1.6276842
1.5863909
1.5961922
1.6562989
1.5929292
1.5834088
1.5171242
1.6051015
1.5054389
1.4164665
1.4511368
1.5732998
1.6363038
1.6176957
1.6099404
1.6244581
1.661688
1.4226879
1.5084778
1.4992867
1.4850701
1.5741806
1.5465724
1.6010972
1.5696665
1.6448429
1.5397289
1.5668988
1.6738346
1.5404779
1.6498775
1.6973752
1.5163431
1.5938714
1.7009754
1.5605172
1.6423293
1.6448405
1.7163929
1.5037502

1.5264835
1.5937976
1.5806347
1.5472262
1.5842444
1.5210711
1.5728252
1.4814426
1.4729885
1.562324
1.5091398
1.4959563
1.5690308
1.3966782
1.5607641
1.4586612
1.5398294
1.6075985
1.4818693
1.5800352
1.5243914
1.5385926
1.6018586
1.489451
1.6219316
1.5179806
1.5565656
1.4729278
1.3474967
1.5898974
1.5394107
1.4276913
1.489844
1.5636926
1.6611277
1.6115488
1.5267962
1.5820034
1.6017231
1.5846382
1.5446523
1.5424333
1.560265
1.4495239
1.5448663
1.5434438
1.5923299
1.5846837
1.5468909
1.5908962
1.4880267
1.5725101
1.4730271
1.5367414
1.4316049
1.5396192
1.4185791
1.5080253
1.4624283
1.5104959
1.584977
1.5172637
1.5160083
1.4088337
1.504896
1.473735
1.5514096
1.5894128
1.5157009
1.4362625
1.4533786
1.5392398
1.3943667
1.572099
1.442913
1.5982394
1.4670081
1.5855737
1.5898652
1.505831
1.6687057
1.5569046
1.6210569
1.4047654
1.5642796
1.5579547
1.5188481
1.4747992
1.6167427
1.460825
1.5792181
1.4480965
1.5366966
1.4793459
1.5164077
1.5458767
1.4971033
1.5640923
1.4382445
1.5013306
1.6599772
1.6118828
1.4077487
1.4175471
1.6296495
1.5576113
1.3957679
1.5022858
1.5000653
1.4549879
1.5364811
1.4930481
1.4364175
1.4802692
1.6013666
1.572224
1.523979
1.3782597
1.5467392
1.577166
1.5982744
1.4392356
1.574862
1.5944743
1.510684
1.5947564
1.4132322
1.516563
1.6517193
1.5597789
1.6021243
1.6113793
1.5317377
1.4673605
1.5109023
1.5559925
1.4714755
1.6310426
1.5697054
1.5495415
1.5619775
1.4558797
1.5482858
1.4330628
1.5080693
1.5523194
1.5278131
1.4721811
1.4978273
1.5750239
1.3931022
1.5367433
1.6013658
1.4826646
1.4518934
1.5485895
1.5070928
1.543346
1.4186971
1.5994822
1.5225492
1.6838703
1.5447028
1.6387135
1.49825
1.4064991
1.4757283
1.5955732
1.5621302
1.592901
1.4383514
1.629882
1.5481758
1.4271402
1.5450099
1.5659107
1.5203619
1.6824247
1.5635177
1.4543681
1.4474313
1.4561013
1.5873128
1.5295303
1.4547317
1.5381364
1.5371606
1.6115803
1.4177574
1.5666088
1.5851033
1.4779768
1.4901822
1.4383565
1.5914633
1.6146575
1.412136
1.6410391
1.5765675
1.5976684
1.6685011
1.6488469
1.6086867
1.5549846
1.5114871
1.4135302
1.5990717
1.398772
1.4445543
1.5373832
1.5153722
1.614702
1.4466997
1.5957938
1.6098219
1.5036529
1.4332925
1.398928
1.5430331
1.4791483
1.5051906
1.5418497
1.602318
1.479628
1.4383547
1.4921191
1.5773332
1.604476
1.5553545
1.534391
1.5229626
1.5780532
1.631553
1.6099548
1.6145693
1.5675454
1.5236493
1.475496
1.5608854
1.5910969
1.5589699
1.6061825
1.6833929
1.5539198
1.6543471
1.5770032
1.4468662
1.5780567
1.4674524
1.591728
1.602829
1.5702076
1.5580596
1.4728037
1.5740567
1.5337648

1.6834774
1.6573198
1.470687
1.5498605
1.6345075
1.6771355
1.5888317
1.5890317
1.6184465
1.6591375
1.7269
1.6899517
1.4502231
1.4971148
1.6151571
1.668238
1.576965
1.6290189
1.5842956
1.63246
1.5274309
1.673596
1.6277491
1.704251
1.5551726
1.6049541
1.7447025
1.6097448
1.435337
1.6618696
1.5525154
1.4779515
1.6069292
1.5652962
1.623443
1.6206204
1.4745532
1.6187528
1.6389486
1.5784733
1.5797029
1.6015182
1.6447074
1.6368301
1.5001793
1.5307729
1.6450474
1.6039201
1.4976573
1.6027951
1.6501749
1.5940961
1.6028754
1.5908908
1.5271779
1.4693662
1.6179017
1.6095771
1.5897086
1.6362202
1.6303554
1.6207409
1.643765
1.579236
1.5047591
1.4519181
1.4588825
1.5037801
1.6263975
1.6859889
1.679134
1.6587
1.5789905
1.5471121
1.5929731
1.5045024
1.4652408
1.5898163
1.5660725
1.5050477
1.6131554
1.5439824
1.5055996
1.6125791
1.5397147
1.6327125
1.4572219
1.6678
1.7204275
1.6739861
1.6477057
1.5113447
1.6284403
1.4747528
1.5666733
1.6074253
1.5898749
1.677164
1.4488591
1.625881
1.5979754
1.5295659
1.5121884
1.5983378
1.5193481
1.5996804
1.6220399
1.6573595
1.5906111
1.6623161
1.4587699
1.5749563
1.6223048
1.6374719
1.5874233
1.5966368
1.3695518
1.4383568
1.588757
1.4725324
1.6286322
1.6910763
1.5324552
1.4036095
1.6974901
1.6316521
1.4129248
1.596216
1.5922198
1.5213199
1.5369216
1.5686929
1.6820425
1.5751706
1.5469924
1.6304799
1.489216
1.6452923
1.6558189
1.5469086
1.5813538
1.570703
1.4874021
1.5874507
1.6704588
1.4652015
1.6215684
1.6954175
1.7390944
1.6177565
1.6078742
1.4931555
1.6154665
1.5363249
1.5792415
1.4966927
1.6708658
1.6359284
1.4382197
1.6302841
1.6147687
1.4511222
1.5580505
1.6820744
1.6222459
1.4892613
1.5143646
1.6624516
1.5782292
1.4853445
1.616032
1.4413674
1.5210018
1.519886
1.6631161
1.6121536
1.4734634
1.4821646
1.6367332
1.6465845
1.6108845
1.6793205
1.648239
1.6094203
1.61522
1.638799
1.4488382
1.4388963
1.6616168
1.6121885
1.4003656
1.6026671
1.5035965
1.5816239
1.533313
1.6331
1.6199409
1.570391
1.628138
1.4541491
1.499378
1.6815242
1.6493535
1.6345979
1.6356325
1.6656055
1.5138125
1.6929116
1.4567645
1.6187454
1.5820453
1.4775509
1.6732379
1.5066129
1.6326647
1.5569633
1.6915275
1.4712217
1.4276317
1.6502362
1.7289139
1.6130899
1.5707713
1.4308668
1.6501927
1.6646657
1.5861572
1.464706
1.5708349
1.6439869
1.5965278
1.5827038
1.6476846
1.4769943
1.495511
1.6235634
1.6170844
1.4300739
1.6821748
1.4473143
1.474201
1.6120528
1.6634848
1.629056
1.5215085
1.5895218
1.6446136
1.4851727
1.6432918
1.5917897
1.6083044
1.5594914
1.5974905
1.6336043
1.5855857
1.5961595

1.6842347
1.6971338
1.7472453
1.5885859
1.6744188
1.6041077
1.5864967
1.673681
1.6569695
1.6735394
1.5557625
1.6757795
1.6889248
1.7523128
1.7158512
1.7062901
1.4191475
1.5263937
1.6590154
1.526324
1.5603993
1.6055214
1.5792778
1.6284362
1.7572408
1.7387886
1.695635
1.7173157
1.6443036
1.5898794
1.662828
1.5272676
1.629505
1.4799207
1.6052387
1.6396657
1.753699
1.58887
1.7354723
1.6605033
1.5192369
1.6269842
1.5643798
1.7022939
1.7160983
1.5098763
1.5899208
1.5576012
1.6064659
1.6830182
1.6224674
1.7361815
1.5154717
1.6678535
1.6651759
1.5825708
1.657787
1.6280389
1.7878776
1.644325
1.5051298
1.6095701
1.7029018
1.5474522
1.7099894
1.5819303
1.5695038
1.6833087
1.4804318
1.6989189
1.6131493
1.5777198
1.642938
1.5102614
1.6510769
1.6504116
1.6478752
1.6678745
1.4815013
1.6445336
1.6642818
1.521204
1.471928
1.6924305
1.4903742
1.6471677
1.6201766
1.6492862
1.4910811
1.7176251
1.6617298
1.717367
1.5486325
1.6894919
1.6175752
1.7005419
1.6841135
1.6066751
1.7712667
1.7431225
1.441049
1.528183
1.5805976
1.6181568
1.6703354
1.6680318
1.5718111
1.8652366
1.6169945
1.7454994
1.7236806
1.635518
1.4104974
1.6986727
1.5307189
1.626932
1.6151227
1.7500218
1.6431088
1.6518613
1.6005042
1.7413021
1.4793247
1.6773038
1.6712233
1.6121395
1.7442957
1.3891215
1.528808
1.4373811
1.7832576
1.4682878
1.5735077
1.7038167
1.6198461
1.5175499
1.6257732
1.671966
1.7800236
1.5956842
1.4990467
1.4916646
1.6365378
1.7786671
1.6729017
1.6123222
1.7294786
1.6082034
1.4664972
1.6651628
1.6320107
1.653054
1.5339553
1.5712788
1.7433732
1.5497084
1.5345227
1.5508232
1.7144903
1.6221746
1.5404806
1.5786607
1.548937
1.6263342
1.5794228
1.6287901
1.7450309
1.7035062
1.688901
1.7476032
1.7140149
1.60102
1.5442684
1.4563382
1.5848087
1.6254193
1.7570535
1.4700003
1.6282603
1.4692093
1.5824182
1.4828006
1.6092796
1.6411272
1.6231282
1.57296
1.5791792
1.7287385
1.6629745
1.7189215
1.6751128
1.4786785
1.3933018
1.6484118
1.4438696
1.7097907
1.5966529
1.5765556
1.6144403
1.6613877
1.6603773
1.6032357
1.4985307
1.7102
1.4619834
1.5986545
1.6863179
1.6265897
1.7248127
1.4521946
1.7037889
1.5087659
1.6239775
1.6488214
1.6360563
1.6107395
1.6518449
1.7556067
1.6878247
1.6559461
1.4222997
1.7097048
1.7180263
1.6623315
1.6477484
1.5865082
1.5691385
1.717386
1.5897721
1.7211319
1.4257964
1.4360892
1.7064931
1.7123666
1.4979404
1.6912783
1.4877495
1.697852
1.7478056
1.7062749
1.598316
1.5561509
1.7017677
1.5777725
1.535672
1.7357779
1.6640751
1.8183501
1.6179825
1.6369172
1.5526288
1.6966758
1.4685563
1.6165878
1.6870536
1.6030433

1.5600861
1.5957705
1.5895649
1.5336205
1.5682789
1.636741
1.5683322
1.5598438
1.5800458
1.5497042
1.4598696
1.6180457
1.4777396
1.6307895
1.5696999
1.6282641
1.4583191
1.5912114
1.5325984
1.6488433
1.4962928
1.5479671
1.512389
1.4762172
1.5536667
1.5843875
1.491154
1.5488251
1.497126
1.4444063
1.5663373
1.5742848
1.424291
1.5390458
1.5206865
1.4723835
1.5481966
1.5701436
1.5049639
1.5464787
1.5620911
1.4990604
1.6129868
1.6113687
1.4296263
1.6204284
1.5603981
1.6038554
1.5935867
1.6196675
1.5313237
1.5940341
1.5145829
1.6438936
1.4746028
1.5202804
1.6053728
1.4957879
1.6439006
1.547533
1.5023981
1.5372404
1.4620048
1.412594
1.6426753
1.5509315
1.573184
1.4630748
1.5799278
1.5260736
1.5324944
1.4593097
1.547626
1.4971763
1.5279663
1.6132029
1.5349587
1.6310552
1.5369949
1.5753294
1.5673462
1.4558198
1.5297291
1.5607727
1.4521194
1.4605974
1.4890537
1.5591724
1.5172902
1.436814
1.6201717
1.581592
1.527377
1.5616556
1.643733
1.5602522
1.5962439
1.4454002
1.527172
1.5250423
1.4455073
1.5627047
1.5195253
1.604421
1.5625345
1.4744546
1.5991787
1.621054
1.5325258
1.4905422
1.553133
1.5686826
1.5211793
1.5200762
1.523207
1.5056223
1.4865198
1.4608947
1.595114
1.5266114
1.5312605
1.6685675
1.5491476
1.5286787
1.6023765
1.4239998
1.4974077
1.6051915
1.4927597
1.5940394
1.5577421
1.5747465
1.4791996
1.5513853
1.5378889
1.5690826
1.6053098
1.5977558
1.4797919
1.4506178
1.4942746
1.6151736
1.5853442
1.545267
1.60551
1.5904093
1.5871725
1.5957807
1.4722463
1.4572898
1.556045
1.5050077
1.4900925
1.6007602
1.513777
1.4170203
1.4783416
1.6271557
1.4432988
1.5512099
1.49113
1.5718105
1.6097704
1.4503748
1.5827341
1.5056036
1.521762
1.4699115
1.566604
1.5374435
1.5855234
1.606584
1.6387827
1.562204
1.4306428
1.5770192
1.5204157
1.5202013
1.4601421
1.5207132
1.5986152
1.4926358
1.4564186
1.4816378
1.5803859
1.5502836
1.5143467
1.6172643
1.533115
1.6118109
1.6154972
1.5448668
1.642088
1.4514258
1.565452
1.5392208
1.5532105
1.5801061
1.4857789
1.4576478
1.6001366
1.4331703
1.6134945
1.4647983
1.548457
1.6015838
1.455566
1.5261217
1.5929779
1.5597156
1.5368114
1.5654067
1.5441234
1.5841293
1.6023233
1.5057616
1.5508493
1.531996
1.5037255
1.4823369
1.560326
1.5353305
1.6075941
1.539964
1.484955
1.5088432
1.5726615
1.5496145
1.5540241
1.5348325
1.5310243
1.518371
1.6092702
1.582288
1.5429361
1.5675578
1.501339
1.5384344
1.5593731
1.4285617
1.4594369
1.5304648
1.5269376
1.587615
1.5966351
1.6034312
1.4700387
1.6422945
1.4917051
1.5650117
1.5653838
1.6243823
1.526879
1.5111102
1.5431461
1.5471104
1.52995
1.5560348
1.5651557
1.5408645
1.5300945
1.5709203
1.6189177
1.5393037
1.5964179
1.555665
1.5769144
1.5134501
1.5055172
1.4389656
1.4932126
1.5228055
1.5354825
1.5795784
1.6065761
1.5483539
1.6022922
1.5518495
1.5297083
1.5218518
1.4570235
1.5836273
1.6093298
1.5921382
1.614044
1.4866862
1.5797155
1.5420713
1.5314949
1.4809506
1.5841265
1.5196381
1.5564543
1.5526532
1.5581026
1.4936817
1.5175604
1.3857753
1.5047545
1.5815238
1.5623447
1.5323812
1.5532645
1.4548839
1.4379277
1.5620131
1.5487325
1.5850722
1.4748422
1.5737568
1.4909678
1.5446001
1.4607433
1.6024834
1.5970298
1.5140747
1.5313885
1.5242258
1.5686241
1.650162
1.5571859
1.5892957
1.6359317
1.467756
1.5327475
1.5198593
1.5073552
1.3982419
1.4302609
1.5828711
1.5505608
1.5771214
1.4330461
1.4794987
1.534471
1.5640079
1.5946218
1.4229447
1.5793586
1.4692774
1.5678923
1.5987856
1.5075781
1.5538341
1.5998744
1.554911
1.5968363
1.6261742
1.5762155
1.590586
1.5072006
1.5897664
1.5696641
1.5679222
1.576174
1.593702
1.5397056
1.6064163
1.5488958
1.4405284
1.5462056
1.5358251
1.499495
1.593767
1.6017091
1.502777
1.6238616
1.5668452
1.5043025
1.5970536
1.4239733
1.4586359
1.4715713
1.4497765
1.4938349
1.5171368
1.4956585
1.4934394
1.5788769
1.5235755
1.4994725
1.4864277
1.4712783
1.5394378
1.5420583
1.5452433
1.5652193
1.5412334
1.582686
1.452324
1.4966019
1.528681
1.5561955
1.6081417
1.5803714
1.5170188
1.470871
1.5032195
1.6182885
1.5970073
1.5242308
1.6547705
1.4653354
1.4258083
1.5319955
1.4246631
1.5919191
1.4591986
1.5685834
1.5087416
1.5129571
1.5550108
1.5772388
1.4679527
1.6046276
1.467983
1.5996592
1.4606454
1.5799471
1.603523
1.4844613
1.5827607
1.531941
1.5790666
1.498356
1.5133556
1.5660603
1.4739729
1.5705038
1.5996399
1.5822903
1.5746845
1.6255839
1.530057
1.4930454
1.5613456
1.4494786
1.5698206
1.6101134
1.5869454
1.4246669
1.5549985
1.6738503
1.5429704
1.6213661
1.6228077
1.5301089
1.56742
1.5738261
1.4310609
1.5149096
1.5837848
1.5472375
1.5763335
1.5864469
1.5307285
1.6070924
1.5621592
1.5604463
1.5357803
1.555115
1.6363468
1.5552505
1.5271082
1.5949724
1.6403626
1.4221016
1.5920027
1.6205617
1.5025045
1.6086715
1.4978017
1.4250104
1.6264907
1.4871929
1.603965
1.5576601
1.5202686
1.526643
1.4537376
1.4965953
1.4400709
1.5694479
1.5196625
1.4620309
1.4259033
1.6169063
1.6206084
1.5809128
1.4971232
1.5041015
1.5477917
1.6050745
1.574047
1.4689187
1.4641058
1.5610157
1.4742725
1.5446054
1.5526993
1.4768174
1.4341472
1.5503117
1.5895846
1.6021987
1.5288211
1.420416
1.593095
1.4651313
1.5180718
1.5098044
1.5600362

1.4672612
1.5915107
1.4803975
1.6376005
1.6434484
1.4754835
1.5166876
1.5772191
1.6186943
1.6282122
1.5967653
1.612751
1.4365208
1.4573796
1.5138326
1.4771519
1.4088234
1.5998133
1.5634929
1.5957465
1.4381167
1.5688007
1.4909365
1.5755776
1.6150892
1.6214229
1.5908717
1.5549831
1.4906566
1.5783516
1.6662867
1.6772836
1.5448352
1.550595
1.4415439
1.5798151
1.6006818
1.6594683
1.6315327
1.5765756
1.5485038
1.4884521
1.4728574
1.5049864
1.5806987
1.5137445
1.5622218
1.4691173
1.5244204
1.7043085
1.6159323
1.4747964
1.6259971
1.5830172
1.6441675
1.5052533
1.4581761
1.576538
1.5492144
1.493603
1.5990692
1.593236
1.6230458
1.4548112
1.6248727
1.4849513
1.6231337
1.6052432
1.4895358
1.5310705
1.5427294
1.4800588
1.5663507
1.5668094
1.5796403
1.6496314
1.5999671
1.6492839
1.470387
1.6176424
1.5893867
1.5507257
1.6635027
1.541176
1.5793904
1.5663643
1.633444
1.6332692
1.5808517
1.450953
1.6397426
1.6657712
1.6174508
1.6648134
1.6763579
1.6664672
1.3999344
1.4248072
1.6442761
1.572101
1.6110733
1.6381072
1.578349
1.5420847
1.4848354
1.4990573
1.5020245
1.5755213
1.5032349
1.4527842
1.640777
1.5763777
1.6571212
1.6177565
1.5255507
1.5520924
1.5916349
1.5411505
1.5306922
1.426595
1.5741899
1.5338743
1.4599274
1.4729837
1.5570488
1.5829076
1.4934515
1.5455277
1.5492933
1.5628674
1.6185614
1.6160635
1.6491939
1.6408358
1.6003513
1.59788
1.6145512
1.5953075
1.5953029
1.657423
1.5501282
1.5569897
1.498637
1.5137205
1.510827
1.4905599
1.5301578
1.6143577
1.4469031
1.4736209
1.5287683
1.6513486
1.5403147
1.5843533
1.6460925
1.4675803
1.540877
1.6606894
1.6206641
1.6258475
1.628608
1.5887891
1.5703413
1.6583312
1.5938354
1.6205798
1.6193379
1.6203644
1.6209588
1.5271735
1.4389522
1.6371644
1.587479
1.478254
1.5549333
1.4474282
1.6091313
1.5520844
1.6343433
1.5668126
1.5709021
1.5016481
1.6014277
1.6352346
1.5328041
1.5819277
1.6184963
1.6466937
1.6152174
1.655457
1.5819947
1.6976689
1.537765
1.5768638
1.5731623
1.5074344
1.5690176
1.6289413
1.5132794
1.534649
1.5016615
1.575954
1.6020131
1.5359505
1.6159222
1.5494705
1.5746634
1.5811056
1.5241624
1.4430956
1.6188176
1.5931466
1.6023532
1.4573189
1.6532784
1.6222036
1.550621
1.5775619
1.5810009
1.6101352
1.6320889
1.645812
1.5792589
1.4180164
1.5611589
1.4978608
1.5136162
1.6340852
1.6013013
1.6021663
1.4911792
1.5997235
1.4983538
1.5790918
1.6029778
1.5909387
1.5663377
1.516246
1.6277535
1.4857423
1.5697442
1.5031958
1.518731
1.532773
1.5431465
1.4454689
1.6136676
1.6086426
1.6121708
1.5872262
1.5933374
1.5411669
1.6508448
1.6517065
1.5545244
1.5420107
1.4190385
1.447202
1.6874485
1.5679425
1.6399186
1.6102183
1.4683512
1.6071533
1.6407312
1.592427
1.5001332
1.5326545
1.5925045
1.5606432
1.5315527
1.6272085
1.5946232
1.5858359
1.5025027
1.4831401
1.5557568
1.5403124
1.4399475
1.473157
1.5828227
1.6552203
1.4839776
1.5849057
1.6178188
1.5231292
1.5624397
1.6167841
1.6698886
1.6142229
1.5361625
1.5431119
1.4489307
1.5341265
1.5470848
1.6219172
1.4141262
1.5712286
1.610531
1.5714524
1.566257
1.506838
1.6022267
1.5000926
1.6359947
1.5087911
1.7038527
1.6359845
1.5550213
1.5539291
1.593418
1.5936372
1.4572073
1.5798486
1.5986221
1.627735
1.5203462
1.6451046
1.489171
1.5636705
1.5668479
1.6211902
1.58705
1.437105
1.5295991
1.4519848
1.5914078
1.576452
1.5143042
1.5945392
1.6281141
1.6239848
1.6583917
1.6907605
1.4611558
1.5630631
1.6635131
1.6413767
1.5505979
1.5937111
1.4879012
1.6003385
1.5200819
1.508222
1.4563096
1.4440907
1.6136878
1.5728756
1.5247161
1.5582093
1.6001395
1.5138167
1.4384091
1.6213157
1.5584608
1.6335245
1.5634288
1.5064895
1.5834377
1.5729476
1.6100057
1.4276204
1.4501333
1.5332187
1.4925019
1.5450851
1.5798545
1.6008227
1.4686172
1.6138374
1.4578004
1.4507626
1.4631499
1.5931319
1.6173509
1.7311469
1.6128618
1.426848
1.4805089
1.6079067
1.5745684
1.54084
1.5735174
1.5646019
1.6077915
1.4657115
1.4597872
1.652746
1.596518
1.626664
1.5526792
1.613262
1.5953699
1.4699684
1.5366173
1.6059431
1.5926572
1.5674795
1.6082541
1.4795737
1.4161536
1.5089091
1.6643299
1.6453705
1.4803478
1.6074617
1.4575505
1.4665293
1.4943244
1.5055649
1.6036631
1.49323
1.5763712
1.5688888
1.6610559
1.6081388
1.6396214
1.5709003
1.5549251
1.5164664
1.6028186
1.6435136
1.55255
1.5893357
1.672169
1.5979493
1.4302372
1.5775106
1.5818732
1.5636259
1.4192929
1.4239825
1.5582218
1.62303
1.6539849
1.5199906
1.4977734
1.6111763
1.480846
1.542418
1.6466945
1.6338749
1.5584245
1.6314272
1.6117295
1.5651612
1.7161062
1.4996496
1.482939
1.5600036
1.5128174
1.5758888
1.5230173
1.525535
1.6738269
1.4579405
1.4515123
1.6325073
1.5710135
1.4618703
1.6457375
1.5935491
1.5330751
1.628124
1.4988264
1.5242409
1.5766671
1.544591
1.5748416
1.5601653
1.5795691
1.6370151
1.5148904
1.6474406
1.6377091
1.6304762
1.5065658
1.5167186
1.4893264
1.4948411
1.5797552
1.5437475
1.6077011
1.5060756
1.6246815
1.5270962
1.5565135
1.6429262
1.4820572
1.609564
1.5723513
1.5809557
1.6298305
1.527527
1.526261
1.4754746
1.5297866
1.5284828
1.6006514
1.595353
1.6546277
1.621548
1.475509
1.4265116
1.4322757
1.4526836
1.5010631
1.6034908
1.6159209
1.5418745
1.4567199
1.5678988

1.4232643
1.461103
1.6880096
1.6121644
1.499039
1.4785459
1.537381
1.6244004
1.5244174
1.5648419
1.4795123
1.5568461
1.5628386
1.557853
1.4909601
1.5650936
1.4353082
1.4672464
1.5281664
1.5091491
1.5532619
1.520599
1.4843711
1.6231315
1.673741
1.7113466
1.4576995
1.4553691
1.5253729
1.4467884
1.4442585
1.4961406
1.5120951
1.4811568
1.6808789
1.4843911
1.4803543
1.5278716
1.4879829
1.5498743
1.4877702
1.505561
1.521287
1.6036265
1.507783
1.4844618
1.5031754
1.4344932
1.4769404
1.4635019
1.6367109
1.489977
1.6206163
1.4794879
1.6228356
1.5363855
1.583156
1.446552
1.5370468
1.5434887
1.6667829
1.5462352
1.501137
1.4646437
1.5261176
1.4813602
1.502629
1.4465177
1.6300099
1.4986324
1.5599062
1.4772767
1.6352602
1.4203882
1.4787337
1.5211389
1.6627371
1.6566058
1.4075592
1.479051
1.5474107
1.4749099
1.5994585
1.488652
1.5010258
1.5605384
1.444105
1.6088234
1.4796947
1.4786242
1.8202075
1.4834404
1.5352885
1.5541894
1.4298505
1.518689
1.5562155
1.5557665
1.524849
1.5897728
1.5422809
1.4636058
1.5361382
1.5364718
1.4750327
1.4880875
1.4770132
1.49095
1.4119896
1.4989616
1.447912
1.5185522
1.5293528
1.5225772
1.4950178
1.5119039
1.4303136
1.6980442
1.6698105
1.6038948
1.6100551
1.6000402
1.4950758
1.5475597
1.5572836
1.5786419
1.5175365
1.613129
1.5046728
1.6189227
1.5257428
1.5695188
1.4942188
1.5171605
1.6305962
1.4361517
1.5584505
1.4619983
1.5162511
1.5910407
1.5647191
1.6219119
1.5378844
1.8260009
1.6546073
1.5592432
1.5386564
1.5004556
1.5538837
1.4366841
1.5137912
1.5059818
1.5729504
1.5519482
1.5383588
1.4429748
1.4532627
1.4967496
1.4926958
1.4853176
1.4779007
1.5475954
1.6420877
1.6549428
1.554491
1.4659151
1.5349746
1.5853819
1.4657617
1.4820361
1.5140285
1.5112039
1.5474857
1.4762173
1.5336027
1.4328141
1.5627335
1.4366207
1.4868934
1.560292
1.4185091
1.5058957
1.4591221
1.6105316
1.461414
1.4999646
1.4184539
1.4423172
1.4746691
1.7627795
1.5290465
1.4314623
1.4495269
1.4852506
1.7003433
1.5162691
1.5431025
1.5399956
1.4850196
1.486433
1.4692979
1.4825479
1.6564627
1.5703644
1.4452578
1.4493161
1.5166155
1.5719709
1.4317325
1.6218309
1.484002
1.4755698
1.7623522
1.4788603
1.6865448
1.5121707
1.4772974
1.5894445
1.6091915
1.626454
1.5144062
1.5741581
1.5616281
1.557931
1.4802287
1.4856488
1.6353267
1.4657974
1.4527899
1.5154562
1.5626167
1.4868563
1.5001695
1.5583582
1.4928241
1.5748014
1.4743968
1.6237799
1.7520268
1.462554
1.7014855
1.6630924
1.4299341
1.4956114
1.5856651
1.5204014
1.533698
1.5162581
1.4944618
1.5073065
1.5220455
1.6221037
1.5191147
1.4876914
1.6204995
1.597196
1.4436321
1.5081599
1.4518493
1.5098021
1.5710957
1.4382926
1.5514282
1.5464313
1.522677
1.611246
1.5143033
1.5477906
1.6038153
1.5103954
1.513026
1.5239367
1.560392
1.5170156
1.4993377
1.4553057
1.4644746
1.4694545
1.6169716
1.4827768
1.6404811
1.6962093
1.4761524
1.4625827
1.4880713
1.6172432
1.6462678
1.5220671
1.5232838
1.4135349
1.4844213
1.5928361
1.479411
1.4931527
1.5813448
1.452523
1.5413057
1.6697478
1.5957632
1.5049378
1.5247613
1.6742527
1.4242252
1.5118035
1.5450431
1.4890295
1.5108111
1.5255225
1.4815314
1.421827
1.4997625
1.4562054
1.5122287
1.6136371
1.4850223
1.4655088
1.5474911
1.7913891
1.4589049
1.5607448
1.4588053
1.6580012
1.708886
1.5686202
1.4976466
1.4479773
1.4941765
1.5768249
1.4875036
1.6105187
1.5029237
1.4751796
1.6795564
1.5335858
1.7654507
1.6636199
1.4678706
1.4603381
1.5107474
1.5899534
1.5110259
1.5150291
1.4432261
1.594896
1.4118699
1.4351784
1.5144486
1.5383549
1.766812
1.5264478
1.4599962
1.7168456
1.4553856
1.4695572
1.5010228
1.55212
1.4448991
1.6482981
1.4531506
1.5771044
1.6070572
1.6923425
1.5399098
1.5268157
1.5314754
1.6071463
1.564766
1.6022696
1.4827982
1.4081694
1.4851897
1.7121422
1.4351169
1.5233694
1.5234857
1.5341313
1.4368492
1.58076
1.6030419
1.4840281
1.7384784
1.5459161
1.6842694
1.5402998
1.5044664
1.5109974
1.5029103
1.5076543
1.5133526
1.6402211
1.4123788
1.5057492
1.4914912
1.4412165
1.4236649
1.4868857
1.4371326
1.5168176
1.488781
1.6015439
1.6303132
1.6185017
1.4831401
1.5100603
1.564013
1.5504525
1.4464328
1.602965
1.4316471
1.5977207
1.4533938
1.6942266
1.4733407
1.4743445
1.7619491
1.5270833
1.5279238
1.5511678
1.4441481
1.4417357
1.5919636
1.4553705
1.4515343
1.4680383
1.487421
1.6620073
1.715352
1.4671221
1.4974343
1.6188908
1.6564682
1.5054355
1.4679897
1.4385762
1.4665523
1.4742881
1.4738638
1.4634049
1.5777009
1.6487584
1.556993
1.5013201
1.4881866
1.5423046
1.6223593
1.471703
1.6466753
1.5177244
1.5693083
1.5610241
1.4839696
1.450432
1.4547127
1.5517896
1.5649374
1.5177616
1.5535903
1.4945292
1.4851882
1.6954898
1.4506217
1.6901085
1.5606778
1.4917217
1.5320557
1.6281697
1.5304843
1.48326
1.5535369
1.4749019
1.4286764
1.6128492
1.5368279
1.5741491
1.558716
1.4895177
1.4755725
1.5019461
1.6177523
1.596555
1.5772377
1.4519798
1.64877
1.5038278
1.4362569
1.4442866
1.502639
1.5115587
1.4495132
1.4484745
1.5565464
1.4196597
1.4305077
1.594708
1.5454766
1.4567178
1.6871107
1.6083214
1.546066
1.5510672
1.6001841
1.5745957
1.511726
1.4833162
1.5263257
1.5379492
1.6062441
1.5396028
1.6499716
1.4660648
1.4516921
1.5659058

1.4560909
1.4800768
1.4467611
1.4174937
1.5185738
1.4565572
1.4344732
1.5422596
1.4637463
1.4850217
1.4537988
1.4970838
1.4232032
1.469624
1.4536312
1.5105692
1.4326292
1.4049114
1.4218866
1.456246
1.4237607
1.4332982
1.4776882
1.476453
1.4314917
1.5073832
1.4586688
1.4453418
1.4374127
1.445742
1.4522407
1.4691405
1.4785721
1.4841428
1.4017522
1.4073365
1.5002308
1.4255558
1.4844023
1.4215598
1.412145
1.4935983
1.4118588
1.4861424
1.5000685
1.4835261
1.4702893
1.4781401
1.4987581
1.557426
1.4291873
1.4846352
1.4768832
1.4246548
1.4722524
1.415552
1.442816
1.406504
1.4636258
1.433152
1.4600481
1.490966
1.4681691
1.4267795
1.5014853
1.5235763
1.4480006
1.4618402
1.4221716
1.4597193
1.422676
1.4364909
1.4482036
1.5276881
1.428462
1.4603322
1.434729
1.446834
1.4944279
1.4493935
1.4278874
1.4389375
1.467696
1.4189292
1.4773556
1.4265469
1.4720608
1.4864837
1.4769502
1.445278
1.4566882
1.4044241
1.4354901
1.4178144
1.4651408
1.4434222
1.423411
1.4346013
1.4010358
1.4260689
1.4041388
1.503886
1.4832218
1.4328334
1.5361834
1.4349042
1.443775
1.4932147
1.4682609
1.4468809
1.4487606
1.4576701
1.5063318
1.4584574
1.4917871
1.4543583
1.477239
1.4835324
1.4988829
1.4472134
1.4556617
1.4584675
1.431646
1.4053591
1.4301653
1.3969922
1.4987433
1.4137279
1.4084175
1.4581774
1.443033
1.4230752
1.416898
1.4244854
1.4436023
1.4629756
1.4588928
1.4290178
1.4496982
1.4943022
1.4329369
1.4738103
1.4718146
1.4639163
1.4366968
1.4261069
1.4233811
1.4576956
1.4731332
1.4784307
1.4528615
1.4819552
1.4996328
1.4382106
1.4363488
1.5042378
1.4011543
1.4050056
1.4513351
1.4920197
1.481123
1.4210888
1.4042025
1.4410073
1.4669906
1.4818865
1.4435302
1.4721025
1.4475256
1.48938
1.4594396
1.4353597
1.4423786
1.4678168
1.4690986
1.4465847
1.429369
1.4161506
1.4187819
1.4178239
1.4157897
1.4421651
1.4058914
1.4950919
1.4467732
1.4584924
1.4646811
1.5377206
1.4299147
1.4255937
1.4553838
1.5013294
1.5090276
1.4396939
1.4195255
1.4853044
1.4433621
1.4202554
1.4535048
1.4871598
1.4775958
1.479725
1.4657075
1.4836954
1.4453795
1.4800806
1.4386154
1.4800122
1.4408545
1.4258008
1.459419
1.4236232
1.4586414
1.4510819
1.4560448
1.4492253
1.4359572
1.4155669
1.4798307
1.4650332
1.4150134
1.4633958
1.4652503
1.4320594
1.4531578
1.4215369
1.4596024
1.4732618
1.4603771
1.4043548
1.4788275
1.4456551
1.5028229
1.4776231
1.4681906
1.438089
1.4774014
1.4823643
1.4826527
1.454763
1.5463458
1.4301139
1.4571887
1.4247422
1.4401708
1.4150983
1.4100624
1.4703133
1.4262375
1.4948916
1.5050913
1.4690989
1.4436817
1.423108
1.4331813
1.4611787
1.4615664
1.4283772
1.4178381
1.4288576
1.4604203
1.4878366
1.44387
1.4538615
1.4842786
1.4360422
1.4310092
1.4336904
1.4723934
1.4437766
1.4617571
1.4449652
1.4351193
1.4580259
1.478882
1.4416052
1.4652262
1.5025016
1.4454011
1.4306045
1.4509919
1.4467926
1.4841032
1.4794092
1.4510024
1.4545819
1.4494815
1.4686855
1.4285275
1.4859506
1.4159222
1.4870735
1.4737997
1.4397098
1.4932127
1.450943
1.4751778
1.4402844
1.5014751
1.4363713
1.4626734
1.4192665
1.5251071
1.4223357
1.4425689
1.4578838
1.4363196
1.5105492
1.5034946
1.4570097
1.4504623
1.4797772
1.4419725
1.4937303
1.4335082
1.4192305
1.4603589
1.4377662
1.487457
1.393231
1.4619701
1.5034913
1.5104506
1.4353865
1.4657719
1.4399068
1.4202284
1.4554607
1.4644403
1.4915798
1.4728997
1.4699248
1.4473261
1.4431238
1.4671179
1.4031672
1.4727659
1.441942
1.4280645
1.395684
1.4574893
1.4459317
1.4340523
1.4337552
1.4824092
1.4162904
1.4007205
1.4673717
1.429204
1.4817152
1.5206882
1.4653714
1.4754963
1.4681809
1.4337772
1.4067262
1.4506621
1.4331943
1.4460069
1.4499263
1.4352391
1.4563566
1.4109082
1.4112095
1.4818077
1.4551319
1.4564943
1.4473492
1.4599588
1.4428076
1.4603333
1.4100422
1.4466578
1.5205534
1.4383687
1.4274421
1.4774208
1.471637
1.4435766
1.4591047
1.444681
1.4161447
1.4246852
1.4290409
1.4442074
1.4805418
1.4343021
1.451844
1.487015
1.4762549
1.4429231
1.420964
1.4604692
1.391442
1.4397817
1.434923
1.461872
1.4309969
1.4561805
1.4738601
1.4217595
1.4854743
1.4215902
1.4147935
1.4865588
1.4862522
1.4360176
1.4760615
1.4565365
1.415799
1.4638729
1.453462
1.4856915
1.5277232
1.4500751
1.4201491
1.4149486
1.4460598
1.4887356
1.4366817
1.4522771
1.4440142
1.4518172
1.4305879
1.4396676
1.4434261
1.4595505
1.4353347
1.4759115
1.4342592
1.4942349
1.4509506
1.4232547
1.4300343
1.459014
1.4772787
1.416076
1.4821444
1.4160101
1.4814023
1.4995157
1.4809467
1.4603167
1.4571522
1.4569978
1.4374936
1.4270402
1.4723257
1.4250782
1.4380249
1.438509
1.4929157
1.4488529
1.4077013
1.4696374
1.4807249
1.4314965
1.4956306
1.5105671
1.4949496
1.4252731
1.4641091
1.4938682
1.4357762
1.4638735
1.5149894
1.4699144
1.4769015
1.5097132
1.4484042
1.465704
1.422555
1.4192965
1.4496487
1.4976985
1.4906963
1.4661037
1.4366139
1.4564788
1.4923986
1.4348274
1.4696859
1.4381897
1.4648523
1.4311184
1.41995
1.4702015
1.4623432
1.4693446
1.4336542
1.4417884
1.4212661
1.435142
1.435729
1.4653763
1.4462135
1.5229479
1.4618887
1.4698205
1.4559301
1.4353607
1.4315252
1.4243109
1.4640949
1.4094889
1.4363432
1.4352634
1.4430318
1.488164
1.5063962
1.5116594
1.4362404

1.4316882
1.4692063
1.4362372
1.4136006
1.4608786
1.4258655
1.417895
1.4192697
1.4169419
1.4565393
1.4242815
1.4678789
1.4185027
1.4256554
1.438436
1.4437823
1.4695593
1.4344854
1.3955613
1.4336404
1.4574963
1.3939469
1.4361765
1.4194623
1.4074957
1.4483298
1.42673
1.4315352
1.4612709
1.4368854
1.441429
1.4285872
1.4346049
1.457161
1.4534098
1.4325546
1.4228965
1.4164114
1.4113113
1.408658
1.4126503
1.4413667
1.4578677
1.4316198
1.4081528
1.4513844
1.4310354
1.4438546
1.422354
1.4417803
1.4160213
1.4145426
1.4253594
1.3941861
1.4451561
1.4468572
1.4387589
1.4079572
1.4246194
1.409745
1.437468
1.4281874
1.4278847
1.4320046
1.4455398
1.4328314
1.4107414
1.4285128
1.393573
1.4391953
1.4286871
1.4240282
1.4439946
1.4199029
1.4402043
1.4270539
1.424187
1.406875
1.4520268
1.4025688
1.444296
1.384883
1.4099562
1.4157261
1.4264522
1.4396541
1.4126456
1.3985901
1.4515654
1.4217016
1.4454212
1.4332892
1.4640899
1.4302719
1.4403533
1.4411544
1.425848
1.4476722
1.4578727
1.4566435
1.4140613
1.4277371
1.4062504
1.427597
1.4677057
1.4158704
1.4420606
1.4295658
1.4381982
1.4752306
1.4461865
1.4305187
1.4292035
1.4421122
1.4107301
1.4282851
1.4247992
1.4208997
1.466279
1.4543036
1.4487728
1.4402877
1.4156321
1.4308083
1.4744369
1.4428866
1.4479132
1.4215288
1.440155
1.4133779
1.4290218
1.4328394
1.4415363
1.4271916
1.4685112
1.4555527
1.4270438
1.422119
1.4342833
1.395621
1.4353833
1.4318732
1.4360453
1.4641078
1.42999
1.4640037
1.4442564
1.4736217
1.4550132
1.4244722
1.4547265
1.4292641
1.4462595
1.4484389
1.3920441
1.4393977
1.4690762
1.4348271
1.4477413
1.4158113
1.4611957
1.4440472
1.4350165
1.438296
1.4092335
1.4383485
1.4482688
1.4658518
1.4428716
1.4719436
1.4324782
1.4269184
1.4750335
1.3976444
1.4508356
1.4047998
1.4190807
1.4585892
1.4128833
1.4402341
1.416255
1.4396557
1.4045646
1.4494164
1.4432445
1.483555
1.460691
1.4303231
1.4199632
1.4355143
1.4352534
1.4238361
1.4137043
1.4340352
1.4280049
1.4295421
1.4165974
1.4336871
1.4169025
1.3922075
1.4366746
1.4746276
1.4237723
1.4190655
1.4756417
1.4352962
1.4051278
1.4186168
1.4020871
1.4287473
1.4433383
1.4441689
1.4484619
1.4383669
1.4379098
1.40542
1.4318585
1.4373584
1.438543
1.4302896
1.4400061
1.410183
1.4053886
1.4257469
1.401184
1.4417722
1.3932813
1.4591475
1.4467715
1.4633644
1.4328294
1.4168612
1.4476836
1.4414703
1.4335614
1.4092544
1.4283254
1.4211879
1.4571847
1.4512494
1.4541552
1.4245551
1.415359
1.4320759
1.4077574
1.4461524
1.4627029
1.4480567
1.4353169
1.4365711
1.4370737
1.4382179
1.4544196
1.4413915
1.4099973
1.4325775
1.4762582
1.4398803
1.4143962
1.4493104
1.4659526
1.4231224
1.421262
1.4435118
1.4374571
1.4257915
1.4263449
1.4461234
1.417117
1.4453506
1.4082187
1.4222621
1.4446756
1.4533005
1.4173137
1.4299947
1.4295398
1.4462488
1.4631239
1.4281907
1.4688369
1.4113003
1.4577506
1.4304717
1.4557629
1.4472617
1.4558606
1.429954
1.4412855
1.44898
1.4427243
1.4147698
1.4190931
1.4259998
1.4472827
1.4031359
1.4055723
1.4105216
1.4197024
1.4057593
1.4157205
1.4715128
1.4500546
1.4384204
1.4541147
1.4217448
1.4401966
1.4135704
1.4196482
1.4269624
1.4074491
1.4366666
1.441234
1.4452499
1.4425963
1.425622
1.4259293
1.4364989
1.4317681
1.429619
1.4326375
1.4146086
1.45429
1.4339305
1.4277147
1.447143
1.4506515
1.4502945
1.3996416
1.4452804
1.4572464
1.4505671
1.4386399
1.455713
1.433093
1.4438009
1.4362448
1.4509008
1.4033372
1.4015998
1.4307675
1.4298857
1.4540836
1.4331262
1.4311182
1.4361067
1.432007
1.3948095
1.4277273
1.4589846
1.4285326
1.400053
1.4353687
1.4103644
1.4241573
1.4340004
1.4479072
1.4170462
1.440552
1.4320899
1.4154203
1.4614568
1.4316294
1.4543414
1.4530152
1.4256874
1.4221332
1.4218479
1.4054923
1.4253635
1.4210178
1.4675018
1.4016331
1.401454
1.4033306
1.4179672
1.4113001
1.4217908
1.4183677
1.4414479
1.4229548
1.4202129
1.4148753
1.4210058
1.4466836
1.3995979
1.4336976
1.441334
1.4020232
1.4551269
1.4306626
1.4467902
1.4320256
1.4376206
1.4430109
1.4194978
1.4407859
1.4301351
1.4148203
1.450906
1.4201567
1.3978708
1.4263041
1.4461843
1.4396231
1.4355978
1.4206439
1.418108
1.4345183
1.4317267
1.4552592
1.4294944
1.4353899
1.4708296
1.4513242
1.4226999
1.4376663
1.4354815
1.4403683
1.4425604
1.4081289
1.4228709
1.4344656
1.4419549
1.4451556
1.4470987
1.4175287
1.450441
1.4186469
1.4289758
1.445879
1.4258897
1.4419779
1.4275537
1.4322127
1.4460597
1.4279382
1.4497952
1.4392908
1.4408289
1.4476395
1.4285529
1.4223895
1.4699318
1.4486821
1.4731865
1.4058446
1.4226152
1.4700936
1.4696954
1.4113127
1.4243772
1.469052
1.4316223
1.4318588
1.423679
1.4429989
1.4185673
1.401533
1.418389
1.4150587
1.4345309
1.4343725
1.4513867
1.4525274
1.4144319
1.4410623
1.425755
1.4202076
1.432048
1.4256331
1.4510622
1.4568616
1.4702967
1.4645315
1.4612275
1.439775
1.451113
1.4110633
1.4238031
1.439421
1.4595838
1.47873
1.4357142
1.4620019
1.4413378
1.4372827
1.4257112
1.4309471
1.4419738
1.4309978
1.4427047
1.4104152
1.4600991
1.4387755
1.4257205
1.4274491
1.414997
1.4199002
1.4435949
1.4213096
1.4486032
1.4581505
1.4426229
1.4654387
1.4245193
1.4163663
1.4294283
1.4704803
1.4371135
1.4369769
1.4260043

1.4346803
1.4338132
1.4507257
1.4313772
1.4415209
1.4195702
1.429747
1.4696832
1.4340448
1.4343433
1.4318141
1.4280958
1.4313565
1.4162898
1.4499387
1.4303671
1.3935407
1.428494
1.4075913
1.4406358
1.3971803
1.4375257
1.4013836
1.4712486
1.4590937
1.4762754
1.4297634
1.4347541
1.4528636
1.4154284
1.4119105
1.4636886
1.4187261
1.4222015
1.4149083
1.4383215
1.413265
1.4276729
1.4115777
1.3924328
1.4397471
1.4255146
1.4446403
1.4170563
1.4212906
1.4333652
1.4188176
1.4427587
1.4836527
1.4565606
1.4203237
1.4352971
1.4464486
1.4219422
1.4097943
1.4130098
1.4269905
1.4580204
1.4500072
1.42884
1.4509785
1.441189
1.4371159
1.4468812
1.420199
1.4049438
1.4077611
1.422507
1.412375
1.4397255
1.4388071
1.4468093
1.4267844
1.4133584
1.3870387
1.4276874
1.4355974
1.4167923
1.445556
1.4578464
1.4261632
1.3995548
1.4324914
1.4094781
1.437347
1.4027101
1.4189712
1.4193462
1.4039799
1.4206897
1.4435242
1.4191709
1.3969231
1.440511
1.400357
1.4342551
1.4449724
1.4242195
1.4266346
1.4307821
1.4166627
1.4342537
1.4435027
1.4332448
1.4078588
1.427313
1.418037
1.420737
1.4222828
1.4451805
1.4430155
1.4429438
1.4442923
1.4381856
1.4089942
1.430922
1.4101329
1.4243468
1.471113
1.4520595
1.4287589
1.4356269
1.4250864
1.4450158
1.4208437
1.4097456
1.4097954
1.4129161
1.4300513
1.4214404
1.4470565
1.4182601
1.4088634
1.4549209
1.4237157
1.4299566
1.4067831
1.4794745
1.4259232
1.4681373
1.4260145
1.4005889
1.4376892
1.4553473
1.4276891
1.4465632
1.4088876
1.4313304
1.4217705
1.4656299
1.408589
1.4742289
1.4335165
1.4333764
1.4510739
1.4068427
1.4024037
1.4469795
1.444832
1.4226292
1.4048175
1.4394677
1.472334
1.4526585
1.4361643
1.4311788
1.441004
1.4294871
1.4536391
1.4184629
1.4286801
1.436438
1.41863
1.4040142
1.4571471
1.4451216
1.4426169
1.4581493
1.4376107
1.434274
1.4544882
1.4292015
1.4240875
1.408835
1.4413116
1.4190738
1.4116871
1.4316282
1.4303715
1.4265107
1.4220855
1.4142368
1.4101388
1.4491273
1.4028405
1.4131087
1.3943629
1.4717822
1.4433419
1.4515548
1.4566171
1.3985319
1.4449466
1.4526898
1.4521688
1.4215659
1.4387294
1.4337939
1.4254293
1.4689417
1.4304696
1.4326501
1.4499072
1.4222006
1.3965931
1.4201809
1.4486444
1.4335464
1.4352486
1.4286633
1.4206091
1.4044439
1.4530385
1.4318248
1.4302412
1.4119812
1.4624692
1.430095
1.4263186
1.4327228
1.4361552
1.423321
1.4501601
1.4198028
1.4200209
1.4208494
1.4566135
1.432374
1.434199
1.439552
1.423784
1.4321975
1.3957678
1.4452533
1.4445605
1.4339696
1.4883717
1.4039761
1.399346
1.4374417
1.4260403
1.4310645
1.4533849
1.433539
1.4412414
1.401554
1.4739989
1.4172846
1.4480009
1.4185208
1.4845957
1.4014214
1.4310548
1.4616225
1.4260203
1.4215665
1.4210342
1.4370427
1.4100239
1.431972
1.4277554
1.4589171
1.4256967
1.4161807
1.4401039
1.4053452
1.4363265
1.4365606
1.4209243
1.44379
1.4361776
1.412197
1.4352605
1.4372168
1.4208047
1.4203055
1.4357198
1.401366
1.4290718
1.4348874
1.4342244
1.4158074
1.4205933
1.4514713
1.434058
1.4504287
1.4220402
1.43764
1.4181157
1.3937625
1.433257
1.4472327
1.4562606
1.4182162
1.4216131
1.4144267
1.4515959
1.4685892
1.4503832
1.4354012
1.4420128
1.4343687
1.4803154
1.4226142
1.4259824
1.4338015
1.4181949
1.4375818
1.4016936
1.4505233
1.435318
1.4280049
1.4188018
1.4511061
1.4309471
1.4169353
1.4193269
1.4048306
1.4272848
1.4571091
1.425396
1.416204
1.4095503
1.4256543
1.4553615
1.4423251
1.4156423
1.4198085
1.4346689
1.4344598
1.4375378
1.4057767
1.4341048
1.4234897
1.4089637
1.4345684
1.4480393
1.4420584
1.4362078
1.4050767
1.4170306
1.4132314
1.4028703
1.4260566
1.4365859
1.4563339
1.418125
1.453745
1.4485382
1.4450063
1.4256434
1.4247177
1.4357302
1.4302685
1.4302958
1.4015797
1.4074767
1.4164007
1.433334
1.4071015
1.4346702
1.4436213
1.4538327
1.4163646
1.4595666
1.4475269
1.4119393
1.4154998
1.420003
1.4155842
1.4158001
1.4006939
1.4362818
1.4588914
1.4172637
1.4372947
1.4370067
1.4490997
1.4462488
1.4137294
1.4228863
1.429693
1.4278657
1.4758537
1.4514812
1.4605584
1.4404011
1.4654583
1.4279916
1.4172621
1.423027
1.4351367
1.4371091
1.4230134
1.4148483
1.455385
1.4125832
1.4063706
1.449036
1.4492589
1.4303714
1.425952
1.4461176
1.4430308
1.4545506
1.4370971
1.3923368
1.4649498
1.4098594
1.4374386
1.4504114
1.4285423
1.4400961
1.4253223
1.4552028
1.4414283
1.4543914
1.4169478
1.4405907
1.4376553
1.421481
1.400404
1.4256253
1.4228028
1.4483018
1.4323398
1.4476064
1.4406261
1.4140149
1.4032111
1.4356041
1.4291894
1.452966
1.4486476
1.4008608
1.4308908
1.4409049
1.4048283
1.4260201
1.4261724
1.4381456
1.4184082
1.4575242
1.4397428
1.430728
1.4260345
1.4592501
1.4168769
1.4215167
1.3967956
1.444132
1.4371535
1.4276026
1.464205
1.4098171
1.422505
1.4239416
1.4241463
1.4660791
1.4433483
1.4102678
1.4369732
1.4221532
1.4212818
1.4371233
1.4231478
1.4116704
1.4502552
1.4447432
1.3849895
1.4286888
1.4265438
1.4084289
1.408828
1.4299091
1.4148101
1.4025341
1.4463016
1.4208679
1.4207168
1.4309261
1.4145155
1.4191182
1.4335577
1.4218594
1.4164411
1.4587855
1.4329562
1.4601727
1.4209062
1.4377469
1.4321475
1.4334611
1.4536555
1.4121807
1.4112942
1.4566873
1.4131997
1.4563041
1.4190603
1.4164599
1.4252172

1.9449358
1.8379906
1.8412906
1.7691234
1.9045423
1.8176225
1.7955788
1.8601117
1.8843752
1.7977022

