0.004889846
0.012661219
0.0011723042
0.010938287
0.0067818165
0.00833106
0.010844231
0.006857753
0.0023735762
0.004782796
0.0026865005
0.010384917
0.006420374
0.015227795
0.0031689405
0.0067099333
0.0012750626
0.0017050505
0.0029827356
0.002135992
0.011935234
0.002605319
0.004678607
0.00924015
0.007655263
0.005518079
0.0013175011
0.0074641705
0.004324913
0.0061053038
0.0053994656
0.00593853
0.0097488165
0.013484955
0.011551738
0.002120614
-0.0003068447
0.021636724
0.008330703
0.009822369
0.0052616596
0.0045876503
0.007123828
0.005924225
0.01591909
0.022043467
0.008542895
0.00469923
0.0044265985
0.017890334
0.007989883
0.0045312643
0.0075306892
0.010804892
0.011760473
0.006144762
0.011510968
0.0060710907
0.006751418
0.005948901
0.008449793
0.00917542
0.008087397
0.011788607

0.02014196
0.009534478
0.0044441223
0.0016783476
0.002972126
0.0037271976
0.005954027
0.0041919947
0.010561585
0.015612721
0.0026285648
0.003477931
0.0009292364
0.00858736
0.0045048
0.0022399426
0.011219978
0.013815284
0.003915906
0.00640893
0.009710312
0.0012795925
3.552437e-05
0.00032889843
0.0024174452
0.015064597
-0.0002746582
0.017845988
0.0033909082
0.011915088
0.023035884
0.015794516
-0.00022315979
0.017682195
0.014664292
0.0010143518
0.004659891
0.0071513653
0.0058408976
0.014599323
0.001802206
0.0045690536
0.0040711164
0.016956687
0.0027660131
0.012661219
0.014735222
0.008153439
0.0210917
0.008010268
0.00461185
0.0019698143
0.0043655634
0.0019145012
0.005613804
0.0005785227
0.0016613007
0.0023446083
0.0015362501
0.008865237
0.015259266
0.005192399
0.009135008
0.008267403

7.5101852e-06
0.0037448406
0.0032998323
3.1471252e-05
-1.2874603e-05
0.0035521984
0.0022839308
0.003501296
0.0001437664
0.0088733435
0.007852435
0.00030708313
0.0077391863
0.0012081861
0.0062143803
0.0038696527
0.003221631
0.0030750036
5.841255e-06
0.0044299364
0.005151391
0.0036672354
0.011994362
0.007919073
0.003715396
0.004770279
4.720688e-05
0.0027929544
0.0009367466
0.0016899109
0.00042271614
0.0039697886
0.00281775
0.009268999
0.00083100796
0.0022604465
0.007897615
0.00096189976
0.010041118
0.005760193
0.0027526617
0.0034143925
0.0052297115
0.0016281605
0.0021295547
0.002522707
0.00011789799
0.0021009445
0.003856182
0.0040563345
0.005676985
0.0064091682
0.0042973757
0.0018767118
0.007659197
0.004353404
0.00915432
0.0033090115
0.002036333
0.008801699
0.005173564
0.0027861595
-7.033348e-06
0.012043595
0.0004364252
0.0045000315
0.0071069
0.0060634613
0.0010228157
0.0032455921
0.0032078028
0.00048828125
0.0019507408
2.8729439e-05
0.004208088
0.0052558184
0.0075882673
0.0048714876
0.0022277832
0.002481699
0.007848501
0.0063989162
0.0051671267
0.005735874
0.005182743
0.0037335157
0.0046212673
0.0075706244
0.0047852993
0.0040836334
0.00017428398
0.00810957
0.0026043653
0.003034711
0.0033584833
0.0060179234
0.00046098232
0.0058168173
0.0012658834
0.0040262938
0.0014709234
0.00056409836
0.006025791
0.0021226406
0.002692461
0.00754261
0.0024405718
4.887581e-06
0.006441474
0.003941059
0.005589962
0.009673357
0.0044765472
0.0037164688
0.0019270182
0.0029788017
0.0013045073
0.0027581453
0.0036504269
0.008134007
0.008971691
0.008230925
0.005756855
0.0062149763
0.005871296
0.0014129877
0.0017277002
0.004740596

0.0003247261
0.0037605762
0.0066689253
0.0074784756
0.0004144907
0.0033732653
0.0018709898
3.9577484e-05
0.004188895
0.0030846596
0.006613493
0.0051420927
0.00411129
0.005954504
0.0030014515
0.0045329332
0.007201433
0.0045200586
0.0003170967
0.00018656254
0.0013889074
0.0026990175
0.003930211
0.0044509172
0.006629586
0.00074899197
0.002250433
0.0034235716
0.002346754
0.0033966303
0.0033540726
0.0011347532
0.006054759
0.0021451712
0.011979818
0.0020006895
0.0050154924
0.008608103
0.002323985
0.00276649
0.0053009987
0.00772202
0.0022381544
0.0037236214
0.006557822
0.0057872534
0.0045335293
0.00043702126
6.151199e-05
0.006866932
0.0019618273
0.000828743
0.00022947788
0.0032761097
0.0024000406
0.005582571
0.0044341087
0.0039565563
0.0025277138
0.0052103996
0.0023268461
0.004337907
0.0061460733
0.0028098822
0.0045559406
0.003848195
0.0072591305
0.003866911
0.0021195412
0.0011111498
0.0005520582
0.005301833
0.004155159
0.008805394
0.0015193224
0.003636241
-1.0728836e-05
0.0028150082
0.003710866
0.0056761503
0.008131385
0.00579679
0.0067232847
0.004243374
0.0040591955
0.004804015
0.0069098473
0.0025119781
0.0058116913
0.0058989525
0.0045592785
0.006136775
0.0028351545
0.0044174194
0.001773119
0.0032167435
0.0040344
0.0003671646
9.226799e-05
0.0030231476
0.0040385723
0.007670641
0.005285263
0.0049743652
0.007329583
9.596348e-05
0.00094497204
0.00070512295
0.0013538599
0.0025247335
0.0027688742
0.0023396015
0.0039954185
0.005405307
0.003042698
0.0064765215
0.0077718496
0.003924966
0.0056688786
0.0054415464
0.0044697523
0.0061888695
0.0091462135
0.001909852
0.005804658
0.00566113
0.0047090054
0.004143119

0.0016000271
0.0035649538
0.003696084
0.0013872385
0.0036002398
0.0013594627
0.0024456978
0.0017617941
0.00044357777
0.0029277802
0.002174735
0.0010046959
0.002317071
2.2649765e-05
0.002875924
0.00050473213
0.0023041964
0.0033730268
0.00033390522
0.0018033981
0.0032653809
0.002267599
0.004894495
0.0026242733
0.0038940907
0.0019631386
0.0021977425
0.0029412508
-2.8848648e-05
0.003298521
0.0007246733
8.6426735e-05
0.0013821125
0.002572775
0.0056835413
0.0035725832
0.0017755032
0.002657652
0.0023121834
0.002789855
0.0007532835
0.0022251606
0.002450943
0.0002809763
0.0017411709
0.0034977198
0.0041805506
0.0037523508
0.0028654337
0.0024476051
8.511543e-05
0.0016744137
0.0016214848
0.0016793013
0.00044333935
0.0022825003
0.001788497
0.0028880835
3.4213066e-05
0.0015325546
0.0025445223
0.0011134148
0.0012569427
-9.536743e-07
0.0016107559
0.0001333952
0.0032235384
0.0022656918
0.0015002489
0.00084877014
0.0014004707
0.0023534298
-6.3180923e-06
0.0029767752
0.0003875494
0.001485467
0.000497818
0.0023063421
0.0036606789
0.0009931326
0.004140258
0.003114462
0.0027748346
-1.04904175e-05
0.0023171902
0.0019749403
0.0019081831
0.00012791157
0.0035017729
0.00049865246
0.0016181469
0.00047528744
0.0011470318
0.0004553795
0.0014533997
0.0025283098
0.001739502
0.00203681
0.00032031536
0.0011168718
0.0035274029
0.004159689
3.5762787e-06
-4.7683716e-07
0.003520608
0.0037634373
4.172325e-06
0.0013264418
0.0023078918
0.00018751621
0.0036119223
0.0014497042
0.00029540062
0.0017265081
0.0036803484
0.0026003122
0.0018856525
0.00025367737
0.00384593
0.0020409822
0.0022654533
0.0012265444
0.0027575493
0.002661705
0.0018532276
0.0038564205
-3.3974648e-05
0.0016502142
0.004287839
0.0024586916
0.005939245
0.0048714876
0.002187252
0.00084269047
0.0015275478
0.003383398
7.8082085e-05
0.004154682
0.0025314093
0.0011205673
0.0017365217
0.0003039837
0.003549099
0.0002809763
0.0016852617
0.0027124882
0.001111865
0.0013976097
0.0010353327
0.0014894009
2.1576881e-05
0.0038577318
0.0042972565
0.0011380911
0.0006182194
0.0036215782
0.0013189316
0.0028249025
3.9577484e-05
0.0021871328
0.002780676
0.004456997
0.003197074
0.0039492846
0.001339078
0.00020623207
0.0012735128
0.0021759272
0.0016829967
0.0041999817
0.00013291836
0.0024123192
0.0014781952
0.00027775764
0.0018683672
0.002458334
0.0015305281
0.003946662
0.0014175177
0.0014783144
0.0002105236
0.00052678585
0.0015436411
0.002167344
0.00067055225
0.003775835
0.0012472868
0.0015684366
7.2717667e-06
0.002507925
0.003480792
0.0011284351
0.00064110756
5.7458878e-05
0.0026003122
0.002811551
2.6345253e-05
0.0047855377
0.00378716
0.0032397509
0.002467513
0.003092885
0.0024340153
0.0033671856
0.0023207664
0.0005441904
0.0044010878
5.2928925e-05
0.00091540813
0.002693057
0.0029393435
0.0027290583
7.414818e-05
0.0021588802
0.0042907
0.0015817881
0.000916481
-3.5762787e-05
0.00177145
0.0009921789
0.0014053583
0.0034154654
0.00394845
0.0003181696
0.0010815859
0.0012022257
0.0010354519
0.0035556555
0.0014847517
0.002169609
0.0014299154
0.0032418966
0.004511237
0.0038306713
0.0032250881
0.0030965805
0.0022705793
0.0018074512
0.002502203
0.0018752813
0.0023636818
0.004020691
0.0031769276
0.002398491
0.004459262
0.0020235777
0.00044357777
0.0024784803
0.00043416023
0.0028406382
0.0035533905
0.0036439896
0.0017272234
0.0011618137
0.0022784472
0.0021252632

0.003182292
0.001947999
0.0006148815
0.0016124249
0.003425479
0.0032721758
0.0032843351
0.0012201071
0.0017697811
0.0021492243
0.0030345917
0.0012516975
0.000218153
0.00028419495
0.0018161535
0.0030398369
0.0019466877
0.0035541058
0.003232956
0.004034877
0.0015388727
0.001868248
0.0023447275
0.003786087
0.0016059875
0.0021930933
0.0040363073
0.0025514364
0.0006508827
0.0041986704
0.000975132
0.00044381618
0.000854373
0.0019637346
0.0024286509
0.0019322634
0.00046157837
0.0027461052
0.0027077198
0.0022298098
0.0025833845
0.0031129122
0.0033673048
0.003057003
0.0015795231
0.0011788607
0.0031694174
0.0014960766
0.0003633499
0.0024350882
0.0029300451
0.0018564463
0.001960516
0.0020973682
0.001193285
0.00048589706
0.0021336079
0.0022685528
0.0015143156
0.0023941994
0.0022525787
0.002958417
0.0012131929
0.0011054277
0.0003849268
0.00024747849
0.00062930584
0.00027537346
0.004333496
0.0042051077
0.0032196045
0.0031017065
0.0011436939
0.0020003319
0.0028027296
0.00041139126
0.00044190884
0.0023710728
0.0023130178
0.0017645359
0.0022962093
0.0022556782
0.0013589859
0.003894806
0.0015940666
0.0031132698
0.0011479855
0.0029338598
0.005094409
0.004036784
0.0026071072
0.0012800694
0.004083991
0.0006122589
0.0014848709
0.0030941963
0.0014935732
0.00268054
0.00011241436
0.002474308
0.0017861128
0.0015045404
0.0009717941
0.0019437075
0.0010008812
0.002585411
0.0019613504
0.0024186373
0.0019392967
0.004369855
8.4519386e-05
0.0012557507
0.002963066
0.0029332638
0.0016605854
0.0013489723
0.00018465519
0.0006957054
0.0018844604
0.00013434887
0.002035737
0.0056728125
0.0019900799
4.87566e-05
0.002329111
0.0034157038
8.249283e-05
0.0031924248
0.0011062622
0.0010261536
0.0010764599
0.0016765594
0.0030868053
0.0022462606
0.0011681318
0.0020201206
0.0007454157
0.0021300316
0.00266397
0.0016540289
0.0013514757
0.0016725063
0.0010756254
0.0017770529
0.0024808645
0.0008196831
0.0019183159
0.004015565
0.0020307302
0.00423193
0.0019141436
0.0006380081
0.0037964582
0.0012094975
0.0016286373
0.00075268745
0.0024701357
0.0018091202
0.00010061264
0.002862215
0.0019481182
0.0007890463
0.0012990236
0.0034281015
0.0018587112
0.0008432865
0.0021386147
0.0013141632
0.0019987822
0.0008434057
0.0035526752
0.00034344196
0.0012947321
0.0016540289
0.0024334192
0.0023729801
0.000426054
0.0009986162
0.0021573305
0.003020525
0.0023930073
0.0028268099
0.0031518936
0.0028085709
0.0026739836
0.0013494492
0.00065124035
4.9352646e-05
0.0033513308
0.0022377968
8.46386e-06
0.0026096106
0.0012098551
0.001268506
0.0017571449
0.0015056133
0.0030784607
0.0019704103
0.0009659529
0.0002322197
0.001044035
0.004575014
0.002414465
0.0023306608
0.0025047064
0.002753973
0.0010514259
0.0060380697
0.00025880337
0.003517747
0.0023013353
4.3153763e-05
0.0027669668
0.0006453991
0.002658248
0.0014119148
0.0033831596
0.00035429
0.0010865927
0.0028158426
0.0030698776
0.0024123192
0.0015342236
0.0005440712
0.0022199154
0.0025236607
0.0018135309
8.85725e-05
0.00078082085
0.0022851229
0.0022273064
0.0022957325
0.0033506155
0.00020205975
0.0005136728
0.0024459362
0.0020805597
5.722046e-06
0.0029376745
0.00020706654
0.00043034554
0.0018079281
0.002841711
0.0027155876
0.0013628006
0.00213933
0.0034769773
0.0012638569
0.0030150414
0.0020428896
0.0022137165
0.002145052
0.0031872988
0.003574133
0.0014181137
0.0035119057

0.0012984276
0.0025265217
0.0039846897
0.0011944771
0.0027219057
0.0012723207
0.0016566515
0.0020235777
0.0018180609
0.002116084
0.0014742613
0.0024123192
0.0027257204
0.0022790432
0.002608776
0.0021195412
0.00041794777
0.0012820959
0.0027343035
0.00083458424
0.0017510653
0.001758337
0.0011028051
0.0031893253
0.0028811693
0.0037539005
0.0033438206
0.0026289225
0.0015121698
0.0018463135
0.0029176474
0.0012331009
0.0012780428
0.00024843216
0.0029053688
0.0042454004
0.0033876896
0.00087714195
0.0032213926
0.0011078119
0.0004942417
0.0029175282
0.0010445118
0.0023744106
0.0032408237
0.000905633
0.0010926723
0.001149416
0.0018326044
0.002411127
0.0029724836
0.0028694868
0.000554204
0.0018548965
0.0027060509
0.0019173622
0.0021131039
0.0027326345
0.0034263134
0.0016115904
0.0009981394
0.0017335415
0.0020455122
0.00095784664
0.0022537708
0.0016502142
0.0018465519
0.0033088923
0.00014650822
0.0027655363
0.001462698
0.0007432699
0.0028620958
0.0007709265
0.0020097494
0.003997326
0.0022218227
0.0028258562
0.00058984756
0.0025684834
0.0019146204
0.0011563301
0.0011343956
0.002583146
0.00074982643
0.003259778
0.0021927357
0.0013314486
0.0010755062
0.0012367964
0.0016405582
0.0015165806
0.0013968945
0.0015068054
0.0023806095
0.0019205809
0.0027920008
0.0017496347
0.0033472776
0.0032203197
0.0007119179
0.0009518862
0.0014284849
0.0030800104
0.0031620264
0.0015569925
0.0011556149
0.0037181377
0.0026534796
0.002383113
0.0021418333
0.0023773909
4.374981e-05
0.0036275387
0.0008097887
0.0011835098
0.0018104315
0.0033279657
0.0026618242
0.0033911467
0.0018852949
0.0041202307
0.00039565563
0.0026499033
0.0020574331
0.0021351576
0.0028909445
3.9339066e-06
0.000790596
4.36306e-05
0.0025433302
0.00048410892
0.0012117624
0.0026855469
0.0027734041
0.001004219
0.0018283129
0.0030310154
0.005116105
0.0019035339
0.0010465384
4.4703484e-05
0.0028505325
0.0038443804
0.0030522346
0.0020833015
0.0022580624
0.0014377832
0.00045454502
0.0023714304
0.0026117563
0.0015722513
0.0009847879
0.001685977
0.0022546053
0.00090920925
0.0010085106
0.0014110804
0.0023658276
0.0022416115
0.00063729286
0.001749754
0.001758337
0.0020452738
0.0023850203
0.002722025
0.003307581
0.0034475327
0.003359437
0.0009537935
0.0025336742
0.0019174814
0.00071132183
0.0004979372
0.0017750263
0.0014122725
0.0030566454
0.0010545254
0.0018986464
0.00044858456
0.00031745434
0.00027906895
0.0008701086
0.0033860207
0.0024502277
0.0006608963
0.0015001297
0.0031892061
0.0019028187
0.0033202171
0.0029366016
0.0003761053
0.000284791
0.0021437407
0.0001398325
0.0026710033
0.0024106503
0.0010156631
0.0016437769
0.0024598837
0.0022543669
0.0023771524
0.0011787415
0.0037955046
0.00020813942
0.0016343594
0.0022226572
0.0021750927
0.0016735792
0.00013184547
0.0027177334
0.00050747395
0.00096428394
0.0024664402
0.0024352074
0.0011538267
0.0021597147
0.0028150082
0.0031661987
0.0015319586
3.8027763e-05
0.0024607182
0.0024700165
0.0021092892
0.0015673637
0.00090396404
0.0009914637
0.0012234449
0.0014452934
0.0033180714
0.00020825863
0.00015795231
0.002923727
0.003983736
0.0006918907
0.0033905506
0.0010786057
0.0044995546
0.0039674044
0.0022999048
0.0019894838
0.0008864403
0.0016344786
0.0020805597
0.0010265112
0.0035822392
0.0020406246
0.0034121275
0.0023624897
0.00236547
0.0009868145
0.0020051003
0.00060260296
0.0015708208
0.002434492
0.002108097

0.0011171103
0.0008761883
0.002095461
0.0009163618
0.0023325682
0.0022748709
0.0016676188
0.0007687807
0.00137496
0.00067412853
0.00012254715
0.0014868975
0.00018632412
0.0018697977
0.00051546097
0.0020724535
0.00025224686
0.0006765127
0.0007650852
0.0014079809
0.00062954426
0.0012813807
0.0009559393
0.00060749054
0.00036895275
0.0016855001
0.0005068779
0.0018366575
0.0007671118
0.00025355816
0.0008984804
0.0017290115
0.0006763935
0.0010815859
0.0006607771
0.00036871433
0.0009242296
0.0009913445
0.00050616264
0.0012851954
0.0019870996
0.00076305866
0.001888752
0.0012863874
2.3245811e-05
0.0009678602
0.002022028
0.0013754368
0.0011328459
0.0018992424
0.00090765953
0.0025764704
0.00044858456
0.0019185543
0.00054228306
0.0007991791
0.0013855696
0.00082707405
0.0013222694
0.0008254051
0.0015573502
0.00073063374
0.000344038
3.9339066e-06
0.0015850067
0.0006337166
0.001368165
0.0002053976
0.00043320656
0.0008895397
0.0011467934
0.00077807903
0.0011457205
0.001211524
0.0012590885
0.001105547
0.0014228821
0.0012977123
0.0011616945
0.0006606579
0.0020018816
0.0001654625
0.00083732605
0.0011512041
-0.00011706352
0.00030088425
0.00057065487
0.0018305779
0.0007199049
0.00017309189
0.0015141964
0.0010604858
0.001283288
0.00070512295
0.0016709566
0.0015560389
0.0014250278
0.00016081333
0.0007138252
0.0009856224
0.00036609173
0.0016932487
0.0011607409
0.00095176697
0.0013227463
0.00048983097
0.0005553961
0.0023063421
0.0011339188
0.0004943609
0.0012334585
0.0012102127
0.0011423826
0.00048673153
0.00086307526
0.0011833906
0.0002552271
0.00035214424
0.001459837
0.00103724
0.0008856058
0.0014336109
0.0020813942
0.00053966045
0.0013061762
0.00012302399
0.00057661533
0.001488924
0.001229763
0.0016504526
0.00043439865
0.0011655092
5.6743622e-05
0.0014516115
0.0010288954
0.0012334585
0.0013252497
0.0012329817
0.00072073936
6.353855e-05
0.00018906593
0.0013208389
0.0013087988
0.001209259
0.0017310381
0.0014429092
0.0018399954
0.0008248091
0.0010225773
0.000202775
0.0010154247
0.0011048317
0.0005506277
0.00097084045
0.0015468597
0.0003825426
0.00056254864
0.0017591715
0.0002592802
0.0009951591
0.00074470043
0.0006688833
0.0005147457
0.00040960312
0.0008903742
0.0014841557
0.00073421
0.0010018349
0.0021117926
0.00047934055
0.0010979176
0.001201272
0.0017162561
0.000739336
0.00051128864
0.0016930103
0.00082457066
0.0010639429
0.00026285648
0.00096166134
0.0012357235
0.0010231733
0.0003978014
0.00066399574
0.0016980171
0.0014938116
0.0007945299
0.0016155243
0.00085926056
0.0013500452
0.0009858608
0.0005799532
0.0017662048
0.00012981892
0.0010563135
0.0012251139
0.0012857914
0.0014307499
0.00047647953
0.0008701086
0.002494812
0.00074899197
0.00094258785
0.00029432774
0.0012124777
0.0010793209
0.0003787279
0.00065243244
0.0022697449
0.0011181831
0.0016034842
0.0013865232
0.0005223751
0.0018026829
0.0014475584
0.0005683899
0.001375556
0.00088739395
0.0002503395
0.00042450428
0.0010350943
0.00091707706
0.001932025
0.0016014576
0.0003669262
0.0006210804
0.0011326075
0.001069665
0.0010637045
0.00045347214
0.0008970499
0.0007045269
0.0013890266
0.00080251694
0.00056791306
0.0015591383
0.0006440878
0.0006233454
0.0011895895
5.9604645e-06
0.00034308434
0.0009588003
0.001300931
0.0014359951
0.0014047623
0.0026557446
0.00023686886
0.0022568703
0.0009511709
0.0011674166
0.0012559891
0.001464963
0.00087976456
0.00061941147
0.0011262894
0.0009828806
0.00096940994
0.0008302927
0.0017496347
0.00042414665
0.0011160374
0.0015306473
0.0030354261
0.00072705746
0.0012265444
0.0007638931
0.0012328625
0.0012471676
0.00090169907
0.0001603365
0.0005557537
0.000644207
0.00087332726
0.0011893511
0.0011584759
0.0007712841
0.0014369488
0.0012243986
0.001275301
0.0010883808
0.0006468296
0.00187397
0.001288414
0.0014306307
0.0009841919
0.00062537193
0.00075411797
0.0013273954
0.00199306
0.0002065897
0.0012683868
0.0007903576
0.0015784502
0.00051510334
0.0010931492
0.0004682541
0.0011950731
1.6093254e-05
0.0003412962
0.0015314817
0.0009702444
0.0011566877
0.0016461611
0.00050759315
0.00036466122
0.0020731688
0.0010857582
0.0013141632
0.00052034855
0.0017472506
0.00019395351
0.0019664764
0.00016772747
0.0013011694
0.0010873079
0.0017952919
0.00065016747
0.0011206865
0.00079739094
0.0017061234
0.0012596846
0.002137661
0.0022528172
0.0007355213
0.0007019043
0.0017894506
0.0006790161
-3.3020973e-05
0.0004172325
0.0011885166
0.0010308027
0.0013332367
0.00012862682
0.00062680244
0.0015103817
0.0009230375
0.0018728971
0.00030386448
0.001100421
0.00023162365
0.0021053553
0.0013717413
0.00068461895
0.00089359283
0.000718832
0.0012303591
0.0019444227
0.002068758
0.0009125471
0.00044047832
0.00084114075
0.0019032955
0.001568675
0.0010505915
0.0011318922
0.0022109747
0.0016778708
0.001291275
0.0010489225
0.0005413294
0.0010418892
0.0014004707
0.00061678886
0.00081932545
0.00089228153
0.00032627583
0.0013494492
0.0016006231
0.00048601627
0.0014086962
0.00041282177
0.00038266182
0.00014150143
0.00016784668
0.0007829666
0.0006965399
0.000893116
0.00038671494
0.0017997026
0.0007932186
0.0011907816
0.00038564205
0.00083732605
0.0008555651
0.0014683008
0.0010409355
0.00073838234
0.001039505
0.0017575026
0.00028908253
0.00030851364
0.0009778738
0.0008676052
0.0015121698
0.0012142658
0.0020860434
0.00029230118
0.00017857552
0.001958251
0.0015063286
0.0013611317
0.0022598505
0.00022399426
9.453297e-05
0.0006568432
0.00056290627
0.0011309385
0.0006836653
0.0013012886
0.001016736
0.0015214682
0.0014410019
0.0011804104
0.0005044937
0.0014798641
0.0005168915
0.0024937391
0.0003567934
0.0014187098
0.0013803244
0.000308156
0.0008983612
0.0007596016
0.0021235943
0.00078344345
0.00068461895
0.00128901
0.00087559223
0.0013363361
0.0013500452
0.0012135506
0.0010929108
0.0017102957
0.0010836124
0.00061428547
0.001369834
0.00014829636
0.0013751984
0.0016320944
0.001535058
0.0002914667
0.0014288425
0.0019309521
0.001647234
0.0012284517
0.0011438131
0.0012344122
0.0018264055
0.0008573532
0.00013506413
0.00071418285
0.0026880503
0.0013531446
0.00057291985
0.0015997887
0.0015151501
0.0015712976
0.0020644665
0.00062048435
0.0013924837
0.0013335943
0.0015404224
0.0017740726
0.0016028881
0.0017586946
0.0017468929
3.683567e-05
0.00089907646
0.001163125
0.0017478466
0.00069463253
0.0006197691
0.00028038025
0.0012242794
0.0005309582
0.0025578737
0.0011795759
0.0006966591
0.0012123585
0.00025463104
0.00043952465
0.00051403046
0.0011360645
0.0013868809
0.0006791353
0.00010585785
0.0017389059
0.0015819073
0.0018742085
0.00072836876
0.00066304207
0.00061798096
0.0006915331
0.0005456209
0.0008466244
0.00032126904
0.0014863014
0.00070273876
0.00062298775
0.0011980534
0.00021481514
0.00020337105
0.0017367601
0.0011472702
0.0011339188
0.00065493584
0.00026082993
0.0011529922
0.0007350445
0.00074350834
0.00074362755
0.00094139576

0.00052928925
0.0025047064
0.00022280216
0.0015552044
0.0011768341
0.0010384321
0.00048351288
0.0007557869
0.0024639368
0.0018942356
0.0013417006
0.0012409687
0.0001360178
0.00051152706
0.00045990944
0.0006735325
0.00017917156
0.0011810064
0.0011970997
0.0005657673
0.00060904026
0.0012795925
0.00039374828
0.0009649992
0.0014686584
0.001123786
0.0018389225
0.00075244904
0.0007483959
0.00080645084
0.0013790131
0.0015441179
0.0007121563
0.0008108616
0.00017261505
0.0009846687
0.0020627975
0.0019177198
0.0020179749
0.0013115406
0.0007647276
0.00036621094
0.0003887415
0.0004993677
0.0019310713
0.0006402731
0.0018455982
0.0003118515
0.00059592724
0.0025451183
0.001483798
0.00021636486
0.0021933317
0.00096809864
0.0011177063
0.00021791458
0.00070250034
0.0009727478
0.00076532364
0.0005712509
0.0012418032
0.0013293028
0.0013586283
6.4730644e-05
0.0011360645
0.00028312206
0.001642108
0.0013914108
0.0002861023
0.00049853325
0.0013071299
0.00028073788
0.0008379221
0.0005378723
0.0009404421
0.0024234056
0.0012149811
0.0012924671
0.0007009506
0.0011048317
0.0016986132
0.0014052391
0.0017688274
0.0022144318
0.001383543
0.0013948679
0.0011492968
0.0014135838
0.00097322464
0.0001333952
0.001617074
0.0015175343
0.0011175871
0.0012071133
0.0014224052
0.0025793314
2.849102e-05
0.00029408932
0.001026988
0.0018540621
0.000633955
0.0014637709
0.00082314014
0.0005159378
0.00017523766
0.00032567978
0.00016188622
0.00087475777
0.0009827614
0.0004937649
0.0016992092
0.0013364553
0.0010191202
0.0013003349
0.00076305866
0.0011581182
0.000620842
0.0010740757
0.00096929073
0.00012922287
0.0017397404
0.00048792362
0.0002939701
0.00023198128
0.0019444227
0.0012037754
0.00046145916
0.0008791685
0.0014321804
0.0015178919
0.0011447668
0.0011701584
0.0018159151
0.0019053221
0.0011000633
0.0012788773
0.0016489029
0.00088596344
0.0012568235
0.0010644197
0.0013164282
0.0007171631
0.0010966063
0.0013335943
0.00031590462
0.00026237965
0.0009602308
0.0014863014
0.0002952814
0.00073873997
0.0005643368
0.0013338327
0.0008068085
0.0005636215
0.0021591187
0.00042963028
0.000838995
0.0014002323
0.00087976456
0.0015127659
0.0011615753
0.0014090538
0.0009971857
0.0015044212
0.0010838509
0.0017271042
0.0010262728
0.0011798143
0.0010949373
0.00071036816
0.000116705894
0.0018646717
0.0016496181
0.00060141087
0.0009741783
1.2993813e-05
0.0011041164
0.0007659197
0.0007698536
0.00097453594
0.0006687641
0.00062453747
0.0005925894
0.0014463663
0.0012272596
0.0009224415
0.0014842749
0.001740694
0.001973033
0.00055897236
0.001568079
0.0019500256
0.0010005236
0.0011826754
0.00096929073
0.0010296106
0.00092458725
0.0008968115
0.00040864944
0.000182271
0.00079607964
0.0013471842
0.0008841753
0.0008049011
0.0008999109
0.001350522
0.00094664097
0.0012053251
0.0010902882
0.0001322031
0.0010808706
0.00055098534
0.0011132956
0.00019609928
0.0015763044
0.0010071993
0.0012550354
6.878376e-05
0.0009264946
0.0018277168
0.0015435219
0.00036907196
0.0017604828
0.00026118755
0.0012816191
0.00070667267
0.0007389784
0.0013815165
0.000633955
0.001291275
0.00045394897
0.0018157959
0.00035738945
0.0021300316
0.0011274815
0.0006327629
0.00075650215
0.00068867207
0.0012860298
0.0009214878
0.0010621548
0.00052022934
0.0010358095
0.0017404556
0.0002579689
0.00031375885
0.0016340017
0.0010514259
0.00083065033
0.0010038614
0.0019649267
0.0013298988
0.0011695623
0.0017260313
0.0011569262
0.0013730526
6.687641e-05
0.00023460388
0.0016891956
0.0010504723
0.0018125772
0.0013772249
0.00012278557
0.0019242764
0.0024163723
0.0015047789
0.00095260143
0.0018244982
0.00069344044
0.0012190342
0.000690341
0.0016771555
0.0014202595
0.0014489889
0.0005902052
0.00081694126
0.0013465881
0.00085783005
0.00022339821
0.0005491972
0.0010479689
0.0025815964
0.00063455105
0.0011547804
0.00080394745
0.00029802322
0.00087440014
0.00228405
0.0014717579
0.0014902353
0.00047767162
0.00042414665
1.6331673e-05
0.0013500452
0.00083494186
0.0015655756
2.2649765e-05
0.00094270706
0.0018647909
0.0007246733
0.0005271435
0.0009820461
0.00057685375
0.001001358
0.0012561083
0.0013226271
0.0019022226
0.002162099
0.0009961128
0.0011885166
0.0008999109
0.0011008978
0.00050377846
0.001819849
0.00062024593
0.0014808178
0.00068318844
0.0016220808
0.0008286238
0.0005801916
0.0019202232
0.0014224052
0.0022209883
0.00013768673
0.0003902912
0.00046217442
0.00028717518
0.0011180639
0.00034737587
0.001478672
0.0018632412
0.00066673756
0.0020935535
0.0005776882
0.0003732443
0.0012185574
0.0018852949
0.0015590191
0.0003902912
0.0010102987
0.0007582903
0.00059080124
0.00060379505
0.00024032593
0.0004130602
0.00010240078
0.0012495518
0.00081658363
0.00068736076
0.0010434389
0.0018565655
0.00087559223
0.0005391836
0.0018422604
0.0005444288
0.0010834932
0.0012407303
0.0006375313
0.0016497374
0.0009609461
0.000849247
0.00013315678
0.00028765202
0.0006016493
0.00034821033
0.0008124113
0.0007684231
0.001576066
0.00087952614
0.000803113
0.0003824234
6.6399574e-05
-2.5987625e-05
0.001432538
0.0015569925
0.0012242794
0.0016344786
6.67572e-06
0.0005310774
0.0010581017
0.0008867979
0.0018054247
0.0013613701
0.0019885302
0.00068056583
0.0006276369
0.000685215
0.0020085573
0.0011991262
0.0016326904
0.00109303
0.0019503832
0.0016932487
0.00045716763
0.001103282
0.0016881227
0.0015002489
0.0008018017
0.00076568127
0.0009112358
0.00033307076
0.0011096001
0.0017513037
0.0014636517
0.00032019615
0.0013166666
0.00044548512
0.0006393194
0.00046241283
0.0006841421
0.0010625124
0.00063431263
0.0015101433
0.001085043
0.0012073517
0.0013543367
0.0020473003
0.0007274151
0.00059878826
0.00085246563
0.0015804768
0.0012372732
0.0013676882
0.0014116764
0.004049897
0.0012415648
0.00013232231
0.0011905432
0.000988245
0.0013626814
0.00013172626
8.273125e-05
0.0011948347
0.0015664101
0.0012478828
0.00079882145
0.0007426739
0.001550436
3.5643578e-05
0.0011663437
0.0010290146
0.0010945797
0.0010443926
0.0016942024
0.00097310543
0.001375556
0.0014295578
0.00034987926
0.00039041042
0.000541687
0.0009964705
0.0009942055
0.00081038475
0.001241684
0.0012521744
0.00011217594
0.00029623508
0.001483202
0.0014625788
0.00017237663
0.0015349388
0.00033569336
0.00088727474
0.0013797283
0.00088238716
0.00047028065
0.00082552433
0.00097465515
0.0011188984
0.0014082193
0.0009022951
0.001517415
0.00039052963
0.0014249086
0.0015877485
0.0013128519
0.0006864071
0.0012229681
0.00031781197
0.0010180473
0.001508832
0.0014932156
0.0011148453
0.0003527403
0.0012972355
0.00031483173
0.0010490417
0.0014550686
0.00013768673
0.001241684
0.000993967
0.0011057854
0.00083339214
0.00093638897
0.0014060736
0.00035989285
0.0009047985
0.00057685375
0.0007735491
0.0010350943
0.0024684668
0.0019527674
0.00045979023
9.8228455e-05
0.000108003616
0.00013911724
0.0010257959
0.0016483068
0.0018264055
0.0012567043
0.00020492077
0.0010461807

3.7312508e-05
0.0008636713
0.0027279854
0.0035164356
0.0004981756
0.00048947334
0.0013997555
0.0028088093
0.0010714531
0.0020620823
0.00077342987
0.0015860796
0.0005514622
0.0015450716
0.0008568764
0.0017670393
0.0006365776
0.00024795532
0.00045883656
0.00058579445
0.0011641979
0.0011717081
0.00014412403
0.0014982224
0.002037406
0.0035749674
0.00025498867
6.651878e-05
0.00051760674
0.00039839745
0.0001424551
0.00025987625
0.00162673
0.0006545782
0.0034105778
0.00043475628
0.00032413006
0.0005799532
0.00065779686
0.0005683899
0.0005065203
0.00072443485
0.00086688995
0.0010412931
0.0012085438
0.00042498112
0.00044548512
7.760525e-05
0.00042569637
0.00014221668
0.0014526844
0.000608325
0.0013822317
0.00059080124
0.001031518
0.0029046535
0.0009796619
0.00041913986
0.0005118847
0.0016419888
0.0029150248
0.0007715225
0.0008163452
0.002123475
0.0012738705
0.0008598566
0.0003632307
0.00025427341
0.0017616749
0.00051021576
0.001568675
0.0003209114
0.0023070574
7.18832e-05
0.0004720688
0.0005477667
0.0013972521
0.0030062199
3.9577484e-05
8.094311e-05
0.0014113188
0.00043177605
0.001534462
0.0007851124
0.0011239052
0.0012503862
3.373623e-05
0.0017882586
0.00020813942
0.00040245056
0.0024398565
0.00024950504
0.0005981922
0.00059080124
3.5762787e-05
0.0005209446
0.0028955936
0.0014657974
0.00085926056
0.0001950264
0.00035858154
0.00047314167
0.0011745691
0.0011606216
0.00031888485
0.00063979626
0.00053465366
0.0004490614
0.00010383129
0.0001604557
0.00014996529
0.0012261868
0.0013711452
0.0014595985
0.0007264614
0.00031340122
8.916855e-05
0.0028517246
0.0015926361
0.0010505915
0.0015429258
0.0017139912
0.00032162666
0.0008292198
0.0010449886
0.0008121729
0.0007895231
0.002396226
0.0007477999
0.0014646053
0.00089895725
0.00068080425
0.0006095171
0.0015761852
0.0013605356
4.7445297e-05
0.0008113384
0.00043284893
0.00084114075
0.0014992952
0.00024414062
0.001965642
0.0014746189
0.0026311874
0.002441883
0.0020756721
0.0007596016
0.0011153221
0.0016132593
6.9499016e-05
0.000877738
7.1167946e-05
0.004249692
0.0019978285
0.00071680546
0.000121712685
0.0001847744
0.0001757145
0.0009377003
0.0011003017
0.0003836155
0.00047302246
0.0016106367
0.0023210049
0.0011634827
0.0006041527
0.0009326935
0.00032186508
0.0013558865
0.0006687641
0.0005583763
0.0007029772
0.0014750957
0.00021612644
0.000764966
8.904934e-05
0.0017837286
3.9219856e-05
0.0003989935
0.0022002459
1.5854836e-05
0.0015285015
-4.2915344e-05
0.0012863874
0.0004351139
0.00053203106
0.00036108494
0.0002539158
0.00024831295
0.0026330948
0.00051259995
8.904934e-05
0.0007413626
0.00030457973
0.0028272867
0.0013585091
0.0017756224
0.0006034374
0.0017385483
0.0003629923
0.00021588802
0.0003900528
0.0011686087
0.0015028715
0.00067198277
0.00014853477
0.0006469488
0.0015958548
0.0002411604
0.0017102957
0.00023698807
0.00048553944
0.0030679703
0.00031125546
0.0022873878
0.000156641
0.00029599667
0.0014574528
0.0012168884
0.0018417835
0.0011116266
0.0020742416
0.00081706047
0.0007497072
0.00035309792
0.0008467436
0.00151968
0.00029075146
0.00016140938
0.0007851124
0.001240015
0.00018024445
0.0015472174
0.0014847517
0.0007992983
0.0014586449
0.0001860857
0.0014212132
0.003276229
0.00022411346
0.0028740168
0.0018763542
0.00019645691
0.001183629
0.0014249086
0.000860095
0.00073456764
0.00076150894
0.0003348589
0.00024020672
0.0005425215
0.0022913218
0.0011428595
0.0005105734
0.0019695759
0.0012457371
0.00033318996
0.0007275343
0.00032532215
0.00072681904
0.0007185936
7.593632e-05
0.0008301735
0.0006070137
0.00036144257
0.0013496876
0.0010471344
0.0013022423
0.002442956
0.00041532516
0.0010508299
-6.759167e-05
0.00047397614
0.0012831688
0.0006929636
-5.1379204e-05
0.00055372715
0.00017738342
0.0017485619
0.000295043
0.0016480684
0.0019857883
0.00018191338
0.00032949448
0.00086426735
0.0012835264
0.002170682
0.0006828308
0.0006958246
3.4809113e-05
0.0015949011
0.0006878376
0.00024235249
6.747246e-05
0.0021725893
0.00016140938
0.00091040134
0.0024073124
0.0017591715
0.00089657307
0.00095772743
0.0023121834
1.9192696e-05
0.00051677227
0.0008147955
0.0007711649
0.00082433224
0.0005310774
0.00048935413
0.00019860268
0.0017678738
0.00019192696
0.00071024895
0.0009940863
0.00073969364
0.00024318695
0.00081574917
0.0052962303
2.0623207e-05
0.003379941
0.00014913082
0.004087329
0.0023400784
0.000631094
0.0008325577
0.00024223328
0.0011912584
0.00087690353
0.00032901764
0.0024946928
0.0006301403
0.00069725513
0.0017051697
0.00077307224
0.0024604797
0.0028443336
0.00020205975
0.00047838688
0.0012952089
0.0017492771
0.0013803244
0.0006723404
0.00023663044
0.0007933378
-4.7683716e-07
0.00047397614
0.00045835972
0.00021207333
0.0027245283
0.0007121563
0.00010728836
0.004353404
0.00045466423
0.0003926754
0.00047791004
0.0018020868
7.390976e-05
0.002311349
0.00018548965
0.0018017292
0.0012216568
0.007959247
0.0007956028
0.0027850866
0.0005630255
0.001583457
0.00094377995
0.00064980984
0.00021278858
3.6478043e-05
0.00042009354
0.001804471
0.00010883808
0.001339078
0.0010486841
0.0016617775
0.00028204918
0.00185287
0.0013192892
0.0005711317
0.0036296844
0.00089132786
0.0027388334
0.0007368326
0.0005296469
0.00061392784
0.00062167645
0.0003105402
0.00019574165
0.0025148392
-2.4914742e-05
0.00021481514
0.00050604343
2.0623207e-05
0.00024795532
0.00044035912
0.00011432171
0.0013597012
0.00067424774
0.0009897947
0.0014151335
0.0015320778
0.00037503242
0.0008454323
0.0024724007
0.00042676926
0.00028586388
0.0018435717
0.00023138523
0.0006890297
0.00055003166
0.0026512146
9.381771e-05
0.00033926964
0.0024998188
0.0009099245
0.0012207031
0.0008138418
0.0006585121
0.00035762787
0.002981782
0.00043845177
0.00054085255
0.00054705143
0.00045239925
0.0013086796
0.004333973
0.0005133152
0.00030231476
0.0011658669
0.0025794506
0.00031721592
0.0007092953
0.00037884712
0.0010991096
0.0001950264
0.00025975704
0.00038421154
0.0026868582
0.002737999
0.0009813309
0.0013899803
0.0004439354
0.0013184547
0.002294302
0.0005698204
0.0021038055
0.0003938675
0.0012266636
0.00031673908
0.0005970001
0.00025177002
0.00033771992
0.0010236502
0.0013418198
0.0006996393
0.0012898445
0.00078201294
0.00081956387
0.0015193224
0.00012588501
0.0016595125
0.0015677214
0.0004426241
0.0002695322
0.0025577545
-6.532669e-05
0.00079512596
0.0014386177
0.00046634674
6.735325e-05
0.0031700134
0.0007148981
0.001029849
0.00039184093
-5.6266785e-05
0.00026202202
0.00041425228
0.0014922619
0.001865387
0.00083851814
0.0005633831
0.0024937391
0.00095033646
0.00010871887
0.0006483793
0.00038182735
0.0006933212
0.0001513958
0.00020802021
0.0018109083
8.547306e-05
0.00011432171
0.0040186644
0.001082778
0.0005825758
0.0031243563
0.001508832
0.0011491776
0.0010602474
0.0027626753
0.0011645555
0.000928998
0.00034594536
0.0018134117
0.00038731098
0.0022822618
0.0008749962
0.0012266636
0.0003643036
2.2888184e-05
0.0011115074

0.00048589706
0.0004940033
0.0017440319
1.2993813e-05
0.0029845238
0.001232028
0.000114798546
0.00371778
0.001000762
0.0020588636
0.001033783
0.004462838
0.0005168915
0.0012494326
0.00058078766
0.0014106035
0.0007529259
4.553795e-05
4.9471855e-05
0.0014743805
0.0002424717
0.0006029606
0.00056004524
0.0024950504
0.00064599514
0.0025138855
0.0011358261
0.00064992905
0.0002270937
0.0019413233
0.00048553944
0.0012347698
0.0024926662
0.0010581017
-3.4570694e-06
7.9631805e-05
0.0021470785
0.00032508373
0.0019925833
0.00021266937
6.377697e-05
0.0015871525
0.00011086464
0.002491355
0.0045901537
0.003378749
0.0011310577
0.0021613836
0.0022580624
0.004221797
0.001562953
0.0018283129
0.0013803244
0.00029277802
0.0018484592
-4.4107437e-05
0.00016224384
9.357929e-05
0.00044679642
0.00055229664
0.0017328262
0.0028854609
0.0013129711
0.0008096695
0.0017068386
0.0049887896
0.00093626976
0.0009250641
0.000310421
0.0006066561
0.00031220913
0.0009583235
0.00048804283
0.004812002
0.00057816505
0.0016437769
-1.3113022e-05
0.00015246868
0.0015655756
0.0009537935
0.0011228323
0.0005517006
0.0012311935
0.00036287308
0.0007894039
5.567074e-05
0.002049446
0.0018942356
0.001953125
0.0005172491
0.0006195307
0.0003093481
0.0006788969
0.00022959709
0.00040221214
0.0006144047
7.891655e-05
0.0014350414
0.0003041029
7.43866e-05
2.193451e-05
0.004390478
0.0013473034
0.00019001961
0.00408566
0.00088477135
0.00029087067
0.0011792183
0.0016269684
0.0003643036
0.0015844107
0.0004169941
0.0022621155
0.001047492
0.002655983
0.0013498068
0.0009863377
0.0017603636
0.00201118
0.00024032593
0.0010244846
0.001190424
0.00048983097
0.00023019314
0.0006096363
0.0001629591
0.0035812855
1.1920929e-05
-5.4836273e-06
0.00015711784
0.0013799667
0.0010780096
0.0012135506
0.0002926588
0.0013207197
0.0014454126
0.00030982494
8.249283e-05
0.0007107258
0.000826478
0.00024282932
0.0004968643
0.0025439262
0.00047385693
0.0013914108
0.0009788275
2.2292137e-05
0.0015431643
0.0011744499
0.0010980368
0.0013581514
0.0014110804
0.0023545027
0.0003644228
0.00038862228
0.0026358366
0.0001296997
0.00060629845
0.00016868114
0.0013881922
0.0027865171
0.00046527386
1.4781952e-05
0.0026711226
0.0008983612
0.0007083416
0.00075256824
0.0007728338
0.00063073635
0.000652194
0.00039815903
8.428097e-05
0.00010347366
0.0010310411
0.0011743307
0.0005983114
0.0015662909
0.00028717518
0.00062692165
0.0002629757
0.0005033016
0.00048577785
2.8014183e-05
0.0009343624
0.00057423115
0.0010769367
0.00061678886
0.004183531
0.00012230873
0.00019645691
0.0004736185
0.001593709
0.0032337904
0.00064623356
0.00027441978
0.001183629
0.0008678436
0.0004967451
0.000315547
0.0012601614
0.0016425848
0.00073421
0.0013431311
0.002213955
0.0007637739
0.0013366938
0.00087070465
0.002385974
0.0003979206
0.00026464462
0.0004925728
0.00010550022
0.00084769726
0.00094270706
0.0013853312
0.00074517727
0.000528574
3.9935112e-05
0.0018237829
0.0019766092
1.6093254e-05
0.0015993118
0.0014871359
0.00078845024
0.00066173077
0.00014042854
0.0008147955
0.00079512596
0.0013953447
0.00043225288
0.0012947321
0.0011159182
0.0027786493
0.003183484
0.00037372112
5.9723854e-05
0.0037840605
0.0007555485
0.003505826
0.0005118847
0.004646063
0.0002487898
0.00027632713
0.0004439354
0.00013494492
3.9100647e-05
2.5868416e-05
0.0028287172
0.0002926588
0.0026547909
0.0012844801
0.0011371374
0.00013661385
0.00011193752
0.0028290749
0.001101017
0.00045609474
0.00073838234
0.00015377998
0.0005235672
0.0018888712
0.0014550686
0.0015876293
0.0011184216
0.0012503862
0.00028920174
0.00043022633
0.001152873
0.0015171766
0.0005736351
0.0015051365
0.0004401207
0.0002655983
0.0006918907
0.0015445948
0.0004981756
0.0011698008
0.0018340349
0.0013830662
0.0006700754
0.00039827824
0.0013821125
0.001599431
0.0010365248
0.00034451485
0.0013011694
0.00067806244
0.0007253885
0.00015282631
0.0023425817
3.7789345e-05
0.0012032986
0.0011860132
0.0007234812
0.0014690161
0.00053346157
0.0011152029
0.0006328821
0.0024352074
0.0006542206
0.00070893764
4.4584274e-05
0.0052199364
3.0636787e-05
0.00023114681
0.001543045
0.0004364252
0.0030676126
0.0016822815
0.0008686781
0.0012174845
0.0029240847
0.00014185905
0.0020071268
0.00035977364
2.4199486e-05
0.0014827251
0.0013307333
0.00134933
1.9192696e-05
0.0006120205
0.001619935
0.0019099712
4.887581e-05
0.0008511543
0.00036537647
2.026558e-05
0.0011403561
0.001678586
0.00320673
0.00023448467
0.0018430948
0.0014544725
0.0011030436
0.0017842054
0.00011730194
0.0017322302
9.3340874e-05
0.00041425228
0.00035321712
0.0005937815
0.0008018017
0.0006804466
0.0003080368
0.0016419888
0.00014948845
-1.4305115e-06
0.001739502
0.00030326843
0.0023947954
0.0014901161
0.0013575554
0.0017776489
0.0012786388
0.0002142191
0.000228405
0.00085389614
0.0018268824
0.0004105568
0.0005927086
0.00066554546
0.0007265806
4.6133995e-05
0.00027108192
0.0027099848
7.081032e-05
0.0007058382
0.00020813942
0.00101161
0.00095045567
0.0011944771
0.000248909
0.00075769424
0.002943039
0.00080788136
0.0012215376
0.0020116568
0.001543045
0.00072586536
0.0011399984
0.0006866455
1.4781952e-05
2.1457672e-06
0.00067830086
0.0010250807
0.0015853643
0.00010287762
0.000880599
0.0013697147
0.0014698505
0.00060224533
3.8146973e-05
0.00025606155
5.710125e-05
0.0013022423
0.0003259182
0.0013259649
0.00075161457
0.00027132034
0.00051891804
0.0006018877
0.0009124279
0.0005708933
3.4809113e-05
0.001921773
0.0019359589
8.85725e-05
0.0017414093
0.0017074347
7.6532364e-05
0.0018589497
0.0011534691
0.0029597282
0.00252676
0.0006213188
5.7816505e-05
0.0013700724
0.00026094913
0.0034512281
0.00040638447
0.0003643036
0.0011626482
0.00043439865
0.00045919418
0.00074875355
0.0009665489
0.0011788607
0.0004159212
0.0029740334
0.0002849102
0.0019418001
0.00052309036
4.0769577e-05
0.000495553
0.0011255741
0.003221035
4.541874e-05
0.0017145872
0.0005620718
0.0010206699
0.0024966002
0.0010796785
0.0010838509
0.0024180412
0.00037992
0.0012704134
1.4305115e-06
0.0025293827
0.00019037724
0.0006483793
0.0006350279
0.0022152662
0.00042712688
1.2397766e-05
0.0012040138
0.0015389919
0.00017809868
0.0011184216
0.004154563
0.0022155046
0.0012128353
0.00144732
0.0011432171
-5.2452087e-05
0.0017052889
0.0015285015
0.0014842749
0.0015072823
0.00074100494
0.0007638931
0.0026563406
0.00026893616
0.00018262863
0.00011944771
0.0018831491
0.0032467842
0.0005915165
0.0005122423
0.0004724264
0.0013577938
2.1457672e-06
0.0019744635
3.4332275e-05
0.0012661219
0.0015186071
0.0005954504
0.0011901855
0.00050234795
0.0020229816
0.0010172129
0.0018811226
9.346008e-05
0.00054109097
0.00043308735
0.001587987
0.0004541874
0.0042561293
0.001120925
0.0018182993
0.0009806156
0.0005559921
0.00053691864
0.00038444996
0.00075626373
0.00036752224
0.0007199049
0.00027644634
0.0007007122
0.0018833876
0.0030190945
0.0025219917
0.0003619194

0.0015985966
0.0009251833
0.0011167526
0.00041735172
0.0023032427
0.001660347
0.0007671118
0.0010213852
0.00054740906
0.0017431974
0.0011337996
0.0004386902
0.001214385
0.0009149313
0.00074744225
0.0028147697
0.0025138855
0.00025594234
0.0003068447
0.0002193451
0.0011066198
0.00091290474
0.00074243546
0.0011806488
0.0011745691
0.0013622046
0.00086677074
5.9485435e-05
0.0014820099
0.001670599
0.0007288456
0.0008368492
0.00058209896
0.0011278391
0.0020073652
0.0008773804
0.0015695095
0.0018736124
0.00065898895
0.0011658669
0.0015561581
0.00031733513
0.0012513399
0.0019711256
0.00022447109
0.0003772974
0.0020920038
0.0021288395
0.0010895729
0.0014828444
0.0018339157
0.00035440922
0.00053179264
0.0008970499
0.0009328127
0.0018062592
0.001201272
0.00018751621
0.0015361309
0.00012421608
0.0021073818
0.001689434
0.00089514256
0.0014617443
0.0025427341
0.00016510487
0.00027394295
0.00080919266
0.00027167797
0.001585722
4.2796135e-05
0.00050890446
0.001529932
0.0003297329
0.0012497902
0.0014798641
0.0011361837
7.9512596e-05
0.0015722513
0.000713706
0.00068199635
0.00039243698
0.00034368038
9.763241e-05
0.000274539
0.001055479
0.0012017488
0.00028419495
0.0006530285
0.00018501282
0.001360774
0.00089907646
0.0017863512
0.001642108
0.0013768673
0.0003682375
0.00068569183
0.0018162727
0.0023442507
0.0016561747
0.0010815859
0.00045263767
0.00046932697
0.0005362034
0.00072693825
0.001490593
0.0019893646
0.0016036034
0.0012034178
0.0011907816
0.0017012358
0.0013172626
0.0006234646
0.0011949539
0.00084877014
0.0011547804
0.00063097477
0.00083851814
0.0018854141
0.0009276867
0.0014818907
0.0015784502
0.00067162514
0.0011620522
0.0023766756
0.0015782118
0.0007712841
0.0010730028
0.0012499094
0.00073361397
2.515316e-05
0.0013748407
0.0019130707
0.00076007843
0.002192378
0.0021796227
0.00066125393
0.0012391806
0.0012456179
0.00023472309
0.0022228956
0.001178503
0.00085651875
0.0015861988
0.0010926723
0.002943635
0.0020987988
0.0026427507
0.0007932186
0.0017905235
0.0023400784
0.0007573366
0.00089752674
0.0015995502
4.220009e-05
0.0015058517
0.002150774
0.00060498714
0.00043404102
6.0915947e-05
0.000816226
0.0008468628
0.00076282024
0.0004811287
0.001021266
0.00022006035
0.0013002157
0.00079238415
0.0011081696
0.0008687973
0.0013252497
0.00094759464
0.0020713806
-2.6464462e-05
0.0011879206
0.0005927086
0.00047314167
0.00040626526
0.0018854141
0.0014073849
0.0008560419
0.0009111166
0.00064218044
0.0024014711
0.0012938976
0.0031712055
0.0019389391
0.00038349628
0.00096571445
0.0011613369
0.0005213022
0.00097310543
1.0609627e-05
0.00017809868
0.0005453825
0.000664711
0.00084257126
0.0008573532
-2.8133392e-05
0.0006246567
0.0015939474
0.002162695
0.000549078
0.0009672642
0.0025122166
0.00079882145
0.00011706352
0.00036549568
0.00045990944
0.0007683039
0.0014830828
0.00067174435
0.0027902126
0.0014314651
0.0017051697
0.00024008751
0.0012896061
0.00048077106
0.0010342598
0.0018529892
0.0018260479
0.000305295
0.00059723854
0.0006711483
0.00069236755
0.001425147
0.0002632141
0.0013209581
0.0017894506
0.0027102232
0.00019061565
0.0009536743
0.0007843971
0.0013170242
0.0005393028
0.0005580187
0.0008339882
0.0008276701
0.0025513172
0.0017821789
0.0010977983
0.0014647245
0.0007238388
0.0018274784
0.00064253807
0.0020074844
0.0018417835
0.0009292364
0.00086188316
0.0017348528
0.0010356903
5.4717064e-05
0.00051903725
0.0008300543
7.891655e-05
0.00075137615
0.0017210245
0.0014531612
8.821487e-06
0.0021117926
0.0009957552
0.00078988075
0.0020201206
0.0005489588
0.0003386736
0.0020371675
0.0010259151
0.0007736683
-1.0728836e-06
0.002886653
0.00040531158
-9.536743e-07
0.00040471554
0.00021159649
0.00039291382
0.00078237057
0.0005931854
0.002100587
0.0016696453
0.00046920776
0.0011214018
0.0001090765
0.0010564327
0.0012198687
0.0013723373
0.001029253
0.002648592
0.00040555
0.0007532835
0.0018612146
0.002710104
0.0006494522
0.0005913973
0.0014292002
0.00028824806
0.00049734116
0.00039732456
0.0004632473
0.0009783506
0.00028967857
0.0010031462
0.0023534298
0.0005866289
0.00080013275
0.0007134676
0.0017601252
0.0014861822
0.0010117292
0.001473546
0.00072956085
0.0007095337
0.0017539263
0.0005238056
0.00079095364
0.0012634993
0.0005553961
8.416176e-05
0.0007427931
0.0019749403
0.0011445284
0.001255393
0.00045359135
0.0022158623
0.0009595156
0.0009856224
0.0001629591
0.0011893511
0.0019192696
0.0007849932
0.0016300678
0.00040364265
0.0018184185
0.0011175871
0.00081276894
0.000477314
0.0011726618
0.0015877485
0.00048971176
0.0011456013
0.0006920099
0.001218915
0.00096297264
0.0016366243
0.0012273788
0.0007869005
0.00035703182
0.00050234795
1.6450882e-05
0.00073444843
0.0023115873
0.0004169941
0.001986742
0.002611637
0.00033307076
0.0009589195
0.00027251244
0.00029587746
0.0018235445
0.0003656149
0.0018708706
0.0010962486
0.0032322407
0.0008728504
0.001623869
0.0015586615
0.0008019209
0.0011380911
0.0003478527
0.0002682209
0.00021362305
0.0012215376
0.003798008
0.00026762486
1.9550323e-05
0.0010418892
0.00034737587
0.0011905432
0.0013520718
0.0017898083
0.0022449493
0.0016435385
0.0005636215
0.0013279915
1.9907951e-05
0.00095772743
-6.556511e-06
0.0013002157
0.0022156239
0.00036501884
0.0030766726
0.002231717
0.0013968945
0.001193881
0.0003607273
0.0010524988
-2.2649765e-06
0.0007882118
0.0022066832
0.00013566017
0.0009163618
0.00082826614
0.0003954172
0.0007240772
0.0009505749
0.001231432
0.0011231899
0.0008584261
0.0011430979
0.0002747774
0.00049233437
0.0011509657
0.0004028082
0.00096702576
0.0016746521
0.0035489798
0.0008121729
0.0014830828
0.002616167
0.0012639761
0.0010881424
0.001455903
0.0010586977
0.0024276972
0.00021123886
0.0008944273
0.0008460283
0.00026667118
0.0023162365
0.00069510937
0.00013446808
0.00081014633
0.00073862076
0.0017124414
0.0016354322
0.00054883957
0.0013619661
0.00061416626
0.0019974709
0.0010529757
0.001958847
0.0010006428
0.0013508797
0.0009174347
0.0018498898
0.0005751848
0.0034656525
0.0014170408
0.0005170107
0.0019335747
0.0018125772
0.00057303905
0.00046432018
0.0007851124
0.001994133
0.0006182194
0.0005065203
0.00022351742
0.00061905384
0.0006701946
0.0012382269
0.0010614395
0.0019735098
0.0009543896
0.002150774
0.0009088516
0.0006904602
0.0016143322
0.00089895725
0.0009212494
2.3722649e-05
0.0017359257
0.0036667585
0.0020543337
0.001994133
0.0019488335
0.0016483068
0.0022192001
0.0015748739
0.00031089783
2.2649765e-06
0.0005106926
0.0019699335
0.0023664236
0.000647068
0.0025007725
0.00014519691
0.0013515949
0.0009057522
0.0007259846
0.0005503893
0.0015940666
0.0008535385
0.0002629757
0.001314044
0.0012421608
3.0636787e-05
0.000839591
0.00041413307
0.00014269352
0.0012404919
0.0019921064
0.001891613
0.0015479326
0.0030050278
0.0012567043
0.0007234812
9.655952e-06
0.0012900829
0.0013939142
0.00062799454
0.0005890131
0.0014982224

0.002721548
0.00047147274
0.0017145872
0.0022807121
0.0016596317
0.0007880926
0.00070905685
0.0020204782
0.0009121895
0.00074243546
0.00090515614
0.000782609
0.00092351437
0.00027692318
0.001377821
0.0019456148
0.0013563633
0.00066173077
2.1100044e-05
0.001534462
0.0011590719
0.0003671646
0.0009315014
0.0010135174
0.0005848408
0.0014609098
0.00021481514
0.0006814003
0.0017924309
0.0013234615
0.00066936016
0.0008493662
0.0024991035
0.00032007694
0.0008124113
0.0030667782
0.0014551878
0.0013353825
0.0008394718
0.0008467436
0.0022349358
0.0011160374
0.0018366575
0.0016351938
0.0011283159
0.00086402893
0.0012995005
0.0012726784
0.0034284592
0.0025715828
7.3194504e-05
0.0019019842
0.00088632107
0.00094139576
0.00039827824
0.0003964901
0.0014683008
0.00103724
0.0019197464
0.00040137768
0.001131773
0.001354456
0.0021278858
0.0009095669
0.0002654791
0.0005335808
0.00028645992
0.0008735657
0.00060522556
0.00068211555
0.0008331537
0.0019279718
0.0009741783
0.0018104315
0.00085926056
0.0011284351
0.0020823479
0.0010671616
0.0007594824
0.0014359951
0.0002988577
0.0005879402
0.0009239912
0.00092828274
0.0012201071
0.00033056736
0.0011838675
0.00041103363
0.00041520596
7.688999e-05
0.0010435581
0.00028717518
0.00027036667
0.0007748604
0.00036084652
0.0009558201
0.0013058186
0.0010476112
0.00039291382
0.0018459558
0.001278162
0.0013393164
0.001760006
0.0021630526
0.000595212
0.0004951954
0.0006440878
4.053116e-06
0.00082182884
0.00097191334
0.001042366
0.0010704994
0.0016239882
0.0009009838
0.00045681
0.0013144016
0.0013896227
0.00070619583
0.0015045404
0.0013861656
0.0018087626
0.0014472008
0.0007824898
0.0021615028
0.0013494492
0.00020432472
0.0002565384
0.0011616945
0.0010536909
0.0011920929
0.00092327595
0.00059473515
0.00058579445
0.0019572973
0.00085425377
0.0009894371
0.0009690523
0.002434969
0.0014061928
0.0021567345
0.0009108782
0.00079607964
0.00076007843
0.002224803
0.0010797977
0.0016758442
0.0010272264
0.00052440166
0.0007292032
0.0010291338
0.0009435415
0.0016863346
0.0015687943
0.000859499
0.0020091534
0.0004440546
0.00073492527
0.0014438629
0.00045192242
0.0021426678
0.00096154213
0.0007086992
0.002487421
0.002019167
0.0022314787
0.0009485483
0.0006273985
0.0007483959
0.0015517473
0.0006070137
0.00026631355
0.0025889874
0.000880003
0.0006159544
0.00022423267
1.1086464e-05
0.001039505
0.0017939806
0.00075399876
0.0009982586
0.0021027327
0.00063693523
0.0006889105
0.00041115284
0.0015816689
0.00061917305
7.212162e-05
0.00078976154
4.9114227e-05
0.00093722343
0.000690341
0.00039160252
0.00046491623
0.0010223389
0.0010340214
0.0016834736
0.00033700466
0.0022387505
0.0012019873
0.0023390055
0.0016872883
0.00065100193
0.0006570816
0.0010225773
0.001155138
0.0005993843
0.0015171766
0.001485467
0.0013773441
0.0010237694
0.0017797947
0.0006840229
0.0015506744
0.00061297417
0.0017191172
0.0011202097
0.0012844801
0.0011113882
0.0023483038
0.00061392784
0.0006017685
0.0008481741
0.002231717
0.00038671494
0.0009262562
0.0005841255
0.0012444258
0.0011749268
0.00047957897
0.0005540848
0.0012948513
0.00062811375
0.0017002821
0.0011461973
0.00059366226
0.001410842
0.0005803108
0.0016435385
0.00023663044
0.0014096498
0.0020424128
0.0009862185
0.00038695335
0.0011254549
0.0016769171
0.0004836321
0.0018881559
0.0006186962
0.00018715858
0.0019534826
0.0011719465
0.00059866905
0.0033451319
0.0012830496
0.0005761385
0.00039041042
0.0010483265
4.684925e-05
0.0013267994
0.0012040138
0.0021287203
0.00041151047
0.00059092045
0.0012317896
0.00095009804
0.0013078451
0.0011433363
0.0006979704
6.377697e-05
0.00014424324
0.00042021275
0.00074470043
0.0016257763
6.699562e-05
0.0008062124
0.0010172129
0.0013868809
0.000928998
0.00044846535
0.0008933544
0.0018244982
0.0004554987
0.002289176
0.00071775913
0.0013984442
0.000978589
0.0019727945
0.0008664131
0.002085805
0.0013790131
0.0014814138
0.0014173985
0.0010024309
0.0008723736
0.0008434057
0.0010722876
0.00092482567
0.002560854
0.0011633635
0.00035393238
0.0020500422
0.0026432276
0.0005955696
0.0004967451
0.0006722212
4.0650368e-05
0.00057959557
0.002231121
0.001708746
0.002448678
0.0013465881
0.0005352497
0.003088951
0.0002310276
0.0004671812
0.0007814169
0.0003888607
0.00077319145
5.9604645e-07
0.0016117096
0.0005670786
0.00050342083
0.00063216686
0.0017107725
0.0007631779
0.0012074709
0.00040066242
0.0016448498
0.0012677908
0.0017133951
0.00054109097
0.00024485588
0.00031661987
0.0007688999
0.00081920624
0.0026131868
0.0012123585
0.00094521046
0.00088465214
0.0008150339
0.00063848495
0.0012032986
0.0005815029
0.00094902515
0.0007568598
0.0021981
0.0016463995
0.00080382824
0.0016517639
0.0003861189
0.0006738901
0.00086188316
0.001629591
0.0012614727
0.0013384819
0.001199007
0.0023428202
0.0009338856
0.0017009974
0.0015826225
0.00016617775
0.0010832548
0.0014088154
0.0010927916
0.00092089176
0.00041615963
0.00082314014
0.00031137466
0.0016852617
0.0015610456
0.00058054924
0.0009739399
0.00037145615
0.0011831522
0.0014446974
0.00095820427
0.0005823374
0.0010477304
0.0011671782
0.00044465065
0.0019137859
0.00020503998
0.00083863735
0.00097477436
0.0013542175
0.0008711815
0.0012184381
0.001526475
0.0017296076
0.00034725666
0.0010638237
0.0019352436
0.0002810955
0.0027686357
0.0020399094
0.0021219254
0.0010917187
0.0018566847
0.0016255379
0.0011962652
0.0011440516
0.001161933
0.0013614893
0.0011723042
0.0006107092
0.00096333027
0.0008509159
0.0009883642
0.0005558729
0.00020813942
0.00037109852
0.00052928925
0.0008343458
0.0011829138
0.0016173124
0.0011277199
0.0005134344
0.002413988
0.00043189526
0.0003861189
0.0028340816
0.0020793676
0.0004504919
0.0017842054
0.0014864206
0.001737833
0.0016577244
0.00015556812
0.0015388727
0.0008313656
0.0002683401
0.00048935413
0.00012731552
0.00077819824
0.0012205839
0.0005573034
0.00094628334
0.0028281212
0.00018882751
0.00096440315
0.00071179867
0.0014892817
0.0035432577
0.0020222664
6.854534e-05
0.0018918514
0.0010113716
0.00015747547
0.0004222393
0.00092566013
0.00064623356
0.00060367584
0.0035448074
0.0023003817
0.00083220005
0.0011011362
0.0010125637
0.0016252995
0.0005595684
0.00030338764
0.0017665625
0.001464963
0.0014001131
0.0031129122
0.0012514591
0.00080633163
0.00084614754
0.0005618334
0.0020786524
0.0015639067
0.0014412403
0.0013457537
0.00054991245
0.0010614395
0.0011982918
0.00073456764
0.0003861189
6.1273575e-05
0.0014812946
0.00028681755
0.00071144104
0.00060760975
0.0006284714
0.0007849932
0.0016115904
0.00038075447
0.0003119707
0.001229763
0.0008442402
0.00060117245
0.0013179779
0.0019532442
0.0010441542
0.000999093
0.00023126602
0.0004580021
0.0031815767
0.0008229017
0.0007953644
0.0014383793
0.00096333027
0.0013689995
0.0013241768
0.0018802881
0.0012212992
0.001262784
0.0009783506
0.0009317398
0.0015822649
0.0014389753
0.0017262697
0.001627922

0.04797423
0.038800955
0.05831349
0.055752993
0.043908596
0.0566777
0.037729025
0.03225255
0.03585303
0.038401484

