0.009276032
0.0038331747
0.017609596
0.010236144
0.0055265427
0.008751273
0.004384637
0.008729458
0.008506894
0.008241415
0.0100848675
0.005319476
0.008085847
0.012206554
0.0052036047
0.012516737
0.0024690628
0.0038181543
0.009260893
0.0011124611
0.003926754
0.006376624
0.016123772
0.003710866
0.005124092
0.0109295845
0.011621594
0.007736206
0.004278064
0.015384078
0.009679675
0.0024421215
3.3438206e-05
0.00476861
0.006128192
0.010167956
0.010346055
0.00528574
0.0039213896
0.01355958
0.008176327
0.009865403
0.009015441
0.01865685
0.008763194
0.0027979612
0.0058892965
0.017582178
0.012501597
0.005465746
0.009473681
0.0055134296
0.010261893
0.0015860796
0.009295344
0.012504101
0.006694913
0.019439816
0.0066324472
0.0066194534
0.012549162
0.010152936
0.008202553
0.010539651

0.009052873
0.003308773
0.0075386763
0.022042155
0.007739067
0.0068325996
0.01168108
0.020532608
0.00407815
0.0065898895
0.01504302
0.011269808
0.004568577
0.002015233
0.014024258
0.015464544
0.0023128986
0.008449674
0.009114742
0.009201646
0.007248521
0.0028073788
0.007507205
0.00788331
0.0052341223
0.00054097176
0.015656471
0.0054115057
0.01040864
0.0041003227
0.0012660027
0.0019885302
0.005867362
0.010496378
0.0070756674
0.0110737085
0.009882927
0.006858945
0.0035494566
0.003255248
0.006739497
0.006870985
0.015244961
0.0049186945
0.004650235
0.017190695
0.012253404
0.00965786
0.0022161007
0.0075113773
0.012888312
0.020194411
0.004406333
0.009642363
0.008123398
0.021046877
0.021705627
0.012563944
0.0075438023
1.9192696e-05
0.019024134
0.009557962
0.0048629045
0.011916995

0.0068285465
0.007449746
0.007194519
0.0018355846
0.008643508
0.0019510984
0.001296401
0.0008337498
0.0069919825
0.0085321665
0.0032887459
0.0074988604
0.00780952
0.004061222
0.00052809715
0.0051283836
0.006616473
0.004684925
-1.41859055e-05
0.0036283731
0.0038194656
0.007376671
0.001565218
0.004676938
0.011054754
0.00394845
0.004473448
0.0026568174
0.006185055
0.0028517246
0.009257197
0.0013872385
0.011254311
0.007001281
0.010937095
0.0017266273
0.0005671978
0.005342841
0.0046743155
0.0043001175
0.0008248091
0.008242011
0.0014910698
0.00645864
0.0032522678
0.0018322468
0.0020720959
0.0037770271
0.005297065
0.0017991066
0.008761525
0.0035099983
0.005827546
0.0021802187
0.0059764385
0.0061200857
0.00802052
0.0016490221
0.007041812
0.004787922
0.0062572956
0.0009951591
0.0056937933
0.00073349476
0.010755658
0.00728333
0.0057923794
0.0027509928
0.0043822527
0.0039594173
0.008181095
0.0119924545
0.0026561022
0.00012910366
0.006721139
0.007897377
0.003099084
0.008847475
0.0031450987
0.015476823
0.0068444014
0.0016200542
0.005495906
0.0011641979
0.0042021275
0.0019299984
0.0034998655
0.007224083
0.005980134
5.853176e-05
0.0006798506
0.001070261
0.0068296194
0.004494667
0.004529476
0.004079938
1.4305115e-05
0.00060379505
0.005098343
0.0036004782
0.00025045872
0.00015377998
0.006202221
0.0041025877
0.005331874
0.007859707
0.0004390478
0.0067909956
0.0119149685
4.506111e-05
9.441376e-05
0.004078269
0.0014359951
0.0035418272
0.009568453
0.00417912
0.0026780367
0.004926443
0.008695841
0.00039196014
0.0045764446
0.006022811
0.0005413294
0.00064718723
0.011199117
0.003595233
0.008506298
0.009297967

0.00024402142
0.0017384291
0.0032184124
0.009718299
0.006183982
0.000536561
0.003794551
0.00071430206
0.0029708147
0.008616805
0.015762925
0.009874225
0.004165411
0.0072561502
0.002413392
0.010772467
0.0065972805
0.0022351742
0.0011544228
0.001440525
0.0051584244
0.0021833181
0.0009741783
0.006303191
0.009097815
0.011175513
0.004698992
0.006165862
0.0033320189
0.002396822
0.00076425076
0.0012661219
0.0071954727
0.0010572672
0.0022428036
0.0037837029
0.004575014
0.0025906563
0.0025393963
0.0009608269
0.0040825605
0.0031721592
0.0043805838
0.003232956
0.0072489977
0.0023635626
0.009943724
0.0024365187
0.004435301
0.0037652254
0.003792286
0.0053682327
0.0007765293
0.0045655966
0.010023117
0.0052542686
0.00078475475
0.004770279
0.008615971
0.005892992
0.007114172
0.00493896
0.014558077
0.0072569847
0.0035063028
0.0037187338
0.0032037497
0.010495663
0.008282423
0.00493598
0.014282942
0.003980279
0.0031819344
0.0033595562
0.00033414364
0.0062406063
0.006938219
0.0006790161
0.003802061
0.00013625622
0.0038852692
1.1205673e-05
0.0010639429
0.0075126886
0.004109025
0.0008267164
0.0035142899
0.0062348843
0.0035072565
0.011360526
0.00027525425
0.0054029226
0.0027565956
0.0022648573
0.005276561
-1.3113022e-06
0.011082888
0.00804925
0.0012356043
0.0043292046
0.0036714077
0.0074943304
0.00438869
0.0009839535
0.00015223026
0.0053132772
0.0031001568
0.00040233135
0.013721585
0.0031753778
0.0023331642
0.0026129484
0.0046420097
0.004973054
0.007994175
0.0024967194
0.0055297613
3.7670135e-05
0.0087554455
0.006277442
5.376339e-05
0.0051591396
0.005527377
0.0068671703
0.0025771856
0.0051225424
0.0060653687
0.001983881

0.002465725
0.0026432276
0.0017025471
0.0018422604
0.0033088923
0.00070881844
0.0012637377
0.001352191
0.0045871735
0.0031244755
0.0050399303
0.002036333
0.0007227659
0.0016361475
0.003725171
0.0033515692
0.002765298
0.0027606487
0.0040062666
0.0005352497
0.00044202805
0.0019881725
0.00062918663
0.004047513
0.0020558834
0.0025104284
0.003784299
0.0038226843
0.002553463
0.0047836304
0.0035927296
0.0030561686
0.00185287
0.0025137663
0.00036990643
0.0011268854
0.003468275
7.8082085e-05
0.0019212961
0.003811121
0.002943635
0.0024585724
0.0026955605
0.0013389587
0.0017417669
0.0021424294
0.002619028
0.003464818
0.0030304193
0.003997445
0.0005326271
0.0009316206
0.0006695986
0.0033911467
0.0020625591
0.0025566816
0.0031751394
0.0037049055
0.00017249584
0.0022876263
0.0033968687
0.0028476715
0.0003437996
0.00018632412
0.0039560795
0.0018911362
0.0035626888
0.00030052662
0.0014628172
0.0029408932
0.00030064583
0.000923872
0.0011028051
0.0050798655
0.00013566017
0.0022062063
0.0019783974
0.0004554987
0.0025753975
0.0034559965
0.003828168
0.0016987324
0.0005233288
0.0034064054
0.0027446747
0.0033551455
0.0026693344
4.7564507e-05
0.00343287
0.0016314983
0.0035007
0.0010536909
0.004222393
0.002868414
0.0004144907
0.0052883625
0.0019257069
0.004034877
0.0027008057
0.0029793978
0.0025689602
0.0037754774
0.0027377605
6.4373016e-05
0.0018786192
0.0027149916
0.00063312054
0.0049852133
-2.360344e-05
0.002373457
0.0040171146
0.002119422
0.004327655
0.0032778978
0.0041707754
0.0040551424
0.0017673969
0.0017786026
0.0023893118
0.001991868
0.00029087067
0.0021845102
0.0034611225
0.0012472868
0.0016862154
0.0020474195
0.0037318468
0.002763033
0.002287984
0.0037169456
0.0011253357
0.0011165142
0.0036834478
0.0004286766
0.00019478798
0.001952529
0.00124228
0.0041259527
0.00044882298
0.0018992424
0.0051198006
0.0032448769
0.0043399334
0.0045956373
0.004316449
0.0032000542
0.0032445192
0.0019984245
0.0041570663
0.0028316975
0.0032936335
0.002390623
0.002554059
0.0026205778
0.0040163994
0.0032564402
0.002583027
0.0028561354
0.0026714802
0.0026654005
8.916855e-05
0.0037090778
0.0028355122
0.003097415
0.0025550127
0.0012667179
0.0028678179
0.0022093058
6.353855e-05
0.0034577847
-9.655952e-06
0.003471136
0.0038409233
0.004168868
0.0008614063
0.0019049644
0.0051654577
0.0032497644
0.00015103817
0.003191352
0.0031477213
0.0029486418
0.0031924248
0.004426837
0.00036275387
0.00015819073
0.0007638931
0.001531601
0.002889514
0.004983902
0.0017490387
2.360344e-05
0.0001348257
0.00019931793
0.0014593601
0.002444744
0.00019562244
0.001031518
0.0011357069
0.0031017065
0.002474904
0.0026760101
0.003785491
0.0023608208
0.0007508993
0.003262639
2.3126602e-05
0.0030725002
0.0047038794
0.0032650232
0.0030187368
0.0017259121
0.0018324852
0.0023720264
0.0053162575
0.0030950308
0.002912879
0.00011408329
0.0025488138
0.00014925003
0.0005133152
0.002991438
0.0027430058
0.0046550035
0.00243783
0.002867937
0.00213933
0.0024379492
0.0032750368
0.00045096874
0.00033688545
0.0049289465
0.0039488077
0.0025980473
0.0018311739
0.0032892227
0.0030523539
0.0022103786
0.0027624369
0.0013068914
0.0011053085
0.0051789284
0.001778841
0.0005840063
0.00040638447
0.0038534403
7.9512596e-05
0.0021586418
0.001425147
0.0032488108
0.0036318302
0.0031034946
0.0021190643
0.0019294024
0.0021352768
0.0014897585

0.00011205673
0.0016956329
0.0024629831
0.0036671162
0.0034121275
0.0019154549
0.0033259392
0.003365755
0.002793312
0.002926588
3.5643578e-05
0.00046277046
0.003229618
0.0016746521
0.0009976625
0.0022405386
0.0011626482
0.0005182028
0.003342986
0.0022461414
0.002506137
0.0014300346
0.0023720264
0.002251625
0.0042494535
0.0029027462
0.0009162426
0.00421834
0.0034091473
0.00080800056
0.0030164719
0.0007829666
0.0028922558
2.9802322e-05
0.0026874542
0.0019651651
0.0034110546
0.0005379915
0.0018674135
0.0004748106
0.00054717064
0.0040420294
0.003008604
0.001693368
0.00304842
0.0017749071
8.702278e-05
0.00203681
0.003352642
0.0005393028
0.0002206564
0.0028176308
0.00044870377
0.0027005672
0.0033420324
0.0021038055
0.00095915794
0.0031832457
0.002576828
0.003091693
0.0037693977
0.0026766062
0.0023210049
0.0025246143
0.0017564297
0.004270792
0.0034097433
0.0027893782
0.0031619072
0.0016875267
0.0004017353
0.0018818378
0.0040221214
9.536743e-07
0.0041139126
0.0033687353
0.0023858547
0.002004981
0.0039013624
0.00026345253
0.003780961
8.499622e-05
0.0071288347
0.002260089
0.0025442839
0.001568675
0.0034825802
0.0030339956
0.004556775
0.0016158819
0.0034748316
0.00014483929
0.0023554564
0.0025413036
0.002499938
0.0038650036
0.0018903017
0.0024231672
0.0019692183
0.0028332472
0.0041480064
0.0017145872
0.0023680925
0.0021295547
0.00016009808
0.0020446777
0.0038136244
0.0027633905
0.0022443533
0.0031255484
0.004098773
0.0022079945
0.00045132637
0.0018888712
0.0031151772
0.0012347698
0.0023941994
0.003358364
0.002576828
0.0022592545
0.0029894114
0.0037077665
0.003099084
0.0024656057
0.004065752
0.0036916733
0.0028287172
0.002978921
3.361702e-05
0.0065066814
0.004205823
0.0028957129
0.0015712976
0.0008453131
0.0015823841
0.004841447
0.0029571056
0.0028748512
0.0012135506
0.0037181377
0.002172947
0.0021953583
0.0034629107
0.00014531612
0.0037753582
0.0023739338
0.0017896891
0.0027508736
0.00058186054
0.0011206865
0.00260365
0.002334118
0.002347827
0.0003581047
0.0027656555
0.0041549206
0.0033584833
0.00090944767
0.003216982
0.00030827522
0.0028737783
0.000860095
0.00089609623
1.4662743e-05
0.0031251907
0.0020434856
0.0021176338
0.0028088093
0.0012296438
0.00078976154
0.0028603077
0.0033940077
4.708767e-05
0.00070154667
0.0037293434
-2.861023e-06
0.0006439686
0.0035254955
2.3841858e-05
0.0019137859
0.0020259619
0.0026521683
0.002428174
0.0037993193
7.7962875e-05
0.0038815737
0.00058817863
0.002191186
0.0026735067
0.0040231943
0.00059497356
0.0044733286
0.004325509
0.004289031
0.0016897917
0.0032604933
0.001693964
0.0033535957
0.0041855574
0.0019979477
0.0032999516
0.0022900105
0.0022830963
0.0019749403
0.0041998625
1.7762184e-05
0.0032404661
0.00032174587
0.0056624413
0.0042304993
0.00017428398
0.0032076836
0.002235651
0.0027894974
7.605553e-05
0.003163457
0.0025280714
0.0032655
0.0050092936
0.0017675161
0.002844572
0.0028651953
0.0005624294
0.0013175011
0.0022118092
5.8174133e-05
0.0017944574
0.0052000284
0.001414299
0.0019437075
0.0025771856
0.002064824
0.002544403
0.0026597977
0.004201293
0.0033006668
0.0004899502
0.0047039986
0.003843069
0.0017209053
0.0034646988
0.002462864
0.0031347275
0.0017242432
0.0012584925
0.0023150444
0.0029002428
0.00069105625
0.0021636486
0.0006520748
0.0046955347
0.003120184
0.0009647608
0.0014358759
0.0020492077
0.00023126602

0.002910614
0.0011019707
0.0032886267
0.002912283
0.0015164614
0.0033766031
0.004219532
0.0031017065
0.00036740303
0.0026038885
0.0004941225
0.0024106503
0.0009455681
0.0034970045
0.0033084154
0.0015234947
0.0026284456
0.0011024475
0.0017559528
0.002313614
0.001103878
0.0020905733
0.0033394098
0.0024092197
0.0018581152
0.0030003786
0.0025514364
0.0021903515
0.0023665428
0.0033253431
0.003560543
0.0027229786
0.0020489693
0.0022593737
5.030632e-05
0.00086033344
0.0028768778
0.0031321049
0.00072848797
0.0022346973
0.0014401674
0.004299164
0.00220716
0.0017037392
0.002483368
0.00016868114
0.0021203756
0.0020143986
0.003058076
0.002628684
0.00088334084
0.000918746
0.001762867
0.0016796589
0.004073143
0.003736496
0.0033416748
0.0028618574
0.003450036
0.002297759
0.00126791
0.003369093
0.0016152859
0.0028816462
0.001996398
0.0036615133
0.0010458231
0.00227952
0.0037147999
0.0029946566
0.002375722
0.0031841993
0.0032532215
0.0024789572
0.0016717911
0.0056596994
0.0026923418
0.0014873743
0.0010224581
0.002364993
0.00012505054
0.002489686
0.0015882254
0.00047457218
0.0018048286
0.0034866333
0.00022172928
0.002635479
0.0023742914
0.00060510635
0.0020081997
0.00316298
0.0036406517
0.0035104752
0.00016057491
0.0031918287
0.0024172068
0.0028795004
0.0024348497
0.0011558533
0.0011707544
0.0027837753
0.0034748316
0.0015492439
0.0023299456
0.0030839443
0.002049327
0.0031728745
0.0028368235
0.0034204721
0.0019750595
0.00037908554
0.0036693811
0.00079607964
0.0024402142
0.0011570454
0.00031352043
0.0003144741
0.0029468536
0.0017888546
0.00014233589
0.0023664236
0.002168417
0.002114296
0.0014215708
0.004386306
0.0035750866
0.00041115284
0.0029029846
0.0029559135
0.0028144121
0.0030878782
0.0042322874
0.004147649
0.0032178164
0.0039721727
0.0019462109
0.0022734404
0.0010821819
0.0032953024
0.0021049976
0.0031638145
0.0016802549
0.0021492243
0.002730012
0.00041270256
0.0025992393
0.0009291172
0.0017437935
0.0029790401
0.0020452738
0.0023585558
0.0001887083
0.0006533861
0.0026468039
0.0034706593
0.001499176
0.00042927265
0.0021445751
0.0029489994
0.0029245615
0.0018479824
0.002502203
0.0016037226
0.0015821457
0.0010828972
0.002456069
0.0030846596
0.002278328
0.0017280579
0.00026202202
0.002986312
0.0011948347
0.0020906925
0.0016530752
0.0015728474
0.0018856525
0.00391531
0.0014226437
0.0023659468
0.0026717186
0.0023310184
0.0016978979
0.0034350157
0.0014491081
0.002046585
0.0029199123
0.005726218
0.0005784035
0.002739191
0.0014896393
0.00019586086
0.00010573864
0.00017726421
0.0022687912
0.002830267
0.0029739141
0.0026580095
0.000564456
0.0042675734
0.0028299093
0.0021748543
0.0046491623
0.0031075478
0.00054585934
0.0018041134
0.0007367134
0.003678441
0.0021328926
0.0019307137
0.0015617609
0.0016961098
0.002821207
0.0026938915
0.004675269
0.0010693073
0.0027588606
0.00311625
0.0020525455
0.004278779
0.000916481
0.0033124685
0.003452301
3.9339066e-06
0.002343297
0.0037252903
0.004471183
0.00056266785
0.0034501553
0.0019466877
0.0025889874
0.0026655197
0.0021371841
0.003909707
0.002299428
0.0043952465
0.0031114817
0.0040374994
0.0033060312
0.0029445887
0.0028277636
0.003430009
0.004704237
0.0037719011
0.00077724457
0.0016511679
0.0019888878
0.00248003
0.0028574467
0.0021119118
0.0040129423
0.004153967
0.0032759905
0.002224207
0.002627492
0.00233078

0.0018792152
0.0016697645
0.0018606186
0.0012453794
0.0021802187
0.0014853477
0.0021573305
0.0019378662
0.0017286539
0.0006786585
0.0016232729
0.0013053417
0.0010993481
0.001288414
0.0009046793
0.0014933348
0.00026738644
0.0012947321
0.00027775764
0.0007632971
0.0012198687
0.0018646717
3.862381e-05
0.00015342236
0.0015687943
0.0015854836
0.0004708767
0.0022776127
4.4107437e-06
0.00021648407
0.0019440651
0.0009083748
0.0014449358
0.00085914135
0.001355052
0.00062584877
0.00175035
0.0015399456
0.0016961098
0.00030457973
0.0013046265
0.001214385
0.0018596649
8.189678e-05
0.0009390116
0.002311945
0.0015338659
0.0007368326
0.0011174679
0.0018023252
0.0017179251
0.001668334
0.00020420551
0.0009844303
0.0022095442
6.663799e-05
0.0002837181
0.0020946264
0.00054883957
0.00076949596
0.00056648254
0.0017505884
0.00042557716
0.0010881424
0.001625061
0.000954628
0.0024040937
0.0025874376
0.00039744377
0.0022114515
0.0012111664
0.0003376007
0.0019654036
0.00018501282
0.0014259815
0.00024867058
0.0010277033
0.00081014633
4.7683716e-05
0.00053727627
0.0011950731
0.0002465248
0.0017307997
0.0017529726
0.0007946491
0.0010762215
0.00011014938
0.0011013746
0.0009148121
0.00082087517
0.0009908676
0.0015307665
0.001287818
0.001229167
0.00075519085
0.0016614199
0.00021994114
0.0012370348
0.0010010004
0.00072300434
0.0007824898
0.0027421713
0.0012010336
0.0013773441
0.0019934177
0.0016354322
0.0018736124
0.0015971661
0.001201272
0.0019562244
0.0008161068
0.002028823
0.0003745556
0.0028686523
0.00017035007
0.0018049479
0.0008403063
0.0018897057
0.0019085407
0.0007840395
0.0013215542
0.0017676353
0.0013452768
0.002061963
0.002008915
0.0012344122
0.00043118
0.0019140244
0.0010483265
0.00137043
0.0006034374
0.001406908
0.0025633574
0.00053584576
9.095669e-05
0.0010060072
0.00050878525
0.0006225109
0.00051510334
0.0013825893
0.0008993149
0.0018810034
0.001909256
1.21593475e-05
0.0011513233
0.00018954277
0.0018253326
0.00053572655
0.0016834736
0.0014016628
0.0017768145
0.0014548302
0.0011816025
0.0019923449
0.0016661882
0.0015462637
0.0019681454
0.0017066002
0.0005174875
0.0013391972
0.00047683716
0.001863718
0.0016555786
0.001416564
0.00034689903
0.00053596497
0.00033640862
0.00087952614
0.0017386675
0.0013085604
0.0006303787
0.00016570091
0.0025271177
0.0005617142
0.001572609
0.0014224052
0.00047147274
0.00053310394
0.0027604103
0.0006377697
0.0015735626
0.00043332577
0.0008493662
0.0015184879
0.0015801191
0.0010735989
0.0011913776
0.0015374422
0.0008481741
0.00043654442
0.00091159344
0.00045752525
0.002401948
0.001755476
0.00041782856
0.0015074015
0.001054287
0.000349164
0.0011327267
0.0010923147
0.0011303425
0.0009589195
0.0018718243
0.00094151497
0.0005197525
0.0013847351
0.00014829636
0.0014765263
0.002102375
0.0012248755
0.0005341768
0.0015152693
0.00025379658
0.0009806156
0.0024795532
0.0018515587
0.0019999743
0.00061810017
0.0014694929
0.0011011362
0.0012686253
0.0012797117
0.0015237331
0.0012313128
0.0019184351
0.0016645193
0.0006980896
0.00077688694
0.0016530752
0.00021910667
0.0010280609
0.001942873
0.00072932243
0.0012853146
0.0017956495
0.000770092
0.001645565
0.0014936924
0.0012631416
0.0015809536
0.00056886673
0.0006289482
0.0014925003
0.00022864342
0.0012439489
0.00049841404
0.0010720491
0.0014569759
0.0025231838
0.0006633997
0.0011861324
0.0009447336
0.0005096197
0.0005854368
0.00069594383
0.001182437
0.0015866756
0.0010476112
0.0002053976
0.0015524626
0.0019848347
0.0015473366
0.0013900995
0.0011572838
0.0010304451
0.0016703606
0.0015257597
-4.351139e-05
0.0020917654
0.0015438795
0.0012624264
7.915497e-05
0.00020492077
0.0004930496
0.0010462999
0.0005129576
0.0018668175
0.002385497
0.0015149117
0.0015699863
0.0015827417
0.0004849434
0.00022280216
0.00014257431
0.0018122196
0.0014140606
0.00070273876
0.001330018
0.0007004738
0.0015215874
0.000639081
0.0015579462
0.0011211634
0.0010160208
0.002714157
0.00085675716
0.00024414062
0.0007799864
0.0023146868
0.0018063784
0.0012642145
0.00029969215
0.0021311045
0.0009237528
0.001159668
7.9512596e-05
0.0018820763
0.0008113384
0.0020359755
0.002227068
0.0013673306
0.0011092424
0.0005927086
0.00036013126
0.0004335642
0.0020434856
0.0034230947
0.0018625259
0.002203703
0.0015372038
0.0013128519
0.0024358034
0.0013924837
0.00079894066
1.2278557e-05
0.00051534176
0.0018496513
0.0016753674
0.0017720461
3.5762787e-05
0.0012651682
0.00027132034
3.0636787e-05
0.0019780397
0.0009251833
0.00026082993
0.00095808506
0.0016937256
0.001912117
0.00063598156
3.9219856e-05
0.00084495544
0.00022852421
0.0010924339
0.00085902214
0.0006635189
0.0020116568
0.0013372898
0.0012273788
0.0018218756
0.0010027885
0.00027143955
0.00032186508
0.0012341738
0.0011180639
0.0007843971
0.00043809414
0.00049984455
0.00059747696
0.0018867254
0.0016885996
0.000831604
0.00085794926
0.0019973516
0.00026404858
0.0020809174
0.0004620552
0.0018230677
0.00039720535
0.0008251667
0.0022286177
0.0010142326
0.0004913807
0.002584815
0.00022542477
0.0011951923
0.0013158321
0.00025820732
0.002383709
0.0010541677
0.0015403032
0.0005685091
0.0003708601
0.0013911724
0.0007443428
0.0020506382
0.0011745691
0.0018494129
0.0001244545
0.0010390282
0.0015505552
9.930134e-05
0.00097095966
0.0016511679
0.0008357763
0.0026342869
0.0013980865
0.0005789995
0.00012791157
0.001590848
0.0015134811
0.0019382238
0.0013047457
0.00137043
0.00029456615
0.0028281212
0.0016598701
0.0018029213
-3.0040741e-05
0.0008714199
0.0015860796
0.000780344
0.0015207529
0.002223134
0.0013432503
0.0018290281
0.0011553764
0.0005726814
0.00047326088
0.0009980202
0.0016617775
0.0021597147
0.00092446804
0.00034153461
0.0016304255
0.0015226603
0.0019290447
0.0018428564
0.00081706047
0.0016579628
0.00021469593
0.0015524626
0.0014138222
0.0024803877
0.0018550158
0.00022029877
0.0016076565
0.001532793
0.0006862879
0.0011395216
0.00093376637
0.0018545389
0.00046861172
0.0022640228
0.0017616749
0.0010006428
0.0021026134
0.0010156631
0.0013401508
0.0003527403
0.001103282
0.0015795231
9.357929e-05
0.002243042
0.00046122074
0.0019915104
0.0017386675
0.0014276505
0.0017729998
0.00010621548
0.0021002293
0.0014173985
0.0014046431
0.0004899502
0.0013018847
0.0020805597
0.0016502142
0.0008379221
0.0016850233
8.702278e-05
0.0013417006
0.00039601326
0.0010479689
0.0024707317
0.000997901
0.0014665127
0.0018150806
0.00054740906
0.0016572475
0.0004826784
0.0024625063
0.0014839172
0.0005937815
0.0011103153
0.0020264387
0.0014170408
0.0022841692
0.00083982944
0.00018203259
0.0024069548
0.00041484833
0.0022860765
0.0024882555
0.002190709
8.606911e-05
0.0026859045
0.0015126467
0.0031110048
0.00030386448
0.0021282434
7.3194504e-05
0.00024938583
0.0019514561
0.0023537874
0.0019866228
0.0005247593
0.0019180775
7.212162e-05
0.001463294
0.00081312656
0.0015746355
0.0001077652

0.0007715225
0.0016868114
0.00097060204
0.0009849072
0.00066006184
0.0013701916
0.00042700768
0.0019769669
0.0020765066
0.001401782
0.0007927418
0.001014471
0.00046277046
0.001611352
0.0008573532
0.0011301041
0.00043094158
0.0010255575
0.0011620522
0.00053954124
0.0016047955
0.000726223
1.7762184e-05
0.0009430647
0.0013480186
0.0011367798
0.00068092346
0.0001077652
0.00021648407
0.0003604889
0.0013600588
0.001410842
0.0007519722
0.0018954277
0.0002604723
0.001257062
0.0009378195
0.001378417
0.000826478
0.0011496544
0.0017827749
0.0009120703
0.0018000603
0.00083720684
0.002154708
0.0007189512
0.0007572174
0.00081431866
0.00038146973
0.0016098022
0.0009809732
0.0019251108
0.0006233454
0.0030407906
0.00030231476
0.00052797794
0.0016205311
0.00078105927
0.0021554232
0.0022796392
0.00083076954
1.8835068e-05
0.0014653206
0.0016299486
0.001232624
0.0023087263
0.0012098551
0.0004183054
0.0010808706
0.0014646053
0.00022101402
0.00017225742
0.0013928413
0.0010466576
0.0011003017
0.0013563633
0.0018482208
0.0017358065
0.0012675524
0.0018960238
0.00016987324
0.0005508661
0.001824975
0.0019181967
0.0014041662
0.00043809414
0.0005095005
0.002231598
0.0011982918
0.0013536215
0.0018190145
0.0006967783
0.0017670393
0.0008497238
0.0023280382
0.0019357204
0.0015761852
0.000869751
0.0007944107
0.0009202957
0.002419591
0.0007121563
0.0001835823
0.0013593435
0.0009902716
0.0026330948
0.0014452934
0.0007869005
0.0016034842
0.0011382103
0.0016587973
0.0005379915
0.0009930134
0.0017991066
0.0013247728
0.0015172958
0.0017874241
0.00081300735
0.0025137663
0.0027765036
0.0016964674
0.00012803078
0.0004888773
0.0012922287
0.0013766289
0.0016021729
0.0027481318
0.0014857054
0.00077962875
0.0015856028
0.0014852285
0.0013109446
0.002003789
0.0007122755
0.002122283
0.0008531809
0.00014865398
0.0009120703
0.0006325245
0.0016628504
0.00035476685
0.0015883446
0.0018478632
0.0009639263
0.0007663965
0.0008420944
0.0015696287
0.0024033785
0.0022785664
0.0011211634
0.00080537796
0.0012807846
0.0011161566
0.0017570257
0.00015616417
0.0009756088
0.0011249781
0.00034153461
0.0011543036
0.0007523298
0.0011805296
0.001175046
0.0004633665
0.0017272234
0.0012238026
0.0012495518
0.0024842024
0.0018160343
0.0015476942
0.0009224415
0.001906395
0.001161933
0.0011540651
0.0019158125
0.001816988
0.0013320446
0.001331687
0.0012528896
0.0013293028
0.00071918964
0.0018533468
0.0021047592
0.0010842085
0.0005517006
0.00045239925
0.0006672144
0.0014237165
0.0022189617
0.0012954473
0.00056910515
0.00027310848
0.0017437935
0.0014915466
0.0017015934
0.000492692
0.0015763044
0.00200665
0.0011252165
0.00032520294
0.00013661385
0.0018055439
0.0010501146
0.0018564463
0.0012265444
0.00037038326
0.002252102
0.0010466576
0.0016919374
0.00018191338
0.0013253689
0.0004930496
0.00095653534
0.001324296
0.0013555288
-5.9604645e-07
0.0011672974
0.0019298792
0.0007302761
0.001459837
0.0006953478
0.0012689829
0.0011268854
0.0013258457
0.0015774965
0.0007902384
0.0018070936
0.0005784035
0.0010590553
0.00042963028
0.0011172295
0.00087189674
0.00097191334
0.0009865761
0.001075983
0.000813365
0.0013017654
0.0016249418
0.0011100769
0.0015084743
0.0020728111
0.0016566515
0.001008153
0.0005803108
0.0017002821
0.0014401674
0.0004326105
0.0018851757
0.0028871298
0.0010895729
0.00092470646
0.0013606548
0.0006657839
0.00095558167
0.00169909
0.0012692213
0.0012820959
0.0009185076
0.00024724007
0.0011675358
0.0017154217
0.00088858604
0.001049161
0.0014213324
0.0011605024
0.00056028366
0.00033140182
0.0020883083
0.0009405613
0.0020987988
0.0007625818
0.0008262396
0.00035250187
0.0018208027
0.001091361
0.0018553734
0.001172185
0.0009403229
0.0011535883
0.0010204315
0.000115156174
0.00093984604
0.0007150173
0.0021226406
0.00020253658
0.00094497204
0.0018007755
0.0017366409
0.0011845827
0.0009366274
0.00011956692
0.0013945103
0.00010538101
-5.00679e-06
0.0018335581
0.0024729967
0.00062191486
0.000988245
0.0017825365
0.0023002625
0.0013039112
0.0013799667
0.002407074
0.00031530857
0.0010893345
0.00073361397
0.0011425018
0.0007132292
0.000103235245
0.0011423826
0.0014579296
0.00089895725
0.0009356737
0.0007867813
0.0007492304
0.0015362501
0.0015655756
0.00027370453
0.00092971325
0.0013371706
0.001258254
0.0015159845
0.00095164776
0.0010946989
0.0015060902
0.00045835972
0.0012273788
0.0018559694
0.00086319447
0.0024132729
0.0009061098
0.0011769533
0.00085771084
0.0014834404
0.0012667179
0.0019785166
6.723404e-05
0.0019938946
0.0014749765
0.001294136
0.0014454126
0.001065731
0.0015918016
0.00070655346
0.0015487671
0.00059485435
0.0020071268
0.0015949011
0.0012972355
0.0006327629
0.0017459393
0.0001912117
0.0008627176
0.0014475584
0.00035345554
0.00012290478
0.0006791353
0.0010193586
0.0006117821
0.0015292168
0.00031924248
0.00096809864
0.0015692711
0.0013644695
3.85046e-05
0.0011763573
0.0025241375
0.0010403395
0.00031864643
0.0014406443
0.0011577606
6.234646e-05
0.0013536215
0.0004515648
0.0023833513
0.0026506186
0.0018316507
0.0021145344
0.0025689602
0.0020424128
0.0012968779
0.0023008585
0.0005081892
0.0013420582
0.0013039112
0.0008610487
0.00081956387
0.0015410185
0.00036895275
0.00033724308
0.002236843
0.002032876
8.225441e-06
0.0017026663
0.0011428595
0.0010222197
0.0016032457
0.00018131733
0.00079762936
0.0018848181
0.0012955666
0.0003324747
0.0007200241
0.002129674
0.0011276007
0.0016852617
0.00038862228
0.00055265427
0.0019044876
0.0009456873
0.00069510937
0.0011154413
0.001442194
0.0017118454
0.00047278404
0.0021772385
0.0014414787
0.0015518665
0.0011620522
0.0017699003
0.0015041828
0.00047421455
0.0014129877
0.00059092045
0.00090944767
0.0015544891
9.2983246e-05
0.001763463
0.001159668
0.00083339214
0.0010470152
0.0015969276
0.0015791655
0.0017973185
0.00041377544
0.0020349026
0.00091838837
0.0004492998
0.00044357777
0.0004197359
0.0015050173
0.0012651682
0.0015751123
0.0013911724
0.00033307076
0.000104784966
9.405613e-05
0.0015892982
0.0013990402
0.0015383959
0.0010342598
0.0006210804
0.0010150671
0.0012078285
0.0015659332
0.0013908148
0.0019501448
0.0010045767
0.00092065334
0.0017572641
0.00049972534
0.00079607964
0.0008085966
0.0013203621
0.0013283491
0.00063979626
0.0015546083
0.0019136667
0.0010915995
0.00016832352
0.0015102625
0.0013279915
0.001537919
0.0011278391
0.0019288063
0.0003643036
0.0015722513
0.0012177229
0.0016540289
0.0015146732
0.002713561
0.0012991428
0.0011470318
0.001412034
0.0030702353
0.0018222332
0.0023281574
0.0010204315
0.0019960403
0.0017404556
0.000916481
0.0012265444
9.512901e-05
0.0013786554
0.0013184547
0.0014580488
0.0014671087
0.0021529198
0.0018761158
0.0012657642
0.0021920204
0.00064992905
0.0010479689
0.0010830164
0.001540184
0.00085425377
0.00175035
0.00046658516
0.0020128489
0.0013897419
0.0017353296
0.0011818409
0.0010887384

0.0005046129
0.0018001795
0.0003902912
0.00042831898
0.00031340122
0.00018572807
0.00073087215
0.00017356873
0.00081408024
0.0009112358
0.00029921532
0.0005749464
0.00078213215
0.0007582903
0.0010521412
0.00088620186
0.0010523796
0.00042796135
0.00097441673
7.605553e-05
0.0013513565
0.002220869
0.00070142746
0.0005377531
0.0008175373
0.00078344345
0.0006005764
0.0015630722
0.0017170906
0.00051009655
0.0008612871
0.0057674646
0.001200676
5.4359436e-05
0.00035476685
0.0025063753
0.00045764446
0.00061249733
0.00071263313
0.0009952784
0.00082457066
0.0005018711
0.0018794537
0.0007133484
0.0032405853
0.0003029108
0.00079870224
0.0013725758
0.0012511015
0.0009239912
0.00028038025
0.0006585121
0.0017157793
9.024143e-05
0.0003631115
0.00030219555
0.0005584955
0.0012450218
0.0011769533
8.3088875e-05
0.00129807
0.0015105009
0.002854228
0.0018308163
0.0013082027
0.00039446354
0.0021922588
0.0029302835
0.0011759996
0.00517416
0.0003745556
0.0024421215
0.00021505356
0.00044202805
0.00044548512
0.00038182735
0.00048434734
0.0012248755
0.0008637905
0.00076663494
0.000893116
0.0020091534
0.000893116
0.0007636547
0.00016117096
0.0023196936
0.002059102
0.0015029907
0.0007903576
0.0037962198
0.0011229515
0.0018972158
0.0004774332
0.0014168024
0.0020124912
0.00040841103
0.007171154
0.0006210804
0.0004312992
0.00030255318
0.0022269487
0.00026869774
0.0017215014
0.00025570393
0.0023466349
0.00023794174
0.0012130737
0.000603199
0.00034964085
0.00038349628
7.402897e-05
0.0022615194
0.00050485134
0.000877738
0.0005635023
0.00010740757
0.00015354156
0.0022118092
0.0010547638
0.001863122
0.002038598
0.00016403198
0.0016747713
0.00028264523
0.001425147
0.00045645237
0.00015795231
0.0019196272
0.0015716553
0.0005387068
0.0012140274
0.00074005127
0.0014373064
0.0026202202
0.0025612116
0.0013718605
0.0012146235
0.002233386
0.0014390945
-3.5762787e-07
0.0034645796
0.002711296
0.00013434887
0.00055742264
0.0005235672
0.0021195412
0.00063049793
0.0012643337
0.00016319752
0.00011575222
0.00067293644
0.0018684864
0.001459837
0.00034224987
0.00078594685
0.0016970634
0.001821518
0.0001128912
0.003494501
0.0031462908
0.00020360947
0.0018532276
0.0021283627
0.0011535883
0.00030744076
0.00033044815
9.286404e-05
0.0022634268
0.0015232563
0.0017901659
0.0017009974
0.0014731884
0.0015232563
0.0011427402
0.0014595985
0.0015423298
0.000721097
0.0010864735
0.0012302399
0.0029056072
0.00016582012
0.0011214018
0.00039732456
0.0001796484
0.0010179281
0.0002193451
0.00046300888
0.00015091896
0.0010616779
0.0006750822
0.00075507164
0.00032293797
0.00093114376
0.0014907122
0.0011640787
0.0005247593
0.0011281967
0.00037670135
0.0009907484
0.0006482601
0.0010840893
0.002588153
0.001029849
0.0017272234
0.00081014633
0.00037193298
0.0008530617
0.0011439323
0.00037062168
0.0005502701
0.0012022257
0.0004942417
0.00016701221
0.0010001659
0.0004720688
0.0018687248
0.003754139
0.0017408133
0.0003490448
0.0009863377
0.001406312
0.0017079115
0.00018465519
0.0014867783
0.0013747215
0.00022900105
0.00086534023
0.00032675266
0.0006788969
0.002067566
0.0009407997
0.0022631884
0.0041712523
0.0062919855
0.002580285
0.0024192333
0.000647068
-1.859665e-05
4.4226646e-05
0.0020513535
0.0017031431
0.0013563633
0.001930356
0.0001885891
0.0012587309
0.0036168098
0.0020323992
0.00097215176
0.003765583
4.7445297e-05
0.0013183355
0.00417161
0.0011839867
0.0029286146
0.0003913641
0.0008767843
0.00072979927
0.0007455349
0.00210011
0.0016551018
0.00016903877
0.0009866953
0.002874732
0.0015894175
0.0002387762
0.0016833544
0.0014022589
0.00083112717
0.00058829784
0.0015095472
0.00026845932
0.0008317232
0.004092574
0.00426805
0.0011008978
0.0027016401
0.0007829666
0.0017758608
0.00025510788
0.00025832653
0.00071179867
0.0011531115
0.00096309185
0.00012302399
0.0010159016
0.002049446
0.0006015301
0.0010225773
0.0012221336
0.0005520582
0.0025863647
0.00029039383
0.0011606216
0.0011781454
0.00039196014
0.00044238567
0.0012551546
0.0008229017
0.0020314455
0.0020872355
0.0007978678
0.00022435188
0.0005865097
0.0005018711
0.00045251846
1.0967255e-05
0.00084877014
0.0007623434
0.00042140484
0.0005505085
0.0011687279
0.0011262894
0.0010684729
0.0010728836
0.0018222332
0.0023251772
0.00029051304
0.0030024052
0.002506256
0.00028157234
0.0007853508
0.0025838614
0.002117753
0.0041698217
0.00083327293
0.0046292543
0.0010684729
0.0005977154
0.00053977966
0.0048264265
0.0028663874
0.0010130405
0.00058853626
0.00039684772
0.0018094778
0.0011001825
0.0001462698
0.0023463964
0.0013204813
0.00042021275
0.00016415119
0.0013669729
0.00012791157
0.00096297264
0.00076568127
0.00010359287
0.002593398
0.0010375977
0.0012079477
9.012222e-05
0.002047062
0.0009665489
0.00084269047
0.0014529228
0.0013352633
0.00020706654
0.0044971704
6.67572e-06
0.00087976456
0.00037395954
0.0014336109
0.0018900633
0.0026237965
0.0007305145
0.00039947033
0.0029181242
0.00072550774
0.0026909113
0.00081682205
0.00033926964
0.0005298853
0.0012798309
0.00031638145
0.00063729286
0.0004541874
0.00052022934
0.00015807152
0.0038597584
0.00010097027
0.0002682209
0.001357913
0.0011963844
4.87566e-05
0.0009571314
0.0027781725
0.0005251169
0.0007622242
0.0016436577
0.0012950897
0.0004377365
0.0009934902
0.00030958652
0.0005354881
0.001914382
0.0006477833
0.0057486296
0.0011762381
0.0013278723
8.058548e-05
0.0020564795
0.0017031431
0.0005815029
0.0008535385
0.0006542206
0.00063693523
0.0019811392
0.00095427036
0.0021044016
0.00024735928
0.0011826754
0.0007286072
0.003481388
0.00031149387
0.00089359283
0.0008840561
0.0014499426
0.0029882193
0.0010243654
0.00012409687
9.179115e-06
0.0005476475
0.00061059
0.0027840137
0.00050985813
0.00129807
0.00078082085
0.00014221668
0.0005110502
0.001650095
0.00017869473
0.0034561157
0.00030207634
0.0011867285
1.335144e-05
0.00082588196
0.0003848076
0.00062429905
0.0022166967
0.0012998581
0.0014336109
0.0011794567
0.0009391308
0.0019435883
0.00025236607
0.0012528896
0.00072562695
0.0026724339
0.0017123222
0.00010514259
0.00091278553
0.00047075748
0.00033652782
0.00025892258
0.0026214123
0.001437068
0.00031650066
0.0016608238
0.0010266304
0.00045967102
0.00046563148
7.212162e-05
0.00023055077
8.4638596e-05
0.0016003847
0.00094008446
0.002445817
0.0016269684
0.0010960102
0.001295805
0.004575968
0.00038170815
0.0015062094
0.00016129017
0.0022226572
0.0005300045
0.0010405779
0.00023138523
0.00014770031
0.0018975735
0.004307866
0.0013209581
0.000315547
0.00015759468
0.007152319
0.0014768839
0.00034284592
0.0031180382
0.00020241737
0.001653552
0.00046801567
0.0027189255
0.00062179565
0.0001834631
0.00016701221
0.0014122725
0.0005875826
0.001111269
0.0022864342
0.00045382977
0.002532959
0.00063586235
0.0001552105
0.00016129017
0.00019907951
0.00020897388
0.0006183386
0.0017789602
0.00029623508
0.0008199215
0.00045740604
0.00065112114
0.0005275011

0.0003298521
0.00026345253
0.0011622906
4.0888786e-05
0.0017194748
0.0010050535
0.0007804632
0.00034058094
0.0020589828
0.00028681755
0.00013315678
0.0008533001
0.0006120205
0.00045001507
0.0002490282
0.0025914907
0.0009460449
8.714199e-05
0.0028448105
0.0006952286
0.0038878918
0.0014885664
4.8160553e-05
0.0011214018
0.0006121397
0.0005503893
0.0011667013
0.0013252497
0.0014591217
0.0026570559
0.0008276701
0.0020210743
0.00031912327
0.002136588
0.00018775463
0.0019806623
0.0021164417
0.0010386705
0.0002965927
0.00023829937
0.0034772158
-1.6331673e-05
0.00088477135
0.0024591684
0.0014388561
0.00010752678
0.00094509125
0.0020252466
7.545948e-05
0.00013172626
2.3841858e-06
0.0024818182
0.0004903078
0.0012427568
0.0014719963
0.0012421608
0.0020247698
0.00031757355
0.001922369
0.0007264614
0.0020679235
0.00036787987
0.0019580126
0.00039494038
0.00015902519
0.00014150143
0.0008792877
0.0005068779
0.0001809597
0.0024430752
0.000579834
0.0030103922
0.00049972534
0.0020184517
0.0001578331
0.00029540062
9.286404e-05
0.0002977848
0.0015559196
0.00057935715
0.00197649
0.0011117458
0.00027024746
0.0005376339
0.0020763874
3.504753e-05
0.0010459423
2.4199486e-05
0.0009874105
0.00018036366
0.0033025742
0.000119924545
0.0027230978
0.0027774572
0.0006942749
8.6545944e-05
0.0017783642
0.0020605326
0.0010455847
0.00078856945
0.0016063452
0.0013533831
0.0006328821
0.00020444393
0.0003248453
-1.1444092e-05
0.00033581257
0.0015698671
0.00041162968
0.0024414062
0.00017678738
0.0015455484
4.684925e-05
0.002660036
0.0039651394
0.00013434887
0.0010287762
0.0012754202
0.0011218786
3.0517578e-05
0.0055686235
0.0001360178
0.00020205975
0.0002579689
0.0007658005
0.00022757053
0.0007083416
0.0012836456
0.00016653538
0.0023206472
0.0005573034
0.0012382269
0.0018384457
0.00025749207
0.003673792
0.00020420551
0.0011689663
0.0013120174
0.00038206577
0.001978159
0.002052784
0.0015056133
1.6212463e-05
0.00069379807
0.0012859106
0.00033152103
0.00066387653
0.0028294325
0.00068998337
0.0005501509
0.0011292696
0.0020918846
0.0021113157
0.0029537678
0.001412034
0.0006827116
0.0011481047
0.00025987625
0.0020952225
0.00055480003
0.0005917549
0.00062692165
9.536743e-07
0.00438118
0.00031280518
0.0018131733
0.003176093
1.180172e-05
8.34465e-07
0.0016999245
0.0010397434
0.0028030872
0.00017547607
0.0034279823
0.00048208237
0.00051796436
0.0002747774
0.0015120506
0.00022435188
0.0018957853
0.0014215708
0.000369668
0.0028487444
5.9604645e-05
0.00037705898
0.00086426735
0.0018059015
0.00021135807
0.0029244423
0.00040578842
0.0009850264
0.000502944
0.0003734827
0.0014761686
0.0016951561
0.0001296997
0.0033682585
0.0009173155
0.0010164976
0.0020463467
0.003120184
0.0011413097
7.176399e-05
0.00016605854
0.0068001747
0.0014381409
0.000538826
0.000289917
0.0005592108
0.0017746687
0.003267169
0.0008137226
0.0015830994
0.0007157326
0.0018428564
0.0015000105
0.00062704086
0.0041866302
0.001975298
0.0015563965
-1.2516975e-05
0.001740694
0.00067448616
0.003016591
0.0007724762
0.0019396544
0.0033233166
0.00114429
0.00070524216
0.000541687
0.0024843216
0.0013554096
0.0009963512
0.00074112415
0.00016665459
-1.3947487e-05
0.0006713867
0.00248456
0.0014275312
0.00028848648
0.0016773939
0.0035258532
0.00086021423
0.0008146763
0.0005283356
0.0011540651
1.4781952e-05
0.0009380579
0.0011050701
0.0019834042
0.0012228489
0.0013678074
0.0020397902
0.0023139715
0.0004838705
0.00049448013
0.00016200542
0.0006982088
0.0013902187
0.0005428791
0.00092077255
0.0015819073
3.0517578e-05
0.0009822845
0.0002862215
0.0014349222
0.00037777424
0.0013978481
0.0001231432
0.0014908314
0.0011913776
1.5497208e-06
0.00019800663
0.0002808571
0.00083708763
0.00048053265
0.00018322468
0.0013524294
0.0049762726
0.0019141436
0.0007710457
0.00084495544
0.0024437904
0.00062286854
0.0013021231
0.002791047
0.00047016144
0.0016040802
0.0031915903
0.0006802082
0.0043240786
4.196167e-05
0.0040169954
0.0009583235
0.0041395426
0.0010387897
0.0020933151
9.286404e-05
1.9431114e-05
0.0002632141
0.0034478903
0.0019695759
0.0006405115
0.0012094975
0.0016255379
0.0001988411
0.0009756088
0.0011389256
0.00074493885
2.18153e-05
0.0012072325
0.00056529045
0.0008083582
0.000928998
0.0008337498
0.00027048588
0.00026392937
0.0019052029
0.00052273273
0.002006054
0.0021338463
0.0020626783
0.0023361444
0.0025467873
0.0020171404
0.0024342537
0.00050115585
5.7458878e-05
0.0009909868
0.0019882917
0.0013194084
0.0010931492
0.00043535233
0.0009925365
0.00044333935
-9.179115e-06
0.0013036728
0.00032138824
0.0030046701
0.0005682707
0.0013629198
0.0024290085
0.0009151697
0.0013239384
0.0007135868
0.0033279657
0.00027251244
0.00030004978
0.0010410547
1.0728836e-06
0.0010885
0.0005290508
0.0010154247
0.00044715405
0.00053322315
0.0016841888
0.0026586056
0.00077855587
0.0012919903
6.890297e-05
0.00081956387
0.00058567524
0.0011219978
1.21593475e-05
0.001975894
0.00060355663
0.0028611422
1.04904175e-05
0.0011790991
0.00032556057
0.0011335611
0.00048601627
0.00061905384
0.0031878948
0.0008678436
7.9751015e-05
0.00023531914
0.00021135807
0.0005172491
3.7789345e-05
0.00024092197
0.0034862757
0.0030136108
0.0024315119
0.0030868053
0.00027787685
3.4570694e-06
0.0023399591
0.002929926
0.0016225576
-3.4570694e-06
5.197525e-05
0.003131032
0.000103235245
0.00030887127
0.0006699562
0.0011018515
0.0010925531
0.0040057898
0.0009111166
1.6570091e-05
0.0005886555
0.0023418665
0.0012456179
0.000233531
0.0024175644
0.0020816326
0.001650691
0.0026311874
0.002007246
0.0026142597
0.0022820234
0.0020970106
0.001296401
0.0014083385
0.002511859
0.0026760101
0.0005544424
0.0013426542
0.0032385588
0.00010037422
0.0014867783
0.0016360283
0.001588583
0.00027048588
0.00062799454
0.00093209743
0.0027264357
0.0005083084
0.00040400028
0.0003014803
0.00333035
0.0008947849
4.053116e-05
0.002637267
0.0005136728
0.00025582314
0.0006251335
0.00066947937
0.0011473894
0.00097584724
0.000103354454
0.002666235
3.5881996e-05
0.0010358095
0.0014381409
0.00055909157
0.0011057854
0.0016549826
0.00020158291
0.0016224384
0.0027377605
0.00021409988
0.0022842884
7.9512596e-05
0.0018079281
0.0026396513
0.0028152466
9.775162e-06
0.0021071434
0.0006376505
0.0003219843
1.5974045e-05
0.0013263226
0.0005592108
0.0008535385
0.0007559061
0.0015187263
2.2530556e-05
3.361702e-05
0.0033221245
0.0014718771
0.00091052055
0.0014387369
0.0030007362
0.0008496046
0.0018063784
0.000841856
0.00013065338
0.002294302
0.002049327
0.0014692545
0.0031718016
0.0010192394
0.001894474
0.0006183386
0.001319766
0.00058710575
0.0010453463
0.0015772581
0.0014748573
0.0033022165
0.0011537075
0.0019046068
0.003602624
0.0019359589
1.2397766e-05
0.0049294233
0.0015178919
0.0006381273
0.00084781647
0.00035953522
2.2649765e-06
0.0010815859
2.7060509e-05
0.001460433
0.0023958683
0.0013567209
0.0003528595
0.00014317036
0.0021355152
0.0012636185

0.0010824203
0.00081312656
0.0015928745
0.00394547
0.0020303726
0.0013654232
0.0016368628
0.001335144
0.0016008615
0.0007941723
0.001544714
0.00274086
0.0011268854
0.0006378889
0.0010505915
0.0013399124
0.0018750429
0.0010529757
0.00040650368
0.00055873394
0.0014032125
0.0014525652
0.0006542206
0.00078999996
0.0010919571
0.0017830133
0.00086021423
0.0012457371
0.00074744225
0.0004159212
0.00020492077
0.00080633163
0.0021868944
0.0010213852
0.0002502203
0.00011730194
0.0020087957
0.0026870966
0.0006569624
0.001280427
0.0015017986
0.0012278557
0.00023663044
0.0016191006
0.0015649796
0.001247406
0.0018918514
0.0010353327
0.0018392801
0.0006661415
0.0005033016
0.0011609793
0.0011410713
0.0029479265
0.0012534857
0.0013155937
0.0011177063
0.0022209883
0.00031125546
0.0019356012
1.0728836e-06
0.0024456978
0.0013296604
0.00022041798
1.4305115e-06
0.0008981228
0.0014132261
0.001755476
0.0010904074
0.0022575855
0.001796484
0.0013478994
0.00090789795
0.0003796816
0.0026037693
0.0020352602
0.0026421547
0.0008571148
0.0014164448
0.0025043488
0.0016905069
0.0018618107
0.0011130571
0.0019917488
0.0008766651
0.0013258457
0.0011123419
0.002480507
0.00055527687
0.0007047653
0.0015126467
0.0012321472
0.0009627342
0.00042676926
0.0014603138
0.00035429
0.0009638071
0.00023770332
0.00055241585
0.0002014637
2.0742416e-05
0.000949502
0.0011612177
0.0016579628
0.0018306971
0.0013515949
0.0018084049
0.00053298473
0.0013577938
0.00064873695
0.001408577
0.00024080276
0.0015971661
0.0017703772
0.0010828972
0.001540184
0.00061416626
0.0005477667
0.0004323721
0.00082170963
0.0005970001
0.00060141087
0.0016530752
0.00089097023
0.00047659874
0.00084745884
6.711483e-05
0.0013546944
0.000284791
0.00023841858
0.0006374121
0.0023201704
0.0015672445
0.0028362274
0.0023810863
0.00079619884
0.0033386946
0.0006952286
0.001693964
0.00024747849
0.0017364025
0.00047957897
0.0015821457
0.0020873547
0.00070261955
0.0010925531
0.00085246563
0.0031940937
0.0005093813
0.0016205311
0.0028429031
0.00064122677
0.0010536909
5.2332878e-05
7.033348e-05
0.0012588501
0.0010902882
0.0013542175
0.0028425455
0.000101685524
0.002034545
0.00081813335
0.00062918663
0.00042402744
0.0002322197
0.0014817715
0.00053203106
0.0020625591
0.0011707544
0.0012373924
0.00090789795
2.0861626e-05
0.0017236471
0.00057578087
0.0007778406
0.0009351969
0.000313282
0.0018761158
0.002010703
0.00026142597
0.0009803772
0.0005495548
8.428097e-05
0.0013871193
0.0017383099
0.0034717321
0.0010339022
0.0003014803
0.0030618906
0.0018411875
0.0024518967
0.000662446
0.0017899275
0.001667738
0.0012762547
0.0013380051
0.0021592379
0.00072979927
0.001719594
0.001359582
0.0016629696
0.0007735491
0.0012985468
0.0013598204
0.00022315979
0.000436306
2.0742416e-05
0.001344204
0.00024986267
0.00065624714
0.00072693825
0.0027682781
0.002980709
0.0006402731
0.00033259392
0.0008420944
0.0010242462
0.0014059544
0.0006121397
0.0019136667
0.0009058714
0.0013526678
0.00094008446
0.002806902
0.0008126497
0.0011059046
0.00103724
0.0014448166
0.0027065277
0.0022531748
0.0007477999
0.00096154213
0.0006161928
0.0010414124
0.0022011995
0.001987934
0.002085328
0.0018322468
0.0013946295
0.0018690825
0.0035488605
0.001719594
0.0011609793
0.0019615889
0.00022935867
0.0027902126
0.00084483624
0.0010646582
0.0012494326
0.00041770935
0.0025131702
0.0026034117
0.0013448
0.00039100647
0.00085794926
0.00025177002
0.0010462999
0.0009880066
0.0011303425
0.00071406364
0.0022387505
0.00022399426
0.0015044212
0.0014722347
0.0016981363
0.0033304691
0.0026495457
0.0026118755
0.0017735958
0.0007469654
0.0014235973
1.3113022e-06
0.00074338913
0.0011851788
0.00043010712
0.0006817579
0.0017182827
0.0012130737
0.002264738
0.0016547441
0.0003669262
0.00072073936
0.00053060055
0.0006811619
0.0011218786
0.001091361
0.0015733242
0.0007953644
0.0007469654
0.0011048317
0.0033935308
0.0011928082
0.0021009445
0.001060605
0.0018444061
1.13248825e-05
0.0020079613
0.00035762787
0.0025670528
0.0009429455
0.0018286705
0.00046229362
0.0010787249
0.0012091398
0.0018036366
0.00048696995
0.00065517426
0.000713706
0.0022788048
0.00037038326
0.0005657673
0.0018075705
0.00068056583
0.0017466545
0.002039194
0.0013065338
0.0011808872
0.001819849
0.0013893843
0.0012327433
0.0002720356
0.0012905598
0.00038802624
0.0005301237
0.00037145615
0.0011185408
0.001625061
0.00071656704
0.0019296408
0.0004016161
0.0010100603
0.0011345148
0.0017111301
0.002701521
0.0018134117
0.0022501945
0.00069510937
0.0008710623
0.0005404949
0.0019965172
0.0015381575
0.00036871433
6.1035156e-05
0.0011430979
0.00057542324
0.0017060041
0.0013862848
0.0017471313
0.0015256405
0.00034844875
0.0011490583
0.0009924173
0.0018354654
0.00040781498
0.001586318
0.001146555
0.001901865
0.0013444424
0.0009032488
0.000557065
0.00030589104
0.00012898445
0.00055766106
0.00041127205
6.4373016e-05
0.00044310093
0.003147006
0.00036883354
0.001837492
5.9127808e-05
0.0026359558
0.0015720129
0.0009608269
0.00033271313
0.0012178421
8.249283e-05
0.0010522604
0.00088071823
0.0005749464
0.0015946627
0.00101614
0.0010056496
0.0032351017
0.0004811287
0.00072300434
0.001082778
0.0005351305
0.00033938885
0.000787735
0.002418518
3.33786e-05
0.00026285648
0.00073873997
0.0006108284
0.0005379915
0.000669837
0.0016942024
0.0018837452
0.0029052496
0.0028595924
0.0017273426
6.711483e-05
0.00086688995
0.002624154
0.0014631748
0.0016739368
5.8174133e-05
0.0009691715
0.0021442175
0.0018975735
0.00089228153
0.0015176535
0.00010609627
0.00066530704
0.0005737543
0.0013484955
0.00060236454
0.0015858412
0.0023589134
0.0019538403
0.0017988682
0.0005764961
0.0022342205
0.0009288788
0.0020148754
0.00035715103
0.00027906895
0.0020221472
0.0009059906
0.0017865896
0.00070142746
0.0010209084
0.002240181
0.0005466938
0.0021617413
0.0009061098
0.0038186312
0.0032492876
0.0013856888
0.0014532804
1.4066696e-05
0.0010211468
0.001765728
0.00013256073
0.00015330315
0.00069081783
0.0022130013
0.0019478798
0.0006685257
0.001126647
0.0017232895
0.0011227131
0.0021141768
0.000259161
0.000426054
0.0012868643
0.00031900406
0.0029655695
0.0023232698
0.00037837029
0.0014641285
9.846687e-05
0.0018023252
0.00036025047
0.0018113852
0.0013308525
0.0009975433
0.0002567768
0.000900507
0.00073444843
0.0014163256
0.0008636713
0.0009162426
0.001055479
0.000562191
0.0013655424
0.0021523237
0.0019183159
0.001688242
0.0002502203
0.0026540756
0.00081157684
0.0020507574
0.0002862215
0.000805974
0.0019468069
0.0013786554
0.0019744635
0.0022563934
0.0014615059
0.00068485737
0.0017484426
0.0017892122
0.0013223886
0.0012563467
5.1021576e-05
0.002734661
0.0012922287
0.0026806593
0.0031744242
0.00056040287
0.0027151108
0.0012011528
0.000860095
0.00022470951
0.00074470043
0.0017075539
0.000587821
0.00019836426
0.0011817217
0.0015171766
0.0011734962

0.00070774555
0.0017168522
0.00040972233
0.00048351288
0.0014193058
0.0009907484
0.001581192
0.0013270378
0.0009230375
0.0024840832
0.0011345148
0.0014472008
0.0010620356
0.0011361837
0.0014483929
0.0013208389
0.00069749355
0.0006055832
0.00061893463
0.00047683716
0.00060009956
0.0010951757
0.00025892258
0.0008354187
0.00094389915
0.0025347471
7.426739e-05
0.00106287
0.0005791187
0.0017879009
0.0014340878
0.0011621714
0.0008330345
0.000113368034
0.0007802248
0.001490593
0.001663804
0.0016895533
0.002028823
0.0011923313
0.00094008446
0.0017166138
0.0013154745
0.00097060204
0.0023685694
0.0030647516
0.0010197163
0.0008544922
0.00081408024
0.0022845268
0.0008318424
0.00022542477
0.0011997223
0.0005247593
0.0023362637
0.00046300888
0.00054967403
0.0021919012
0.001475811
0.0018894672
0.00085639954
0.00058817863
0.0016692877
0.0013730526
0.0018026829
0.0018841028
0.00089120865
0.0006815195
0.0009545088
0.00058078766
0.0021697283
0.001726985
0.0012038946
0.00047457218
0.001008749
0.0037151575
0.0010652542
0.0009393692
0.0016930103
0.0019731522
0.0010277033
0.0014930964
0.0008286238
0.002122283
0.003406763
0.0010861158
0.004889846
0.0006059408
0.0009949207
0.0005259514
0.00071167946
0.0007940531
0.0016431808
0.00029706955
0.0015463829
0.0018084049
0.0015630722
0.0012075901
0.0010688305
0.0013124943
0.0014172792
0.0018289089
0.0012363195
0.0007804632
0.0012530088
0.0009570122
0.0006364584
0.0014702082
0.0019830465
0.0006672144
0.0017037392
0.0021002293
0.0009901524
0.00065267086
0.00084912777
0.0037593842
0.001098156
0.0015896559
0.00028800964
0.0014672279
0.0011885166
0.0031750202
0.00046253204
0.0026897192
0.0020030737
0.0008223057
0.0016554594
0.00072586536
0.0009204149
0.0008317232
0.001170516
0.002308607
0.0023189783
0.0031021833
0.000996232
0.0015206337
0.001167655
0.001237154
0.002373457
0.00071907043
0.0010670424
0.0004390478
0.0012824535
0.0016460419
0.00081300735
0.0005286932
0.0020821095
0.0010392666
0.0014282465
0.0008778572
0.0005455017
0.0008186102
6.4373016e-05
0.0007996559
0.0009442568
0.000805974
0.0013520718
0.0037447214
0.0005425215
0.0023150444
0.0011614561
0.0021810532
0.002529502
1.2755394e-05
0.0009973049
0.002121091
0.00019454956
0.0015003681
0.0013661385
0.00064492226
0.001014471
0.0010228157
0.0008819103
0.0017911196
0.0011273623
0.0011860132
0.0010915995
0.0006828308
0.00027275085
0.00068867207
0.0014901161
0.0004144907
0.0009961128
0.0007092953
0.0015232563
0.0003618002
0.0019910336
0.002061963
0.00092458725
0.00042498112
0.0013686419
0.00084364414
0.001316905
0.0018991232
0.000710845
0.0015010834
0.0019643307
0.0003951788
0.0006815195
0.00043082237
0.0021102428
0.0020735264
0.0006850958
0.00091707706
0.0023376942
0.0025496483
0.0029320717
0.004619479
0.0011415482
0.0009690523
0.00049579144
0.0021541119
0.00097084045
0.00049865246
0.0038995743
0.0027475357
0.00027871132
0.0008548498
0.003642559
0.00097465515
0.001644969
0.00041878223
0.0018715858
0.0005995035
0.001668334
0.000828743
0.001055479
0.0012744665
0.00070130825
0.0013027191
0.0012464523
0.002148509
0.0009468794
0.0014050007
0.001839757
0.0006350279
0.0007084608
0.0011850595
0.0009863377
0.00031220913
0.0013622046
0.0005040169
0.0009444952
0.0013979673
0.0017154217
0.0013010502
0.0012876987
0.0032560825
0.001111865
0.0028733015
0.0008530617
0.00078344345
0.0012828112
0.001247406
0.0022768974
0.0012360811
0.0008023977
0.001979947
0.0013463497
0.0013203621
0.00092601776
0.0013824701
0.0012696981
0.0016816854
0.00033414364
0.0011446476
0.0018720627
0.0005494356
0.0007483959
0.0014556646
0.0024971962
0.001406908
0.0011432171
0.0011506081
0.0024456978
0.00030839443
0.0013735294
0.0008171797
0.00026905537
0.000562191
0.0003938675
9.36985e-05
0.00042152405
0.0006533861
0.0006130934
0.00074493885
0.0012336969
0.0005172491
0.0020474195
0.00052523613
0.00041639805
0.00028431416
0.00048279762
0.0011298656
0.00031232834
0.0007033348
0.0011997223
0.001977563
0.0017163754
0.00033640862
0.00063312054
0.0014244318
0.0007863045
0.0010778904
0.0019253492
0.0014961958
0.0005327463
0.0012682676
0.00036680698
0.0014126301
7.045269e-05
0.0012085438
0.0008764267
0.0020422935
0.0025129318
0.00199306
0.0015261173
0.0022449493
0.00047314167
0.0015449524
0.0021197796
0.000703454
0.0013034344
0.002538681
0.00020360947
0.0014625788
0.000762105
0.0015157461
0.0011258125
0.00045096874
0.00018751621
0.0015653372
0.0025994778
0.0012645721
0.0011491776
0.00077331066
0.0006247759
3.516674e-05
0.0014175177
0.002328515
0.001121521
0.0013259649
0.00064074993
0.00083851814
0.0012843609
0.0021036863
0.0014210939
0.0010480881
0.0010976791
0.00015842915
0.0010538101
0.00073230267
0.0016686916
0.0012569427
0.000808239
0.0012873411
0.0026613474
0.0025537014
0.0005457401
0.001504302
0.0010826588
0.0021190643
0.0026232004
0.00038337708
0.0017071962
0.0006572008
0.00025343895
0.0005093813
0.0017040968
0.00157547
0.0009690523
0.0011352301
0.00086152554
0.0015712976
0.0016983747
0.00056898594
2.7418137e-06
0.0014330149
0.00042438507
0.0016061068
0.0010352135
0.0007133484
0.0018271208
0.0007895231
0.0018373728
0.0012387037
0.0017551184
0.0011433363
0.0007367134
0.0004951954
0.00093615055
1.168251e-05
0.00094783306
0.0024940968
0.00073826313
0.0010175705
0.0009473562
0.0021882057
0.0003607273
0.0024861097
0.0022220612
0.0016471148
0.0032471418
0.00071537495
0.00091421604
0.001478076
0.00014007092
0.0016442537
8.34465e-07
0.00062930584
0.0007095337
0.00081658363
0.0007095337
0.0021303892
0.00034558773
0.00075638294
0.0025767088
0.0008150339
0.0005558729
0.0018825531
0.00060105324
0.0015085936
0.0006440878
0.0008326769
0.00056898594
0.00029540062
0.00088071823
0.0009975433
0.00090157986
0.0010613203
0.0016598701
0.0006117821
0.0001912117
0.001398921
0.0021480322
0.0018513203
0.0009664297
0.00088250637
0.003106594
0.0012379885
0.0020215511
0.0011019707
0.0015634298
0.0029162169
0.0015209913
0.00074255466
0.0011461973
0.00049483776
0.0027227402
0.0012898445
0.0016252995
0.0013781786
0.0011565685
0.0009037256
0.0033717155
0.0008794069
0.0011134148
0.0014153719
0.0010681152
0.00027096272
0.0010383129
0.0017057657
0.00027418137
0.0010578632
0.00062692165
0.0017341375
0.0008351803
0.000972867
0.0006710291
0.00035905838
0.00075244904
0.000833869
0.002009511
0.0011175871
0.0022644997
0.0010627508
0.00090432167
0.0014947653
0.0010894537
0.001480341
0.0010102987
0.0009750128
0.0017528534
0.0003862381
0.00066292286
0.00035738945
0.001052022
0.0010735989
0.0019482374
0.0013053417
0.0010665655
0.0036907196
0.0022360086
0.0020461082
0.001163125
0.00021362305
0.0014926195
0.0015627146
0.000505805
0.0008312464
0.00042319298
0.00075161457
0.0018970966
0.00029349327
0.0023328066
0.0009480715
0.0010344982
0.0009188652
0.0
0.0016491413
0.0013771057
0.00057172775

0.052628517
0.039041758
0.06660879
0.07150924
0.05123341
0.066616535
0.044964075
0.03453183
0.04174483
0.03751254

