1.4851867
1.4296744
1.4652611
1.3969321
1.4750338
1.4036131
1.4432951
1.469234
1.5633557
1.4123044
1.4797522
1.4157107
1.460605
1.3998154
1.4776692
1.4448992
1.4755774
1.489882
1.4738554
1.4568228
1.460565
1.4318068
1.501582
1.4479368
1.5076036
1.3962204
1.4567097
1.4037466
1.4272397
1.4333962
1.4370637
1.451553
1.4119368
1.3771716
1.4106848
1.4353098
1.3934004
1.433928
1.4020877
1.5102646
1.4921083
1.4677101
1.5140116
1.4229999
1.4766159
1.3429449
1.4739
1.4140744
1.4374835
1.4809101
1.434279
1.4564098
1.5698723
1.3769544
1.521311
1.4040935
1.5205494
1.4069991
1.544479
1.441727
1.445438
1.4089677
1.4865667
1.4745616
1.4670993
1.3852043
1.418
1.4327934
1.3514031
1.3858979
1.4678776
1.3844078
1.3861611
1.4077126
1.5720531
1.4426972
1.4450017
1.4909874
1.4008927
1.5514231
1.4219207
1.3996232
1.3667117
1.4461737
1.4953569
1.4208608
1.6058979
1.4696782
1.4610864
1.3381767
1.4766679
1.4576119
1.4752715
1.448118
1.4186845
1.4319019
1.4790012
1.4696023
1.4581633
1.4668772
1.3635135
1.4539462
1.4907209
1.41783
1.406841
1.5066353
1.4299902
1.3641859
1.4067019
1.4702637
1.4277853
1.5137632
1.3651781
1.4581263
1.7887455
1.4602559
1.4131184
1.4740579
1.4864873
1.459901
1.3914747
1.3994951
1.5142827
1.4632674
1.4960628
1.3676268
1.3968512
1.4516089
1.7091851
1.4476326
1.5304277
1.3650421
1.4646521
1.501739
1.4314042
1.5570275
1.5214393
1.375129
1.437278
1.5119039
1.4348204
1.5171776
1.4021691
1.4847172
1.3936158
1.4184308
1.4058334
1.4797505
1.4549471
1.4662353
1.4303129
1.5224797
1.4040825
1.4485375
1.4580299
1.4373035
1.4376937
1.402867
1.3743266
1.419422
1.4657807
1.4144253
1.4715635
1.3621209
1.426259
1.4026884
1.4671748
1.4933894
1.4785737
1.4069002
1.3965908
1.4702065
1.4771851
1.3703421
1.5084476
1.4152428
1.4295067
1.4631
1.4177489
1.4685384
1.3875531
1.4930528
1.4018971
1.5380772
1.4192071
1.4124745
1.4118545
1.4330435
1.4465591
1.443045
1.435127
1.4329509
1.4760091
1.4141047
1.4669503
1.4677681
1.4406644
1.4686748
1.4716711
1.4223881
1.430748
1.4579153
1.3952705
1.4403404
1.5830097
1.5203588
1.4110646
1.5238487
1.4877744
1.3976568
1.425977
1.3693694
1.3683671
1.4436055
1.4749027
1.4762573
1.4284732
1.4148917
1.4987955
1.4684138
1.4549007
1.4642583
1.4192332
1.4105302
1.6108199
1.4072204
1.453242
1.4752331
1.4587301
1.4120339
1.4465494
1.4099194
1.4265245
1.4813292
1.5497844
1.4831434
1.4814934
1.4365834
1.3531029
1.3864343
1.5366879
1.4482083
1.3979001
1.4823749
1.4221814
1.4866468
1.362944
1.6509185
1.5445834
1.47032
1.4766426
1.4925398
1.5002623
1.4225231
1.3296291
1.4479278
1.5817224
1.5854728
1.3830236
1.391994
1.5878794
1.4394842
1.4188052
1.4349959
1.4876136
1.4676454
1.3939464
1.3853508
1.4088435
1.4446663
1.4783117
1.3885058
1.516913
1.4229767
1.4600153
1.4352343
1.4288542
1.5065279
1.466769
1.4667195
1.5081564
1.4435725
1.5170519
1.4276592
1.3984308
1.4867021
1.3546098
1.4772255
1.4187734
1.4577234
1.5214491
1.4191488
1.3761996
1.4156361
1.4464902
1.4881556
1.5081528
1.5140384
1.4708666
1.3855062
1.5155432
1.4050943
1.4290667
1.4955949
1.4097304
1.5057243
1.4209831
1.4129132
1.7028308
1.4549114
1.4235048
1.4847232
1.4568964
1.4340132
1.3113605
1.4360553
1.4104788
1.4993274
1.5418144
1.4283851
1.4364046
1.5048934
1.4174315
1.4519813
1.5135999
1.4610467
1.4302759
1.3849822
1.4265666
1.3872218
1.3977603
1.4026215
1.4095849
1.3898225
1.5068966
1.4330955
1.4327543
1.4293699
1.4271301
1.4792386
1.4452753
1.4244856
1.4387468
1.3827331
1.3511385
1.4464134
1.4333323
1.3834077
1.4409958
1.5022192
1.4716552
1.4822271
1.393709
1.4270991
1.4080311
1.4656377
1.4674103
1.5457464
1.5498016
1.47073
1.4332592
1.4505825
1.4459395
1.4119158
1.38145
1.5136287
1.4141518
1.3291234
1.4628296
1.4175818
1.4988248
1.6172913
1.5008321
1.454728
1.4332961
1.4572431
1.5180318
1.4542078
1.4363496
1.4532653
1.3924506
1.4571728
1.4232215
1.4145074
1.4325331
1.4548222
1.424898
1.438502
1.4713374
1.3952559
1.4007083
1.4428529
1.3612456
1.4725051
1.4657438
1.4584676
1.4545368
1.509398
1.539483
1.456506
1.4022293
1.4116554
1.3522971
1.4006128
1.5167928
1.3622172
1.4628588
1.3872104
1.4697204
1.4244391
1.4601634
1.4913969
1.4212308
1.436888
1.3910367
1.4754841
1.4652562
1.3982725
1.5259256
1.4231019
1.493501
1.4676882
1.4150535
1.4566689
1.4661158
1.3946505
1.461157
1.4377657
1.3957697
1.4914079
1.4546963
1.4322687
1.3728467
1.5591027
1.4330691
1.3669626
1.4657263
1.4563594
1.4259053
1.3456821
1.4452348
1.4842868
1.3973635
1.4183013
1.4911554
1.3526217
1.4366422
1.3660194
1.4286395
1.4602246
1.5393709
1.47295
1.4438877
1.4347299
1.4603039
1.3492587
1.3948915
1.3533195
1.5478599
1.5148276
1.4206411
1.5120173
1.3913445
1.434881
1.412198
1.4973541
1.4020829
1.3942053
1.4671295
1.493372
1.522174
1.5009992
1.4831142
1.4896207
1.538081
1.4656496
1.4132875
1.45971
1.3808061
1.4370826
1.4360489
1.4152447
1.4365531
1.381434
1.4602331
1.4528577
1.4176483
1.4405679
1.5349736
1.5323323
1.4071976
1.4304664
1.4316792
1.457403
1.493598
1.4253925
1.4222392
1.4650712
1.5523695
1.4911679
1.3911227
1.4566827
1.4293872
1.4737252
1.3969517
1.4340345
1.4026352
1.4838414
1.5462495
1.4153897
1.4599692
1.4826412
1.3835213
1.4436588
1.444701
1.3833339
1.4435326
1.5057142
1.3941262
1.4158516
1.4950482
1.4688021
1.5323961
1.4493651
1.4159287
1.4328278
1.480183
1.4580349
1.551668
1.4091818
1.4567419
1.4603508
1.4726877
1.4987899
1.4178381
1.402288
1.3989767
1.4558358
1.4021255
1.3455642
1.495198
1.4311497
1.489417
1.4125521
1.4436765
1.4716437
1.4563357
1.4674505
1.5239433
1.438918
1.4703184
1.4176816
1.4269887
1.4940073
1.4072354
1.3855486
1.4118043
1.4272965
1.5317396
1.3864485
1.4137993
1.4134257
1.4488932
1.4948004
1.4884818
1.3719878
1.4604764
1.4060564
1.4497411
1.4522182
1.4894096
1.403465
1.4590967
1.471582
1.478598
1.4215863
1.4664263
1.530648
1.481218
1.429299
1.3546284
1.3672705
1.3978295
1.3488164
1.4892585
1.3893114
1.4844404
1.4301503
1.3969495
1.4718843
1.394298
1.418025
1.5020638
1.4690181
1.4877055
1.4614962
1.4123576
1.4817053
1.413147
1.3931432
1.4057348
1.4363941
1.382001
1.4921917
1.4620017
1.4539171
1.4281707
1.4654922
1.4422723
1.4067526
1.4564958
1.419638
1.4558271
1.4404318
1.4698775
1.4009409
1.5419546
1.3616153
1.4061484
1.4694699
1.4973996
1.4779071
1.3583834
1.387116
1.5626866
1.3859811
1.4654723
1.4221003
1.4113448
1.4292485
1.3767065
1.4390618
1.3777622
1.4586133
1.4448782
1.4081419
1.4455158
1.3861252
1.4166455
1.4095008
1.4602594
1.4458835
1.4395862
1.3738148
1.5115855
1.5842804
1.4742697
1.3982583
1.4621117
1.4596286
1.4606912
1.4660825
1.5111359
1.4783404
1.3930877
1.3976349
1.4875895
1.4127179
1.4284613
1.4594841
1.4213257
1.4901557
1.4779793
1.4114544
1.443309
1.5382646
1.4571128
1.4352317
1.3925886
1.3822594
1.4636891
1.3928318
1.4202939
1.4308673
1.4643085
1.4154702
1.4314375
1.4544657
1.4321526
1.4188343
1.3809652
1.5121897
1.4665655
1.4228671
1.4015332
1.4160174
1.5378789
1.4610897
1.4108644
1.4583511
1.4132437
1.559001
1.4280859
1.4839125
1.4724103
1.4218776
1.4001468
1.515262
1.4144878
1.384585
1.4628516
1.3986918
1.547756
1.5190871
1.4541638
1.3801333
1.4847093
1.4530296
1.491519
1.4258589
1.394611
1.45086
1.418445
1.451696
1.399631
1.4383903
1.4442806
1.3897818
1.5321679
1.5457506
1.4227908
1.3783145
1.3938445
1.447225
1.4952292
1.3626496
1.3918643
1.4145395
1.4765927
1.4348875
1.4061266
1.4416625
1.4639213
1.4609145
1.5967706
1.4265033
1.387194
1.6421275
1.386755
1.4659308
1.4429018
1.4543853
1.4064786
1.4708054
1.3947709
1.505843
1.4058497
1.4883263
1.4621637
1.4977595
1.51726
1.517139
1.4090661
1.4424771
1.4485688
1.4825144
1.4685906
1.3704121
1.3909036
1.518142
1.4164525
1.4687845
1.3666239
1.4056035
1.5168631
1.5417767
1.4221272
1.3870944
1.3880649
1.4880561
1.435226
1.4534146
1.3795307
1.5909818
1.4746242
1.4607658
1.4436438
1.4290627
1.4675304
1.3964231
1.4590024
1.4951788
1.3928627
1.4267726
1.4924821
1.3807554
1.4333014
1.4520066
1.3630261
1.3952239
1.5192316
1.4277514
1.4899318
1.4716728
1.4963214
1.4813597
1.5193889
1.4090878
1.531942
1.3135573
1.41499
1.4391775
1.4229
1.3726114
1.4238054
1.3555613
1.5160053
1.466402
1.4066812
1.4813656
1.4453497
1.3882849
1.4233605
1.3161926
1.4610155
1.4607861
1.4597048
1.4180263
1.4001555
1.4178369
1.4553037
1.3767648
1.3731898
1.4221083
1.4725183
1.4057468
1.4438784
1.4948558
1.3988509
1.4262054
1.4133743
1.504847
1.5547107
1.4030578
1.3953927
1.4495269
1.431005
1.404801
1.4500247
1.4077063
1.450569
1.4162966
1.491646
1.4315317
1.5013527
1.4074826
1.3861684
1.4027435
1.4266485
1.318586
1.4224037
1.4958074
1.4359584
1.3954002
1.4195527
1.4489542
1.4506927
1.4026912
1.374955
1.4834611
1.6359968
1.3995984
1.3893402
1.4289106
1.4402512
1.5194719
1.3525321
1.4448744
1.5206357
1.4447843
1.4918649
1.4495734
1.4966003
1.3538004
1.4942044
1.4916489
1.3780698
1.4134402
1.3842355
1.4051226
1.4353427
1.3612647
1.4167796
1.4043288
1.4242644
1.4547833
1.4428468
1.4451189
1.3983486
1.4694939
1.4763975
1.4818314
1.4879425
1.3862083
1.4453291
1.4421349
1.4876037
1.4532117
1.4538009
1.4393979
1.4340343
1.4775853
1.3922392
1.4708185
1.4380045
1.4314842
1.5163472
1.5633109
1.4909104
1.4383968
1.4442647
1.494245
1.4366475
1.3604076
1.4838344
1.5056771
1.4655049
1.5840702
1.4753673
1.4265183
1.422683
1.4192508
1.4254234
1.4396622
1.438987
1.4024677
1.5467767
1.4466082
1.4194715
1.4336617
1.4601471
1.3979532
1.4282718
1.4657494
1.4070854
1.4373778
1.4366493
1.4961952
1.3557748
1.3954335
1.394567
1.481204
1.4257625
1.4631803
1.4219459
1.471655
1.406376
1.283505
1.441477
1.4073508
1.4560636
1.5188218
1.588741
1.4802496
1.4185228
1.3223432
1.467012
1.496087
1.4932735
1.43176
1.4181123
1.4251089
1.4385669
1.4540988
1.4485718
1.4650395
1.4020575
1.417565
1.5872217
1.5077853
1.3847755
1.4142756
1.4808205
1.4709175
1.5484917
1.465145
1.3870779
1.4913146
1.4308522
1.4777672
1.4876992
1.3920752
1.4523494
1.390404
1.398111
1.4013478
1.478074
1.5524222
1.4639186
1.4254928
1.407188
1.5064563
1.520122
1.4487978
1.3911866
1.481041
1.4033471
1.4101012
1.4566334
1.3899714
1.4321618
1.415779
1.4945502
1.4520365
1.3952694
1.4995612
1.4857738
1.4113575
1.447164
1.5183386
1.5065277
1.4796519
1.4463619
1.3978893
1.3721586
1.3638707
1.4549859
1.4236654
1.4186285
1.5267267
1.5481039
1.4093056
1.419775
1.4811876

2.9563003
3.1309423
3.4824667
3.6451766
3.6192884
3.657776
3.1819642
3.5141876
3.5617514
3.6956556

