0.18988705
0.09896433
0.018237472
0.0038909912
0.10448325
0.08270836
0.08633423
0.029437542
0.12855649
0.052059412
0.15281463
0.08096385
0.11509502
0.088808775
-0.014747024
0.019809365
0.0957855
-0.027598858
0.16491306
-0.07751918
0.015056491
0.063584924
0.06019628
0.027797937
0.05062926
0.110479355
0.05636382
0.0687443
0.16217613
-0.03617239
0.10508561
0.13248992
0.13839686
0.16006482
0.039307833
0.040780783
0.052524447
0.17203426
-0.0065624714
0.12522817
0.06433809
0.057025075
0.05514717
0.15539098
0.036924124
0.088825464
0.019899487
0.07434189
0.09757054
0.10675371
0.15406287
0.019835591
0.048452616
0.044580698
0.078294635
0.007850289
0.089638114
0.07369542
0.09860134
0.05393076
0.052731156
0.037913203
0.029485703
-0.008672953

0.06231916
0.1535052
0.06677842
0.021301627
0.07190609
0.2671051
0.08140397
0.17411137
0.41945016
0.22414625
0.09670997
0.08194673
0.17447436
0.06330359
0.40292907
0.16576111
0.1573329
0.15013838
0.08191824
0.14053094
0.14170706
0.15153968
0.1463399
0.16868281
0.087663054
0.32953453
0.21803892
0.064086676
0.14340127
0.5578265
0.12633598
0.08883536
0.11313903
0.0015236139
0.11634898
0.12624669
0.32329357
0.26292312
0.114175916
0.08716869
0.024904013
0.072815776
0.07838249
0.22370577
0.26827526
0.25105798
0.24348164
0.15672028
0.23071873
0.21067536
0.19745815
0.09744561
0.54072475
0.17060852
0.04498148
0.09088409
0.20986998
0.10832691
0.09826183
0.08806074
0.26436627
0.17991626
0.06279063
0.19180393

0.07656515
0.06648564
0.06441903
0.0827806
0.03043282
0.14650273
0.13430214
0.016706228
0.117290616
0.06924772
0.11919308
0.048981786
0.065624
0.0038735867
0.0066918135
0.19635093
0.01790917
0.13817143
0.14370418
0.089673996
0.023455024
0.15283334
0.06463218
0.050605297
0.16991866
0.026347756
0.07854974
0.12017536
0.00060379505
0.17069745
0.0091410875
0.059816957
0.064489126
0.07467067
0.0010551214
0.09426248
0.08657539
0.017363548
0.12585819
0.057950974
0.06276703
0.03486824
0.120342255
0.009252548
-0.00012421608
0.14061189
0.0867331
0.0716728
0.14407587
0.13004231
0.08232319
0.0040854216
0.12931466
0.07033944
0.07765353
0.11591685
0.12347007
0.10881925
0.11939371
0.06911957
0.1813972
0.106130004
0.06566763
0.012283087
0.119573355
0.047620296
0.051408052
0.07897377
0.00095009804
0.14946783
0.083066225
0.10896492
0.015902638
0.10794711
0.09349549
0.16015506
0.11824596
0.13607895
0.13965416
0.12208533
0.08437288
0.1427759
0.06857288
0.15051615
0.091959834
0.077101946
0.06937814
0.08383
0.08583188
0.0076122284
0.15893054
0.11097443
0.14257014
0.19210255
0.11501229
0.08054733
0.028282523
0.060070395
0.1247201
0.004556179
0.14634776
0.11399341
0.09996438
0.12399137
0.19434607
0.13157046
0.09686589
0.15148771
0.00043046474
0.11992991
0.034372926
0.13136733
0.13514698
0.098431826
0.113155246
0.05415082
0.032214165
0.032958508
0.18424308
0.0010236502
0.11252153
0.13968122
0.15612948
0.11248803
0.11282933
0.09262848
0.10065925
0.12269914

0.15509856
0.12353146
0.12116349
0.13800943
0.0028223991
0.116077065
0.13573599
0.030994773
0.0026756525
0.0925169
0.09552646
0.1802423
0.1559838
0.13818133
0.12542701
0.05295098
0.17747748
0.11506629
0.09674132
0.031235337
0.14883888
0.17259848
0.17090273
0.14750111
0.101318
0.10177517
0.13316524
0.09368253
0.08083665
0.23191702
0.19158685
0.03741288
0.12086618
0.1078105
0.17306602
0.1894871
0.07253754
0.079388976
0.09467387
0.14437509
0.17792404
0.12337077
0.09297371
0.1371063
0.1294936
0.11981809
0.16519654
0.09306717
0.0395993
0.075069666
0.10344648
0.11709595
0.12571573
0.16537511
0.15570343
0.083800316
0.1379664
0.11067605
0.10230744
0.12011421
0.110201
0.16492867
0.08176315
0.15420008
0.16313875
0.087192655
0.014113903
0.1602875
0.1273017
0.022779703
0.14098418
0.1697954
0.14563715
0.15972114
0.10103643
0.010608792
0.19779778
0.034831285
0.14549565
0.07256496
0.11545515
0.11596227
0.105638266
0.08996093
0.18353736
0.14959633
0.18767416
0.211941
0.18164897
0.07728732
0.07143557
0.15536726
0.12789273
0.13240933
0.09600878
0.11849022
0.09535539
0.13700545
0.09807825
0.012605429
0.2267263
0.112756014
0.12285006
0.18166423
0.12881231
0.17708385
0.16969895
0.12246454
0.14487982
0.07650173
0.030167699
0.14188635
0.08524251
0.15862012
0.13164735
0.16951442
0.14059234
0.10057819
0.116559505
0.099511385
0.09664643
0.030773997
0.11202335
0.02479279
0.08616316
0.07473636
0.16803896
0.2380768

0.053964496
0.11627531
0.10268581
0.074139714
0.11097622
0.13727236
0.021839142
0.103312135
0.095507145
0.12571514
0.13661861
0.10817325
0.099282265
0.0816071
0.07643306
0.061230898
0.06425679
0.08846986
0.0018849373
0.1158694
0.069692016
0.10068202
0.12825727
0.018835902
0.017223
0.121053934
0.09256387
0.012466311
0.09464073
0.1370529
0.08447838
0.07488012
0.090860605
0.08324766
0.0025615692
0.08760512
0.11485481
0.016383767
0.0155056715
0.11673033
0.0023714304
0.08926082
0.13538933
0.06968534
0.022985935
0.13192189
0.020769835
0.11985421
0.009085298
0.084724784
0.06762278
0.107625365
0.00011563301
0.133299
0.09282541
0.039132237
0.1181277
0.08778238
0.01306951
0.14355063
0.053221345
0.102071404
0.08726883
0.08793509
0.08024967
0.114376664
0.10795355
0.00552547
0.009329915
0.109722376
0.088199615
0.12581599
0.064216375
0.084258795
0.087896705
0.13828552
0.11167705
0.080212474
0.014050126
0.12746549
0.030062556
0.12631953
0.1194123
0.114766955
0.081486225
0.037193418
0.09564352
0.097620726
0.121068835
0.05847454
0.07104766
0.0079751015
0.09115398
0.047557473
0.11363268
0.12039554
0.014252305
0.01732707
0.059314013
0.02840054
0.041511893
0.08374512
0.07923627
0.10667777
0.11101794
0.04548347
0.02532804
0.048303843
0.10848749
0.07041633
0.109887004
0.059410095
0.093076706
0.06426072
0.034926414
0.14132297
0.047881603
0.048238635
0.057478666
0.06267333
0.056880355
0.091252565
0.17054307
0.075886846
0.09246051
0.090592384
0.119241714
0.06048882
0.12077379
0.099274755
0.018841386
0.10612428
0.1212486
0.013340473
0.12067258
0.005888343
0.028719902
0.012503505
0.031755686
0.048147082
0.11481047
0.11063874
0.072396755
0.10058534
0.095727324
0.12834597
0.11108267
0.09630978
0.113946676
0.029768705
0.076633215
0.07655847
0.09534645
0.09392524
0.101207376
0.09284091
0.08832872
0.10334349
0.05579889
0.09952092
0.0064044
0.06954479
0.11408019
0.073593974
0.10410941
0.051929116
0.035096407
0.083307505
0.10962236
0.1299001
0.12326491
0.053790092
0.03892958
0.10902345
0.0016474724
0.13445997
0.14993298
0.08836424
0.12687612
0.16476905
0.01807034
0.051196337
0.10639548
0.081085086
0.08375728
0.07824302
0.0703522
0.09817994
0.120483994
0.01732099
0.10398507
0.042078495
0.08716524
0.07161367
0.10286343
0.04944551
0.010136366
0.009295225
0.11330509
0.10715568
0.14777935
0.010560513
0.09187293
0.090732336
0.024772644
0.047045708
0.05220461
0.10621011
0.11209655
0.049162626
0.12231803
0.12654495
0.101189256
0.116531014
0.06864011
0.004578352
0.1300261
0.09928012
0.12097561
0.08142829
0.09932649
0.024523139
0.13295007
0.11922526
0.0050787926
0.115397334
0.09790981
0.0711633
0.064792395
0.029340267
0.14896643
0.10226405
0.08353865
0.09906137
0.013485432
0.010727763
0.116515994
0.08687377
0.01982522
0.030735016
0.062357306
0.07279086
0.09439325
0.11204302
0.05395925
0.13725722
0.12305939
0.07960391
0.008948088
0.07324207
0.06992328
0.05751407
0.10435045
0.098094344
0.062173605
0.12637532

0.004046321
0.15891922
0.09682703
0.055596113
0.12705445
0.13371658
0.10387266
0.063406944
0.006793022
0.10214603
0.18185353
0.10585141
0.15657139
0.1660589
0.124890804
0.1647439
0.15882981
0.17110753
0.027650952
0.14089799
0.036743402
0.12729847
0.15221727
0.15783226
0.1648035
0.15781784
0.12468231
0.16596794
0.10577929
0.022687793
0.11916101
0.16175687
0.0070956945
0.16517293
0.13178253
0.15063024
0.046625614
0.11907303
0.18375039
0.13588274
0.17597842
0.13436759
0.09372592
0.04664111
0.014645338
0.07244182
0.10641587
0.12766337
0.11289096
0.15435731
0.13764691
0.15511656
0.15239382
0.007560134
0.006471038
0.07237089
0.16836655
0.14442623
0.15150881
0.08485174
0.17889011
0.11556101
0.12493956
0.1145798
0.03012979
0.11302161
0.068805814
0.1748395
0.008926392
0.13396776
0.087079525
0.10232496
0.1154685
0.046936512
0.1336708
0.11400592
0.057537794
0.040973306
0.058493495
0.15459788
0.054498553
0.08424294
0.06317747
0.14189923
0.16456866
0.16284585
0.1697483
0.0043884516
0.024982572
0.12552822
0.1352917
0.10403836
0.022411823
0.025621176
0.08074188
0.09770036
0.14131713
0.11954677
0.18283498
0.16276395
0.15406275
0.13496351
0.013969302
0.03310573
0.16176808
0.042392254
0.1646539
0.13772678
0.15806746
0.14150989
0.010169387
0.07378912
0.14246237
0.040050626
0.14954114
0.12885141
0.113612294
0.038272023
0.14501607
0.22739112
0.1380372
0.056509018
0.06715548
0.10272074
0.121151805
0.15604258
0.0335747
0.14494383
0.12762368
0.15909505
0.07526958
0.16062725
0.102556825
0.14056492
0.14157057
0.12111783
0.070795536
0.15200019
0.119042754
0.008645296
0.16875303
0.15338254
0.01038599
0.10366964
0.01496315
0.14659154
0.07587576
0.13958132
0.16458905
0.1936673
0.1084919
0.14048493
0.15409291
0.026236892
0.11891639
0.17118478
0.053383708
0.18619418
0.15083218
0.17126071
0.13845253
0.046049118
0.121863484
0.15633655
0.1504538
0.011759281
0.09223986
0.052857637
0.12826204
0.19154751
0.14129043
0.12124348
0.12178242
0.093532205
0.109048724
0.14987612
0.13796473
0.1570754
0.17165744
0.15087879
0.065734506
0.13184404
0.06541324
0.12237191
0.05476594
0.14675963
0.09269893
0.18364894
0.15099776
0.08354759
0.17843139
0.05373895
0.074426055
0.1557653
0.13389719
0.14445436
0.117375016
0.060985684
0.055365562
0.0329839
0.1694237
0.1981535
0.14797103
0.16864538
0.11657572
0.083185196
0.044360995
0.0042330027
0.1586119
0.052291036
0.13172793
0.086918
0.14572585
0.19577563
0.0709641
0.13233185
0.15456152
0.13001585
0.18261647
0.13450885
0.13417292
0.13641477
0.043271065
0.065084696
0.09159434
0.1539135
0.13809133
0.0010433197
0.13456082
0.17607498
0.06451905
0.11634338
0.12303591
0.04422915
0.14347708
0.15692902
0.16871285
0.12223089
0.103191614
0.07260883
0.17323804
0.017923713
0.18443036
0.128564
0.052265048
0.13238204
0.09277356
0.05201578
0.16736472
0.14288664
0.17737353
0.13587701
0.05057788
0.16268063
0.16227913
0.014100671

0.11411691
0.09616113
0.03513825
0.05810976
0.10721743
0.17481732
0.1625756
0.15984774
0.13358235
0.06478095
0.20173478
0.20997941
0.16171312
0.06954181
0.20771015
0.15549338
0.18052769
0.15372539
0.13572311
0.19176733
0.17325616
0.006218195
0.19106233
0.059871435
0.19195819
0.1546222
0.15176105
0.16932476
0.08387554
0.17729998
0.2017088
0.120889306
0.07995176
0.20197165
0.1836375
0.15762353
0.21428847
0.17255175
0.19879794
0.17447126
0.19836831
0.104283094
0.097976804
0.2545756
0.17137313
0.053794384
0.23399246
0.045973063
0.17863226
0.20842147
0.17802894
0.14556456
0.14838898
0.18834579
0.24843216
0.18380558
0.11882973
0.17633581
0.17748404
0.124709845
0.14309418
0.14675987
0.119547725
0.11540532
0.16777277
0.075526595
0.1706618
0.17680585
0.17299592
0.15142894
0.14898586
0.16649354
0.19403744
0.0064902306
0.13745892
0.028743148
0.14666939
0.18105578
0.11342037
0.1274296
0.1718291
0.014917135
0.15087223
0.032699347
0.17948031
0.21862471
0.12586331
0.02661419
0.104151845
0.18918812
0.14147067
0.06420481
0.07645452
0.08205783
0.14749694
0.09156895
0.16637015
0.076793075
0.18548715
0.21176016
0.092905164
0.16117978
0.17290795
0.26409137
0.15158355
0.21876967
0.15075696
0.074725986
0.13529015
0.22683764
0.1253618
0.009913564
0.07458997
0.1843772
0.21267474
0.12045336
0.068754315
0.19596982
0.17505729
0.047736645
0.2025634
0.15088403
0.022312641
0.18355799
0.07256806
0.17050362
0.12075508
0.07548368
0.12557948
0.06803417
0.1964711
0.14963853
0.19268358
0.0629164
0.029756904
0.13047469
0.2333039
0.15424693
0.043179393
0.047837615
0.20841587
0.17531991
0.12569034
0.25501788
0.053458333
0.12838161
0.062812686
0.05517304
0.14193356
0.14681363
0.01978004
0.19153523
0.15159857
0.14853442
0.18903387
0.21866357
0.20606387
0.15467203
0.14921093
0.20945573
0.1569941
0.17317653
0.15073347
0.11704302
0.023977637
0.12860405
0.17425537
0.027998567
0.13684464
0.23260057
0.09978676
0.15677536
0.093834996
0.14009416
0.07601714
0.2132299
0.15414631
0.12519252
0.20408249
0.10329676
0.18017483
0.20347619
0.16762078
0.107479215
0.1421802
0.18448234
0.225716
0.109541655
0.21063566
0.01158464
0.10871112
0.15666866
0.14679003
0.18697393
0.11674535
0.01584673
0.215312
0.0967679
0.028060675
0.15651727
0.21452141
0.19006991
0.047004938
0.13596177
0.20343113
0.10910773
0.061190724
0.20260811
0.10618079
0.02905488
0.17182684
0.13828683
0.16545439
0.23103142
0.132689
0.12138295
0.15771234
0.15260756
0.18383408
0.21599817
0.13266909
0.1198163
0.1917969
0.19855034
0.12921667
0.09013486
0.11544418
0.1866014
0.07872248
0.1571151
0.13998199
0.12984025
0.050431848
0.09686732
0.016189218
0.15526748
0.1299727
0.121108055
0.15317059
0.19209194
0.051112413
0.1014508
0.20418453
0.16730797
0.037638187
0.14297605
0.123509884
0.045755982
0.12212908
0.02043569
0.21767366
0.18093646
0.09388721
0.14519274
0.18358052
0.2848214

0.061143756
0.12826073
0.02403152
0.119173646
0.057554364
0.03803444
0.0067281723
0.08524346
0.12663138
0.02681005
0.04319644
0.03862238
0.02036643
0.02657497
0.13474321
0.10137415
0.076693535
0.09586048
0.13881981
0.15134001
0.12662375
0.100037575
0.11131835
0.12298918
0.13643098
0.0073741674
0.14259934
0.098843575
0.14948106
0.11776769
0.031664014
0.069657326
0.096087694
0.11502981
0.022620678
0.038785458
0.08257711
0.12595952
0.11575067
0.07342434
0.12505746
0.050494432
0.08694756
0.05002582
0.03843391
0.061375022
0.047804832
0.0630697
0.087418556
0.122588515
0.13242781
0.08729994
0.11608446
0.118756294
0.098107696
0.10604262
0.028994918
0.09998691
0.11934221
0.0742656
0.06457329
0.094460845
0.05778706
0.1282841
0.072035074
0.036007762
0.04010427
0.025569916
0.093345284
0.12661433
0.13582945
0.116927505
0.02560532
0.038904548
0.015611529
0.14278424
0.07609856
0.07914317
0.110615015
0.022026658
0.06510174
0.011938214
0.1308868
0.0967623
0.06383872
0.06448138
0.03724742
0.04789722
0.053444386
0.08286047
0.07580137
0.109769106
0.026078343
0.11072254
0.039090276
0.09652269
0.036851645
0.12930596
0.17043066
0.119345665
0.1244601
0.061606646
0.14321303
0.049191833
0.06802881
0.08399093
0.09885335
0.13515472
0.11984086
0.11201799
0.054488897
0.068464875
0.04940605
0.02521491
0.082129
0.1359371
0.030547619
0.0001437664
0.12569082
0.036491394
0.04613805
0.1285423
0.052378774
0.03737843
0.11813581
0.050385952
0.09776735
0.059254885
0.0248847
0.083385706
0.07574761
0.102977514
0.11147666
0.14463913
0.1288774
0.046130657
0.07488108
0.056275845
0.14719212
0.10431337
0.07281852
0.12386906
0.090064764
0.099950194
0.067770004
0.021184087
0.10109997
0.03880334
0.116772175
0.07322812
0.104347706
0.10907221
0.043908596
0.032925487
0.032618046
0.052365422
0.11523628
0.006216049
0.06909716
0.10395217
0.032303333
0.106494546
0.09442699
0.10043335
0.08917987
0.062401295
0.11459041
0.0758934
0.019509554
0.019551754
0.16491616
0.05986321
0.10904944
0.08346152
0.09156442
0.12549031
0.046812177
0.077064395
0.049096704
0.08035362
0.09359062
0.047985196
0.05265391
0.060692787
0.027252436
0.10439074
0.038352847
0.04814303
0.031323314
0.10403919
0.011985898
0.099541426
0.12435043
0.07098949
0.064175606
0.15749061
0.10443938
0.11532545
0.10623932
0.15136445
-0.00033009052
0.052806497
0.033249736
0.09112799
0.04332447
0.06718075
0.080405116
0.09093583
0.10855341
0.097970486
0.13438737
0.14332008
0.111587524
0.031252265
0.11826575
0.025737882
0.14524174
0.06298053
0.096554995
0.041395545
0.04941666
0.100465655
0.15094638
0.116393924
0.0073857307
0.06386685
0.03587854
0.0790025
0.11601293
0.14866877
0.10710609
0.048368096
0.043578386
0.051206708
0.0904367
0.111640096
0.12797809
0.13094127
0.017837048
0.007845402
0.11881101
0.11684203
0.06635356
0.09695375
0.06845164
0.12303734
0.07062054
0.098852396
0.08240354
0.09329355
0.07076287
0.050070167
0.10711157
0.07233298
0.14866328
0.109791756
0.11332357
0.09429479
0.11682212
0.07978618
0.0146029
0.00677979
0.10435045
0.017385721
0.060762048
0.13041914
0.06509459
0.05049169
0.12330139
0.008391619
0.07114208
0.011281967
0.11230397
0.03917718
0.1193949
0.04632771
0.10370767
0.07968092
0.12149465
0.14008284
0.04369521
0.02208066
0.096456885
0.029593945
0.07192409
0.12687337
0.027963161
0.08443642
0.15409648
0.10788572
0.08450174
0.038704753
0.04650259
0.019095778
0.1076206
0.024080515
0.06087625
0.008043528
0.08708823
0.06572735
0.028320909
0.0033818483
0.08243966
0.027160048
0.010421872
0.014650941
0.084687114
0.111447215
0.1286633
0.08830559
0.15340316
0.03251815
0.1293999
0.06548381
0.101649284
0.1131264
0.12152696
0.10389531
0.110209584
0.047198653
0.11090505
0.04417622
0.047783256
0.11849296
0.12251294
0.09765959
0.12235153
0.15162313
0.13025343
0.12922573
0.05808866
0.1420294
0.15225935
0.12683845
0.08195782
0.029108763
0.07167828
0.06703913
0.1424439
0.07642341
0.09022689
0.03564453
0.08946514
0.08792508
0.12245071
0.04700482
0.029589295
0.035973787
0.029378772
0.016904712
0.07018793
0.13677931
0.11185908
0.16113818
0.13661802
0.103501916
0.022190928
0.11881244
0.12463498
0.017555594
0.06927729
0.13415337
0.027228117
0.113468766
0.060336232
0.12553954
0.025348544
0.06568253
0.078469515
0.095971346
0.1364026
0.07000017
0.014795303
0.14706123
0.14139462
0.09018707
0.081810236
0.036926866
0.086951494
0.12137997
0.092072845
0.076028705
0.07833159
0.08003342
0.10236406
0.13201368
0.0032241344
0.08142018
0.06643903
0.019207358
0.15125394
0.09740341
0.07395327
0.034424543
0.087172985
0.086009145
0.053352594
0.02962792
0.09868121
0.084972024
0.09073174
0.009646535
0.021722794
0.10124111
0.082755685
0.12126589
0.11230099
0.12898242
0.12098837
0.11527681
0.14288461
0.11331284
0.049818277
0.039947867
0.08663499
0.0033246279
0.062458754
0.11088824
0.036183715
0.060180664
0.12536025
0.015840054
0.010323882
0.111545086
0.10812843
0.100569725
0.06489158
0.09775448
0.14700437
0.09312773
0.050975323
0.113314986
0.088282466
0.01602745
0.12637496
0.09044886
0.113526106
0.018149614
0.15377331
0.016818285
0.10224223
0.12825036
0.10346103
0.1168195
0.07597625
0.08328235
0.039364576
0.038259745
0.11963284
0.02893424
0.09420693
0.027016759
0.15733743
0.11174178
0.08866668
0.105374455
0.12099731
0.122543335
0.024260283
0.12884259
0.12414992
0.123562336
0.12726593
0.08599341
0.122893214
0.01217711
0.015063167
0.11050773
0.019953609
0.14005041
0.05602622
0.08905029
0.1268704
0.09699571
0.0962801
0.04784918
0.09249687
0.14678955
0.1207577
0.12579024
0.017989159
0.12291145
0.09277141
0.025694251
0.1374383
0.00654757
0.06651735
0.11560297
0.11590731
0.082339406
0.12531936
0.10685754
0.036810875
0.09670293
0.11511052
0.084224105
0.107265234
0.117807984
0.14852834
0.04424596
0.035782933
0.11339486
0.07082951
0.089191794
0.044360757
0.03350222
0.12831914
0.02485764
0.109464884
0.15711617
0.106493235
0.12104595

0.12740791
0.08883464
0.105768204
0.104001045
0.13717937
0.111757755
0.17215824
0.12203884
0.13762999
0.036798716
0.10812473
0.09028423
0.12145746
0.10469568
0.1270442
0.0801909
0.0886997
0.11161041
0.12566805
0.12283993
0.15003479
0.008034587
0.14459443
0.057012677
0.17057168
0.0084478855
0.1476103
0.063287854
0.10906696
0.08269572
0.13194382
0.10178757
0.0893352
0.14694226
0.09060562
0.13098407
0.13664699
0.023827076
0.08426702
0.08882141
0.1351428
0.076565385
0.098510265
0.059933186
0.11219823
0.13892543
0.06030631
0.083951354
0.043453693
0.13487065
0.025284767
0.1403997
0.14493263
0.08854926
0.08356631
0.14338279
0.08352578
0.117592216
0.12466276
0.11607957
0.1156888
0.098459244
0.12111449
0.11226952
0.11798239
0.047744036
0.09458685
0.13669991
0.061850548
0.07882309
0.12424159
0.033475995
0.10998583
0.119139194
0.010481119
0.06856668
0.119868994
0.072046995
0.13100731
0.15037858
0.10550308
0.07657826
0.12466228
0.13534188
0.123015285
0.10576069
0.11953211
0.093827486
0.11947608
0.05787146
0.13185966
0.12654817
0.1225363
0.08246446
0.05486977
0.05769372
0.031957626
0.059185505
0.038670182
0.12496436
0.04903233
0.08198023
0.06287408
0.096163034
0.097062826
0.04666984
0.028661609
0.051959038
0.10404384
0.14084351
0.05009055
0.08053589
0.08429301
0.118364215
0.06595647
0.0476135
0.13704419
0.11657786
0.15511751
0.09539735
0.13019621
0.03948474
0.1229378
0.02509296
0.1465447
0.14674807
0.1142261
0.030595183
0.026399136
0.114081144
0.052051663
0.123865366
0.03327179
0.115552425
0.13473237
0.06416452
0.10432744
0.10030997
0.06823611
0.017638803
0.067370534
0.11508489
0.11691964
0.094791055
0.13127422
0.066925645
0.08676112
0.14762521
0.13867939
0.14771485
0.15330863
0.15026283
0.056004643
0.11161947
0.14031327
0.10441995
0.11805892
0.077895045
0.10439134
0.11235094
0.036081433
0.13375866
0.098469615
0.037343264
0.09228563
0.14715648
0.020575881
0.1322248
0.13953698
0.13021624
0.0049088
0.023139834
0.0700227
0.028203726
0.1334188
0.14193678
0.08677614
0.099157214
0.07242966
0.10879302
0.08171511
0.07498181
0.059248805
0.116132975
0.014135003
0.038480043
0.09488642
0.11862755
0.1299659
0.07255447
0.12163043
0.13300729
0.09893775
0.09448397
0.09548712
0.13972282
0.10356939
0.08644414
0.17111564
0.14139032
0.041430354
0.100042105
0.096666336
0.047519922
0.1495508
0.074055314
0.028499484
0.057986975
0.032238126
0.104883075
0.09074533
0.07188785
0.06721473
0.07909465
0.1280415
0.062039018
0.066630244
0.10223532
0.11271429
0.117898345
0.19690168
0.078071
0.049368143
0.11266267
0.1276164
0.13119769
0.14592898
0.12715554
0.1416918
0.07136917
0.106536984
0.08949828
0.054503202
0.1685518
0.09811473
0.09926045
0.091570616
0.10445702
0.1336664
0.13168406
0.1327008
0.09897494
0.10600901
0.1342231
0.14084709
0.09830129
0.117072225
0.019502163
0.10255003
0.05133176
0.123485565
0.13962173
0.13429499
0.11463249
0.050279617
0.014924645
0.13565719
0.1383394
0.15283096
0.14371514
0.06625223
0.10461831
0.11484969
0.12583792
0.08697593
0.11091912
0.027168393
0.10321307
0.023724794
0.122171044
0.13229167
0.030339599
0.112106204
0.09913325
0.027877092
0.056898475
0.023674846
0.17940259
0.0996145
0.047863245
0.11675787
0.12615895
0.032940865
0.12776887
0.12658644
0.1619016
0.14506817
0.07203984
0.100319624
0.04496801
0.16604161
0.1440556
0.112677574
0.034478664
0.14838028
0.13235343
0.11208928
0.11092985
0.06903851
0.09142923
0.12040317
0.07190049
0.14426565
0.07306969
0.045071006
0.062439203
0.1424557
0.13890421
0.16588044
0.16056943
0.07956326
0.10191655
0.11995518
0.038367867
0.123679996
0.14423811
0.009385347
0.06757319
0.1551069
0.058354616
0.1316725
0.038664937
0.06969845
0.14618528
0.14475465
0.159302
0.16221905
0.14925766
0.0670141
0.14404392
0.09971106
0.13352668
0.1261828
0.03753531
0.145154
0.031204343
0.17079806
0.061170578
0.088647604
0.054657936
0.075476766
0.08229911
0.10315478
0.09760249
0.1530962
0.092253685
0.037019253
0.039592385
0.05580187
0.09274924
0.09034276
0.119910836
0.0618006
0.17554772
0.1097908
0.13070178
0.12920952
0.046962023
0.097087026
0.032894015
0.15250754
0.06780434
0.1753726
0.12632024
0.068947434
0.12537026
0.076584935
0.07566893
0.14777982
0.030825377
0.05467689
0.12063372
0.036581993
0.032169938
0.1488527
0.10471654
0.03935504
0.09618342
0.15713835
0.065732
0.13502991
0.10038781
0.13301027
0.12076986
0.034299493
0.1483469
0.063387275
0.09821725
0.15602422
0.015716195
0.019574761
0.13860118
0.031617284
0.08264744
0.07430196
0.13391197
0.045832872
0.12084246
0.13392127
0.15922737
0.083936095
0.1313461
0.023991823
0.10720837
0.08486068
0.026455998
0.18246257
0.13789856
0.065654755
0.06752241
0.05119288
0.13601255
0.105685115
0.102983475
0.1422199
0.1260004
0.14511502
0.06806326
0.12694538
0.058160663
0.084344625
0.13005209
0.024424076
0.116640806
0.08483875
0.007698655
0.13405955
0.07361293
0.1027807
0.15628898
0.028418303
0.13963068
0.106253505
0.12826169
0.061021686
0.10039914
0.0360713
0.07305288
0.14796841
0.08498371
0.12651598
0.17532659
0.18160665
0.08374357
0.08294761
0.06934631
0.14173841
0.10811055
0.040009737
0.16524696
0.14137328
0.13582706
0.05905223
0.1482526
0.1429956
0.17078495
0.084322095
0.12749922
0.12972677
0.14025247
0.14520526
0.09303689
0.079144835
0.110462785
0.07366371
0.08554053
0.16673839
0.080153584
0.1180594
0.104406476
0.09703946
0.05573547
0.14741325
0.12389803
0.16376793
0.06199169
0.03551483
0.098805785
0.030673027
0.11672747
0.08921611
0.13026309
0.12840593
0.07105029
0.10500896
0.12599051
0.06083262
0.07673943
0.15081096
0.14839876
0.1492753
0.067922354
0.1064744
0.028617978
0.0029511452
0.10112083
0.037999988
0.15959358
0.11910689
0.07523668
0.14412022
0.1388663
0.13052261
0.17425728
0.12620044
0.13113213
0.06051588
0.07321894
0.031127334
0.08545506
0.1415354
0.0797869

0.08795655
0.026517272
0.14840567
0.026945949
0.09120679
0.025587082
0.118536234
0.24993205
0.104463935
0.03392625
0.03268826
0.06341529
0.051873922
0.07447648
0.21745646
0.09224486
0.063094616
0.044300556
0.09352255
0.10145676
0.13833523
0.05318165
0.13957846
0.09592795
0.0672096
0.060174584
0.069904566
0.046501637
0.012766123
0.15229356
0.04402256
0.062408805
0.034743667
0.22463048
0.048998
0.027475595
0.058306217
0.06681883
0.11290479
0.038750052
0.1548487
0.07578194
0.060937166
0.025142908
0.088728786
0.057688713
0.03420353
0.049608707
0.03571391
0.041621566
0.053664804
0.060984373
0.023298025
0.057332754
0.22173929
0.10190344
0.116790175
0.069707274
0.13454223
0.041391134
0.027722836
0.027925014
0.055025935
0.009476185
0.026843786
0.07756603
0.05557072
0.019186258
0.04246986
0.20720696
0.015058637
0.030398726
0.07793987
0.111412644
0.043635488
0.087907076
0.026758552
0.06588137
0.16008759
0.081872344
0.13990891
0.16424716
0.038606405
0.06071341
0.02965033
0.087733984
0.04481983
0.0916214
0.07728922
0.07492578
0.05415392
0.035307407
0.1384846
0.09573543
0.065692306
0.07305598
0.09713423
0.029967785
0.11791289
0.026878
0.022591114
0.09311068
0.12179458
0.11910701
0.05272162
0.108376384
0.1252793
0.07746279
0.060430646
0.024532437
0.0847218
0.071071625
0.036619306
0.031538606
0.11711943
0.2529869
0.02621007
0.111175895
0.062295794
0.06716168
0.070794225
0.026534915
0.016308665
0.02875483
0.04659319
0.0377872
0.06539297
0.07473767
0.084097385
0.06919384
0.03785515
0.032951236
0.06888771
0.031202078
0.075123906
0.02731359
0.047265887
0.04445541
0.13979745
0.07996476
0.06235051
0.02107966
0.1031363
0.08177936
0.082185864
0.028905988
0.031562924
0.08128178
0.14178371
0.103667736
0.15211904
0.04644251
0.119529724
0.16203249
0.30838752
0.12106836
0.032555938
0.05899465
0.16913116
0.064603925
0.16331732
0.020152092
0.10691786
0.037920237
0.09914625
0.17044032
0.02522695
0.064652085
0.103242755
0.099238634
0.073039055
0.17556524
0.07008028
0.06968379
0.051954627
0.03275025
0.04074788
0.105558276
0.063352466
0.030681252
0.06764948
0.18401492
0.1350112
0.06893468
0.09298539
0.08866906
0.04402995
0.14696789
0.05491543
0.016519547
0.12032223
0.07338166
0.05721724
0.18252206
0.012424231
0.07790148
0.026845098
0.030162096
0.07298684
0.07414758
0.016203761
0.05483687
0.12668562
0.07297349
0.12889194
0.0853343
0.011275172
0.07781565
0.051446915
0.069401145
0.03665054
0.18335617
0.07120764
0.20808637
0.07504618
0.017307878
0.059810996
0.062379956
0.059177756
0.012349129
0.14591908
0.04077387
0.054322958
0.04718423
0.064285755
0.021721244
0.058403134
0.051487684
0.08258879
0.068663
0.12805343
0.1468786
0.06771898
0.1286279
0.05781877
0.09300721
0.10642135
0.03280413
0.064655066
0.06726241
0.028351545
0.32931542
0.038853884
0.020980716
0.08300936
0.25719094
0.15029585
0.02281797
0.17148793
0.23613751
0.094581366
0.13819861
0.05084288
0.13533628
0.037773132
0.09010959
0.06772447
0.030495524
0.04371345
0.035360456
0.053526163
0.015125394
0.08567166
0.16525102
0.018811584
0.01256454
0.068326235
0.034752846
0.22191763
0.10212338
0.037174463
0.044106722
0.13355827
0.054662466
0.20356882
0.08659482
0.010772586
0.045929313
0.09248829
0.084094405
0.20789063
0.0489465
0.19205344
0.14161885
0.11628008
0.08587921
0.034342885
0.11099088
0.024350524
0.2296933
0.011801362
0.037424684
0.115780115
0.09735584
0.10926592
0.04891002
0.0608294
0.119890094
0.10257983
0.034905314
0.11639905
0.054855824
0.09061444
0.013902903
0.066491365
0.063951015
0.030852199
0.08449042
0.087153554
0.058994293
0.038099647
0.15042627
0.020626426
0.06763899
0.057258725
0.050921917
0.026986241
0.044550896
0.03746748
0.05445993
0.07131767
0.07038164
0.04428935
0.09238589
0.025596261
0.14408517
0.06984711
0.07737303
0.087842345
0.14036763
0.068042636
0.060928583
0.027647972
0.08838928
0.07695663
0.05872774
0.100084424
0.1881634
0.061677217
0.0525856
0.04645312
0.045029998
0.07059789
0.12200642
0.12222338
0.04874134
0.17306828
0.03978288
0.07075608
0.015234828
0.08029318
0.10365462
0.031816483
0.09074628
0.19099808
0.06441188
0.12104654
0.16522038
0.09706199
0.07076311
0.01912129
0.10527277
0.013064861
0.16647184
0.02207601
0.06547022
0.10133779
0.05633831
0.15149665
0.06423426
0.11509955
0.05780232
0.09718561
0.10230541
0.05306554
0.028146982
0.21131492
0.0133446455
0.08765423
0.110345244
0.03765595
0.031751037
0.10983014
0.032906294
0.049993396
0.12780559
0.02718401
0.18259108
0.040189028
0.06970787
0.11242306
0.057127476
0.10206652
0.07402146
0.123667
0.09708464
0.0824281
0.10962534
0.079090476
0.0704397
0.08633447
0.08849645
0.22480643
0.02195537
0.024895191
0.02334547
0.061976075
0.03400135
0.17828178
0.1202662
0.048923016
0.06906581
0.06749058
0.07426429
0.12357557
0.019240737
0.13302433
0.1798644
0.025853038
0.018532634
0.20131588
0.13567209
0.020591617
0.060889006
0.13286352
0.10955417
0.043031216
0.05414045
0.04675877
0.055651188
0.08591318
0.038385034
0.064566016
0.077546835
0.040873885
0.04724276
0.039842367
0.07353222
0.040299773
0.060432434
0.16535771
0.06678939
0.059978604
0.13508642
0.15438044
0.021204948
0.058899164
0.076654196
0.01336956
0.047522426
0.15679753
0.073019385
0.07129681
0.06680691
0.040813327
0.08840382
0.10546124
0.053973913
0.08515024
0.1572746
0.08390403
0.18570614
0.009381533
0.020554185
0.030563593
0.0450083
0.06315875
0.14704609
0.079714775
0.05406332
0.14423788
0.012541294
0.009915471
0.08798218
0.1273421
0.04861462
0.16217029
0.10981119
0.18041599
0.13561022
0.10745752
0.05419755
0.037588596
0.04897976
0.12614512
0.05309415
0.14903545
0.052881002
0.053994417
0.023436785
0.11984229
0.124424696
0.030517817
0.20910466
0.05709195
0.09043622
0.15136361
0.05670798
0.05590713
0.2806219
0.08722818
0.0421108
0.0676496
0.09637439
0.08055079
0.09980786
0.040409684
0.11932814
0.09202242
0.039322138
0.031742692
0.08962667

0.0086090565
0.037587404
0.019068837
0.02408576
0.0386492
0.02208662
0.03558767
0.016184926
0.019134164
0.029968262
0.011298418
0.004201889
0.004480958
0.042380333
0.02683258
0.015888691
0.06159854
0.003686428
0.015729427
0.0032858849
0.05500579
0.008854747
0.034558654
0.02777183
0.0027991533
0.030740976
0.0224154
0.021502256
0.0356766
0.0090920925
0.026428103
0.023541331
0.021997213
0.0051527023
0.066483736
0.041320205
0.030180335
0.0393306
0.019600749
0.013451934
0.044511795
0.03552723
0.019253373
0.04335916
0.021147013
0.04003191
0.013916373
0.076045156
0.035086036
0.05109644
0.025152206
0.04751849
0.02420032
0.05410242
0.016374707
0.01341486
0.020800352
0.032823443
0.012696266
0.0033291578
0.01699102
0.07100928
0.0019581318
0.02320242
0.06007862
0.017033935
0.047529936
0.0013525486
0.06335127
0.061136603
0.03182912
0.06502104
0.01253438
0.05053544
0.039103746
0.030368447
0.012893796
0.06871021
0.012733102
0.026067734
0.008168101
0.03131926
0.03514564
0.03221309
0.0023314953
0.044767022
0.032464623
0.05792439
0.017274141
0.024691582
0.014016867
0.009250641
0.08468604
0.024729729
0.016289115
0.024963021
0.055899143
0.0069508553
0.018817782
0.015000939
0.02051568
0.028261065
0.025487661
0.012543917
0.0130006075
0.027469158
0.020499706
0.03755629
0.03190124
0.023914695
0.04331088
0.033718944
0.011509538
0.018933892
0.0073194504
0.019963622
0.02425623
0.0062663555
0.0020354986
0.02429092
0.033334255
0.026197553
0.023416996
0.06871903
0.04593289
0.03998995
0.0057338476
0.0020388365
0.028920531
0.04983473
0.027021408
0.03389752
0.022965789
0.063673854
0.03871143
0.0075297356
0.05281782
0.0029700994
0.0221107
0.01744175
0.004741788
0.06656289
0.026810527
0.026917338
0.015594125
0.031300187
0.040953755
0.025939107
0.054116488
0.03242612
0.03542888
0.023186207
0.01821196
0.009267449
0.02457869
0.059393167
0.023240328
0.03340721
0.021971107
0.013613939
0.061139822
0.028831482
0.04167366
0.047237277
0.04282844
0.0034618378
0.032081008
0.03262186
0.02175939
0.019430399
0.029134512
0.031109452
0.07460773
0.019305348
0.025207043
0.04056716
0.027169466
0.06239879
0.027623892
0.0701555
0.051714897
0.0375973
0.043631554
0.010874987
0.010744214
0.02561307
0.02399826
0.03444302
0.021740675
0.014566898
0.025417209
0.022512436
0.042939305
0.0025289059
0.020033598
0.023221135
0.019708037
0.017654061
0.04981494
0.011668444
0.020542026
0.06246543
0.013854623
0.0029073954
0.0017715693
0.05609727
0.031448126
0.04001987
0.008978844
0.010058403
0.013587594
0.036306024
0.028749824
0.04733336
0.014514446
0.020032167
0.0060465336
0.022954702
0.02685082
0.014031529
0.008255959
0.004736185
0.029962897
0.043420434
0.034184694
0.07388902
0.03685808
0.03790903
0.018194437
0.017139912
0.05279374
0.0046920776
0.06101358
0.019713163
0.042859435
0.03669119
0.042685747
0.008277416
0.018724322
0.018212795
0.029203653
0.008553863
0.057478428
0.004938364
0.019173265
0.03909087
0.028130889
0.024847269
0.04560697
0.040049076
0.0055493116
0.027448058
0.0075776577
0.026661754
0.055808425
0.044025064
0.019622564
0.055451035
0.056313276
0.02278924
0.029943466
0.023907185
0.0015335083
0.019654512
0.034361243
0.021541
0.018354893
0.001902461
0.041555762
0.033468604
0.010793686
0.0041531324
0.054927707
0.071267486
0.009982228
0.062484622
0.034217954
0.0056939125
0.006749034
0.033174157
0.02597785
0.060399532
0.004619837
0.047650218
0.021805048
0.043317318
0.0072612762
0.045484662
0.026347995
0.011830807
0.030659556
0.032375693
0.022628546
0.03637159
0.009712219
0.036874533
0.05679822
0.03570342
0.03536403
0.010488987
0.060498595
0.032300234
0.0010975599
0.026173472
0.041034937
0.03640175
0.043284774
0.13708127
0.04577422
0.051861048
0.033018827
0.0619843
0.03417802
0.0014193058
0.031644225
0.015555024
0.04886973
0.0708611
0.057810307
0.013333797
0.046135664
0.026112556
0.050263047
0.009876728
0.026097417
0.0032898188
0.021380544
0.025086641
0.00810039
0.052013397
0.05384755
0.031059384
0.027963161
0.028612137
0.0028355122
0.04028821
0.043759584
0.067961335
0.039005637
0.03911221
0.00708735
0.026216388
0.022758603
0.023696184
0.022583961
0.05396259
0.009829998
0.017765641
0.02500248
0.0063825846
0.039800167
0.03445244
0.025583267
0.005059719
0.03249216
0.023555636
0.047464967
0.04912138
0.008609772
0.028843045
0.02039659
0.017390609
0.04305005
0.009012103
0.008179545
0.056072593
0.021540284
0.048122287
0.03176403
0.0364269
0.012581706
0.040402055
0.013587952
0.058000326
0.030018806
0.04574752
0.07740402
0.02096057
0.03463757
0.021924734
0.0012047291
0.038498998
0.028552651
0.031518936
0.041434765
0.040904164
0.003083706
0.036524415
0.013718247
0.028453827
0.013720393
0.037411213
0.03287804
0.048992634
0.05865109
0.010769367
0.02055347
0.0736711
0.030686617
0.017763853
0.024478793
0.028028846
0.012532353
0.04244566
0.020663142
0.007638335
0.028938532
0.030250788
0.0009653568
0.02055204
0.040322542
0.01705277
0.047599316
0.014727116
0.016181707
0.024051547
0.015200019
0.0071457624
0.03757763
0.035134435
0.03188348
0.013287783
0.021950006
0.058699608
0.04955876
0.036366105
0.013716221
0.05574441
0.038447022
0.028669596
0.015174031
0.012839794
0.0046670437
0.02444923
0.017188549
0.043572426
0.03545928
0.056506157
0.006282568
0.015725136
0.032298088
0.029148817
0.055601
0.034234762
0.0071749687
0.024001718
0.03616655
0.028229117
0.014415026
0.027404904
0.06010306
0.040146112
0.031404853
0.04181695
0.0006722212
0.028597832
0.0058922768
0.054608345
0.012111425
0.013901591
0.015775323
0.012730598
0.045214772
0.029071093
0.024038196
0.025218606
0.014307976
0.031360984
0.014041781
0.07617605
0.053616762
0.044625044
0.042719603
0.006969452
0.019180655
0.012981892
0.011682987
0.0076931715
0.042553663
0.034910798
0.0038728714
0.040135622
0.013007402
0.041110873
0.042583346
0.027624369
0.03212762
0.013101339
0.015986562
0.0098308325
0.012561202
0.010101318
0.084650874
0.04005432
0.023908615
0.009574413
0.018801093
0.0307616
0.028972507
0.0064748526
0.0033088923
0.04330337
0.02862084
0.024833918
0.038016796
0.03098011
0.056504607
0.0269202
0.0049613714
0.03974068
0.012634277
0.007356286

0.026134372
0.008153319
0.014221072
0.03364539
0.009157419
0.031272054
0.023328304
0.011210084
0.012742996
0.0031296015
0.013438821
0.020663619
0.029814601
0.021174908
0.011402249
0.014206171
0.011211157
0.013678908
0.024647951
0.010711074
0.021849394
0.011314034
0.0127699375
0.016116977
0.01802504
0.026999474
0.009695172
0.019014359
0.021607876
0.013281941
0.011322737
0.002243042
0.0005300045
0.004542351
0.003201723
0.012289524
0.016135931
0.008585215
0.010615468
0.013795614
0.030810714
0.010763168
0.0092715025
0.0022839308
0.019700646
0.030092359
0.013151884
0.01644981
0.0075064898
0.003404498
0.018660665
0.006430626
0.0076373816
0.019273162
0.021411657
0.02528572
0.0075770617
0.026247382
0.0016746521
0.0068963766
0.011698961
0.0052610636
0.013745785
0.008281827
0.010293007
0.023236394
0.024148583
0.016872883
0.0077513456
0.009624839
0.009164095
0.009290457
0.008621097
0.014971852
0.012959361
0.011697888
0.031330585
0.010802507
0.024315
0.011622071
0.0074732304
0.011837363
0.018616557
0.016347408
0.020531535
0.01262033
0.015140772
0.01318717
0.030383587
0.02243352
0.014226556
0.026575089
0.025880337
0.01586318
0.008584142
0.0087955
0.015593052
0.017473102
0.03397882
0.006557226
0.029165983
0.037405014
0.03775513
0.012049913
0.012879968
0.016841054
0.0050979853
0.018274903
0.019958377
0.011440754
0.0056045055
0.0024055243
0.022208214
0.0026797056
0.030903935
0.0076289177
0.018689752
0.0144991875
0.00805819
0.0143864155
0.023042321
0.022016168
0.034852386
0.02345705
0.0023536682
0.022535563
0.010736346
0.020996213
0.020716548
0.00604558
0.01592195
0.009491086
0.003835678
0.002515912
0.016050816
0.008235097
0.007997513
0.002679944
0.0069158077
0.01744306
0.011486769
0.006286025
0.006700635
0.0029957294
0.026664734
0.012186527
0.0064638853
0.0075974464
0.033813834
0.012919664
0.0050058365
0.01667142
0.015480399
0.021625757
0.020949244
0.028583527
0.015229702
0.017667294
0.03498757
0.0111413
0.01340282
0.033160925
0.002630949
0.0039544106
0.02724874
0.0052195787
0.02271688
0.02207315
0.020971656
0.03946984
0.014495134
0.015808344
0.007806778
0.019295096
0.0046799183
0.011785507
0.01105988
0.015404105
0.023563743
0.026064634
0.0048559904
0.0038710833
0.029127717
0.00746274
0.0027804375
0.022669077
0.015147686
0.013790846
0.006834507
0.0017973185
0.020195961
0.014661908
0.012317061
0.013843298
0.012101531
0.0064650774
0.028556347
0.0095978975
0.017389059
0.034184694
0.020268083
0.0055248737
0.022404432
0.024756074
0.0101162195
0.02248156
0.014322996
0.021043658
0.0024694204
0.007317066
0.018179417
0.0008018017
0.019806504
0.008339167
0.035535216
0.008988261
0.020415187
0.018333435
0.011655092
0.029603839
0.004155159
0.025971413
0.016751885
0.01753676
0.02446258
0.019899368
0.004805088
0.009741664
0.030564666
0.029042244
0.013397813
0.00096440315
0.014320731
0.022584558
0.014375448
0.023135543
0.020224214
0.028097153
0.012066126
0.0027583838
0.0056757927
0.014796734
0.021134138
0.011561155
0.0029166937
0.0161587
0.0139683485
0.0027319193
0.016456485
0.02284062
0.0013531446
0.01595962
0.011804342
0.008421302
0.016226888
0.008530855
0.022738576
0.013657093
0.025123358
0.028969288
0.033986688
0.02615273
0.012865186
0.031144738
0.018461347
0.009062052
0.0044914484
0.026759744
0.036601424
0.02400124
0.009493232
0.009033561
0.012993574
0.017006874
0.00041484833
0.019506335
0.02122879
0.007286072
0.052757025
0.0133241415
0.023641944
0.018440962
0.0025122166
0.0061807632
0.03135073
0.009650469
0.02181971
0.032436967
0.004769087
0.0009673834
0.0030018091
0.021155
0.019413948
0.0023411512
0.017546177
0.017842889
0.0051960945
0.029153824
0.01589048
0.009495497
0.019080639
0.02793336
0.008977532
0.012446761
0.014853716
0.024912834
0.0075113773
0.021687865
0.010103941
0.009280086
0.02025485
0.009185314
0.017166257
0.011115313
0.005282879
0.017010212
0.008448243
0.0075200796
0.026291728
0.020455718
0.0058745146
0.0341419
0.024932742
0.008341551
0.014490485
0.025240302
0.011979103
0.002298832
0.0053864717
0.014484167
0.01279676
0.024034739
0.012068987
0.0149436
0.022717476
0.014135838
0.014306068
0.018078446
0.013134241
0.015262723
0.0012292862
0.009845972
0.010602474
0.0020222664
0.014846563
0.020780683
0.008824229
0.02167821
0.030231833
0.02664566
0.020430088
0.010274053
0.008234382
0.02871573
0.018574238
0.026115298
0.023252487
0.0024445057
0.010245085
0.0018558502
0.010527492
0.008736968
0.031100035
0.01790154
-0.00038945675
0.009961128
0.011944056
0.021340728
0.013121247
0.03628099
0.018487692
0.016036868
0.020481229
0.011422992
0.008893847
0.033266068
0.026601791
0.005135894
0.023428917
0.006988764
0.01106596
0.00256598
0.0142970085
0.01580906
0.007571101
0.011224866
0.017005086
0.026318073
0.009182334
0.024741411
0.009958029
0.024444818
0.01353395
0.0084860325
0.0268991
0.0046201944
0.006931424
0.0073040724
0.010586262
0.0197829
0.0041366816
0.03610146
0.00488019
0.00042653084
0.013937116
0.026705027
0.00551188
0.012648821
0.03177321
0.019480467
0.008533835
0.00934422
0.0025343895
0.009553671
0.0041543245
0.01456368
0.018299937
0.010513663
0.008394241
0.012218595
0.007048011
0.036822796
0.0045073032
0.002588749
0.012432098
0.0064821243
0.0067664385
0.012620211
0.03823638
0.012758136
0.01432991
0.02014196
0.011034727
0.014860749
0.02040875
0.026338816
0.023736596
0.017804384
0.010584712
0.022708535
0.019682646
0.025860667
0.021787047
0.007206559
0.01331377
0.01289773
0.026334643
0.023444891
0.024993658
0.021146536
0.02561605
0.018769026
0.009601712
0.002178073
0.025270224
0.0051602125
0.008683801
0.013196945
0.026792884
0.016377926
0.015656233
0.013571143
0.0035315752
0.0108475685
0.01214087
0.020229936
0.018135905
0.015150785
0.030164242
0.013658166
0.024599671
0.015264869
0.005151868
0.023183942
0.0076106787
0.017076492
0.017203689
0.0071308613
0.039032817
0.005551815
0.00519073
0.01224494
0.016248226
0.008031011
0.015432
0.012063265
0.009929538
0.015963554
0.011422753
0.02922213
0.017948031
0.009041786
0.029342055
0.009655595
0.02156341
0.029372811
0.010401964
0.0043857098
0.008372664
0.0059741735
0.010072827
0.002063036
0.022195816
0.021790624
0.031034827
0.012092471
0.014239192
0.02264762
0.016983032
0.013502002
0.0064367056
0.0018084049

0.009467721
0.011463046
0.003783822
0.012672186
0.0124748945
0.01055038
0.043799996
0.01780343
0.015091658
0.013660789
0.0142172575
0.024723291
0.022685647
0.007675171
0.024555326
0.016204715
0.030463696
0.009509683
0.0071474314
0.013522625
0.0033596754
0.0018801689
0.021258831
0.015494704
0.012003183
0.022991419
0.016723752
0.008479357
0.005601883
0.019812584
0.0012514591
0.018160582
0.011346221
0.029717326
0.002665639
0.013527155
0.015757918
0.027153015
0.013036132
0.016063213
0.022818565
0.022214532
0.009945393
0.018909097
0.017034173
0.016613007
0.0026501417
0.009954333
0.021045685
0.00837183
0.00045657158
0.011782646
0.006146431
0.029525995
0.004501939
0.015549302
0.014487863
0.019930363
0.01658678
0.011136293
0.0028883219
0.023093581
0.015639663
0.019852042
0.007411957
0.010691285
0.0008202791
0.011635423
0.030587435
0.0043218136
0.012932181
0.015911222
0.018519998
0.011945605
0.0071843863
0.016447902
0.0041388273
0.0022768974
0.020868182
0.00560081
0.01583314
0.012144804
0.015311003
0.005431056
0.019448042
0.025298953
0.008479357
0.014847159
0.001804471
0.0068022013
0.011958241
0.01575315
0.0030207634
0.007843852
0.013127089
0.014557242
0.021879792
0.009883404
0.012311459
0.039007664
0.0108162165
0.003644824
0.015729547
0.018191814
0.01084888
0.019687295
0.012785077
0.024958372
0.012410045
0.033280015
0.008747935
0.005198121
0.039499998
0.0069344044
0.007134557
-0.00039291382
0.01152277
0.022084951
0.009169698
0.0092737675
0.01110816
0.004480958
0.017409801
0.01815474
0.0068438053
0.005160451
0.0062003136
0.014368892
0.019399643
0.032624125
0.011030555
0.01716566
0.004810691
0.016446233
0.010106564
0.0034857988
0.021699905
0.008823276
0.020051122
0.020865083
0.007828355
0.009732246
0.007415056
0.014668465
0.020749807
0.014040232
0.020584583
0.010760903
0.016136408
0.008547783
0.009368658
0.008534193
0.015682101
0.03901398
0.004858732
0.024339557
0.0025247335
0.008654714
0.00805366
0.015162468
0.010225773
0.007686615
0.0041490793
0.021110058
0.010492444
0.01203227
8.4638596e-05
0.030240774
0.009329677
0.004600525
0.013972163
0.0056500435
0.0033357143
0.0068181753
0.02196765
0.008590221
0.0038599968
0.016707897
0.018190503
0.020793915
0.011983156
0.0042939186
0.020088315
0.008514047
0.023999691
0.016174793
0.010106564
0.0064463615
0.0035486221
0.015418649
0.014949083
0.0017172098
0.014742494
0.00442791
0.014899492
0.009572744
0.017518044
0.01677239
0.010122657
0.018914104
0.02904284
0.023068666
0.0028488636
0.015996456
0.01409483
0.011929989
0.015419602
0.015208602
0.0042592287
0.013957977
0.011174083
0.014072418
0.007193923
0.009185314
0.020686984
0.007828832
0.03171265
0.006954074
0.027407646
0.0053503513
0.006527424
0.0058147907
0.0077667236
0.022269607
0.023661494
0.013833046
0.00841856
0.0087862015
0.017302275
0.005589962
0.008286715
0.009593844
0.0134551525
0.014428258
0.007064104
0.017923236
0.016501188
0.020792723
0.006724119
0.015565753
0.0079500675
0.011929989
0.008952022
0.017978191
0.01213944
0.0031927824
0.0064845085
0.01868236
0.0074751377
0.01229465
0.013198853
0.017367125
0.00847137
0.010313034
0.0085603
0.015683174
0.009102821
0.027394533
0.0076590776
0.027683854
0.016332746
0.013213158
0.014752746
0.012580276
0.013006568
0.0043549538
0.029839277
0.018028617
0.014165521
0.0078008175
0.018948197
0.008482933
0.01748848
0.014607072
0.007499099
0.02619028
0.02116859
0.0172894
0.02869165
0.0124515295
0.010564327
0.008360982
0.003368616
0.020696163
0.012487173
0.009739041
0.011599898
0.011552215
0.020826578
0.020858526
0.005713463
0.030454159
0.0014380217
0.014642835
0.009831548
0.01836598
0.0009430647
0.01069355
0.011803389
0.015931606
0.009507537
0.03431356
0.011060119
0.010810137
0.0056818724
0.008863211
0.007671833
0.012135744
0.018236876
0.019909024
0.0145151615
0.007855296
0.016161442
0.011387706
0.0187397
0.013165832
0.012999892
0.04119861
0.022457838
0.0068786144
0.0133059025
0.02378571
0.0062099695
0.01122117
0.014428854
0.014205694
0.030450583
0.002719283
0.0156008005
0.014572382
0.011131525
0.017334819
0.02078247
0.017820954
0.024165154
0.023889065
0.013924837
0.014848471
0.015171766
0.008022785
0.014569998
0.0126053095
0.021249771
0.007889032
0.011592627
0.013794422
0.01082468
0.010446072
0.003809452
0.008000374
0.017994046
0.02321732
0.0018142462
0.025570273
0.008454442
0.02197063
0.03038299
0.0112348795
0.012770653
0.009658337
0.025538921
0.019069552
0.015421748
0.0055166483
0.01411736
0.002952814
0.004317045
0.009095788
0.014364004
0.023122907
0.025490522
0.0081602335
0.0059304237
0.00761199
0.014956474
0.018237233
0.009690642
0.0038710833
0.011188984
0.017121792
0.0019242764
0.016782641
0.009443164
0.014146805
0.00960803
0.0062584877
0.00977087
0.016343951
0.01321125
0.0042978525
0.0063819885
0.014190078
0.007152796
0.007080078
0.011821151
0.022705793
0.0031719208
0.021582484
0.008201122
0.016344905
0.0063154697
0.006448984
0.014880538
0.019026518
0.011744618
0.013522148
0.028898835
0.00518322
0.0049163103
0.018859506
0.006214738
0.009578228
0.012634993
0.013463259
0.016183257
0.027802229
0.012604237
0.016284108
0.024930596
0.013861418
0.005441189
0.009864569
0.016669393
0.0055611134
0.006042838
0.00944519
0.01988542
0.008047938
0.005913496
0.0062642097
0.006921649
0.013720155
0.019390106
0.01967144
0.004799247
0.011865258
0.011431456
0.0052770376
0.016512394
0.010331392
0.00597167
0.012581706
0.014496088
0.012440324
0.053929806
0.0092561245
0.0088425875
0.025417805
0.0006984472
0.0031619072
0.013540149
0.011058331
0.007186413
0.0031064749
0.0035604239
0.007709861
0.009510756
0.014384627
0.013963699
0.0013370514
0.01921916
0.017364025
0.034190416
0.0077974796
0.009634614
0.017355084
0.0039922
0.007730365
0.036399007
0.0006583929
0.0122436285
0.024692893
0.020561576
0.017871022
0.01601386
0.0036190748
0.011138082
0.012009859
0.0060362816
0.013525724
0.012653112
0.009794116
0.013179779
0.0044054985
0.011149526
0.016059518
0.017354012
0.00446105
0.00634408
0.014786959
0.008425951
0.011953831
0.009831786
0.004763961
0.008447409
0.01142776
0.013747215
0.017027974
0.003798008
0.011946559
0.0054699183
0.0092384815
0.004197836
0.007639885
0.006577015
0.008064151
0.028651118
0.014611721
0.027182698
0.013456464
0.0072140694
0.024311662

0.4174924
0.42867064
0.30682242
0.3277763
0.39332378
0.33288062
0.41714466
0.4286816
0.42488658
0.39986765

