1.2365816
1.4883795
1.4176465
1.3515836
1.3305616
2.044717
1.2454915
1.3811611
1.616674
1.3630582
1.1702896
1.7605753
1.5814959
1.9118153
1.3666162
1.3973298
1.5392808
1.245213
1.5190343
1.6074936
1.4956316
1.2024938
1.5553005
1.8891113
1.292838
1.329139
1.4796474
1.4763681
1.4438735
1.4388071
1.327832
1.7349851
1.5556049
1.608017
1.4758891
1.1097912
1.1578228
1.605333
1.5382257
1.3872626
1.3537015
1.4607745
1.7914988
1.2147297
1.9880493
1.5555778
1.3870535
1.2710471
1.3744642
1.4310682
1.6891903
1.426302
1.5057515
1.4826134
1.1768696
1.3767321
1.5951297
1.6312356
2.0121706
1.3232329
1.5051383
1.7304147
1.7711804
1.7059599

1.9613986
1.6384888
1.5686802
1.4915733
1.4925821
1.5396014
1.7812011
1.5839242
1.6221548
1.9401692
1.5631129
1.5467924
1.4893432
1.5557022
1.5692265
1.6647476
1.7996402
1.6347988
1.6255553
1.7023718
1.5595812
1.4778501
1.4144115
1.4176441
1.5397813
1.6235341
1.5348766
1.9541262
1.5804663
1.8076025
1.9139695
2.0547693
1.4565736
1.6275203
1.8751347
1.4100243
1.5997902
1.6439577
1.6231687
1.9464229
1.5674962
1.5516647
1.6886487
2.026428
1.6134831
1.9211924
1.9009908
1.6010714
1.7420394
1.7338696
1.6941506
1.4932442
1.729193
1.6553854
1.6255157
1.4264438
1.4866755
1.4431809
1.4689456
1.8469404
1.6571099
1.5321941
1.6276096
1.5703162

1.3918396
1.6515541
1.5256135
1.4444904
1.3688285
1.523721
1.4770312
1.5901874
1.363283
1.6863514
1.716286
1.3877127
1.6523904
1.493667
1.5970839
1.568312
1.6360956
1.5519933
1.4485273
1.5203964
1.608731
1.5548995
1.5315757
1.6541564
1.6069269
1.6678382
1.3793602
1.5646387
1.4439449
1.4519124
1.4364158
1.5274675
1.5252602
1.6212047
1.479938
1.4777694
1.6431388
1.501978
1.6324047
1.6285965
1.5813932
1.5737895
1.569869
1.4856563
1.5823811
1.6681722
1.4400774
1.5055132
1.5039184
1.5772331
1.485198
1.6182349
1.6448814
1.572715
1.587433
1.5524125
1.5406908
1.4401139
1.5527103
1.6223006
1.5763572
1.6169899
1.4127744
1.7029877
1.4680623
1.5847116
1.4959315
1.5344543
1.4976788
1.446155
1.4817162
1.5231234
1.5438572
1.3777223
1.5726124
1.5816437
1.6097851
1.493316
1.5133083
1.5940512
1.5819801
1.6354887
1.603362
1.6075457
1.5398858
1.5990636
1.5186497
1.4922264
1.6155204
1.4884335
1.4751652
1.6131805
1.5977004
1.5003337
1.5705357
1.5275471
1.4482145
1.5869939
1.3746005
1.5513909
1.4594239
1.5392517
1.6966007
1.505286
1.5536348
1.5867355
1.6487958
1.3885188
1.716894
1.5517122
1.5495703
1.6533537
1.5839019
1.6325299
1.5060953
1.5553051
1.6014394
1.4642
1.5310137
1.635607
1.5208491
1.717677
1.5424465
1.5972254
1.5800984
1.4476286
1.5354614
1.6065115

1.4676291
1.6791097
1.6417611
1.5845582
1.448824
1.5828012
1.4986043
1.3934765
1.5881126
1.4819872
1.723169
1.5901322
1.5933932
1.6938403
1.589347
1.6084977
1.6391058
1.5740215
1.4993535
1.4202195
1.4993019
1.5597652
1.639443
1.5880768
1.6076813
1.4587812
1.6694933
1.5107837
1.5348505
1.6134347
1.5746669
1.4985163
1.6121839
1.6895751
1.6680176
1.5549862
1.6161069
1.6333047
1.5783448
1.587644
1.5605266
1.7572656
1.5359848
1.6280187
1.6845912
1.7289258
1.6407387
1.4271238
1.4365419
1.5785711
1.6480764
1.3995842
1.4487865
1.6097704
1.640347
1.6467094
1.6741639
1.5997514
1.5374343
1.5998539
1.4712766
1.5965885
1.6297741
1.5083548
1.6031108
1.4732761
1.6183838
1.6268187
1.5389017
1.5146357
1.4508152
1.6265279
1.5684166
1.6688136
1.6049387
1.5994568
1.4388334
1.5562495
1.5694095
1.7119032
1.7137395
1.6524818
1.5976129
1.6616983
1.576063
1.6388468
1.6360102
1.6084629
1.6315705
1.5905925
1.5999534
1.6616056
1.5958761
1.5869393
1.518915
1.6082344
1.5084898
1.4168307
1.4511666
1.575937
1.6400362
1.6232636
1.6148752
1.6290066
1.6682514
1.4228191
1.5090696
1.4999478
1.486118
1.5765367
1.5494237
1.6029075
1.5729444
1.650434
1.5422174
1.5722883
1.6792368
1.5437598
1.6548461
1.7014717
1.5205632
1.597979
1.7088054
1.5620505
1.6467264
1.6500103
1.7206998
1.5071467

1.5275506
1.5961612
1.5841842
1.5489141
1.5870291
1.5220046
1.5747318
1.4829159
1.4736601
1.564472
1.511028
1.4970517
1.5706903
1.3966794
1.5633109
1.4590297
1.5410967
1.6107553
1.4820288
1.5814505
1.5269506
1.5401086
1.6058841
1.491827
1.624174
1.5193434
1.5582488
1.4749027
1.347503
1.5923753
1.5401282
1.4277672
1.4907401
1.5656583
1.6657274
1.6149745
1.5279564
1.5844315
1.6037331
1.587072
1.5457748
1.5440942
1.5621392
1.4496725
1.546556
1.5461282
1.5951846
1.5878887
1.5494825
1.5929623
1.488313
1.574354
1.4742477
1.5383148
1.4318804
1.5414551
1.4195825
1.5101405
1.4624406
1.5113698
1.5871234
1.5185719
1.5173043
1.4089937
1.5059369
1.4739208
1.554169
1.591919
1.5170836
1.4368719
1.4544517
1.5409323
1.3943787
1.5745821
1.443218
1.6000944
1.4672601
1.5878611
1.5929996
1.5066658
1.6723377
1.5592263
1.6236272
1.4047713
1.5661043
1.5600885
1.5204473
1.4748187
1.6199517
1.4610996
1.580754
1.4484731
1.5380201
1.4795939
1.5177271
1.5481225
1.498841
1.5660992
1.4386176
1.502353
1.6626592
1.6148274
1.4077575
1.4175476
1.633216
1.5605532
1.3957729
1.5034171
1.5020276
1.4552441
1.5391271
1.4941955
1.4365546
1.481479
1.6042396
1.5744094
1.5250882
1.3784308
1.5497636
1.5789446
1.6002655
1.4400337
1.5766363
1.5964316
1.5124081
1.5977341
1.4132515
1.5180343
1.6558965
1.5620654
1.606719
1.6151373
1.5338702
1.468161
1.5124424
1.5583501
1.4716737
1.6348021
1.5719066
1.5505224
1.5639063
1.4560854
1.550954
1.4332113
1.5093552
1.5545073
1.5286088
1.473348
1.498774
1.5768422
1.3931329
1.5402781
1.6052926
1.4840373
1.4523839
1.5513494
1.5082991
1.5454681
1.4187137
1.6014895
1.5249683
1.6876047
1.5469857
1.6418854
1.4994408
1.4066408
1.476984
1.5979723
1.563721
1.5963411
1.438406
1.6320161
1.5503513
1.4272645
1.5463558
1.5675478
1.5213449
1.6867281
1.5652695
1.4558607
1.4474676
1.4564339
1.5892739
1.5314125
1.4551727
1.5408677
1.5382962
1.6132317
1.4177599
1.5683337
1.5878937
1.4788755
1.4908054
1.4384179
1.5939176
1.6171583
1.4121519
1.6449007
1.579482
1.6000417
1.6707226
1.6519986
1.6105962
1.5581003
1.513623
1.4138303
1.6017979
1.3988143
1.4450895
1.5395439
1.5179996
1.6171298
1.4467442
1.5983543
1.6137571
1.504938
1.433917
1.3989154
1.544548
1.4800019
1.5065104
1.5446413
1.6052474
1.4799529
1.4395349
1.4930031
1.5785462
1.6075104
1.5564793
1.5365514
1.5244644
1.5809798
1.6354675
1.612616
1.6175283
1.5701531
1.5253047
1.4767216
1.5625743
1.5929375
1.5608006
1.6098963
1.6860965
1.5563403
1.6583773
1.5788457
1.447445
1.5800848
1.4678395
1.5940421
1.6055758
1.572817
1.5593809
1.4736108
1.5758586
1.5353967

1.6862812
1.6588615
1.4712324
1.5509875
1.6376677
1.6799475
1.5913844
1.5901052
1.6195941
1.6606817
1.7298504
1.6918474
1.4503473
1.4973757
1.6167537
1.6705087
1.5791605
1.6318563
1.5872592
1.635008
1.5285597
1.6754342
1.6298478
1.706819
1.5562847
1.6068842
1.7478272
1.6116239
1.4358027
1.6647332
1.5531728
1.4782542
1.6086046
1.567195
1.6254203
1.6225346
1.4749041
1.6209441
1.641031
1.5801092
1.5820632
1.6034669
1.6476218
1.6391946
1.5015897
1.5316914
1.6475457
1.6052881
1.4979236
1.6049407
1.6527117
1.5961329
1.6046315
1.5920634
1.5282055
1.4697897
1.619927
1.611176
1.591773
1.6383737
1.632324
1.6230985
1.6452441
1.5805254
1.5053236
1.4520767
1.4594121
1.5040278
1.6296787
1.6894603
1.6812749
1.6610973
1.5799682
1.5487738
1.5948579
1.5052054
1.4655614
1.5919347
1.5676671
1.5062705
1.6148727
1.5458225
1.5066509
1.6156586
1.5409715
1.6348914
1.4583529
1.6697954
1.7246361
1.6770624
1.6501013
1.5125417
1.6311548
1.4751675
1.5681422
1.6099672
1.5912994
1.6797678
1.4489604
1.6281142
1.5999312
1.5306597
1.5130115
1.599753
1.5201551
1.601461
1.6237396
1.6595632
1.5921577
1.6657017
1.4587989
1.576178
1.6245005
1.6393352
1.5888388
1.5979234
1.3695983
1.4387836
1.5907867
1.4727755
1.630319
1.6959914
1.533883
1.4036453
1.6994414
1.6342744
1.413018
1.598792
1.593432
1.5221981
1.538191
1.5698148
1.6843195
1.576513
1.548052
1.6323428
1.4896412
1.6476884
1.6581182
1.5481834
1.5825906
1.572514
1.4885063
1.5888548
1.6724138
1.4657269
1.6236938
1.6985761
1.7420826
1.6208221
1.6097026
1.4937279
1.6182809
1.5371736
1.580595
1.4973061
1.6734681
1.6376182
1.4382522
1.6322155
1.6169333
1.4516742
1.5593535
1.6844751
1.6242169
1.489737
1.5156583
1.6643399
1.579609
1.4858435
1.6184405
1.4415711
1.5218799
1.5213904
1.6650664
1.6140757
1.4738748
1.4827367
1.6387956
1.6493236
1.6127816
1.6822534
1.6508992
1.6123242
1.6173238
1.6399167
1.4490548
1.438942
1.6643966
1.6138117
1.400381
1.6048143
1.5044571
1.5825522
1.5347582
1.6347815
1.622047
1.5719166
1.6294892
1.4544991
1.5001831
1.6850712
1.6516017
1.6363742
1.6376483
1.6680721
1.5147862
1.6970365
1.4570037
1.6217608
1.5835693
1.4775838
1.6757221
1.5070223
1.6351266
1.5588164
1.6946259
1.4714991
1.4283339
1.6525509
1.7317641
1.6151451
1.5726782
1.4313519
1.6525257
1.6665426
1.5877799
1.4649203
1.5719028
1.6466775
1.5981952
1.5844265
1.650976
1.477189
1.4959902
1.6258504
1.6190205
1.4300737
1.6842539
1.447412
1.4746442
1.6135836
1.6656731
1.6311944
1.5226538
1.5917648
1.647422
1.4860864
1.6451774
1.5933343
1.610024
1.5614797
1.600051
1.6364586
1.5869558
1.5986018

1.6856619
1.6989543
1.7495931
1.5897628
1.6767663
1.6050502
1.5876238
1.6752286
1.6588025
1.6757286
1.556684
1.6781968
1.6918067
1.7552358
1.7178568
1.7082918
1.4194927
1.5276778
1.6617368
1.5270171
1.5617509
1.6069783
1.5805906
1.6306374
1.7600855
1.7423599
1.697983
1.7193761
1.6459771
1.5910847
1.6652926
1.5279797
1.6305999
1.4802095
1.6067004
1.6426963
1.7570058
1.5899334
1.7386867
1.6619325
1.519537
1.6292877
1.5652099
1.704435
1.718393
1.510729
1.5911688
1.5586469
1.6078149
1.6852087
1.6247934
1.73896
1.5161222
1.6695715
1.6670274
1.5841525
1.6593516
1.6299828
1.7904016
1.6456538
1.506085
1.6107554
1.704782
1.5483036
1.7125252
1.5830266
1.5705574
1.6854225
1.4805707
1.7003933
1.6142199
1.5785241
1.6447338
1.5108434
1.6531363
1.6529831
1.6495793
1.6703281
1.4819186
1.6462977
1.6656667
1.522017
1.4726294
1.6950778
1.4908221
1.6495266
1.6220045
1.6504819
1.491796
1.7190882
1.6637418
1.7191133
1.5497925
1.6907508
1.6193161
1.7022032
1.6862932
1.6078107
1.7741511
1.7458858
1.4414781
1.5289023
1.5818467
1.6203772
1.6723611
1.6692163
1.5729373
1.868518
1.6191432
1.7471538
1.725439
1.6372781
1.4105042
1.7017472
1.5313771
1.6284623
1.6165113
1.7534493
1.6452963
1.6543968
1.6025373
1.7445986
1.4796162
1.6793453
1.6730037
1.61394
1.7467486
1.3891253
1.5293205
1.4374106
1.7860551
1.4685451
1.5753561
1.7063646
1.6215641
1.5181558
1.6269901
1.6743771
1.7840242
1.597208
1.49989
1.4919319
1.6385542
1.7815644
1.6751399
1.6138822
1.7316229
1.6092632
1.4671648
1.6676059
1.6339201
1.6547186
1.534821
1.5723383
1.7456951
1.5506766
1.5358255
1.5517229
1.7168334
1.6239173
1.5409838
1.5799363
1.5501046
1.6282052
1.581424
1.6307577
1.7475387
1.7057838
1.6916955
1.7491755
1.7158734
1.6022086
1.5449398
1.4567407
1.5862118
1.62693
1.7597431
1.4708983
1.6299044
1.4695604
1.5830559
1.4829905
1.6104022
1.6433221
1.6258951
1.5739913
1.5804286
1.731013
1.6652133
1.7218852
1.6768949
1.4791796
1.393504
1.6497883
1.4440879
1.7123061
1.5984662
1.5771863
1.6159105
1.6631385
1.661809
1.60503
1.499843
1.7123338
1.462146
1.599827
1.6884482
1.6279526
1.7268108
1.4524173
1.705776
1.5091555
1.6260448
1.6505593
1.6378747
1.61207
1.6537378
1.7577153
1.6903706
1.657685
1.4223305
1.7115204
1.7201527
1.6643668
1.649681
1.5876446
1.5697979
1.7186644
1.590602
1.7241076
1.4259464
1.4362096
1.7092541
1.715676
1.4984312
1.6934053
1.4882694
1.7012882
1.7506235
1.7087798
1.5996702
1.5568771
1.7032949
1.5791675
1.5368432
1.7386398
1.6658748
1.821386
1.6197907
1.6387088
1.5534146
1.698282
1.4689285
1.6178153
1.6896628
1.6045302

1.5613291
1.5967138
1.5914216
1.5341873
1.5696163
1.6383634
1.5697067
1.5603682
1.5811229
1.5503935
1.4601127
1.6191857
1.4779032
1.6320623
1.5706068
1.6297464
1.4585304
1.5922288
1.5333422
1.6499915
1.4967444
1.5486689
1.5130887
1.4768107
1.5543754
1.5855676
1.4915631
1.5501482
1.497536
1.444669
1.5671046
1.5754023
1.4246081
1.5400171
1.5211796
1.4727548
1.5489213
1.571145
1.5055583
1.5472815
1.5634109
1.499938
1.6147392
1.6127247
1.4296777
1.6218852
1.5616685
1.6052794
1.5947784
1.6210765
1.5324425
1.5960358
1.5151497
1.6449567
1.4753911
1.5207921
1.6065631
1.4964968
1.6452112
1.5481454
1.503344
1.5377806
1.4623528
1.4126046
1.6438901
1.551645
1.5742582
1.463725
1.5806093
1.527063
1.5335568
1.4599149
1.5486534
1.4981736
1.5289497
1.6140653
1.5362697
1.6320449
1.5377413
1.576188
1.5686407
1.4560266
1.5303526
1.5616064
1.4521552
1.4609243
1.489616
1.5605116
1.5180815
1.43695
1.6213434
1.5823734
1.5283372
1.5625218
1.6449955
1.561123
1.5976073
1.4456378
1.5280004
1.5259687
1.4457774
1.5638195
1.5203574
1.6056523
1.5635409
1.4750307
1.600228
1.6224792
1.5334052
1.4909034
1.5540745
1.5697515
1.5221437
1.5207615
1.5238556
1.506159
1.4870082
1.4611123
1.5964086
1.52744
1.5320812
1.6694995
1.5506994
1.5290997
1.6034609
1.4241177
1.4979483
1.6064988
1.4936373
1.5955256
1.5582098
1.5757687
1.4797355
1.5524726
1.5385324
1.5700816
1.6064832
1.5986527
1.4802456
1.4506469
1.4947009
1.6164234
1.586308
1.5461113
1.6070336
1.5914756
1.5887135
1.5966766
1.4728508
1.4574289
1.5568479
1.5059056
1.4905379
1.6016248
1.5145841
1.4172447
1.4787204
1.628568
1.4435142
1.5519003
1.4919086
1.5725454
1.6104336
1.4506757
1.5835162
1.5066308
1.5223795
1.470437
1.5679032
1.5383204
1.5866077
1.607674
1.6401641
1.5630744
1.4310336
1.578185
1.5211802
1.5210128
1.4604822
1.5215237
1.5996615
1.4932941
1.4568774
1.4821745
1.5815775
1.5512676
1.5149668
1.6184047
1.5339777
1.613222
1.616331
1.545449
1.6437972
1.451582
1.5666991
1.5398334
1.5542665
1.5810122
1.4860505
1.458269
1.6016464
1.4335258
1.6144472
1.4651362
1.5493006
1.6026657
1.455806
1.5268035
1.5943353
1.5603465
1.5379323
1.5664572
1.5448247
1.5854453
1.6036518
1.5063404
1.5517356
1.5326569
1.5042615
1.4825575
1.5610156
1.5358918
1.609228
1.5413888
1.4852462
1.5097424
1.5734406
1.5502771
1.5547236
1.5352163
1.5318646
1.518992
1.6102631
1.5831747
1.5434002
1.5690645
1.5019742
1.5395008
1.5605372
1.4286054
1.4597329
1.5310531
1.5279063
1.5886829
1.5982695
1.6052169
1.4702754
1.6440111
1.4926288
1.5659828
1.5666488
1.6254694
1.5275728
1.5116538
1.5438633
1.5478888
1.5308228
1.556844
1.5662754
1.5413626
1.5309731
1.5723091
1.6210274
1.5401181
1.5973221
1.5564675
1.5779079
1.5144175
1.5064291
1.4391199
1.4937547
1.5235106
1.5361319
1.5802225
1.6079456
1.549519
1.6032708
1.5528265
1.5305203
1.5226493
1.4573364
1.5849782
1.6100712
1.5935934
1.6153692
1.4871032
1.5807129
1.5430409
1.5328943
1.4812709
1.5849361
1.5202341
1.5577688
1.5534343
1.5592074
1.4941477
1.5185515
1.3858544
1.5052085
1.5828108
1.5631548
1.5333447
1.5545597
1.4552683
1.4381353
1.5635254
1.5495052
1.5862976
1.4752162
1.5749817
1.4913746
1.5455308
1.4609848
1.6036668
1.5981879
1.5153725
1.5317303
1.5250194
1.5694152
1.6516734
1.5580769
1.591019
1.6378015
1.468131
1.5334761
1.5211098
1.5079932
1.3982894
1.4307064
1.5838374
1.551635
1.5781305
1.4331353
1.4801239
1.535464
1.564754
1.596294
1.4232336
1.5805411
1.4696149
1.5693041
1.6000199
1.5081309
1.5545778
1.600741
1.5559275
1.5981907
1.6284094
1.5768847
1.591531
1.5080334
1.5911767
1.5706718
1.5685772
1.5772576
1.5954807
1.5406063
1.6078334
1.5494457
1.4411165
1.5468495
1.5373449
1.5002763
1.5945872
1.6027743
1.5030861
1.6253781
1.5678669
1.504721
1.5984081
1.4242148
1.4589306
1.4717674
1.4499081
1.4945257
1.518192
1.496293
1.4937204
1.5800992
1.5244405
1.500275
1.4866928
1.4717814
1.5403335
1.5432492
1.545913
1.5660447
1.5421157
1.5840127
1.452625
1.4970104
1.5295159
1.5569783
1.6095059
1.5815554
1.5183451
1.4712281
1.5036267
1.6196866
1.5984422
1.5252126
1.6563814
1.4656074
1.4259131
1.5326812
1.4251306
1.5930644
1.459997
1.5698175
1.50945
1.5138996
1.5562943
1.5784369
1.4683106
1.6060371
1.4682825
1.6012783
1.4608917
1.5810505
1.6045272
1.4850837
1.5834519
1.5327351
1.5805439
1.4989605
1.5141106
1.5670527
1.4745748
1.5716127
1.6009661
1.5830709
1.5758651
1.6267909
1.5310628
1.4936905
1.5623155
1.4498154
1.5709631
1.6113055
1.5882208
1.4249156
1.5560672
1.6753494
1.5440291
1.6225086
1.6238184
1.5308505
1.5687181
1.5746615
1.4312583
1.5154674
1.5854516
1.5484087
1.577254
1.5873871
1.5315892
1.6083289
1.5638257
1.5614824
1.5365095
1.5563123
1.6375773
1.5564278
1.5282272
1.596455
1.6415635
1.4221437
1.5932059
1.6216506
1.5039068
1.6095264
1.4983597
1.4252331
1.6278509
1.4875088
1.6054608
1.5585784
1.5207798
1.527469
1.4539393
1.4970136
1.4405152
1.5701426
1.5204632
1.4624485
1.4259881
1.6181408
1.621868
1.5820718
1.4978751
1.5046345
1.5485896
1.605997
1.5748574
1.4694283
1.4644953
1.5621217
1.4749004
1.5452391
1.5536984
1.4770541
1.4342475
1.5514829
1.5905856
1.6032451
1.5295361
1.420583
1.594103
1.4658265
1.5187562
1.5106117
1.5607127

1.4677092
1.5935239
1.480792
1.6387726
1.6442755
1.4761261
1.5170467
1.5777843
1.6206545
1.6295807
1.5977792
1.6135836
1.4366808
1.4576756
1.5143741
1.4775828
1.4089024
1.6007562
1.5641742
1.5964135
1.43849
1.5700859
1.4912759
1.5763237
1.6161389
1.6227062
1.5923126
1.5561326
1.491108
1.5791308
1.667502
1.6784524
1.5456133
1.5515202
1.4417845
1.5806366
1.602261
1.6609927
1.6332421
1.5777003
1.5490752
1.4887155
1.4730431
1.5054101
1.5817106
1.5143944
1.5636377
1.4693689
1.5250778
1.7064518
1.6167483
1.4748836
1.6276522
1.58382
1.6452717
1.5054644
1.4586328
1.577463
1.5497355
1.4940003
1.6002122
1.5943112
1.6241904
1.4548527
1.6261512
1.485346
1.6245366
1.6064236
1.4898357
1.5314282
1.5437849
1.4803149
1.5669951
1.567411
1.5804918
1.6512624
1.6008388
1.6506008
1.470867
1.6188215
1.5907068
1.551901
1.6650928
1.5426446
1.5803925
1.5672069
1.6343908
1.6348553
1.5817112
1.4510889
1.6409585
1.6669052
1.6183926
1.6659292
1.6777574
1.668404
1.399952
1.4250265
1.6455406
1.5735515
1.6117058
1.6393521
1.578903
1.5426732
1.4851263
1.4993765
1.5022084
1.5762961
1.5039978
1.453135
1.6418885
1.5774798
1.6580307
1.6190298
1.5261264
1.5531875
1.5922003
1.5418694
1.5312959
1.4267051
1.5755692
1.5343347
1.4601805
1.4731845
1.5582348
1.583716
1.4939957
1.5465184
1.5503861
1.5639024
1.6194912
1.6172401
1.6505495
1.6420355
1.6014061
1.5988784
1.6157585
1.5961839
1.5963135
1.6580966
1.5511127
1.557742
1.4993742
1.5145229
1.5111566
1.4908067
1.5309697
1.6153969
1.4472516
1.4741883
1.5292428
1.6527935
1.5410267
1.5851309
1.6476178
1.4680314
1.5416476
1.6619791
1.6214218
1.6268134
1.6296084
1.5900173
1.5710832
1.6595501
1.5946515
1.6218315
1.6203231
1.6210874
1.622026
1.5277605
1.4389993
1.6386713
1.5887468
1.4787475
1.5558028
1.4475129
1.6099412
1.5528774
1.6351972
1.5673932
1.5713941
1.5021163
1.6024058
1.636262
1.5335847
1.582685
1.619812
1.648146
1.616452
1.6560775
1.5833526
1.6992414
1.5387137
1.57781
1.5739355
1.5082169
1.5697434
1.6295482
1.5135436
1.5351022
1.5023239
1.5768926
1.6026031
1.5367182
1.6169769
1.5505353
1.5753351
1.5818998
1.5250841
1.4433239
1.6199623
1.5940812
1.6033987
1.4574131
1.6545795
1.6232383
1.5515434
1.5780004
1.5819663
1.6115309
1.633095
1.6468866
1.5804074
1.4182085
1.5620848
1.4984037
1.5143389
1.6354275
1.602222
1.6035032
1.4915415
1.6011286
1.4987731
1.5805614
1.6039923
1.5916084
1.5669361
1.516856
1.6288614
1.4863575
1.5705873
1.503586
1.5194609
1.5340606
1.5434653
1.4456824
1.6151862
1.6096696
1.613002
1.5882888
1.5947115
1.5421377
1.6522081
1.6528685
1.5553676
1.5431185
1.419128
1.4473339
1.6887957
1.5688958
1.6410164
1.6115278
1.4684455
1.6086698
1.6423672
1.5938138
1.5007728
1.5340704
1.5932933
1.5614338
1.5323596
1.6285806
1.5958834
1.5872431
1.5027754
1.4838173
1.5567746
1.5409901
1.4400625
1.4734656
1.5836349
1.6568141
1.4846225
1.5859362
1.6183418
1.5236017
1.5631375
1.6183449
1.671085
1.6151034
1.5365936
1.5435581
1.4489602
1.5350102
1.5475637
1.6230861
1.4141316
1.571938
1.612027
1.5720617
1.5667776
1.5077022
1.6028467
1.5008097
1.637182
1.5095223
1.7051883
1.637842
1.5558823
1.5549814
1.5942614
1.5946411
1.457531
1.5812899
1.5992444
1.6290778
1.520856
1.6463022
1.4898852
1.5642656
1.5680767
1.622172
1.5885133
1.4371961
1.5299048
1.4525148
1.5919368
1.5770774
1.5144458
1.5955048
1.6296431
1.624669
1.6602836
1.6918652
1.4615825
1.5638871
1.6653955
1.6426463
1.5511316
1.5946631
1.4884324
1.6010082
1.5205669
1.5084798
1.4566334
1.4442353
1.6147647
1.5735493
1.5254679
1.5591302
1.6012878
1.5145154
1.4387774
1.6224333
1.5590243
1.6344278
1.5644183
1.50719
1.5847896
1.5738868
1.6109563
1.4277103
1.4503094
1.5338055
1.4926883
1.5457497
1.5806187
1.6016771
1.4690815
1.6149577
1.4580545
1.4507881
1.4634131
1.5942767
1.6185877
1.7325512
1.6140156
1.426858
1.4809605
1.6090173
1.5752599
1.542289
1.5745767
1.5662284
1.6089318
1.4662251
1.46035
1.6546035
1.5976926
1.6278964
1.5536886
1.6143796
1.5967618
1.4704776
1.5378517
1.60732
1.5936546
1.5682409
1.6089357
1.4801394
1.416358
1.5096439
1.6657869
1.6468749
1.4806684
1.6084596
1.4578284
1.4669535
1.4946717
1.5062342
1.6043315
1.4936227
1.5774088
1.5697216
1.6619663
1.6091585
1.6411297
1.5715195
1.555647
1.5171663
1.6042038
1.6447
1.5540544
1.5904166
1.6753566
1.5991547
1.4303246
1.5783048
1.583073
1.5644871
1.4194944
1.4240568
1.5591843
1.6243643
1.6549913
1.5206213
1.4983379
1.6122004
1.48118
1.5433227
1.6477243
1.6346569
1.5595816
1.6326842
1.6124798
1.5660604
1.7173619
1.4999247
1.4833028
1.5606085
1.5134121
1.5768685
1.5236597
1.5263586
1.6751614
1.4581138
1.4517651
1.6339055
1.5720862
1.4621152
1.646963
1.5939921
1.533883
1.6292341
1.4995703
1.5245239
1.5772578
1.5453126
1.5756673
1.5614078
1.580442
1.638141
1.5151442
1.6485796
1.6389093
1.6314962
1.5070091
1.5176039
1.4899505
1.4954531
1.5808567
1.5445981
1.6087298
1.5063453
1.6259255
1.527428
1.5573406
1.6441666
1.4822712
1.6106029
1.5734657
1.5817486
1.6306772
1.5280213
1.527195
1.4759368
1.530493
1.528915
1.6012634
1.5961425
1.6564971
1.623058
1.4759054
1.4265757
1.4325052
1.4527941
1.5019346
1.6045269
1.6172624
1.5429507
1.4569124
1.5690169

1.423338
1.4619358
1.6902417
1.6150082
1.499477
1.4790629
1.5381869
1.6266958
1.5253004
1.5663031
1.4801598
1.558082
1.5632818
1.5592012
1.4915183
1.5665112
1.4356011
1.4674695
1.5285797
1.5095387
1.5542697
1.5217034
1.4845906
1.6243151
1.6754482
1.7141734
1.4578412
1.4554037
1.5258908
1.4470259
1.4444044
1.4965796
1.5134878
1.4817952
1.6838723
1.4847057
1.4807395
1.5283538
1.4885
1.5504463
1.4880654
1.5061544
1.521867
1.604645
1.5086223
1.4849095
1.5035136
1.4346268
1.4773555
1.4636028
1.6382006
1.4904035
1.6216916
1.4799262
1.6240602
1.5388349
1.5838853
1.4467274
1.5374291
1.5447371
1.6688827
1.5470067
1.5015341
1.4666399
1.5271138
1.4820583
1.502825
1.4466804
1.6312727
1.498963
1.5609314
1.477678
1.6372623
1.4204227
1.4791718
1.5216194
1.6641433
1.6589683
1.4075856
1.4791294
1.5485456
1.4752966
1.6005118
1.4892596
1.5018601
1.5612428
1.4441683
1.6101745
1.4798517
1.4788918
1.822819
1.4836948
1.535834
1.5546706
1.4298702
1.5191228
1.558739
1.5566539
1.5254523
1.5900878
1.542575
1.4639667
1.5370941
1.5373248
1.475205
1.4885404
1.4774463
1.4913225
1.4120626
1.4992732
1.4480118
1.5198252
1.5304167
1.5236906
1.495504
1.5122869
1.4303589
1.7002716
1.6711254
1.6047523
1.6116725
1.60127
1.4954534
1.5481883
1.5579928
1.5793303
1.5181789
1.6148899
1.5051917
1.6204692
1.526593
1.5701486
1.4947115
1.5182315
1.631755
1.4362367
1.5590227
1.4623424
1.5170506
1.5923337
1.5650915
1.623418
1.5391341
1.8284953
1.6566541
1.560517
1.5392491
1.5011815
1.5548275
1.4367192
1.5146922
1.5061572
1.5763807
1.5533909
1.5388571
1.443112
1.4534701
1.4970155
1.493321
1.4860678
1.4781971
1.5482368
1.6434826
1.6568844
1.5555674
1.4662852
1.5356679
1.5857308
1.4666817
1.4825324
1.5143874
1.5116788
1.5483348
1.4763913
1.5343603
1.4329003
1.5640895
1.4366636
1.4873697
1.5624096
1.4185097
1.5069852
1.4591668
1.6118327
1.4617906
1.5004882
1.418649
1.4424965
1.4749376
1.7658205
1.5296774
1.431536
1.450006
1.4855417
1.7026131
1.5173688
1.5440167
1.5405775
1.4866165
1.4866823
1.469518
1.4829497
1.6574544
1.5714903
1.4456532
1.4494412
1.5170258
1.5733132
1.43194
1.623138
1.4841237
1.4758837
1.764415
1.4790378
1.6884278
1.5124192
1.4775419
1.5906678
1.6101794
1.6277372
1.5151294
1.5760505
1.5622611
1.5585425
1.4803755
1.4863461
1.6365559
1.4660639
1.4528714
1.5159142
1.5635456
1.4870017
1.5014453
1.5596148
1.4935234
1.5760485
1.474542
1.6251166
1.7545929
1.4626532
1.7039264
1.6646727
1.4300054
1.4963115
1.586878
1.5210956
1.53434
1.5169355
1.494797
1.5074974
1.5227512
1.6237106
1.5199101
1.4880167
1.6219535
1.5980228
1.4438101
1.50888
1.4520663
1.5103605
1.5717212
1.4383798
1.5522475
1.5468141
1.523024
1.6121168
1.5150031
1.5487057
1.6055043
1.5107427
1.513834
1.5241845
1.5608826
1.5177028
1.4999944
1.4553685
1.4649488
1.4695888
1.618601
1.4830859
1.641573
1.697738
1.4762465
1.4629959
1.4886279
1.6185602
1.648045
1.5225419
1.523789
1.4135429
1.4857416
1.5934678
1.4796599
1.4933236
1.58301
1.452777
1.5420675
1.6718172
1.5970287
1.5057338
1.525772
1.6760745
1.4243234
1.5123054
1.5458329
1.4895701
1.5114642
1.5260338
1.4819353
1.4219091
1.5007976
1.456436
1.5128078
1.6144063
1.4856228
1.4656955
1.5483487
1.7957318
1.4589821
1.5639088
1.4589553
1.6613517
1.7107762
1.5692941
1.4981287
1.4481236
1.495113
1.5775512
1.4877003
1.6126095
1.5032552
1.4758079
1.6812673
1.5342896
1.7675273
1.6656224
1.4680213
1.460662
1.5118227
1.5917107
1.5119777
1.5155096
1.4433222
1.5956969
1.4118772
1.435466
1.5150694
1.5386964
1.7690716
1.5271502
1.4602726
1.720598
1.4556477
1.4697433
1.5014166
1.5534397
1.4450403
1.6504416
1.4533801
1.5785741
1.608157
1.7003907
1.5404543
1.5294861
1.5319252
1.6083645
1.5655334
1.6030084
1.482962
1.4082031
1.4855251
1.7139771
1.4351711
1.5245227
1.5245267
1.5350238
1.4370706
1.5823178
1.604127
1.4844029
1.7413596
1.546609
1.6862876
1.5408468
1.5048879
1.5114902
1.5033782
1.5080322
1.5135198
1.6422124
1.4124639
1.5059651
1.491892
1.4412364
1.4237792
1.4872669
1.43724
1.5179173
1.4892054
1.6024895
1.6316365
1.6200669
1.4833777
1.5107224
1.5657408
1.5509776
1.4466132
1.604252
1.4318459
1.598598
1.4537039
1.6965863
1.4734333
1.4745572
1.7643222
1.5278801
1.5288153
1.5518968
1.4445719
1.4419658
1.5946513
1.4556899
1.4519975
1.4684595
1.4879102
1.663391
1.718872
1.4673631
1.4977416
1.6200234
1.6589284
1.5058498
1.4685432
1.4388403
1.4673404
1.4745202
1.4742206
1.4636546
1.5796617
1.650989
1.5579271
1.502347
1.48855
1.5434644
1.6246634
1.4720526
1.6481575
1.5181668
1.5705574
1.5616809
1.4843963
1.45061
1.454946
1.5525464
1.5661186
1.5183417
1.5544217
1.4950662
1.4857332
1.6973162
1.4507226
1.6917492
1.5617989
1.4920752
1.5326288
1.630521
1.5306059
1.4838675
1.554775
1.4752908
1.4287268
1.615726
1.5374787
1.5749849
1.5591658
1.489787
1.4758093
1.5022496
1.6189603
1.597784
1.578024
1.4524447
1.6507006
1.5045859
1.4363418
1.4446925
1.5028735
1.5120021
1.4496166
1.4486374
1.5582366
1.4197997
1.4305599
1.5988113
1.5461437
1.4572178
1.6894869
1.6098983
1.5466793
1.5518019
1.60207
1.5760453
1.5124669
1.4835237
1.5276852
1.5382961
1.6077278
1.5403883
1.6511551
1.4664258
1.4518603
1.5667474

1.4564782
1.4805938
1.4480625
1.4175016
1.5212297
1.4574653
1.4345828
1.5455291
1.4646116
1.4866586
1.454544
1.5003754
1.4237856
1.4707105
1.4542791
1.5121721
1.4331526
1.4049394
1.4219196
1.457265
1.4239551
1.4338408
1.4781966
1.4785702
1.431976
1.5095148
1.4595623
1.4458742
1.4377012
1.447447
1.4526674
1.4701557
1.4807554
1.4850492
1.4017528
1.407434
1.5020947
1.425785
1.4859412
1.4217094
1.4122128
1.4949917
1.4119405
1.4879918
1.5036702
1.4859459
1.471443
1.4801134
1.5005357
1.5611509
1.4302725
1.4866136
1.4782189
1.4249128
1.473764
1.4155626
1.4429855
1.4065827
1.4639676
1.4336023
1.461481
1.4930676
1.4692464
1.4273257
1.5031397
1.5276852
1.4486331
1.4627236
1.4224029
1.4601908
1.4228401
1.4371856
1.4486364
1.5314914
1.4289526
1.4617862
1.4347327
1.4469495
1.4957826
1.4503388
1.4289081
1.4394635
1.4687207
1.4191833
1.478008
1.4265766
1.4737711
1.488039
1.4784789
1.4459022
1.4572402
1.4046283
1.4360372
1.418012
1.4654908
1.4438572
1.4234536
1.4357618
1.401375
1.4261267
1.4041568
1.5070288
1.484599
1.4331144
1.5395116
1.4357281
1.4440112
1.494452
1.4695245
1.447231
1.4499872
1.4579116
1.508178
1.4592152
1.4938883
1.455558
1.4781587
1.4847178
1.5005876
1.4475075
1.4566236
1.4594408
1.4319834
1.4055382
1.4307458
1.397078
1.5017104
1.4137609
1.4084604
1.4583691
1.4442127
1.4238895
1.4176105
1.4247239
1.4448183
1.4643135
1.4591285
1.4290518
1.4504002
1.4950353
1.4332156
1.4743799
1.4738904
1.4642233
1.4378785
1.4268018
1.4234349
1.4589186
1.4743665
1.4797348
1.4540975
1.4836849
1.5015204
1.4384806
1.4367565
1.5061877
1.4012773
1.4053522
1.4515594
1.4933255
1.4833249
1.4214342
1.4042039
1.4429269
1.4677064
1.4828324
1.4441104
1.4728588
1.4480534
1.4900705
1.4597676
1.4354244
1.4425123
1.4687866
1.4700099
1.4471153
1.4304279
1.4164078
1.4194099
1.4179639
1.4161476
1.4424251
1.4059064
1.4958713
1.4472724
1.4596078
1.4652172
1.5412158
1.4299958
1.4258583
1.4558029
1.5028354
1.5117476
1.4402851
1.4197131
1.4864154
1.4440053
1.4206128
1.4537612
1.4882755
1.4791336
1.480456
1.4667526
1.4857649
1.4460083
1.4811215
1.4392076
1.4818641
1.4411937
1.4259915
1.4598854
1.4236969
1.4594562
1.451732
1.4571141
1.4499539
1.4363862
1.415593
1.4813325
1.4667674
1.4150268
1.4647807
1.4664799
1.4327855
1.4538481
1.4216934
1.4603442
1.473982
1.4616537
1.404671
1.4799956
1.446876
1.5050807
1.4800591
1.4687403
1.4381144
1.4805349
1.4829125
1.4853833
1.4551955
1.550214
1.4303787
1.4574653
1.4249983
1.4403279
1.4151372
1.4100666
1.4723313
1.4264008
1.4972072
1.5063039
1.4698554
1.4438455
1.4232334
1.435688
1.4620334
1.4620703
1.4289097
1.4179883
1.4291376
1.4618256
1.4890386
1.4451393
1.4546223
1.4856452
1.4362893
1.4313247
1.4346908
1.4735278
1.4444553
1.4630147
1.4453275
1.4353746
1.4587622
1.4801382
1.4419538
1.466114
1.5041022
1.4465573
1.4311584
1.4513953
1.4478208
1.4854066
1.4803351
1.4512935
1.455639
1.4500257
1.4694113
1.428661
1.4881067
1.4159592
1.4881229
1.474877
1.4404378
1.4945248
1.4512842
1.476517
1.4408666
1.5034627
1.4370103
1.4632218
1.4192903
1.5291774
1.4223523
1.4427191
1.4591652
1.4367013
1.5128801
1.5051295
1.4576904
1.4515046
1.4821216
1.4420485
1.4954338
1.4337988
1.4192564
1.4615058
1.4387745
1.4887813
1.3932375
1.4624926
1.505058
1.5119818
1.435439
1.466721
1.4401497
1.4202507
1.4564432
1.4659386
1.4940588
1.4731857
1.4714011
1.4483544
1.4439318
1.4685345
1.4032036
1.474312
1.4421096
1.4284358
1.3959856
1.4581391
1.4464847
1.4346521
1.4339731
1.4838432
1.4164007
1.4007267
1.4685886
1.4294897
1.4837115
1.522306
1.4666039
1.4770672
1.4693311
1.4340115
1.406879
1.4514861
1.4346477
1.446372
1.4504985
1.4358797
1.4570037
1.4109253
1.4114311
1.4839232
1.4552721
1.457092
1.4478117
1.4608384
1.4435297
1.4615102
1.4102945
1.4471382
1.5231013
1.4390904
1.4283296
1.4790118
1.4729254
1.4441757
1.4600523
1.4452239
1.4161574
1.4247273
1.4294995
1.4451414
1.4818492
1.4343812
1.4525447
1.4884622
1.4775542
1.4433849
1.4209895
1.4607792
1.3914607
1.4405946
1.4352142
1.4629598
1.4314741
1.4565651
1.4743007
1.422287
1.4862279
1.4219337
1.4148102
1.4883068
1.488163
1.4360688
1.4772761
1.457861
1.4158561
1.4653316
1.454516
1.4885157
1.5298507
1.4507337
1.420194
1.4159634
1.4462993
1.4914284
1.437053
1.452577
1.4451448
1.4521539
1.4310777
1.4401678
1.4441713
1.4606401
1.435717
1.4781426
1.4345167
1.4959096
1.4513116
1.4233291
1.4302981
1.4597456
1.4798006
1.416114
1.4835877
1.41631
1.4822736
1.5017247
1.4817872
1.4614209
1.4589595
1.4573271
1.4385333
1.4270484
1.4744315
1.4252813
1.438591
1.4389678
1.4950823
1.4492211
1.4077106
1.4707538
1.4821708
1.431817
1.4965019
1.5141428
1.4969227
1.4262894
1.4654717
1.4952838
1.4358166
1.4652336
1.5162979
1.4713181
1.4788445
1.5105686
1.4490753
1.4676465
1.4228256
1.4194293
1.4497209
1.499626
1.4933136
1.4666462
1.4370422
1.4570053
1.4937803
1.4348288
1.4712309
1.4382287
1.4659587
1.4323939
1.4204994
1.4712327
1.462917
1.4708408
1.434191
1.4432188
1.4213432
1.4356678
1.4361048
1.4666462
1.4466164
1.5264945
1.4627041
1.471195
1.4568827
1.4358629
1.4319323
1.4247139
1.464735
1.4097512
1.4368926
1.43546
1.4435122
1.4897798
1.5089278
1.5139104
1.4365288

1.4329702
1.4701289
1.4374098
1.4139979
1.4628526
1.42743
1.4185196
1.4201028
1.4173176
1.4582046
1.4251864
1.4682441
1.419675
1.4264331
1.4391286
1.4461683
1.4718529
1.4347358
1.3958397
1.4337933
1.4584682
1.3946995
1.43667
1.4206183
1.4084263
1.4496269
1.4274242
1.4315761
1.4626237
1.4382132
1.4419959
1.4292349
1.435197
1.4583045
1.4550989
1.4334272
1.4242086
1.4178585
1.411927
1.4095783
1.4137496
1.441694
1.4589182
1.4329875
1.4083588
1.4518028
1.4326217
1.4452777
1.4233384
1.4429239
1.4176009
1.4148791
1.42576
1.394955
1.4458889
1.4481953
1.439782
1.4081413
1.4257728
1.4098645
1.4398146
1.4293796
1.4286431
1.4332056
1.447414
1.4329722
1.4110028
1.4293598
1.3937547
1.4404801
1.4288342
1.4244924
1.445433
1.4202234
1.4413574
1.4282814
1.4248847
1.4069169
1.4533464
1.4032604
1.4449264
1.3853058
1.4102706
1.415825
1.4267153
1.4404007
1.4139491
1.3987772
1.45211
1.4218594
1.4465433
1.4340168
1.4655232
1.4317832
1.4414241
1.441538
1.4264259
1.4494109
1.4599011
1.4582708
1.4149096
1.4281719
1.4067293
1.4281338
1.4685526
1.4171573
1.4434172
1.4306779
1.4391229
1.4763784
1.4475561
1.4316825
1.4297554
1.4432216
1.4115486
1.4292458
1.4252551
1.4216349
1.4680316
1.4551213
1.4497947
1.4415959
1.4162523
1.4317741
1.4766022
1.4439927
1.4486959
1.4224801
1.4416507
1.4139944
1.4290283
1.4339936
1.442948
1.4278755
1.4703933
1.4570453
1.4275675
1.4232055
1.435442
1.3958342
1.4374748
1.4328808
1.4367055
1.4658118
1.4308043
1.4661056
1.4462452
1.4761152
1.4558624
1.4256656
1.4564763
1.4299104
1.4469379
1.4499353
1.392073
1.4406128
1.4708726
1.4354151
1.4480879
1.415845
1.4620025
1.4447236
1.4357643
1.4388592
1.4100097
1.4385418
1.4492759
1.4665742
1.4438716
1.4728782
1.4338151
1.4278228
1.4766959
1.3978275
1.4519917
1.4053794
1.4194455
1.4589633
1.4143637
1.4412912
1.4169858
1.4405568
1.4052376
1.4513053
1.4443778
1.4862261
1.462199
1.4307381
1.4208212
1.4365494
1.4357064
1.4246413
1.4137055
1.4342177
1.4284084
1.4301099
1.4173032
1.4346021
1.4169106
1.3927263
1.4378995
1.4765658
1.4241517
1.419766
1.4775711
1.4359726
1.4052273
1.4189042
1.4024953
1.4293984
1.4443305
1.4448633
1.4503714
1.4394103
1.4393063
1.4056458
1.4328675
1.4377614
1.4392582
1.4315277
1.4415933
1.4103901
1.4059485
1.4264213
1.4015929
1.4429842
1.3935318
1.4605647
1.4481194
1.4656001
1.4329704
1.4175642
1.4484174
1.4426744
1.4340165
1.4098922
1.429114
1.4219024
1.4596375
1.4526836
1.4550241
1.4258304
1.4159658
1.4335132
1.4084046
1.4475917
1.4645098
1.4488071
1.4361601
1.4379613
1.4378119
1.4383016
1.4549251
1.4422272
1.4100407
1.4331164
1.4780436
1.4410456
1.4143997
1.451231
1.4667379
1.4238981
1.4227908
1.4439559
1.4377416
1.4272196
1.4272041
1.4468423
1.4171171
1.4474922
1.4085572
1.422266
1.4451251
1.4536141
1.4175763
1.430649
1.4300475
1.4479498
1.4645451
1.4286865
1.4701108
1.411401
1.458702
1.4316062
1.4572047
1.4480995
1.4580425
1.4303074
1.442035
1.4501036
1.4447519
1.4153384
1.4195535
1.4270254
1.4475771
1.4035988
1.4060153
1.4109606
1.420608
1.4059857
1.4164898
1.4734439
1.4505428
1.4392225
1.4547297
1.4230472
1.4414077
1.4144682
1.4207938
1.427559
1.4079611
1.4379097
1.4417698
1.446081
1.4434946
1.4261659
1.4260314
1.4370763
1.4333485
1.4305067
1.4337515
1.4149674
1.4562953
1.4347477
1.4286412
1.4472848
1.4519775
1.4517919
1.4002764
1.4468588
1.4576519
1.4521645
1.439552
1.4564155
1.4335614
1.4447454
1.4374723
1.4513426
1.4044011
1.4021189
1.4317807
1.4308633
1.4554214
1.4341435
1.4318305
1.4364417
1.4324477
1.3948134
1.4283855
1.4610428
1.4288334
1.401659
1.4375932
1.410703
1.4249431
1.4342406
1.4482183
1.418593
1.4408642
1.4335306
1.4161731
1.4639964
1.4323772
1.4558107
1.4544388
1.4264021
1.4230986
1.4221716
1.4057949
1.4255178
1.421918
1.4710016
1.4018605
1.4014667
1.4043574
1.4182833
1.4122598
1.4227159
1.4199232
1.4432563
1.424409
1.4206291
1.4158565
1.4210159
1.4474773
1.3995961
1.4346962
1.4429396
1.4023416
1.4575658
1.4327099
1.4479352
1.4329116
1.4380776
1.4439123
1.4194978
1.4415147
1.4317538
1.4149395
1.4515609
1.4210235
1.3981602
1.4270513
1.4470761
1.4407275
1.4364988
1.4213778
1.4191573
1.4347364
1.4321593
1.456197
1.4298643
1.436268
1.4721535
1.45417
1.4236294
1.4390674
1.4376811
1.4414159
1.4436634
1.4092395
1.4238437
1.4362069
1.4420983
1.4458959
1.4481151
1.4178253
1.4520398
1.4192082
1.4290303
1.4464697
1.426603
1.4437149
1.42887
1.4327072
1.4472479
1.4285386
1.4514217
1.4402536
1.4424409
1.4484413
1.4296871
1.4229932
1.4714612
1.4491616
1.4761295
1.4070928
1.4230784
1.4717377
1.4709938
1.4120218
1.4247756
1.4696895
1.4329942
1.4324313
1.4240582
1.4431813
1.4190573
1.4020345
1.4194826
1.4160184
1.4362417
1.4352037
1.4531355
1.4532454
1.4151485
1.4424452
1.4265497
1.4209439
1.4320583
1.4269713
1.454061
1.4586171
1.4720249
1.4659697
1.4626595
1.4416356
1.4523289
1.4112679
1.423804
1.4398924
1.4609567
1.480567
1.4362775
1.4640875
1.4414674
1.4385552
1.4265339
1.4315333
1.4424177
1.4323527
1.4436375
1.4107083
1.4613665
1.4397113
1.425738
1.4283884
1.4154637
1.4200579
1.4447643
1.4227958
1.4502503
1.4594262
1.44494
1.466651
1.425198
1.4163709
1.430469
1.4719373
1.4376771
1.4374503
1.4272995

1.4365088
1.4342307
1.4523005
1.4332225
1.4427989
1.4201652
1.4303765
1.4711821
1.434742
1.4349473
1.4325645
1.4287481
1.4321258
1.4166176
1.4510485
1.4320972
1.3946992
1.4291542
1.4075942
1.4418495
1.3980099
1.4378965
1.402035
1.4723699
1.4596751
1.477602
1.4299822
1.4352942
1.4544486
1.4163913
1.4125216
1.4643832
1.4207675
1.4225106
1.4155554
1.4407469
1.4144777
1.4287987
1.4122503
1.3930421
1.4414935
1.4263772
1.4460247
1.418329
1.4223201
1.4341991
1.4200157
1.4441245
1.4870657
1.4583476
1.4203745
1.4369501
1.447199
1.4227177
1.4100573
1.4133499
1.4282035
1.4589248
1.4515556
1.4292035
1.4518775
1.442402
1.4386461
1.4476824
1.4204193
1.4054041
1.4080222
1.423376
1.4129345
1.4403383
1.4397134
1.4483504
1.4275854
1.4147993
1.3875809
1.4286935
1.4373965
1.4176664
1.4462552
1.4589455
1.4264023
1.3999838
1.4333588
1.4102068
1.438279
1.403109
1.4201124
1.4197209
1.4044821
1.4207978
1.4443845
1.4193978
1.3971496
1.4412091
1.4006257
1.4351478
1.4462639
1.4250151
1.4269632
1.4321941
1.4176927
1.4354336
1.4448344
1.434886
1.4083631
1.4277486
1.4185385
1.4207375
1.4229916
1.4458866
1.4438944
1.4440992
1.445695
1.4389294
1.409428
1.431947
1.4113024
1.4249254
1.472498
1.4531847
1.4303299
1.4367545
1.4258078
1.446509
1.42193
1.4099518
1.4100118
1.4140841
1.4309862
1.4225099
1.4478618
1.4187982
1.4093649
1.4564173
1.4244341
1.4308197
1.4076078
1.4817772
1.4271655
1.4701579
1.4268323
1.4014537
1.4381888
1.4572735
1.4287407
1.4478612
1.4096054
1.4320295
1.4223549
1.4664515
1.4093623
1.4755417
1.4347624
1.4340832
1.4527541
1.4071938
1.403016
1.4483842
1.4452978
1.4246926
1.4055744
1.4402022
1.4744251
1.454532
1.4379371
1.4319015
1.441594
1.4301476
1.4551638
1.4189262
1.4289285
1.4384247
1.4192944
1.4044878
1.4573592
1.4451283
1.4437727
1.459737
1.4383
1.4351525
1.45632
1.4297076
1.4245809
1.409167
1.4423938
1.4196173
1.4117289
1.4324166
1.4304072
1.4272758
1.4226953
1.4145998
1.410566
1.4499607
1.40372
1.4144652
1.3946717
1.4739343
1.4444503
1.4532661
1.4579333
1.3991586
1.4453611
1.4535384
1.4532118
1.4221513
1.4398605
1.4348819
1.4265012
1.4698303
1.4322397
1.4331579
1.4512303
1.4226767
1.3981692
1.4210786
1.449706
1.4345195
1.437058
1.4292183
1.4210862
1.405158
1.4546523
1.4321373
1.4310571
1.4124897
1.4635203
1.430946
1.4266745
1.4332254
1.4372791
1.4240797
1.4514652
1.4206114
1.4204797
1.4219837
1.4572003
1.4337149
1.434429
1.4405931
1.4252766
1.4329541
1.3960899
1.4460932
1.4460391
1.4343688
1.490258
1.4045095
1.3995494
1.4390106
1.4270853
1.4315584
1.4558616
1.4346086
1.4416982
1.4018921
1.4749597
1.4173356
1.4492059
1.4194688
1.4866453
1.4018041
1.4315453
1.4626632
1.4268787
1.4227443
1.4219961
1.4376774
1.4100673
1.4320519
1.4282014
1.459602
1.4272342
1.416251
1.4407552
1.4062966
1.4374382
1.4372749
1.4212509
1.4448546
1.4377356
1.4125963
1.436931
1.4377689
1.4218875
1.4212751
1.4373276
1.4022198
1.430658
1.4361008
1.4354898
1.4169998
1.4215436
1.4522858
1.4347658
1.4513744
1.4229554
1.4397258
1.4191123
1.3940945
1.4350226
1.4493634
1.4567945
1.4186507
1.4221886
1.4144539
1.45206
1.4704379
1.4518011
1.4372973
1.4433528
1.4347804
1.4829072
1.422752
1.4264022
1.4345586
1.4186115
1.4382111
1.4016938
1.4519961
1.4358742
1.4283823
1.4194992
1.4526311
1.4315745
1.4178826
1.4196707
1.4062562
1.4284105
1.4584284
1.4258561
1.4163961
1.4098355
1.4263424
1.4562603
1.4442862
1.4167763
1.4207326
1.4353564
1.4350624
1.4381692
1.4066889
1.4346195
1.4242445
1.4095435
1.4362742
1.4495893
1.4426615
1.4375131
1.4054278
1.4177244
1.4140356
1.404209
1.4271276
1.4377515
1.4574366
1.4198418
1.45451
1.4498867
1.4463573
1.4257897
1.4255717
1.4367924
1.4311012
1.4311695
1.401977
1.4082474
1.4167988
1.4349549
1.4084059
1.435169
1.4443735
1.4540894
1.4174002
1.4608165
1.4482715
1.4125082
1.4164289
1.4209406
1.4159167
1.4171613
1.4008561
1.4369563
1.4596595
1.4184949
1.4381957
1.4380286
1.4504073
1.4476779
1.4140483
1.4236754
1.4314204
1.4281689
1.4780681
1.453432
1.4623588
1.4412419
1.4675761
1.4293548
1.4181753
1.423868
1.4360045
1.4381859
1.4241713
1.4153554
1.4562409
1.4133437
1.4071078
1.4494318
1.4494519
1.4307243
1.4264227
1.4467859
1.4441272
1.4559679
1.4381058
1.3928028
1.4671453
1.4102249
1.4377819
1.4529173
1.4301137
1.4404894
1.4269432
1.456612
1.4432064
1.4559187
1.4171576
1.4418308
1.4382776
1.421897
1.4009054
1.4257321
1.4234606
1.4493701
1.4328537
1.4484043
1.4431049
1.4141558
1.4040037
1.4361789
1.4304756
1.45548
1.4503579
1.4009368
1.4325473
1.4417816
1.4049444
1.4264468
1.427067
1.4389106
1.418942
1.4605799
1.441696
1.4315426
1.4269638
1.460281
1.4181843
1.4220281
1.397033
1.4457366
1.4385365
1.4290451
1.4664122
1.4109257
1.4231942
1.4245572
1.4246796
1.4680343
1.4445757
1.4114558
1.4380248
1.4226139
1.4221461
1.438108
1.4237632
1.4120528
1.450318
1.4459352
1.3852465
1.4293468
1.4271001
1.4088954
1.4095829
1.4312578
1.4151793
1.4028444
1.4474782
1.421588
1.4212483
1.4320284
1.4160954
1.4199584
1.4343573
1.4220873
1.4168662
1.4608773
1.4335836
1.4609334
1.4221832
1.4386158
1.4333138
1.4345293
1.4551735
1.4131444
1.4123167
1.457549
1.4140327
1.4576929
1.4201115
1.4178839
1.4266692

1.9798943
1.8671186
1.8861854
1.8205025
1.9463
1.8594085
1.8290826
1.8883861
1.9159781
1.8305374

