1.5243993
1.5152698
1.4759027
1.3745767
1.409615
1.251381
1.436174
1.4237341
1.0999411
1.4724699
1.4998907
1.2688402
1.0163832
1.7268052
1.2582824
1.6591886
1.4656265
1.552246
1.6442758
1.2722481
1.2100824
1.0505685
1.5399584
1.5984154
1.5134988
1.5790908
1.6645417
1.9367291
1.585753
1.3727258
1.6414582
1.4892365
0.93249625
1.2578864
1.5694503
1.3849146
1.478534
1.3098073
1.0594066
1.3678327
1.8673487
1.2345613
1.6053249
1.5761951
1.0830638
1.5191909
1.5383157
1.4744291
1.3453155
1.4431384
1.3169913
1.4151525
1.5055964
1.4896233
1.2305329
1.7957077
1.1744099
1.3973643
1.5578979
1.5582703
1.8495716
1.2705029
1.5183499
1.6605731

1.4737741
1.3839059
1.3212702
1.4591295
1.481541
1.4061774
1.4776367
1.4030987
1.3631808
1.4814919
1.4009991
1.4466848
1.4333738
1.4218428
1.3701398
1.5234193
1.4139379
1.3428577
1.425675
1.4240828
1.3363787
1.4356396
1.3356433
1.4723445
1.4388427
1.4551381
1.4426576
1.4343868
1.3697224
1.4146957
1.4833449
1.4357015
1.5385182
1.5709046
1.4115162
1.4307904
1.3534975
1.4713151
1.4649557
1.3990315
1.3909782
1.4274014
1.4261693
1.4730451
1.3703355
1.4861413
1.4152368
1.4957656
1.4308469
1.4889365
1.3731316
1.4724476
1.4372511
1.4269066
1.4851195
1.3889425
1.4371142
1.3977326
1.3892846
1.3571923
1.4755926
1.49774
1.4315454
1.4391702

1.4113573
1.4270133
1.4135095
1.3878796
1.3512468
1.4313025
1.4478388
1.3531668
1.3552995
1.4253943
1.4742483
1.4471103
1.4133955
1.4133842
1.370355
1.4457843
1.3621508
1.4269807
1.3766853
1.4204192
1.4430332
1.4623942
1.4311273
1.454435
1.3958791
1.5092769
1.3990781
1.4110442
1.5018364
1.4902482
1.446199
1.442151
1.4699959
1.490066
1.3974378
1.3005993
1.3397307
1.3784548
1.4057359
1.3990098
1.4168661
1.4529248
1.4569037
1.4190962
1.4814497
1.3719773
1.4583039
1.4493728
1.4575863
1.3970833
1.3713125
1.4686389
1.4563597
1.4071598
1.3963311
1.3876892
1.4045168
1.557292
1.5078398
1.4031131
1.4500599
1.4114004
1.4087285
1.4327191
1.4521558
1.4128392
1.3908155
1.4044429
1.426951
1.4012425
1.4911877
1.424706
1.4561616
1.4900844
1.4797921
1.4856907
1.3725722
1.4004961
1.4442883
1.4380206
1.396682
1.4955118
1.3727392
1.3563511
1.4051877
1.4347302
1.4733825
1.4318479
1.4304439
1.3970206
1.4140779
1.4434184
1.5201253
1.4763364
1.5065076
1.4342059
1.4109715
1.3686714
1.3156761
1.428187
1.483687
1.4423256
1.432109
1.4884955
1.4139736
1.4355798
1.4165725
1.4461421
1.4626836
1.4377887
1.4491851
1.4321433
1.3478899
1.4098144
1.4034314
1.3905181
1.4671056
1.3997172
1.4219627
1.3939972
1.4107146
1.445585
1.4291792
1.4225947
1.4389253
1.3920666
1.3854243
1.4466304

1.4246311
1.3800492
1.4059197
1.4786125
1.4006423
1.3929371
1.4644122
1.4099722
1.4013503
1.450948
1.4800297
1.4465426
1.4518291
1.4553535
1.3882236
1.3288893
1.4700669
1.3812946
1.420519
1.3894352
1.4426336
1.3931513
1.3989635
1.4901589
1.4137647
1.418703
1.447747
1.4241925
1.400801
1.4085791
1.365959
1.43779
1.480062
1.43596
1.4406408
1.3980918
1.3904948
1.4200637
1.4504986
1.4094659
1.4244171
1.4067158
1.4431076
1.4394847
1.4307204
1.4103415
1.4627968
1.4256932
1.4781942
1.4425951
1.4457765
1.4500376
1.4277602
1.4225452
1.426081
1.4110446
1.3825395
1.4312781
1.4574224
1.4197339
1.4358544
1.4487244
1.5323089
1.4802269
1.4442816
1.445699
1.4458692
1.4675372
1.4148175
1.4053701
1.4447845
1.4462425
1.508295
1.4367346
1.488177
1.4499239
1.3826404
1.4117676
1.4586298
1.3905528
1.3878148
1.4253633
1.4059577
1.4537917
1.4272901
1.432389
1.4112526
1.4540025
1.3827875
1.4284947
1.4121634
1.4284587
1.4019701
1.4318191
1.3931507
1.4070637
1.4308417
1.3822082
1.4369828
1.4316658
1.4199257
1.3641522
1.4321
1.4031498
1.4252672
1.4309001
1.443698
1.4097023
1.447026
1.3947649
1.4466344
1.4101075
1.3895192
1.3760002
1.4297427
1.4651741
1.4236704
1.361383
1.4426763
1.4752573
1.3797272
1.4042168
1.3754364
1.4129871
1.4289566
1.4613718
1.3766173
1.442697

1.4305844
1.4572169
1.4560031
1.4503589
1.4469218
1.4095457
1.4308399
1.4320209
1.4578571
1.4199506
1.4222989
1.4617748
1.3636588
1.4598008
1.4062798
1.4205363
1.4518287
1.4515226
1.4688622
1.4321867
1.3961077
1.4261563
1.4220959
1.4007792
1.4359705
1.4454919
1.3998927
1.458571
1.4127641
1.3874424
1.4388525
1.4445328
1.4568651
1.4194831
1.4003463
1.423973
1.4752259
1.3867327
1.4725873
1.4305227
1.4924194
1.4509097
1.3954517
1.3883855
1.4425445
1.4169025
1.408421
1.4207072
1.3904749
1.4409635
1.3766894
1.3833266
1.4381219
1.4619408
1.4266237
1.4155561
1.4404705
1.3940293
1.4054358
1.384326
1.429232
1.3876258
1.4163646
1.4193457
1.4567068
1.4415811
1.4135607
1.4120073
1.4103352
1.3974712
1.4734583
1.4097512
1.4025675
1.3490789
1.3661658
1.3613081
1.4114959
1.4328082
1.4788043
1.4416318
1.3678398
1.4285452
1.4608169
1.3722072
1.4801966
1.4223826
1.3925753
1.4387888
1.4432052
1.3596776
1.3835508
1.411227
1.4077106
1.4438912
1.4177933
1.3776907
1.4073141
1.4305269
1.3916409
1.3942366
1.4362257
1.402418
1.3861035
1.4199001
1.3174496
1.4399874
1.3932099
1.4409043
1.4290767
1.3666416
1.4338988
1.4403781
1.4424908
1.3778315
1.3871889
1.4208051
1.4142987
1.4028186
1.4355351
1.4279284
1.3870672
1.3963636
1.4178303
1.4368498
1.412417
1.4390204
1.3950592
1.4278686
1.4273884
1.4305916
1.4281939
1.3903286
1.4000049
1.3911296
1.4613035
1.3858292
1.430228
1.4566206
1.4107108
1.4030472
1.4359459
1.4034635
1.4440413
1.419186
1.4448253
1.4174943
1.483799
1.4167491
1.4241599
1.4411511
1.4137591
1.3471833
1.5017327
1.3956753
1.4259018
1.4544772
1.3949325
1.410907
1.4078158
1.4477457
1.4399259
1.4173563
1.4116565
1.3819064
1.4444903
1.3912163
1.3932837
1.4110126
1.3946848
1.4763476
1.3578393
1.4461085
1.4609249
1.3941636
1.4581612
1.417464
1.44684
1.4462309
1.4646649
1.4289713
1.3747039
1.4045238
1.4522189
1.3693389
1.4152768
1.4410254
1.4224156
1.3991529
1.4492034
1.4508153
1.4407912
1.4659235
1.4127972
1.4180027
1.4156678
1.3782214
1.4131727
1.4064505
1.3838122
1.3674098
1.4122075
1.4155884
1.39798
1.4080765
1.4205695
1.4757382
1.4118265
1.4028419
1.4254735
1.4756945
1.4373205
1.4678535
1.4405855
1.4275321
1.4301895
1.3707125
1.395702
1.459199
1.3842344
1.3908572
1.4434929
1.4217254
1.4582372
1.3906456
1.443151
1.430391
1.3994137
1.4339919
1.4614012
1.4057134
1.457131
1.4336745
1.4221203
1.4894453
1.4321805
1.443502
1.4284416
1.391801
1.4106383
1.4148291
1.4507823
1.4128709
1.4598484
1.4224834
1.3780648
1.4594299
1.4092618
1.4747059
1.3993293
1.439441
1.4533634
1.36921
1.4112669
1.4584535
1.4543515
1.4116646

1.3984181
1.4171655
1.4349664
1.4289384
1.4114115
1.3935273
1.3741065
1.3996786
1.4322482
1.4034138
1.435847
1.4147657
1.4475714
1.4404876
1.4041966
1.4244305
1.3795956
1.3930792
1.4177709
1.4202613
1.415466
1.4209553
1.4199867
1.402181
1.440316
1.4243224
1.3891505
1.4376892
1.4095479
1.4262401
1.4630426
1.4174634
1.4053699
1.4314505
1.3857852
1.4147545
1.4285505
1.4338007
1.3913566
1.3896471
1.4226546
1.4105961
1.4234102
1.3834591
1.4409484
1.4328673
1.4341357
1.4042176
1.4352005
1.367537
1.3967144
1.4035323
1.398917
1.3807467
1.412611
1.4382637
1.4355688
1.4208047
1.4967703
1.4185531
1.3963243
1.4204731
1.389803
1.442608
1.4160752
1.4549968
1.380141
1.4181472
1.4418261
1.4065373
1.4281678
1.3886429
1.4109752
1.4435711
1.4257134
1.4168963
1.4193101
1.4197351
1.4465601
1.387979
1.422962
1.3888584
1.3987349
1.4372838
1.4095513
1.3924018
1.4138408
1.4104191
1.4308335
1.4205133
1.4250821
1.402195
1.4435529
1.4033264
1.4230072
1.4167101
1.4297569
1.4187523
1.4322736
1.4606534
1.4338307
1.4014719
1.437162
1.441875
1.4386342
1.437875
1.417458
1.431169
1.3862722
1.3894676
1.4653163
1.4353672
1.4546429
1.4123764
1.442354
1.4554106
1.40541
1.4052118
1.4057748
1.4130635
1.4245552
1.4284956
1.4174051
1.4456024
1.450297
1.4186544
1.420956
1.4304699
1.401122
1.4245981
1.4633441
1.4005303
1.4068645
1.4488311
1.4051474
1.4168947
1.392502
1.4020071
1.391149
1.4180632
1.3950788
1.4329637
1.4142408
1.4011819
1.3843087
1.432614
1.4032321
1.4185402
1.4278207
1.4067776
1.3917631
1.4117051
1.4497553
1.4259064
1.3942937
1.4221461
1.4134077
1.4102474
1.4064916
1.4071195
1.4005443
1.4473839
1.4192176
1.4625586
1.41364
1.4104956
1.4511908
1.4037416
1.3969327
1.3816472
1.4034147
1.4312599
1.4286469
1.3993735
1.4297854
1.4221843
1.3879114
1.4336025
1.4501108
1.4105774
1.4309192
1.4460021
1.3929942
1.4421611
1.4246647
1.4451306
1.4308244
1.4099544
1.420926
1.4276439
1.3676932
1.4297972
1.4045999
1.445622
1.3686521
1.3951787
1.4084156
1.4014387
1.4145101
1.3997487
1.4251359
1.4468817
1.4089489
1.3989265
1.4405642
1.394951
1.4075261
1.3958795
1.4088998
1.3783484
1.4452215
1.4124752
1.4167619
1.4094173
1.4127793
1.432713
1.4337922
1.4331211
1.4293936
1.4398819
1.419552
1.4265242
1.4154712
1.4116259
1.41473
1.4286956
1.3884484
1.4222516
1.3948479
1.4226644
1.3855503
1.4173934
1.4826496
1.4334029
1.4448568
1.4325122
1.4007965
1.423052
1.4589977
1.4298092
1.4532088
1.4379028
1.4309775
1.4239572
1.4146533
1.4243284
1.4266077
1.4142159
1.3962876
1.3991306
1.4393882
1.4250103
1.4137704
1.4054234
1.4090657
1.4043169

1.4083176
1.3616754
1.4207064
1.4222972
1.4199044
1.4105337
1.4151335
1.4403188
1.4220536
1.4114141
1.4161578
1.3845203
1.4200673
1.4583693
1.4480352
1.4473679
1.4396689
1.4745818
1.435485
1.4155893
1.4431303
1.4689432
1.4259996
1.4574093
1.4566902
1.4086874
1.4303085
1.3893267
1.3772488
1.4296699
1.416483
1.4282725
1.4539704
1.4387397
1.437404
1.3886534
1.4377897
1.4205507
1.4519162
1.4080794
1.4409401
1.4254636
1.4246352
1.4204233
1.3992473
1.4173892
1.4361564
1.445837
1.4152883
1.4372277
1.4303374
1.3777345
1.4456705
1.4045172
1.456691
1.4145325
1.4438566
1.4102467
1.4263629
1.3890743
1.3928885
1.4066285
1.4360833
1.4469583
1.401875
1.395708
1.4455235
1.4722003
1.4737471
1.4452772
1.4105483
1.4166236
1.4363779
1.4546453
1.4320991
1.4005637
1.4243304
1.4066001
1.4030592
1.3885093
1.4162753
1.3997942
1.4250039
1.3933023
1.4075537
1.4225866
1.4226626
1.4034886
1.4322739
1.3957945
1.4205865
1.4111505
1.4318
1.4158729
1.3839171
1.3682383
1.4382243
1.4203396
1.4291352
1.4265783
1.4278181
1.4512067
1.3644437
1.4267968
1.4344552
1.4076532
1.4482734
1.4347879
1.3970174
1.4241107
1.4450383
1.3932229
1.4359733
1.4315034
1.4022933
1.4667907
1.4231311
1.4329779
1.4187003
1.3903021
1.398361
1.4230537
1.4031965
1.4305097
1.3827337
1.4706122
1.4854612
1.4067236
1.425148
1.4218826
1.3808098
1.4242035
1.4230136
1.4047244
1.4346403
1.4191663
1.4366028
1.3987598
1.4110328
1.4645832
1.3999817
1.4598678
1.441079
1.4258848
1.3985797
1.4389186
1.4101115
1.4502586
1.3988016
1.4304228
1.3959996
1.4606209
1.3980808
1.4349086
1.4180921
1.4299291
1.4088038
1.4544346
1.4068173
1.448855
1.4172561
1.4371239
1.43305
1.4329848
1.4151373
1.391738
1.4018757
1.4741164
1.4221766
1.4010024
1.4242566
1.3997046
1.4345897
1.3953
1.4313415
1.4604145
1.390994
1.3991257
1.3961166
1.4276569
1.454152
1.4501978
1.3826109
1.4336374
1.4116849
1.4541813
1.4018657
1.43511
1.4391851
1.4058784
1.3822929
1.4131163
1.4087741
1.4338572
1.428496
1.4406719
1.391763
1.4027597
1.4085008
1.4151887
1.4431136
1.3827016
1.4401175
1.4326102
1.4378607
1.442929
1.432547
1.4280536
1.4145619
1.4244056
1.4259689
1.4352012
1.3934804
1.4143015
1.4085226
1.4458851
1.4176309
1.4159502
1.4225047
1.4671308
1.4390388
1.4194763
1.4148704
1.4023286
1.4056295
1.4490838
1.4539952
1.3883787
1.4139471
1.4103619
1.4125339
1.4176143
1.4317045
1.4378524
1.4007686
1.4333183
1.4233487
1.4028867
1.4549382
1.4054538
1.4649597
1.3901285
1.4271902
1.4460317
1.4004711
1.4233894
1.4183499
1.4586104
1.3943601
1.4299159
1.4205285
1.4424311
1.406887
1.4100456
1.4626645
1.3760996

1.4478484
1.4525132
1.4190853
1.4384098
1.3936322
1.4459252
1.4143283
1.4065073
1.4110864
1.4419336
1.3842655
1.4269861
1.4415358
1.4217782
1.4138843
1.4282379
1.413999
1.3627712
1.4463521
1.375564
1.4145068
1.4474096
1.4277903
1.4343086
1.4121734
1.4185382
1.4165668
1.387118
1.4070653
1.37712
1.4049914
1.4201492
1.3964905
1.3952342
1.4383739
1.4340748
1.4290317
1.4261433
1.479516
1.4252799
1.3972307
1.4023497
1.407732
1.4382485
1.4442242
1.4115739
1.4352845
1.4432695
1.4281416
1.424085
1.4166238
1.4192945
1.4208455
1.4454027
1.4031694
1.40659
1.375737
1.3995003
1.4093815
1.4196286
1.4230715
1.421131
1.4099561
1.4217201
1.4452125
1.3489473
1.3790199
1.4292879
1.435647
1.419371
1.4228038
1.4049501
1.4160312
1.4580026
1.4096948
1.4410578
1.4183301
1.4803574
1.4045143
1.4108505
1.4056393
1.3973738
1.3578902
1.4063196
1.4063013
1.4180386
1.3921559
1.3926573
1.4182338
1.4034134
1.3996495
1.4254267
1.4402862
1.39561
1.4205487
1.4377029
1.4549141
1.3949969
1.4265512
1.4035896
1.3981802
1.419811
1.433487
1.423913
1.4221112
1.427653
1.391868
1.4474379
1.4088677
1.439788
1.390427
1.3881626
1.4291757
1.3928547
1.4715807
1.4362826
1.4047409
1.4490805
1.3881519
1.3952923
1.4203186
1.3982182
1.4293414
1.4266672
1.4294928
1.4066951
1.4074063
1.409192
1.3941609
1.4264716
1.4134578
1.4228274
1.4083096
1.4520204
1.4008118
1.4159651
1.4159954
1.4432789
1.4006948
1.4344884
1.3828039
1.395854
1.4266795
1.3966734
1.4242983
1.4496204
1.4149688
1.4245361
1.4172233
1.3896915
1.4062678
1.4354395
1.4560502
1.3983176
1.411298
1.4196283
1.4039179
1.3872
1.4078747
1.4428244
1.3733641
1.4256253
1.4078283
1.4244833
1.4095515
1.4230666
1.3968853
1.4853683
1.3901844
1.388874
1.4214134
1.3703029
1.3949678
1.4042836
1.4251907
1.424621
1.3812553
1.4135805
1.4216017
1.4330732
1.4243606
1.4312809
1.4343116
1.4201322
1.3902442
1.3946792
1.3834593
1.3981456
1.4385046
1.415619
1.4116783
1.3789542
1.4098587
1.388585
1.3886318
1.4351616
1.4046774
1.4299573
1.391988
1.4028794
1.4110718
1.41989
1.4206517
1.4224397
1.449668
1.4303871
1.4281561
1.4252254
1.4247127
1.4008421
1.4220468
1.4353875
1.4202553
1.3884163
1.4294211
1.4083294
1.3970313
1.4138519
1.4567026
1.4079525
1.4413437
1.4346912
1.4273157
1.4064772
1.4397233
1.4122294
1.3958559
1.4177899
1.4267268
1.4119573
1.4296155
1.4132909
1.4311486
1.4401399
1.4526355
1.4401302
1.3983206
1.4211129
1.4472058
1.4233193
1.4230726
1.4281403
1.4186406
1.4270222
1.404473
1.4097618
1.4279706
1.3866792
1.4303933
1.4033282
1.3903892
1.4467167
1.4087986
1.4218198
1.4121304
1.4298266
1.402408
1.4022766
1.351881
1.4146508
1.4095508
1.4164966
1.444743
1.4597322
1.4561456
1.4296231
1.4158636
1.398185
1.4240654
1.4010959
1.4082812
1.3987715
1.4149988
1.4240291
1.396763
1.3986737
1.4171096
1.4174421
1.4387276
1.4002786
1.3950739
1.3986294
1.4271842
1.3840805
1.4172754
1.4100442
1.3933362
1.3978662
1.3826869
1.453153
1.445115
1.4087856
1.4236193
1.4208688
1.4052252
1.4335525
1.4147372
1.4319245
1.4265953
1.4014748
1.3924034
1.4250259
1.4039428
1.4218119
1.3938601
1.4053717
1.4306664
1.4084141
1.4128029
1.3973082
1.4169679
1.4030784
1.404501
1.4183862
1.3689163
1.4304041
1.4101288
1.419345
1.4432142
1.4221233
1.4110386
1.4115847
1.3885615
1.3730329
1.4117668
1.3968847
1.3763273
1.4330779
1.4088403
1.4291633
1.3995003
1.4087659
1.4313571
1.4464844
1.3957993
1.4342078
1.4217227
1.4290332
1.368729
1.4359106
1.390425
1.4305136
1.3945132
1.4348359
1.429596
1.4223536
1.4301536
1.4145043
1.4175653
1.4117846
1.417341
1.4122444
1.4079756
1.4098244
1.4241067
1.420173
1.4155617
1.4115481
1.3994896
1.4378061
1.4180914
1.3954645
1.4053612
1.4234543
1.3974333
1.4313872
1.4540431
1.4319907
1.3959544
1.3925194
1.4369036
1.3898332
1.428402
1.4213762
1.4134974
1.4223696
1.4047128
1.4137743
1.4081175
1.4316192
1.3926246
1.3761652
1.4364018
1.3979656
1.4380122
1.4508091
1.4071563
1.4002229
1.4170401
1.4581589
1.4181734
1.4338881
1.4018401
1.3987701
1.4065894
1.4560051
1.4198233
1.3926404
1.3985417
1.4236375
1.4284065
1.4058298
1.4220278
1.4257269
1.4174424
1.4599636
1.443101
1.4195968
1.4126102
1.4603393
1.4429516
1.408576
1.4214015
1.4537127
1.4298669
1.4255773
1.455941
1.4068927
1.410547
1.4153569
1.412184
1.376261
1.4127859
1.3997859
1.4132324
1.4130757
1.4184057
1.4182842
1.4042889
1.3595252
1.4191097
1.4164577
1.4426987
1.4275714
1.4186265
1.388978
1.4113622
1.4054178
1.386191
1.4268411
1.4422063
1.4239326
1.4092058
1.4608384
1.440559
1.4281682
1.4126971
1.4540403
1.4385926
1.4072665
1.384572
1.3853775
1.3877676
1.4255565
1.4189287
1.4232796
1.4512407
1.4219751
1.4122728
1.4155278
1.4264067
1.4127862
1.4121133
1.443863
1.3944371
1.4431027
1.3924259
1.4278535
1.4338464
1.4207283
1.4335351
1.4314985
1.3696707
1.3868681
1.4299572
1.4091775
1.4265995
1.4027505
1.4115117
1.4393715
1.4357665
1.3856819
1.4286429
1.403265
1.4558878
1.4194008
1.3986658
1.4461504
1.4009033
1.4148806
1.4129789
1.388698
1.4344813
1.4001963
1.362196
1.3925151
1.4335598
1.4315466
1.4487265
1.4324834
1.462297
1.4280447
1.3789058
1.3913726
1.4339157
1.4518834
1.4581144
1.4558635
1.4639876
1.4087634
1.4215169
1.405874

1.4183607
1.4211563
1.4072413
1.4326084
1.3993587
1.4397613
1.3903759
1.4022568
1.4409175
1.4305824
1.4218258
1.4259158
1.4088862
1.4155707
1.431791
1.4169183
1.4135895
1.4044641
1.390675
1.4053959
1.3890206
1.4211702
1.4100088
1.4026673
1.4308403
1.3916231
1.4255916
1.4212637
1.4092187
1.429384
1.4096779
1.4297066
1.4380406
1.3932279
1.4197904
1.4012796
1.4077079
1.4254926
1.4267212
1.4155773
1.4283316
1.4116436
1.4187125
1.4509566
1.4103665
1.441944
1.4154726
1.420714
1.4076065
1.4167268
1.4310793
1.4385356
1.4186642
1.4235677
1.4056507
1.4174186
1.4405894
1.4213126
1.4061266
1.4153306
1.4354109
1.4048463
1.4188944
1.4144405
1.4280608
1.4143404
1.4458538
1.4355333
1.4119365
1.4452999
1.3996015
1.4092367
1.4442543
1.4206406
1.4083683
1.4207553
1.4082575
1.4057438
1.4098557
1.4307994
1.4129405
1.4062865
1.4208626
1.4141853
1.4058788
1.4244239
1.4116699
1.413094
1.4422904
1.4165705
1.4278142
1.4368442
1.4201963
1.4441136
1.416299
1.4176089
1.4338123
1.4330759
1.3968266
1.3985612
1.4320949
1.4029294
1.4147031
1.4135537
1.4252748
1.4349846
1.4196436
1.4481452
1.4281278
1.4024426
1.414605
1.4182296
1.4211843
1.3976038
1.4045014
1.4201809
1.4157087
1.4134877
1.4288493
1.4421644
1.4172689
1.3990129
1.4276237
1.4006517
1.424347
1.4119669
1.419191
1.4166976
1.416087
1.43638
1.4126004
1.4193197
1.4152951
1.3872259
1.4323932
1.4228072
1.4277006
1.426053
1.4053682
1.4499353
1.4218582
1.4237578
1.4091145
1.4436445
1.4079008
1.4299978
1.4116288
1.4254003
1.4109823
1.4248534
1.4405793
1.4161221
1.4244804
1.4334646
1.3876741
1.426019
1.4169948
1.4325694
1.4418609
1.4116052
1.4166566
1.4077283
1.409619
1.410452
1.4324933
1.4159752
1.4321616
1.4060197
1.4114051
1.4150734
1.4211338
1.4150683
1.4262444
1.4145087
1.4357002
1.4258553
1.4252687
1.4123868
1.4072168
1.4342949
1.4077121
1.4217172
1.4322083
1.4132622
1.3900342
1.4153178
1.4340482
1.4298818
1.3971388
1.4175699
1.4542131
1.434877
1.4323515
1.4202846
1.4314845
1.4047788
1.4338225
1.4282024
1.4159464
1.4215828
1.4155471
1.4170203
1.4178904
1.4274853
1.422897
1.4262388
1.4320389
1.4481859
1.3746132
1.4150643
1.4365659
1.4367884
1.4128729
1.4089701
1.4182084
1.4012432
1.4273162
1.4473726
1.4257634
1.3945653
1.4136945
1.3928959
1.4367086
1.4320645
1.4086906
1.3885405
1.4144504
1.4081413
1.4060442
1.3963227
1.4380655
1.4446574
1.4133395
1.4224124
1.4332733
1.4368064
1.4171654
1.398651
1.4098018
1.420699
1.4435644
1.4167985
1.4269555
1.4134073
1.4430181
1.4364406
1.4212906
1.4140083
1.4266217
1.4198248
1.412782
1.4156258
1.431463
1.4205891
1.4198583
1.39149
1.4313778
1.4147487
1.4251027
1.4023726
1.4336302
1.4113758
1.4484923
1.4084364
1.4516038
1.4457562
1.4322914
1.4515983
1.4453794
1.4045439
1.4009794
1.3966272
1.4335558
1.4124051
1.4023143
1.4314518
1.4531752
1.4044157
1.3991362
1.4159116
1.4076933
1.4167091
1.4397366
1.3961647
1.4288921
1.4103314
1.413351
1.416897
1.4337333
1.4167366
1.4189091
1.4021783
1.4071058
1.4156138
1.428323
1.4258908
1.4463061
1.4128941
1.3942384
1.4006355
1.3937409
1.4161925
1.4245266
1.3998855
1.4293773
1.427968
1.4148962
1.4222692
1.4191308
1.4254123
1.415063
1.4204168
1.4149175
1.4343162
1.408498
1.4255451
1.409707
1.4107132
1.4289631
1.4145204
1.4414607
1.4106715
1.4231095
1.4088742
1.4113389
1.4215554
1.4121594
1.4258056
1.4075133
1.4135358
1.4253706
1.4112254
1.4282871
1.4188641
1.4395794
1.4068239
1.4619726
1.4312667
1.4195342
1.4256414
1.4361997
1.4400961
1.4165193
1.4330775
1.4175836
1.4188038
1.4140819
1.4212034
1.4177073
1.4055403
1.4099816
1.435336
1.4193922
1.4070379
1.399329
1.4145463
1.4000041
1.4167076
1.3927879
1.4301605
1.4345499
1.4215989
1.4429731
1.4205823
1.41817
1.4182329
1.3982043
1.413399
1.430187
1.428095
1.4132245
1.420799
1.4042554
1.4096138
1.4055973
1.3986115
1.4213507
1.408122
1.4400536
1.419543
1.438919
1.4169027
1.4106323
1.415582
1.4007713
1.4344797
1.4379632
1.4335581
1.4021271
1.4097695
1.391485
1.4025395
1.4154322
1.4303924
1.4441848
1.409826
1.4341003
1.4096519
1.4268335
1.4253753
1.4557698
1.4090958
1.4085009
1.4011332
1.4353592
1.4174311
1.4144696
1.4251502
1.4003873
1.4280211
1.4148896
1.4240288
1.4016463
1.4144615
1.4222084
1.4040556
1.4166843
1.4190291
1.4100139
1.4172633
1.4168739
1.4316598
1.4410646
1.4065657
1.4234519
1.4316247
1.431975
1.4095942
1.4181149
1.4046644
1.4538151
1.4453508
1.4141271
1.4399546
1.3886636
1.4269555
1.3839467
1.4463128
1.4119043
1.4180909
1.4206065
1.4451729
1.4155205
1.4167529
1.3900101
1.426919
1.4220699
1.4036965
1.431756
1.4318757
1.4135554
1.4053284
1.4253565
1.4244132
1.4311304
1.4161476
1.4297351
1.445923
1.3984641
1.4053161
1.4128017
1.3978804
1.4085437
1.3993177
1.4435092
1.3782821
1.4241525
1.4148229
1.4104488
1.4192257
1.3806088
1.407171
1.3874978
1.4256444
1.4306862
1.41058
1.4117442
1.4391539
1.436102
1.4150403
1.4054898
1.3976645
1.4306488
1.4233142
1.4187558
1.4300021
1.4563782
1.4101675
1.3975801
1.4053996
1.4135277
1.4382056
1.4086459
1.4138598
1.430634
1.4251902
1.411052
1.4177119
1.3970296
1.4155259
1.4596761
1.3970045
1.4176903
1.4336498
1.428488
1.4048475
1.4227089
1.4387946
1.4022559
1.4488081
1.4211048
1.4233882

1.4256595
1.4296811
1.40194
1.3904619
1.4050537
1.4519895
1.4105768
1.4344741
1.4158839
1.4186851
1.4306782
1.4186302
1.4360386
1.4261179
1.418528
1.4132401
1.4234712
1.4044665
1.4071357
1.3905102
1.4322933
1.4316967
1.3983823
1.4083241
1.4239721
1.4195127
1.4295106
1.4471264
1.3827002
1.4403697
1.4042841
1.4264501
1.3984542
1.4166409
1.4006693
1.4088817
1.4150025
1.425949
1.4295348
1.416291
1.3957624
1.426698
1.4024029
1.3970228
1.422262
1.3850863
1.434904
1.4235617
1.4318237
1.4390639
1.405162
1.4330297
1.4209762
1.4312571
1.4222003
1.4133813
1.4182297
1.4352993
1.4163972
1.4101951
1.4131739
1.417981
1.3957597
1.3971026
1.4100661
1.4106038
1.3959285
1.4184227
1.4241383
1.4237514
1.3903725
1.4383552
1.428863
1.3915682
1.4229959
1.4173473
1.3968459
1.4331279
1.4192886
1.4036568
1.4331656
1.409267
1.4215316
1.4128127
1.4190338
1.3887339
1.3951321
1.4164137
1.3995916
1.4124736
1.40805
1.430851
1.3971212
1.4247276
1.3985316
1.4173492
1.407832
1.4429321
1.4146104
1.4274143
1.4067148
1.4207449
1.4200305
1.409463
1.4185184
1.4168073
1.4045775
1.4232465
1.4210604
1.3985887
1.4070468
1.4109503
1.440268
1.4144175
1.4222627
1.3961846
1.3947465
1.4264576
1.4178824
1.4355259
1.3922669
1.4013027
1.4077344
1.4120923
1.4221386
1.4254612
1.4322758
1.4269024
1.4321783
1.406021
1.4276448
1.4214308
1.3961095
1.4372973
1.4128538
1.4161093
1.4352447
1.4042711
1.4244815
1.3992583
1.4393862
1.4168779
1.3965206
1.4090353
1.401742
1.3804095
1.43444
1.4135278
1.4093313
1.4156902
1.4233925
1.4267932
1.4044946
1.4276073
1.4119093
1.4221431
1.4237174
1.4343306
1.405144
1.4321879
1.4229269
1.4482687
1.443285
1.4237953
1.4466558
1.4117646
1.4338018
1.422695
1.43397
1.4232618
1.4119812
1.4227798
1.4252018
1.4141275
1.4044788
1.4260148
1.4142847
1.4202411
1.4242276
1.4207672
1.4116403
1.4262669
1.413457
1.4122529
1.4205716
1.4148625
1.3918432
1.4140537
1.410874
1.4048748
1.4256
1.4309356
1.4359741
1.4238179
1.4182612
1.4333869
1.4340117
1.4182369
1.4044036
1.4073979
1.4149334
1.4557232
1.4181925
1.4321938
1.4057035
1.4208266
1.4310158
1.421601
1.4070935
1.422245
1.4150039
1.407996
1.4072073
1.4402833
1.4108766
1.4136547
1.3968902
1.3968862
1.4149934
1.4486662
1.4277244
1.395777
1.4023134
1.4271419
1.4073747
1.4048864
1.4067633
1.4182031
1.4144173
1.4250872
1.4119799
1.4130275
1.4596987
1.4216974
1.426148
1.4390675
1.4189932
1.4191294
1.4210078
1.4081224
1.4288512
1.4041249
1.4386061
1.4169536
1.4179287
1.4390652
1.4148691
1.4087777
1.4211323
1.4149855
1.4457028
1.4541819
1.4313695
1.398428
1.4150506
1.4440562
1.4165512
1.4282992
1.4313425
1.4139748
1.4126596
1.4096599
1.4422233
1.4266409
1.4247612
1.4412483
1.3993266
1.4176475
1.4184992
1.4288006
1.3984952
1.4090898
1.4125725
1.401373
1.4199054
1.4302293
1.4000165
1.4386083
1.3982469
1.4244081
1.4004085
1.4071724
1.4181877
1.3805219
1.4084083
1.3958843
1.392918
1.4248328
1.4212248
1.4249496
1.4444011
1.4105169
1.4140271
1.4149582
1.4189345
1.4134315
1.4389708
1.4084232
1.400214
1.418804
1.4068319
1.4397858
1.3889476
1.4340267
1.411808
1.4189466
1.4114705
1.3990796
1.4066186
1.4302577
1.4223568
1.4163008
1.4027647
1.4285281
1.4227868
1.4085011
1.4327668
1.415615
1.4086175
1.4003309
1.3765876
1.421278
1.4199004
1.4100951
1.4299505
1.4368438
1.4043343
1.4388345
1.4112093
1.4066619
1.4562229
1.4091948
1.3963777
1.4193964
1.4166796
1.4418697
1.4246266
1.4239973
1.4097115
1.4265565
1.4162004
1.4201899
1.4278932
1.4278221
1.4315115
1.413243
1.4462963
1.4124663
1.4201745
1.4168013
1.4440844
1.4100689
1.429318
1.4172554
1.4170657
1.3956931
1.4200443
1.4049972
1.4289023
1.4059168
1.4281318
1.4153066
1.4427464
1.428547
1.3940647
1.4138333
1.4129906
1.419004
1.4477092
1.4046437
1.4232473
1.4407662
1.4293729
1.4249536
1.3983846
1.4324985
1.394403
1.4361717
1.4206411
1.4199324
1.4203784
1.3951743
1.4113594
1.4141715
1.398254
1.4273124
1.4106978
1.4060686
1.3997195
1.4404361
1.4187593
1.4119436
1.4196006
1.4120939
1.424941
1.412148
1.4121208
1.3976083
1.4198052
1.412267
1.4366782
1.4391191
1.4169081
1.422343
1.42295
1.4300317
1.4357606
1.4478185
1.4239429
1.423963
1.4059372
1.4094486
1.394695
1.4045801
1.4246359
1.4110467
1.4404365
1.4077219
1.4069705
1.4040247
1.4081299
1.4191017
1.4383763
1.4399436
1.4209515
1.4325594
1.407561
1.4137421
1.411181
1.4071637
1.4047801
1.4181191
1.4473404
1.4107151
1.4302406
1.4092336
1.4387046
1.4138768
1.4102275
1.4256368
1.4127779
1.4155518
1.426565
1.4153465
1.4186512
1.4100243
1.4185965
1.374945
1.4219023
1.4117659
1.4118974
1.4373482
1.4222167
1.4001105
1.415092
1.4190958
1.4096237
1.4050186
1.4026713
1.4484982
1.4071934
1.4037877
1.4116808
1.4351634
1.394604
1.4139967
1.4236331
1.4311553
1.4166847
1.4483429
1.4021515
1.3990599
1.4182197
1.4265633
1.4487548
1.4220599
1.4226991
1.4283655
1.4168372
1.4294358
1.4101537
1.4208924
1.4227344
1.4147172
1.4088484
1.3865607
1.4218218
1.3964032
1.4209733
1.405951
1.4182404
1.4115192
1.4183081
1.3990127
1.4152179
1.4266046
1.4329774
1.4118816
1.4115222
1.4305238
1.4364551
1.416809
1.4190258
1.419885
1.4111565
1.428341
1.411039
1.4394494
1.434896
1.4149336
1.4327848
1.4105172

1.4229987
1.4237746
1.4041942
1.423282
1.4151913
1.4141386
1.4361755
1.419223
1.3952178
1.3901956
1.4175233
1.3977486
1.4053065
1.4009506
1.4235218
1.4394444
1.3987297
1.4194752
1.4178369
1.4165609
1.4130393
1.3993946
1.391029
1.3871078
1.425482
1.4372791
1.3892872
1.4375248
1.4493504
1.4098852
1.4234891
1.4167244
1.4000416
1.4236314
1.4281389
1.4161962
1.3984231
1.4164548
1.392094
1.4070923
1.4403682
1.4089681
1.4378015
1.4136341
1.418481
1.4288596
1.364283
1.4183356
1.4146118
1.4140701
1.4601815
1.4254273
1.4091502
1.4376916
1.4231156
1.4249389
1.3836691
1.4021941
1.4482228
1.4159279
1.4493012
1.4135684
1.4123921
1.4207366
1.4178587
1.4185176
1.4062364
1.384582
1.402091
1.4378079
1.4220579
1.4544574
1.4218758
1.3889897
1.4320642
1.3976414
1.4282719
1.4296864
1.4165692
1.4178189
1.4119078
1.4104187
1.3910054
1.3878213
1.403999
1.4121257
1.4182441
1.424371
1.4239151
1.4384239
1.4329407
1.4098135
1.429537
1.4093916
1.4151193
1.4110942
1.3921245
1.4449242
1.408109
1.3961536
1.4210702
1.4250307
1.4178874
1.4171617
1.408369
1.4110837
1.4344124
1.4146554
1.399476
1.426604
1.407926
1.4176688
1.4150325
1.4071475
1.4106869
1.3989387
1.427227
1.4082097
1.4028789
1.4108102
1.4122647
1.4442788
1.3867404
1.3997861
1.4384038
1.3796376
1.382268
1.4045511
1.4173363
1.3916785
1.3905345
1.419326
1.4314626
1.4045875
1.4121621
1.4025835
1.4079331
1.4152892
1.392081
1.4078909
1.4142437
1.3981278
1.4271762
1.4329448
1.4287776
1.4288366
1.4234825
1.4040321
1.4461122
1.4227723
1.4197948
1.4325143
1.4334542
1.4327627
1.4179478
1.4198964
1.4008467
1.4199328
1.419688
1.4026346
1.4266732
1.4050686
1.4190253
1.431795
1.4032149
1.4233726
1.4613389
1.4397115
1.408785
1.4219934
1.4077758
1.4096098
1.4164091
1.4253942
1.4086777
1.4148196
1.4244624
1.3880743
1.3933681
1.4517788
1.4180995
1.4288558
1.4160926
1.4214907
1.4158211
1.4047775
1.4221365
1.4004337
1.3921603
1.4247525
1.4019463
1.4214886
1.4150689
1.3987077
1.4045464
1.4142087
1.4224449
1.4213228
1.4115367
1.4122711
1.4151428
1.4116999
1.4134262
1.3962004
1.4263438
1.4224598
1.4272593
1.4021311
1.424304
1.4173597
1.4194099
1.4424523
1.4351026
1.3928041
1.4126478
1.4256494
1.4064101
1.4306849
1.4243022
1.4283043
1.4099528
1.4071343
1.4153198
1.4121006
1.4292557
1.4032516
1.4232818
1.433946
1.412354
1.439232
1.4378113
1.4048191
1.4056593
1.4210852
1.4069042
1.4107914
1.4252529
1.4492593
1.4064971
1.4093903
1.3999506
1.4236659
1.441606
1.4259573
1.4259713
1.4143229
1.4264096
1.3865397
1.382957
1.3976817
1.4144146
1.4408964
1.4113387
1.4234169
1.4419589
1.3987027
1.4160552
1.432308
1.4485017
1.4323728
1.4148467
1.4206506
1.4370562
1.404226
1.4170899
1.4310585
1.4093517
1.405913
1.4200277
1.4252163
1.4235688
1.4164667
1.4328915
1.3922694
1.4227461
1.4347876
1.4371125
1.3838646
1.4173534
1.4203112
1.4258246
1.423061
1.4269892
1.4094263
1.402082
1.4156158
1.4297549
1.4229344
1.4410031
1.3956982
1.4439199
1.3950772
1.4159721
1.4201041
1.4205908
1.4303236
1.4096676
1.3857105
1.4084686
1.3984735
1.4346645
1.43698
1.4176905
1.4074669
1.4150652
1.4303342
1.4267828
1.4083809
1.4093031
1.3919543
1.4209414
1.4067094
1.4193957
1.394555
1.43
1.4258178
1.4411527
1.4292839
1.4214305
1.4236134
1.4201274
1.4204818
1.4296056
1.3917806
1.4211384
1.4030738
1.3870339
1.3985125
1.4412829
1.4379016
1.446238
1.4069452
1.411506
1.4321407
1.3769767
1.3786275
1.4249094
1.4298757
1.4250668
1.436593
1.409067
1.3959553
1.4441594
1.4039825
1.4069974
1.4224933
1.4153632
1.4440657
1.4302713
1.4422805
1.4152336
1.4058768
1.4125633
1.4038332
1.4338181
1.40695
1.3941311
1.3932176
1.4512717
1.4217726
1.4014778
1.4260374
1.429382
1.4074419
1.3827078
1.4377614
1.4294021
1.4044397
1.4259877
1.4294884
1.4062412
1.3992807
1.4246516
1.4458221
1.4140987
1.4199907
1.4338475
1.4132873
1.4009343
1.3918687
1.4189646
1.4100583
1.4588113
1.4525217
1.4321297
1.4217445
1.4134754
1.4128524
1.4088751
1.4206833
1.4000521
1.407241
1.4076505
1.3932842
1.4291557
1.4012192
1.4206487
1.4211111
1.4281026
1.415275
1.404694
1.4086367
1.4283017
1.4185102
1.4211848
1.4222435
1.4004188
1.3963214
1.3861693
1.4098974
1.4270113
1.4206706
1.3851136
1.4291539
1.4104687
1.4212316
1.4418787
1.4089713
1.4229578
1.4017144
1.4159259
1.4164336
1.3882474
1.4395704
1.4146655
1.4171153
1.4128966
1.4450583
1.4122493
1.4162053
1.4255136
1.4246519
1.4363068
1.3906814
1.4075583
1.4124585
1.4267329
1.4215133
1.4342912
1.4074318
1.4081882
1.4028881
1.4219135
1.4132622
1.3936679
1.4176664
1.4221556
1.4150707
1.4215721
1.4256725
1.3967371
1.3960822
1.4150736
1.4339998
1.3861653
1.4047196
1.4480087
1.4105958
1.4370288
1.4011006
1.4231207
1.4449642
1.402736
1.4199206
1.3916726
1.4085413
1.4093776
1.4235009
1.4100935
1.4164091
1.4182377
1.4484446
1.4020543
1.4181331
1.4187547
1.3998096
1.4027381
1.4258215
1.411494
1.4289494
1.4528226
1.3938903
1.4288936
1.4326636
1.4322716
1.4123452
1.4230757
1.4100839
1.4294202
1.433377
1.418242
1.4159365
1.4109156
1.4144504
1.4362293
1.4076022
1.4295381
1.4223028
1.3874295
1.4511421
1.3985438
1.4409307
1.3869655
1.4203256
1.3721566
1.4124024
1.441743
1.418555
1.4213383
1.3896557
1.4397124
1.4105806

1.4259194
1.3986202
1.4274545
1.4257665
1.4204414
1.4465015
1.4251992
1.3679806
1.4293983
1.4353687
1.4183843
1.4288105
1.4396735
1.4177551
1.4201542
1.424182
1.4019295
1.417257
1.4194219
1.4059992
1.4295756
1.4243888
1.410228
1.4131104
1.4111912
1.4254653
1.4057761
1.4204464
1.4052047
1.3962145
1.4425533
1.4060626
1.4365901
1.3961834
1.4335737
1.3948144
1.4113003
1.3958584
1.4271076
1.4241474
1.4256358
1.4282511
1.3912587
1.3898364
1.4260492
1.4371389
1.4025928
1.4273725
1.3904326
1.4574808
1.3957824
1.431241
1.4463207
1.4217985
1.4384304
1.4171078
1.3980889
1.4142271
1.3987417
1.4153425
1.4097006
1.4531623
1.4395735
1.4156344
1.4205716
1.4344683
1.4104112
1.4058207
1.4259586
1.4371275
1.4136857
1.4051752
1.4185188
1.4588239
1.4324281
1.4475675
1.4281739
1.4026525
1.4368467
1.4124398
1.4161657
1.4253278
1.4320185
1.43833
1.4198676
1.3977662
1.3974593
1.4245027
1.4387155
1.4162047
1.4406153
1.4342979
1.4187132
1.3951801
1.4361037
1.3991103
1.4227953
1.3933734
1.4157135
1.403888
1.4250051
1.4205844
1.4041823
1.3906865
1.4162322
1.4346236
1.4420393
1.4226263
1.3939067
1.422914
1.4185752
1.3898729
1.4245051
1.4317328
1.4148921
1.4320623
1.4610919
1.4079417
1.4202763
1.4195524
1.423956
1.4069175
1.3828723
1.413453
1.4248811
1.4217224
1.4161065
1.4248533
1.425682
1.4165943
1.3919244
1.4109937
1.4266976
1.3920434
1.4112519
1.4454223
1.4215653
1.3921759
1.4155728
1.4481249
1.4458615
1.4127213
1.4174136
1.4380647
1.4097891
1.4097188
1.4318787
1.4146942
1.3813374
1.4047344
1.432892
1.4136136
1.3958911
1.4024193
1.4380995
1.4088548
1.4418875
1.406754
1.4143997
1.4092467
1.418485
1.4257821
1.4094304
1.4067967
1.4088938
1.4027834
1.3986948
1.4232224
1.4118863
1.3998401
1.4051373
1.4101679
1.4135169
1.4394449
1.4078511
1.4253558
1.4326768
1.3963611
1.4220232
1.4293648
1.4204068
1.4267231
1.3990256
1.4361976
1.3990065
1.4373628
1.4215991
1.4189403
1.4576434
1.406149
1.440384
1.4135672
1.4125603
1.4316856
1.4237251
1.4093523
1.4375528
1.3881351
1.4026207
1.4052306
1.423613
1.3782818
1.3941975
1.4058214
1.4127754
1.4316586
1.4031432
1.4421856
1.4272993
1.3804659
1.4294336
1.4184884
1.3959721
1.4089634
1.4362702
1.4025449
1.4149528
1.3826115
1.4155687
1.3851528
1.4168261
1.4070581
1.431079
1.4199342
1.4306043
1.4272858
1.4293708
1.4094626
1.4339345
1.4185987
1.4237237
1.3959142
1.4312242
1.408076
1.4294641
1.424193
1.4286025
1.4168495
1.4100801
1.4223537
1.4310054
1.4260424
1.4192818
1.4220878
1.4290633
1.391438
1.4279729
1.4149002
1.4166852
1.4196478
1.4204223
1.4056875
1.43416
1.4015204
1.4108889
1.4262122
1.4028078
1.3876946
1.4184462
1.3939282
1.4121505
1.4029795
1.3976849
1.4275248
1.4094332
1.4153391
1.4113319
1.4216372
1.4332304
1.4327773
1.4117676
1.4167134
1.4247715
1.4442172
1.4271793
1.4187208
1.4170787
1.4135797
1.4221894
1.42373
1.4282043
1.4193606
1.4135772
1.4133698
1.4488341
1.4349425
1.4092025
1.4271659
1.4075246
1.3992316
1.4024627
1.4307657
1.4276462
1.4411623
1.4207098
1.3877256
1.4120879
1.4565023
1.4195856
1.404587
1.4039947
1.4145923
1.414192
1.4204608
1.4175388
1.4103744
1.3959849
1.4229424
1.454448
1.425382
1.3922725
1.4264156
1.3852165
1.4472663
1.4491336
1.4525894
1.4108118
1.4068666
1.4297105
1.4007852
1.4223661
1.4099718
1.4078034
1.4241911
1.421211
1.4030309
1.4341799
1.4065101
1.4169
1.4044167
1.4116681
1.42792
1.4076402
1.4314551
1.414525
1.4141792
1.4139698
1.4086037
1.4144305
1.4050257
1.4085866
1.4132972
1.4173226
1.4360027
1.4287205
1.423849
1.4184479
1.4234874
1.4460087
1.4003547
1.4185624
1.4231637
1.4020823
1.4263822
1.4217921
1.415741
1.4129832
1.4054407
1.4266135
1.4248576
1.4401506
1.3927425
1.4319375
1.3770273
1.431432
1.4177889
1.4324718
1.434097
1.4339451
1.419782
1.4101584
1.4087559
1.4101188
1.4035265
1.4280928
1.4132011
1.4171952
1.411303
1.4212704
1.3957279
1.4288375
1.423457
1.4240543
1.4052011
1.4057275
1.4082531
1.3878099
1.3963333
1.4412793
1.4215156
1.4075042
1.4294871
1.4129757
1.3996826
1.4247193
1.4174514
1.3988494
1.4254845
1.4245588
1.4219921
1.420724
1.4064502
1.4012637
1.4062666
1.394275
1.4048004
1.4205065
1.3814646
1.4032053
1.43337
1.453521
1.3924245
1.4186443
1.4000214
1.4517556
1.4366063
1.4301155
1.4250093
1.435784
1.4278256
1.4042888
1.396937
1.4011347
1.4001995
1.4402391
1.4159285
1.4229214
1.432225
1.4225625
1.4095562
1.4467292
1.4138254
1.4451519
1.3856354
1.4317833
1.4092718
1.4427931
1.4272996
1.398568
1.4358574
1.4169096
1.4337784
1.4146014
1.4150602
1.4272909
1.4095895
1.4306285
1.425575
1.4394271
1.400568
1.4262505
1.4009247
1.4223607
1.4181812
1.4124153
1.4182831
1.4010305
1.3992648
1.4130031
1.4326408
1.4023651
1.4155644
1.4122932
1.3971025
1.4451385
1.418568
1.4114519
1.4027995
1.3995641
1.4255788
1.4133396
1.4059123
1.4326888
1.4221497
1.4038844
1.397417
1.4210274
1.3822027
1.4293702
1.4294157
1.4305553
1.4072831
1.40953
1.4343584
1.4378914
1.4034985
1.4310678
1.3847992
1.4386481
1.4279099
1.3999922
1.4039919
1.4069859
1.4034954
1.4422741
1.3943083
1.4120582
1.4348735
1.4097182
1.4335692
1.4345597
1.4213799
1.428378
1.40588
1.4105088
1.3907504
1.4282976
1.3857774
1.436853
1.396278
1.4008719
1.4391292

1.4100422
1.409336
1.4203024
1.4263151
1.3899007
1.4524803
1.4202561
1.4495413
1.4228383
1.4239246
1.4245458
1.4195727
1.4335017
1.4384592
1.4112995
1.4260925
1.440857
1.4361304
1.417028
1.4322203
1.4113195
1.4030147
1.4078779
1.4493619
1.4113966
1.4034747
1.4309503
1.3989016
1.4297255
1.4167295
1.4339204
1.4338269
1.4170309
1.408916
1.3968071
1.3949951
1.423641
1.4183643
1.4304494
1.4310267
1.4162898
1.409507
1.4318208
1.4245487
1.4158393
1.4043868
1.4048898
1.4282318
1.4212518
1.429139
1.4192437
1.4230051
1.4077109
1.4112746
1.3889513
1.4165394
1.431702
1.4142888
1.3988663
1.4330819
1.4103345
1.4282447
1.4053707
1.4280035
1.4112998
1.4157367
1.408444
1.4320467
1.4143461
1.4157922
1.423316
1.3952733
1.4251673
1.4108133
1.4042177
1.4158721
1.4119825
1.4199924
1.3673388
1.4319422
1.4161619
1.3946947
1.4142772
1.4263448
1.3942437
1.4106268
1.434436
1.4328563
1.4266034
1.4139352
1.3897847
1.3929062
1.4199136
1.4160867
1.4119564
1.4214318
1.4384823
1.410309
1.3998132
1.4269207
1.4081178
1.4040651
1.4039036
1.4358354
1.4261949
1.417479
1.4027002
1.4085298
1.4161541
1.4338601
1.4189202
1.4021672
1.4175422
1.4210103
1.3970181
1.4162401
1.4118302
1.3905894
1.4078665
1.4033577
1.4302411
1.4157169
1.4459354
1.4257041
1.4016268
1.4110396
1.399934
1.4262161
1.4158705
1.435736
1.4302651
1.4365396
1.4494854
1.4276077
1.4258345
1.4074341
1.395581
1.4151822
1.4321611
1.4125386
1.4223187
1.400527
1.4013199
1.4053478
1.4366945
1.4081556
1.432496
1.3886756
1.4234072
1.4446899
1.421339
1.3977736
1.4206071
1.4137675
1.411659
1.4088473
1.3933126
1.4106694
1.4172782
1.39642
1.432875
1.4302555
1.4562632
1.42615
1.3820698
1.3924896
1.440929
1.4468806
1.426159
1.415616
1.4243281
1.4032732
1.404597
1.4113259
1.4099236
1.4089756
1.4060347
1.430273
1.4252809
1.3997558
1.4513087
1.4370447
1.397558
1.4278427
1.4116509
1.4350555
1.4239047
1.4204978
1.4275408
1.4252212
1.4105841
1.393245
1.4032053
1.4243168
1.4156402
1.4311593
1.4135776
1.419438
1.4202517
1.4404546
1.4104261
1.4082776
1.3977011
1.408653
1.4452622
1.4500635
1.4332132
1.4000796
1.423701
1.3949602
1.4107845
1.4118571
1.3846234
1.4223351
1.4304355
1.403111
1.4318845
1.4491591
1.4359989
1.4092082
1.415657
1.3910421
1.4282068
1.4220818
1.3988152
1.427294
1.4074812
1.4102151
1.3964014
1.4193952
1.402441
1.4610652
1.4105031
1.4327056
1.4570389
1.4332279
1.4038944
1.4066982
1.4060898
1.4287561
1.4148805
1.4262134
1.403604
1.4196457
1.4318223
1.3738245
1.4173889
1.4405206
1.4266663
1.4231308
1.4081142
1.4187248
1.423044
1.4058497
1.432449
1.4031358
1.4252243
1.4086387
1.4182539
1.4117775
1.4249828
1.4083871
1.4447721
1.4318392
1.4030954
1.4256002
1.430958
1.417379
1.4311647
1.3947989
1.4433631
1.4293274
1.4163064
1.4422184
1.4331491
1.3911885
1.4405951
1.4083881
1.4028184
1.3914208
1.4212576
1.4033799
1.4262922
1.401006
1.4171785
1.4059527
1.3996924
1.4304242
1.4056804
1.400387
1.4165748
1.434437
1.4200324
1.4265027
1.4252017
1.4266189
1.4084668
1.3853238
1.4025704
1.4013813
1.4113808
1.4563286
1.4461936
1.4160098
1.4275773
1.41986
1.4380958
1.427747
1.4282794
1.407302
1.4200463
1.3949625
1.4370555
1.3884617
1.4416605
1.4220423
1.3946664
1.3869715
1.40582
1.4082649
1.4441829
1.4016051
1.4167584
1.4017645
1.4187624
1.42222
1.3890485
1.4195423
1.409496
1.42947
1.4050715
1.4226816
1.4235445
1.4062625
1.4203532
1.4118191
1.4343067
1.4127581
1.4267545
1.4341397
1.4250643
1.3975788
1.3931732
1.396453
1.4191848
1.4002521
1.4334545
1.3874847
1.4167466
1.4146454
1.4152062
1.4114658
1.4000486
1.438067
1.4079607
1.4242038
1.4338984
1.4099245
1.4144186
1.4316733
1.4184242
1.4183708
1.4218996
1.4234412
1.4152634
1.4547997
1.4178361
1.3926715
1.3972967
1.3972114
1.4398721
1.420063
1.4094608
1.4351606
1.4045112
1.4319202
1.3972151
1.4118873
1.3998398
1.4089291
1.4190203
1.4100302
1.4124426
1.4016124
1.4140697
1.4305263
1.4321817
1.4479717
1.4014769
1.4168063
1.4045118
1.3758016
1.4037582
1.4177481
1.4247912
1.4178145
1.4023118
1.3971285
1.4013097
1.4067916
1.4496702
1.4342332
1.4284934
1.4103867
1.3994485
1.4005599
1.3967868
1.4099388
1.4080367
1.4100386
1.4413383
1.4358933
1.4299521
1.4165511
1.407874
1.405531
1.4370569
1.4145344
1.4153222
1.4056569
1.3807718
1.4272846
1.4137142
1.4444104
1.3970206
1.4150554
1.4472042
1.4586186
1.4054965
1.4109694
1.4130101
1.4355632
1.4245167
1.4107099
1.4015361
1.440003
1.4022301
1.3945206
1.4122353
1.4195162
1.3901832
1.4169961
1.4221071
1.4349111
1.413634
1.3974311
1.4279329
1.4163868
1.3988814
1.4229612
1.4236895
1.4167491
1.4220457
1.3883032
1.4403503
1.4085087
1.4166021
1.3954247
1.4192375
1.4113171
1.4299301
1.4131966
1.3976876
1.429853
1.4371083
1.4224023
1.4172165
1.4150413
1.410908
1.4219419
1.3937093
1.4245379
1.4294969
1.4213995
1.4225165
1.4188044
1.41539
1.4033478
1.4456387
1.4082766
1.4231895
1.4192228
1.4123149
1.391534
1.4040556
1.4196291
1.4193387
1.411006
1.4300715
1.4187464
1.4172593
1.4074849
1.4325775
1.4220808
1.3999168
1.429037
1.401368
1.4307762
1.4103581
1.3947623
1.3936085
1.4233004
1.4016409
1.4230508
1.4086709
1.4342649
1.3855804
1.4084742
1.4288905
1.4332638
1.4205394
1.3958645

1.7091371
1.6152728
1.6096548
1.5882828
1.6323725
1.6358888
1.6082529
1.7301078
1.705814
1.6871594

