0.99341464
1.3442218
1.2588928
1.3162034
1.4378242
1.57229
1.5635825
1.1272937
1.612884
1.4750789
1.3019348
1.6902847
1.4287996
1.1093577
1.7704587
1.5057485
1.2295414
1.3825341
2.059372
1.255529
1.5944767
1.4328421
1.5161444
1.6728722
1.5364177
1.6528444
1.5493145
1.2645044
1.7944802
1.3904474
1.3764044
1.3904423
1.6741099
1.3975848
1.469277
1.5285794
1.2114896
1.4789742
1.1462731
1.6749374
1.5181478
1.6897265
1.4088496
1.8900185
1.481086
1.4245826
1.6625069
1.5799344
1.5967929
1.2434039
1.498723
1.4578431
1.3084301
1.8156867
1.3254393
1.510748
1.7507532
1.7232654
1.7328818
1.3582354
1.3769542
1.4854732
1.122318
1.8463159

1.373861
1.4378394
1.307011
1.4250381
1.4262586
1.4885397
1.5222148
1.4371767
1.4471589
1.3803184
1.4662677
1.5831082
1.4370571
1.4917035
1.4450835
1.4740342
1.5519676
1.4176419
1.4370518
1.4529371
1.4531814
1.5291983
1.5314538
1.4408628
1.4984096
1.4920756
1.5089878
1.3191224
1.6556941
1.4050293
1.5251988
1.4874318
1.5103017
1.5324001
1.570276
1.4760276
1.4847239
1.3711009
1.3895893
1.4194239
1.5912718
1.3820643
1.4119401
1.5705388
1.5077004
1.5016825
1.4634055
1.3377851
1.5199208
1.7908409
1.4580392
1.4095086
1.436845
1.4002051
1.5437118
1.3815517
1.4945836
1.7103949
1.4239495
1.5939727
1.4412886
1.4626911
1.5582571
1.4185678

1.3894984
1.4417971
1.4472262
1.4772288
1.4638934
1.3587927
1.4571775
1.4192625
1.4303832
1.4141388
1.4470284
1.4024034
1.4611949
1.4201505
1.4564227
1.4727248
1.4486651
1.4852856
1.4822681
1.3782823
1.4352782
1.3664252
1.4283813
1.4887291
1.4739249
1.542853
1.3843822
1.5806313
1.4420877
1.4954488
1.4052691
1.5128721
1.3174775
1.4708358
1.4153101
1.4083807
1.4027822
1.4688625
1.3914706
1.3985968
1.4003576
1.4102576
1.484811
1.4385716
1.4410095
1.3672701
1.4545466
1.3685573
1.4185529
1.370773
1.4017904
1.4354792
1.4982748
1.5030668
1.4117707
1.4930264
1.4353913
1.4673783
1.3890519
1.4629283
1.5297458
1.4298712
1.4523354
1.471171
1.4348819
1.3799217
1.4603645
1.4551519
1.3401748
1.4701996
1.4598866
1.5178878
1.4107866
1.4320023
1.3770124
1.4408567
1.4142861
1.5658787
1.4745793
1.419431
1.4137627
1.4741899
1.3928007
1.4794031
1.4334823
1.4342518
1.3794469
1.3850591
1.3841668
1.3944186
1.3850018
1.4357392
1.3787186
1.4047481
1.4428153
1.4845771
1.4885142
1.4023013
1.5030984
1.3838243
1.4431077
1.4176527
1.4537544
1.4286216
1.4941986
1.3793609
1.3252139
1.3941363
1.3730627
1.5634917
1.402715
1.4218354
1.4683208
1.3435808
1.3848728
1.3822328
1.4633625
1.4551724
1.4937159
1.444166
1.4119158
1.455383
1.4825873
1.3438767
1.4362882
1.3898803
1.4393476
1.456555

1.4365731
1.5248725
1.4062423
1.4663604
1.4533744
1.3584911
1.4567331
1.505151
1.4258546
1.4570475
1.4620305
1.477949
1.4915539
1.4467142
1.4152498
1.4147838
1.4344985
1.4390304
1.4633491
1.4667523
1.3876426
1.4851319
1.5001497
1.4410785
1.5259187
1.3611485
1.4950995
1.4562404
1.4035102
1.4473474
1.4883724
1.4895297
1.4586887
1.3617915
1.4662051
1.4465601
1.4417187
1.4310428
1.4582996
1.487349
1.461942
1.4141387
1.4327204
1.4413698
1.381509
1.4906483
1.4288874
1.4612194
1.4303318
1.3955728
1.4690864
1.3940413
1.4201458
1.3764868
1.4130769
1.4696418
1.4294511
1.4549109
1.4689769
1.4530774
1.3648636
1.4523783
1.4392978
1.508275
1.5113941
1.4143701
1.4369689
1.4635499
1.4102045
1.5116602
1.4188703
1.4883535
1.4418795
1.4019197
1.3578908
1.4471527
1.4358095
1.4766676
1.4201136
1.3957613
1.407052
1.41598
1.4859396
1.4299465
1.473505
1.4312121
1.4783831
1.4501127
1.4086354
1.4316127
1.458965
1.4441048
1.4300989
1.4500418
1.4781015
1.4244397
1.4591273
1.4689485
1.4537438
1.5138807
1.4888728
1.4169385
1.3811224
1.5090165
1.4385178
1.4013597
1.4254422
1.3438894
1.4359615
1.4096043
1.4500858
1.4392503
1.5698501
1.4056224
1.5055145
1.3779575
1.4703414
1.450684
1.4491907
1.395684
1.3967558
1.4338415
1.347089
1.4541627
1.4479853
1.4923109
1.381565
1.4930273

1.417901
1.4839638
1.4409826
1.4360572
1.4526453
1.3895004
1.4566052
1.3899422
1.4360422
1.3640444
1.4454991
1.4295268
1.4169897
1.4306118
1.3847958
1.3884026
1.4138311
1.4553503
1.4168692
1.3665473
1.4012417
1.3884389
1.4342688
1.4511689
1.4507568
1.4265705
1.4703484
1.3821113
1.5059304
1.4469135
1.4001483
1.448911
1.4808809
1.4673661
1.4275117
1.4911416
1.3936446
1.3698119
1.381884
1.3923072
1.4539033
1.4529295
1.4142023
1.4035907
1.4001133
1.4628887
1.4726535
1.3488024
1.3886465
1.4276174
1.4570009
1.4394585
1.4054185
1.4665631
1.401489
1.4443527
1.4425333
1.380734
1.4100969
1.4169172
1.4377185
1.399587
1.4456824
1.5008026
1.421909
1.4030105
1.4150255
1.4671681
1.4293659
1.416521
1.3966558
1.4211478
1.4871384
1.3839303
1.4679825
1.4450525
1.3924565
1.4014063
1.4359802
1.4094486
1.3941945
1.4521238
1.4827735
1.4440689
1.377033
1.4635983
1.415614
1.4120141
1.3985803
1.4105175
1.3920549
1.3761399
1.471779
1.4925376
1.4174414
1.416269
1.4243851
1.408387
1.3864836
1.473263
1.4432836
1.4812735
1.4554657
1.420738
1.4135491
1.4320915
1.3910916
1.3989124
1.4605376
1.4369094
1.4323493
1.452931
1.3880986
1.4171997
1.4198598
1.4162191
1.4405581
1.3904219
1.402971
1.4099844
1.4055611
1.4153253
1.427919
1.3555754
1.4672245
1.4902165
1.4218982
1.3806521
1.4306741
1.4007685
1.4885521
1.4090446
1.4277427
1.4137669
1.4326258
1.4098833
1.4423987
1.456592
1.4206592
1.4144665
1.3922589
1.4216142
1.42345
1.4206514
1.4559293
1.469853
1.4545088
1.4368848
1.4715767
1.434042
1.432642
1.4338472
1.3780831
1.3986838
1.3469387
1.4570343
1.3595418
1.4480097
1.4308257
1.4736915
1.3888716
1.4296725
1.4057348
1.4352525
1.4413879
1.4270433
1.4070096
1.4270319
1.4464316
1.4296547
1.4219135
1.4549097
1.4186362
1.4533055
1.3988883
1.436512
1.4793849
1.4793254
1.4321942
1.4662461
1.3942355
1.41941
1.5194732
1.339042
1.4079276
1.481309
1.4466182
1.4320115
1.4124745
1.3705397
1.4160882
1.4438078
1.450189
1.422241
1.4033723
1.501739
1.4247261
1.4720373
1.3918849
1.5180168
1.4139792
1.4592078
1.4564407
1.4171134
1.3745743
1.4231025
1.3802152
1.4416714
1.3817753
1.45039
1.4455307
1.4460436
1.4589958
1.464868
1.3829459
1.4468355
1.4165758
1.3958489
1.4469879
1.4855802
1.4716156
1.443244
1.3936048
1.383922
1.4211015
1.4215258
1.5022967
1.3473619
1.4082702
1.4002199
1.4628587
1.4254928
1.3630136
1.5019654
1.3753283
1.4316025
1.3718935
1.4433328
1.3931557
1.4801832
1.4404931
1.4409136
1.4387817
1.4083496
1.4380138
1.4471503
1.4899402
1.4161023
1.3682435
1.4376581
1.4157393
1.4506732
1.4303879
1.4001899
1.3819788
1.4627503

1.4089065
1.456033
1.4301934
1.4598608
1.4473308
1.4647937
1.3986928
1.4327102
1.4547092
1.4333644
1.4685907
1.4061528
1.4317517
1.4510102
1.4144607
1.3856225
1.4267455
1.4247199
1.4191719
1.4288247
1.3918754
1.4691072
1.4469563
1.4383587
1.402282
1.4056542
1.4044362
1.401721
1.4286492
1.3987219
1.4339067
1.4306707
1.3890915
1.4019241
1.4331764
1.4390128
1.4611962
1.4340755
1.4318156
1.4033598
1.4583877
1.4654946
1.402431
1.4644907
1.4457976
1.4117117
1.450409
1.431516
1.4770631
1.492115
1.3767838
1.4613072
1.4068785
1.4616927
1.3947479
1.3943516
1.4147179
1.4417809
1.4880793
1.4005026
1.397589
1.3974633
1.4437586
1.4291407
1.4018528
1.4465258
1.4411856
1.3831409
1.433614
1.450736
1.448494
1.4038138
1.4146972
1.4199606
1.4263964
1.3903809
1.3926804
1.4338161
1.385338
1.4473567
1.4160239
1.4452277
1.440825
1.3967792
1.4584152
1.457161
1.424524
1.4311545
1.4403989
1.4352483
1.4331238
1.4170921
1.4113961
1.4272156
1.4440447
1.4136704
1.4528755
1.3968642
1.4652866
1.4435326
1.4682642
1.4318161
1.4700879
1.365328
1.4405267
1.4301046
1.4144055
1.365417
1.4428638
1.4120196
1.462669
1.4194602
1.4625889
1.4428904
1.416068
1.3945746
1.4544967
1.410022
1.4137714
1.42318
1.4673145
1.4533644
1.3935846
1.46384
1.4107516
1.4101386
1.4153963
1.4689811
1.3701496
1.3681018
1.4281998
1.4249068
1.386728
1.4261638
1.4486873
1.4425662
1.4808124
1.4437293
1.4102956
1.4334645
1.4358051
1.4232012
1.4558305
1.390592
1.4087945
1.4214737
1.4112252
1.4474763
1.4588188
1.4401677
1.421341
1.4074585
1.4589993
1.4650865
1.4261463
1.4405533
1.4122002
1.4373895
1.4112355
1.3884215
1.4084975
1.4134794
1.4189876
1.4228387
1.3912851
1.5084286
1.4276569
1.4020588
1.4387909
1.4160101
1.4509119
1.4286327
1.4193672
1.420917
1.465735
1.4267001
1.4793404
1.4094558
1.4233809
1.4549088
1.4159708
1.4542478
1.4508224
1.3861955
1.4406633
1.4408119
1.4507976
1.3977394
1.4442888
1.4384412
1.4426448
1.36749
1.4112161
1.3994538
1.447997
1.4517117
1.4382429
1.4264348
1.4095235
1.4825104
1.4024224
1.4578565
1.4153059
1.4040407
1.4272954
1.3838018
1.4838183
1.4696927
1.378409
1.3992382
1.4103577
1.424888
1.4434077
1.45485
1.4428115
1.4454185
1.441738
1.4268522
1.4282408
1.4349893
1.4531702
1.4603753
1.4386804
1.4289597
1.4479994
1.4256061
1.4388404
1.3952488
1.4279788
1.4456749
1.4251324
1.4402798
1.4327359
1.3990037
1.4708704
1.381303
1.4510552
1.4581308
1.4220957
1.4321502
1.4712305
1.4302622
1.5041528
1.4199036
1.4419667
1.4910564
1.4390525
1.3992398
1.3961753
1.4481069
1.4065168
1.4003286
1.439263
1.4132286
1.4045255
1.4049926

1.3919765
1.463574
1.4008025
1.4560109
1.4370651
1.4896373
1.4498752
1.4410168
1.4515245
1.4609181
1.4087012
1.4584522
1.439531
1.418635
1.478637
1.4744226
1.3703611
1.4335725
1.399945
1.4009424
1.441599
1.4502943
1.3816528
1.4290022
1.4118408
1.3874111
1.4545418
1.4133431
1.3781061
1.4393661
1.4235283
1.4266196
1.4038808
1.4216186
1.4594008
1.456143
1.4254987
1.3793466
1.421047
1.426326
1.4254954
1.4411206
1.4485382
1.4658991
1.4749715
1.3994046
1.4150695
1.3874811
1.4213407
1.4267101
1.4224935
1.3835588
1.4601886
1.4391032
1.4379125
1.4163029
1.4546311
1.4441178
1.3957881
1.4410114
1.4406775
1.387786
1.4163809
1.4051166
1.4949921
1.4721117
1.4552566
1.4744296
1.4151452
1.4200658
1.3699329
1.387167
1.3797178
1.4242221
1.380582
1.4476618
1.4425358
1.4295462
1.4435594
1.400625
1.4542359
1.4549899
1.4618919
1.4015392
1.4478338
1.4228387
1.3749627
1.4274502
1.4357944
1.4174409
1.3938099
1.4408659
1.4323158
1.4949152
1.3733771
1.4276168
1.4268613
1.4144498
1.4111362
1.4086336
1.4447229
1.466343
1.4173734
1.4460061
1.4257438
1.4023895
1.4172243
1.4304167
1.4296
1.4005812
1.4156107
1.397675
1.4009042
1.4398704
1.4037311
1.4803396
1.408664
1.4392041
1.444928
1.4177954
1.4620659
1.4170094
1.4074355
1.4100238
1.4393466
1.4181468
1.4527439
1.4397068
1.4402214
1.4355571
1.464194
1.4044317
1.4399991
1.3914483
1.415146
1.3894769
1.4118172
1.449061
1.4520812
1.4505868
1.3793845
1.4786747
1.467183
1.4917512
1.3998339
1.4263902
1.4419476
1.4224584
1.4196131
1.420195
1.3914328
1.4094831
1.4817437
1.3740076
1.4516302
1.4519328
1.4083748
1.381727
1.4097522
1.4508586
1.4676355
1.377492
1.4445888
1.413993
1.4409925
1.4232533
1.4142314
1.4385295
1.443466
1.4354233
1.4225137
1.4318104
1.454324
1.4172671
1.4063274
1.38956
1.3981122
1.4049033
1.411985
1.4065727
1.4560554
1.4152794
1.3743477
1.4494263
1.4391712
1.4339204
1.3837892
1.392435
1.462356
1.4517637
1.4307462
1.467788
1.4290316
1.393977
1.4344026
1.3945808
1.4606923
1.4243448
1.5289439
1.415682
1.3785044
1.4200367
1.4062679
1.4273832
1.4273976
1.4286313
1.4276534
1.4621191
1.4127316
1.4133958
1.4185123
1.3935881
1.4281454
1.4160002
1.3984306
1.4443657
1.4253682
1.4445163
1.4365286
1.5004486
1.4485857
1.4625438
1.4525138
1.3842262
1.4107018
1.4225761
1.4564681
1.4757558
1.4156078
1.4160554
1.4089524
1.4614494
1.4429363
1.4059969
1.4203116
1.463257
1.4229972
1.4322602
1.4324118
1.4079561
1.3988857
1.3872186
1.4472189
1.4091207
1.4336835
1.4000305
1.4162986
1.4309424
1.4429764
1.438471
1.4500718
1.4250032
1.4307145
1.4124038
1.4190137
1.4435189

1.4208164
1.407661
1.4381143
1.4255072
1.3942348
1.4260688
1.3953103
1.4710442
1.4447144
1.4292657
1.4280617
1.4109669
1.4012463
1.4092695
1.4216285
1.4204329
1.4236245
1.43481
1.3933326
1.3929998
1.4251584
1.4134513
1.4009132
1.439726
1.4278762
1.4206471
1.3917161
1.4054765
1.4189502
1.4268852
1.4472189
1.4257275
1.4113853
1.4335299
1.422501
1.4370995
1.4489608
1.405668
1.435648
1.4447209
1.4283181
1.4269952
1.4283869
1.4133923
1.4344592
1.4091835
1.3980025
1.4379671
1.4090922
1.4081826
1.3638266
1.4693043
1.4164234
1.4601309
1.3900948
1.4467139
1.4755421
1.4237951
1.3654784
1.4323871
1.4174566
1.4347062
1.4300689
1.4260325
1.4470009
1.4622366
1.456938
1.4310998
1.4188342
1.4119015
1.3922664
1.4463918
1.4144922
1.4432226
1.3850708
1.3989515
1.370569
1.4338435
1.4136322
1.4262147
1.404837
1.3965874
1.4408094
1.4042566
1.4676936
1.4461588
1.4535766
1.3494282
1.4165599
1.4407746
1.390821
1.4005691
1.4316674
1.4166224
1.456001
1.4559485
1.4422015
1.4757969
1.4083033
1.4284751
1.4656159
1.4469161
1.4268787
1.4052507
1.4175774
1.3667291
1.3941549
1.4370134
1.4315615
1.3988193
1.4196584
1.4237268
1.4369037
1.4654768
1.4370315
1.4441069
1.4075907
1.4778099
1.42923
1.435926
1.4114016
1.3913405
1.390165
1.4259044
1.4025058
1.4028292
1.4085068
1.4341383
1.4607445
1.4181516
1.4325739
1.4239132
1.443142
1.4088329
1.4312822
1.3599888
1.4500027
1.4475582
1.4325712
1.377981
1.4785646
1.38244
1.4117935
1.4143771
1.4129542
1.4286559
1.4329869
1.3958141
1.3849086
1.3961761
1.4238969
1.4516419
1.4053178
1.4051534
1.4188098
1.418294
1.3924724
1.3694615
1.4480853
1.4442711
1.4262964
1.4562728
1.417627
1.3975714
1.4422891
1.4473614
1.3787107
1.381861
1.4182285
1.4335061
1.392531
1.4314475
1.4182746
1.3929977
1.4149847
1.4153388
1.3932065
1.428707
1.4449023
1.4218371
1.3878663
1.4199201
1.4428408
1.4373934
1.4237466
1.4498732
1.4253317
1.4640278
1.4699987
1.4620085
1.4069785
1.4130749
1.4462646
1.4095172
1.4446261
1.4041921
1.3882779
1.4181064
1.3763711
1.4318362
1.4134946
1.4163831
1.4103866
1.457148
1.4315434
1.3992356
1.4167295
1.4091008
1.4196924
1.4058402
1.3994421
1.4593887
1.4222578
1.4559654
1.4382397
1.4150053
1.4175532
1.4428012
1.4364994
1.4144036
1.4094241
1.39581
1.4346154
1.368827
1.4047965
1.4293092
1.3954483
1.3687019
1.4180828
1.4465438
1.389338
1.3904954
1.4365729
1.3974973
1.4213915
1.4739857
1.4621997
1.4413354
1.4101628
1.4398447
1.4100976
1.4366664
1.4512142
1.4579872
1.3509492
1.4648783
1.4445641
1.4057484
1.4470215
1.4105937
1.4254687
1.3972169
1.3985887
1.4167985
1.4171784
1.3969877
1.4070476
1.4176744
1.4279195
1.4288311
1.4048747
1.406004
1.430259
1.3841717
1.4113206
1.4139558
1.43732
1.4255546
1.4345196
1.4333601
1.4094018
1.4218373
1.4169863
1.4179928
1.3789505
1.4207466
1.495743
1.4110298
1.3943886
1.3942101
1.4262568
1.4298646
1.4087594
1.4183007
1.4065781
1.4528022
1.4638313
1.4309766
1.40728
1.4346763
1.4100184
1.3878753
1.4468802
1.403064
1.4116359
1.3884369
1.4429702
1.3751796
1.4228374
1.3967067
1.4141195
1.4200238
1.3489852
1.4522383
1.4074103
1.4062918
1.4259353
1.4779642
1.3986076
1.4588733
1.4223814
1.4596374
1.4490072
1.4064212
1.40434
1.4257697
1.4283434
1.3859237
1.4114052
1.430199
1.4172239
1.4422573
1.4226058
1.4218805
1.434724
1.4187824
1.4007305
1.4638485
1.3980373
1.4277446
1.4291884
1.4391448
1.397405
1.4343034
1.4590622
1.4275689
1.4469378
1.4363388
1.4167802
1.415283
1.3889357
1.4399161
1.422254
1.4034176
1.420559
1.3830025
1.4131796
1.4168204
1.3972538
1.4557265
1.4120733
1.4597281
1.3991646
1.4066939
1.4471405
1.4132326
1.3874294
1.4241637
1.4428747
1.3976458
1.4838824
1.4084129
1.4031389
1.4033635
1.400083
1.4566826
1.3927623
1.4180603
1.421633
1.4011557
1.3992774
1.4323851
1.4174151
1.3746198
1.4157352
1.4131417
1.4376004
1.4148353
1.3845967
1.3926908
1.439417
1.4345642
1.4324864
1.3892403
1.4316951
1.3891333
1.3929743
1.3860422
1.4337367
1.4342535
1.4302381
1.4399089
1.3944546
1.4194309
1.4387071
1.4775183
1.3923975
1.4039888
1.4108164
1.3740815
1.4416397
1.4067601
1.433272
1.4259732
1.4209579
1.4461865
1.4315963
1.4354022
1.4387017
1.4735372
1.4345558
1.4124774
1.4482999
1.4547892
1.4276327
1.416241
1.3962747
1.435118
1.4268649
1.4160696
1.4205337
1.3851213
1.4367176
1.4456886
1.4286162
1.3987671
1.3985552
1.4482493
1.439488
1.4317752
1.3888313
1.4314884
1.4094968
1.4164429
1.397513
1.4905375
1.4136225
1.4848431
1.4500098
1.4288652
1.4348431
1.4156173
1.443931
1.3918077
1.4144976
1.4018155
1.4149678
1.4277496
1.4078529
1.4618347
1.4156661
1.424717
1.401559
1.4515728
1.4001623
1.3902617
1.402972
1.4221971
1.4184612
1.3846891
1.405981
1.43339
1.4312695
1.4172355
1.4314976
1.4044327
1.4166856
1.4777516
1.4386494
1.5030857
1.4204197
1.4275407
1.4313518
1.4177622
1.4310262
1.43685
1.402763
1.4468086
1.423493
1.4150631
1.432579
1.4197794
1.4585152
1.3786477
1.4284303
1.4125423
1.4072334
1.4013377
1.4295725
1.3913258
1.4471027
1.3794589
1.4014001
1.3948861
1.3881171
1.3907677
1.3962212
1.4119424
1.4272068
1.4247015
1.3814926
1.4383392
1.4237989
1.3858278
1.4324067
1.3619846
1.4417537
1.414358
1.3984579
1.4127365
1.4484605
1.4340682

1.4173449
1.4107218
1.4251155
1.4398471
1.4117321
1.438871
1.4506298
1.4320946
1.4284413
1.4098444
1.4022257
1.4357938
1.4193287
1.4085766
1.4363284
1.4173073
1.4726336
1.4278525
1.4149147
1.4153126
1.432551
1.4286032
1.4060766
1.4290869
1.4530483
1.426887
1.4176636
1.3914438
1.4288782
1.43064
1.410451
1.4177461
1.4077165
1.4563115
1.4280335
1.4017535
1.4329047
1.393563
1.4477891
1.4390903
1.411834
1.439667
1.4088613
1.4057432
1.416684
1.4324831
1.4020457
1.4112998
1.4067932
1.433361
1.4094732
1.423254
1.4168335
1.4401331
1.4494414
1.4291764
1.4560393
1.3996428
1.397507
1.3918277
1.3903549
1.4283793
1.430064
1.4176384
1.4060204
1.426231
1.4033165
1.3966705
1.3690369
1.3906918
1.4136691
1.4340155
1.3874304
1.4081217
1.4090333
1.4048772
1.3910854
1.4092149
1.4393667
1.427327
1.3962618
1.3687979
1.4202055
1.4386115
1.4357475
1.3966343
1.4419808
1.4017249
1.4079579
1.408974
1.4082987
1.445809
1.4250411
1.4052805
1.4408511
1.403653
1.3909581
1.409484
1.4260037
1.4298284
1.446963
1.4458756
1.438171
1.4298507
1.4249961
1.4187747
1.428781
1.4235764
1.4131261
1.4073358
1.4039967
1.4476961
1.4101589
1.4242543
1.4255346
1.4662257
1.4179429
1.407159
1.4314747
1.4093231
1.4327102
1.411421
1.4282666
1.4181769
1.4057884
1.4305391
1.4540546
1.4327676
1.437257
1.4074912
1.3961828
1.4212214
1.438715
1.4211638
1.4198083
1.4074036
1.4462116
1.390888
1.4114041
1.4236441
1.4418529
1.4108891
1.4130843
1.4322519
1.4282697
1.4245592
1.4085065
1.4030197
1.44752
1.4235538
1.4311163
1.4022822
1.4632926
1.403801
1.4151074
1.4480892
1.4178321
1.4251629
1.4248693
1.4055986
1.4392825
1.4066436
1.392806
1.4513465
1.4322602
1.4163147
1.3895394
1.3918257
1.4239866
1.425534
1.4555081
1.4302485
1.4221435
1.4255643
1.4527858
1.4437776
1.3982934
1.4304307
1.4014838
1.395008
1.4454333
1.4334185
1.4018506
1.4113549
1.4364114
1.4239513
1.4335312
1.4328203
1.414227
1.4172988
1.4441789
1.428019
1.4233799
1.3898541
1.4334372
1.3849953
1.4183345
1.4452803
1.4232723
1.3943619
1.4407479
1.3913609
1.4343507
1.4178371
1.4388431
1.3805852
1.4268551
1.4551852
1.425521
1.4173491
1.4110135
1.3974154
1.3917283
1.4256563
1.419317
1.4228464
1.4134674
1.4514319
1.3964132
1.4256665
1.4032866
1.4372655
1.4396585
1.4377228
1.4249065
1.4204504
1.421888
1.4332246
1.3941634
1.3919483
1.3913592
1.4115206
1.4110342
1.4176223
1.4282575
1.4246297
1.4126561
1.4308254
1.4341536
1.4170705
1.4289565
1.3721756
1.4288077
1.4168916
1.4261501
1.4268236
1.4252067
1.4400886
1.4428728
1.439218
1.4135523
1.43176
1.4223098
1.4302249
1.4342856
1.4678522
1.3845801
1.4057838
1.4005408
1.4147054
1.4421395
1.4059674
1.4272115
1.4123124
1.4208019
1.3772882
1.4507345
1.4022676
1.4178842
1.4303107
1.4151667
1.4355732
1.435503
1.4158313
1.431482
1.4126428
1.4106501
1.418491
1.4001335
1.3848752
1.4136361
1.4233598
1.4296677
1.4209936
1.412271
1.4322703
1.4147394
1.4331961
1.4302148
1.420122
1.3924972
1.3850338
1.4054695
1.4433417
1.4297274
1.4190092
1.4144732
1.4319656
1.4129255
1.4004743
1.4184662
1.4453415
1.4255569
1.4230007
1.393642
1.4217423
1.4065919
1.3994759
1.4174051
1.4311359
1.4102895
1.4388766
1.4211757
1.4147943
1.4344039
1.3828617
1.430852
1.4067618
1.4273009
1.4397571
1.4309688
1.4220735
1.4443672
1.4151247
1.4341401
1.4357132
1.3898579
1.4364959
1.4501591
1.4198365
1.4523004
1.4373856
1.421678
1.4031724
1.3973124
1.4312893
1.3690382
1.450823
1.4605597
1.400105
1.4357
1.4239
1.4329486
1.4206529
1.4446458
1.4170201
1.4214379
1.4408929
1.4047071
1.4601513
1.417343
1.4177951
1.4336507
1.4310913
1.415988
1.448225
1.3980688
1.4281124
1.4018474
1.420151
1.4125856
1.4450324
1.3926743
1.4408749
1.4143261
1.415389
1.3793198
1.4355229
1.4376495
1.4033582
1.3872777
1.415056
1.4261271
1.424011
1.4233805
1.444706
1.4113206
1.4159185
1.4369426
1.4109753
1.4049193
1.4287944
1.4205213
1.4592863
1.4158187
1.3987433
1.4146216
1.4283843
1.4116398
1.406735
1.4351244
1.4245434
1.4290342
1.4227219
1.402485
1.426058
1.4124254
1.4135878
1.4352092
1.4469101
1.4268628
1.431867
1.4105644
1.4229254
1.4240259
1.4299202
1.4235843
1.4344018
1.4104574
1.4083247
1.417847
1.4372522
1.4222242
1.4158031
1.4212418
1.4046313
1.3921092
1.4109052
1.4025167
1.4114428
1.4197909
1.446678
1.407483
1.4120075
1.4219784
1.4102238
1.4098396
1.4478996
1.423839
1.4652288
1.4025035
1.4077998
1.3929373
1.4438969
1.4088458
1.4173498
1.447435
1.4529268
1.3914707
1.4105009
1.448836
1.425802
1.4204422
1.4372674
1.4295031
1.4314299
1.416956
1.4300383
1.4125155
1.4117308
1.4375088
1.4419763
1.4267801
1.4013691
1.4418219
1.4237105
1.4368266
1.4617833
1.4105604
1.418608
1.3988891
1.4346955
1.4104363
1.4351434
1.4099071
1.406361
1.4229679
1.4002032
1.4432976
1.4171983
1.4018381
1.4317867
1.396488
1.3636155
1.4332677
1.4305061
1.411581
1.423301
1.4385237
1.4253286
1.4148198
1.428994
1.4399366
1.4093195
1.4645404
1.3985182
1.4156563
1.4437574
1.4203103
1.4142374
1.4105352
1.4701881
1.4102254
1.3915346
1.4165025
1.4589664
1.4284711
1.4357977
1.39763
1.4106251
1.4457254
1.4341253
1.4243355
1.4036214
1.4360943
1.3908216
1.4053531
1.4179088
1.4302837
1.4218134
1.4308441
1.4141113

1.4296708
1.4322127
1.4194019
1.4117923
1.4194484
1.3952172
1.4201661
1.3762741
1.3822104
1.4241341
1.4117639
1.4316344
1.4523427
1.4312468
1.4109428
1.4375526
1.3951637
1.4165742
1.3937964
1.4445132
1.405408
1.4105585
1.4252788
1.397784
1.3799444
1.445293
1.40875
1.4394677
1.4421234
1.4613973
1.4069939
1.4209768
1.4056149
1.4599867
1.4280988
1.4305674
1.434717
1.4009945
1.4200647
1.4448389
1.4314941
1.4040744
1.4540161
1.4182334
1.3952777
1.4228421
1.4250954
1.4475158
1.4262009
1.4260975
1.4203484
1.4130375
1.4213698
1.4080911
1.4397677
1.3986878
1.4065675
1.406931
1.4126964
1.4023291
1.4485904
1.4415798
1.4296535
1.4048562
1.4393649
1.4381609
1.408422
1.3982755
1.4108591
1.4372149
1.4170403
1.4303235
1.4291089
1.4233065
1.4154798
1.4274597
1.4111232
1.4502735
1.4188235
1.4463347
1.4127554
1.4236834
1.422603
1.4265096
1.4318843
1.4427806
1.4297869
1.4022233
1.4188124
1.4413749
1.4391766
1.4393835
1.4294713
1.4305766
1.4396337
1.4503695
1.4203577
1.42436
1.4324868
1.4423627
1.3877606
1.4281408
1.4461592
1.3983105
1.4452562
1.4259222
1.4191685
1.395926
1.4056541
1.3838217
1.3798987
1.4028751
1.4131513
1.407076
1.4162617
1.4052769
1.4383211
1.4290808
1.4818927
1.4144568
1.4336411
1.4166139
1.4151803
1.4432033
1.4036134
1.4205459
1.4196492
1.4172994
1.4284894
1.4137714
1.4398612
1.4058585
1.394251
1.4205112
1.4286615
1.4276379
1.4075779
1.4366872
1.4126759
1.3918978
1.4091547
1.416703
1.4151528
1.4509462
1.4045317
1.4137664
1.4373682
1.4265045
1.422598
1.4276247
1.4024761
1.389852
1.4388752
1.4157437
1.4128937
1.3894495
1.4041928
1.4232197
1.4355739
1.4180467
1.4262513
1.4355634
1.402599
1.427814
1.4054593
1.4299457
1.4204459
1.4215261
1.4365463
1.4209538
1.3955121
1.3949928
1.4179739
1.4201901
1.4153954
1.4087521
1.4207958
1.4178659
1.3912392
1.4112513
1.3906682
1.4131252
1.4192271
1.4418218
1.3994025
1.3903233
1.411199
1.4037546
1.4532919
1.4158978
1.4458034
1.4254231
1.4386894
1.4195116
1.4179847
1.4500484
1.4120516
1.4164633
1.421242
1.4500391
1.4089389
1.4053259
1.4133239
1.3823991
1.423605
1.454821
1.4376663
1.40278
1.442664
1.4464458
1.4466968
1.3931327
1.4282004
1.4233977
1.4220533
1.4175081
1.4124129
1.4355139
1.4331267
1.4094163
1.4163768
1.4401944
1.397103
1.4379381
1.4280858
1.4168062
1.4010079
1.4542222
1.4046215
1.4327068
1.4076214
1.3976635
1.4306233
1.4230227
1.396875
1.414785
1.464506
1.4400963
1.4051894
1.4246386
1.4082366
1.431005
1.4290017
1.4240963
1.4023775
1.4011309
1.4047346
1.4185827
1.3936224
1.4082346
1.4483219
1.4113125
1.44052
1.4315053
1.41964
1.41174
1.4149207
1.4167093
1.4035964
1.4234033
1.404754
1.4202048
1.4430907
1.436186
1.4304293
1.4514662
1.4294662
1.4147322
1.4085697
1.3961242
1.4303268
1.4152493
1.4134637
1.4237057
1.4190013
1.4118035
1.4301641
1.4129496
1.4126604
1.4449419
1.4312947
1.4214152
1.42344
1.4212611
1.4319606
1.4037309
1.3999066
1.4210238
1.4452702
1.4248804
1.429071
1.4319694
1.4166279
1.4017301
1.4257741
1.3818552
1.458355
1.4054775
1.414341
1.4093392
1.4252664
1.4325885
1.4190145
1.4424602
1.4128644
1.4251449
1.4328595
1.407309
1.4438026
1.4276537
1.4204837
1.4278594
1.4538813
1.4025067
1.4009495
1.4101417
1.4107515
1.3995014
1.4343517
1.4074622
1.426483
1.4037697
1.4146892
1.3739393
1.444266
1.3976587
1.4213426
1.4177288
1.4254445
1.4231981
1.4317327
1.4107633
1.4576658
1.400546
1.4221795
1.4113477
1.4218587
1.421874
1.4269395
1.4279225
1.4387867
1.4204549
1.431331
1.4405465
1.426013
1.4396489
1.3826544
1.4203762
1.4066268
1.4169647
1.390887
1.4401897
1.448289
1.4288827
1.401585
1.4364394
1.4128758
1.4591222
1.4333724
1.4252588
1.4028783
1.4004486
1.4210042
1.4614964
1.4261962
1.4293618
1.4287155
1.4024729
1.3990493
1.4023029
1.4288706
1.4309802
1.4236928
1.4005003
1.4113345
1.4137431
1.4010774
1.4453213
1.4641054
1.4136229
1.4377778
1.4123479
1.3812562
1.447109
1.4250988
1.3873639
1.4446576
1.4136326
1.3972026
1.4491631
1.3964267
1.4114503
1.4207697
1.4721832
1.4200428
1.4381492
1.4036549
1.4554824
1.4416595
1.4269686
1.4105412
1.4377625
1.413002
1.4558188
1.4183891
1.4165126
1.4308463
1.4072614
1.4078982
1.413704
1.4269359
1.4179066
1.4004222
1.431255
1.4264393
1.4222583
1.4235314
1.4202777
1.4092494
1.4502769
1.4171578
1.4341136
1.4474695
1.4191893
1.4257845
1.4391869
1.4782122
1.407732
1.3928735
1.4253916
1.4097341
1.4327085
1.4240911
1.4022833
1.4235183
1.4028249
1.4093775
1.4280531
1.4138639
1.4326583
1.4367076
1.3973478
1.4075606
1.4468507
1.4235044
1.4126933
1.4452004
1.4296286
1.4028422
1.3921756
1.419438
1.4063376
1.4152745
1.4284971
1.4481016
1.4219855
1.4259801
1.4395831
1.4340665
1.4222878
1.3846556
1.411139
1.4240386
1.4323063
1.3971359
1.4061165
1.4545664
1.4077868
1.4108275
1.4020772
1.4261975
1.4265822
1.4424727
1.4289818
1.4369928
1.4283482
1.4050778
1.4186692
1.4357988
1.4372517
1.4046965
1.4016538
1.4314156
1.407071
1.4050344
1.4233294
1.4219373
1.4332696
1.4104604
1.4378848
1.4189636
1.4018924
1.4068127
1.410002
1.4256921
1.405302
1.3903563
1.4370699
1.4031894
1.419388
1.4174784
1.4138565
1.4361013
1.4063548
1.4166958
1.3896167
1.4110787
1.3970984
1.3922539
1.457143
1.4051296
1.417864

1.3663319
1.417592
1.3978679
1.4227607
1.4169645
1.4154785
1.3916019
1.3989131
1.4214903
1.3942316
1.4482414
1.429799
1.4402088
1.4086157
1.4339005
1.4253596
1.4179958
1.4226815
1.4280677
1.4326341
1.4274273
1.441016
1.4265479
1.4282985
1.4276055
1.4156842
1.4316163
1.4251231
1.4283481
1.4179838
1.4048557
1.4217516
1.425621
1.4220296
1.3996689
1.4206772
1.4459975
1.4261247
1.4039092
1.4085702
1.4322982
1.4151188
1.4334848
1.3936398
1.4249974
1.4059131
1.4203416
1.4029256
1.409679
1.4070723
1.4316082
1.4418668
1.4283975
1.4196585
1.413908
1.4186168
1.4246466
1.4507548
1.4240774
1.4256216
1.4232273
1.4277912
1.4206294
1.440369
1.4423556
1.4034401
1.4236482
1.4254715
1.4235414
1.4782782
1.4283586
1.4038167
1.4378542
1.4454814
1.4385413
1.4147178
1.4253311
1.4142487
1.4061434
1.4130839
1.4391979
1.4178332
1.4203
1.4450065
1.4319308
1.3936983
1.4308826
1.425419
1.4238503
1.4215535
1.4269847
1.442797
1.4341583
1.4017689
1.4275496
1.4119843
1.444316
1.4638978
1.3975931
1.4186205
1.403006
1.4378406
1.4522272
1.4335808
1.4206773
1.414886
1.4129884
1.4311137
1.4095937
1.4107906
1.4213561
1.419867
1.4120294
1.4075872
1.396985
1.4231399
1.403207
1.4446913
1.4126935
1.4498721
1.4296242
1.4429823
1.4271994
1.4212817
1.4172717
1.438432
1.4225932
1.4249138
1.425164
1.4321202
1.4168644
1.4083099
1.4252509
1.4158498
1.4059807
1.4022032
1.385856
1.4362986
1.4421936
1.4202375
1.428102
1.4448363
1.4274693
1.4146266
1.3986288
1.4233607
1.4430397
1.4015205
1.3946487
1.4295741
1.4032406
1.4400285
1.4226923
1.4158556
1.4139311
1.4364038
1.4253021
1.4164357
1.4510581
1.41147
1.4250813
1.4216343
1.4135922
1.4544644
1.4248252
1.4335519
1.4306455
1.42075
1.4062383
1.4157046
1.4156932
1.4291706
1.4406958
1.436533
1.4282289
1.4185168
1.444919
1.4163027
1.4176781
1.413944
1.4362234
1.4076971
1.4334955
1.4082376
1.4231306
1.3991008
1.4564892
1.4084268
1.4303045
1.4400636
1.425669
1.413964
1.4017996
1.4299012
1.415769
1.4067559
1.4203407
1.4173907
1.4405539
1.3858142
1.4269565
1.4386014
1.4291
1.4659637
1.4143596
1.4234563
1.406929
1.4210745
1.4146875
1.4235147
1.4043547
1.4015809
1.4228991
1.4427623
1.4255439
1.3812176
1.4087394
1.4026482
1.4135444
1.4269658
1.4204057
1.4299337
1.4231791
1.3957905
1.4199694
1.425009
1.4270418
1.4140178
1.4110432
1.4216068
1.4399732
1.38056
1.4278295
1.4321034
1.4282912
1.3976443
1.4358182
1.4192024
1.391483
1.4271734
1.4169705
1.441067
1.4026577
1.381841
1.437407
1.432698
1.4385401
1.444593
1.430172
1.4022571
1.4409773
1.4275781
1.4484706
1.4093316
1.4039437
1.4261147
1.4020233
1.4203433
1.4213588
1.4292711
1.4106014
1.4046876
1.4176164
1.4113758
1.3951322
1.4101434
1.4325719
1.4090846
1.4311643
1.4041116
1.4158379
1.4341129
1.4134388
1.4386404
1.4332261
1.4270649
1.4257851
1.4161968
1.4113493
1.4261687
1.4334314
1.418488
1.4219785
1.4054884
1.4034293
1.4185964
1.4216582
1.4122087
1.4162803
1.4380457
1.4231855
1.420448
1.4024985
1.4103067
1.4145069
1.393905
1.4446087
1.4075656
1.4104611
1.40883
1.4144684
1.4050462
1.4092338
1.4343731
1.4184937
1.415396
1.4037308
1.4137168
1.3976402
1.4038013
1.4193684
1.4188333
1.4148642
1.4283543
1.4352963
1.4161376
1.40052
1.4450192
1.4593931
1.3759538
1.4397318
1.4111482
1.394763
1.424953
1.4422541
1.3942015
1.4121244
1.4465231
1.4553851
1.4413588
1.4390857
1.42362
1.4543058
1.4499403
1.42085
1.416545
1.4197587
1.4152474
1.4340963
1.4497358
1.3936251
1.4305471
1.4187682
1.4357625
1.4308466
1.4025685
1.4298149
1.4341772
1.4237572
1.4188107
1.4179151
1.4390948
1.4309242
1.4343401
1.431578
1.4218583
1.4220357
1.4181656
1.4265988
1.4198183
1.4066799
1.4359342
1.3920671
1.4053901
1.4022557
1.391391
1.4503574
1.4249506
1.4262358
1.4094943
1.4132437
1.4145035
1.4351298
1.4158694
1.413798
1.4196565
1.440033
1.4128817
1.4176755
1.4146842
1.452333
1.3917949
1.4284718
1.4414876
1.4361215
1.409457
1.3939078
1.3951879
1.4341333
1.4479277
1.4258367
1.4057652
1.3940083
1.430471
1.4420618
1.4363313
1.4084218
1.409266
1.4415649
1.4242396
1.4155841
1.4348909
1.4258934
1.4209418
1.415016
1.4032799
1.4565921
1.4034946
1.4221828
1.4268901
1.4111837
1.4405614
1.4281762
1.3850566
1.4196824
1.4075657
1.4243988
1.400003
1.4292848
1.4595914
1.4687321
1.4293972
1.4257892
1.4024299
1.4501225
1.4250978
1.4246616
1.4420878
1.4058131
1.4164339
1.4156333
1.4058682
1.4338546
1.3964182
1.4110136
1.4054146
1.4484543
1.4422257
1.4562645
1.4421395
1.4522167
1.3926853
1.4346066
1.4270756
1.4164791
1.4041917
1.4132901
1.4444191
1.4148566
1.4616635
1.4307936
1.4191977
1.4141597
1.3917208
1.423566
1.407119
1.4350476
1.4281449
1.4674217
1.4319257
1.4161386
1.4348484
1.4603381
1.4002272
1.4034054
1.4114667
1.4040146
1.4111592
1.3904667
1.4209251
1.4166588
1.4320295
1.4040024
1.428354
1.4021827
1.4227159
1.4288679
1.4148583
1.428207
1.4190165
1.4211805
1.4212868
1.4128795
1.4040011
1.3954706
1.4335797
1.4414142
1.4169389
1.4377621
1.4402691
1.4047121
1.4386204
1.432577
1.4134135
1.4160796
1.4272156
1.4227632
1.3917238
1.3961104
1.4175454
1.4301702
1.420755
1.4235991
1.4257429
1.4168885
1.4330193
1.4296503
1.4038671
1.4082718
1.3995588
1.3912473
1.4109837

1.4035892
1.4212487
1.4299436
1.3855122
1.4224498
1.4442697
1.412319
1.4192263
1.4277446
1.4244585
1.4308563
1.3850309
1.4546249
1.4114848
1.3991778
1.4138328
1.4161146
1.4245741
1.4250402
1.4416573
1.4041203
1.4663904
1.4169133
1.4416977
1.4373759
1.4261748
1.4367976
1.4644264
1.4397204
1.4284589
1.4267652
1.4531063
1.4300925
1.4249638
1.4386516
1.4340322
1.4532785
1.4241602
1.4205422
1.4379776
1.3840472
1.4361553
1.4297307
1.3903178
1.4228256
1.4555795
1.4440576
1.4229038
1.4249576
1.4526981
1.4620191
1.4041059
1.4194653
1.3951308
1.4189386
1.4392691
1.4218184
1.4141358
1.410622
1.4398212
1.4182284
1.4457246
1.458423
1.4276007
1.4113295
1.3901746
1.407932
1.424632
1.4182377
1.3837764
1.3981652
1.4309318
1.4065988
1.4190955
1.4103324
1.4162852
1.4212937
1.4352947
1.4420072
1.4144623
1.4383855
1.4252615
1.4206975
1.4094743
1.4124181
1.4047419
1.4277701
1.4172148
1.4159465
1.4443141
1.4269465
1.4080446
1.4167465
1.4527856
1.4117721
1.434749
1.4235348
1.4280758
1.4324921
1.4165162
1.3827907
1.4054397
1.4171706
1.4005598
1.4361794
1.4385449
1.4369242
1.4008162
1.427372
1.4108171
1.422848
1.3946075
1.4094343
1.461951
1.4134972
1.4088367
1.4146775
1.4335537
1.4334047
1.442396
1.4265348
1.4075859
1.401883
1.4038527
1.4110075
1.3837713
1.4378513
1.4335899
1.4266787
1.40746
1.4207145
1.428721
1.4343811
1.4302146
1.409746
1.4388071
1.4597585
1.4070818
1.3870937
1.4399436
1.4396873
1.4175265
1.4182596
1.427241
1.4203709
1.4186097
1.4257225
1.3993508
1.4175844
1.4222529
1.4270952
1.4299512
1.4089909
1.4317389
1.4318765
1.4307052
1.4201498
1.4299798
1.3991156
1.4286215
1.4162464
1.433264
1.4290823
1.4163345
1.4159833
1.4022589
1.4242674
1.3894444
1.4289477
1.4249415
1.4495138
1.4374654
1.4290928
1.4109093
1.4128497
1.410772
1.4070001
1.442741
1.4102038
1.4127053
1.3943021
1.4196826
1.4261781
1.4272811
1.4222587
1.4225581
1.4156483
1.4059381
1.4254954
1.4393992
1.4470038
1.4419224
1.4278728
1.4279699
1.4241104
1.4354339
1.4555724
1.4385116
1.4057215
1.4407719
1.4197359
1.385429
1.4187281
1.4232441
1.4056873
1.419358
1.4060513
1.4072789
1.4001349
1.4385891
1.4646351
1.4237751
1.4168323
1.4122609
1.4121454
1.4472383
1.431899
1.4107506
1.4193287
1.4335269
1.4351972
1.4070272
1.4035141
1.4224966
1.4087288
1.424064
1.3938105
1.4558877
1.4282727
1.4278353
1.4180264
1.4521726
1.3998294
1.4031504
1.4185565
1.4245007
1.4211776
1.445527
1.4466906
1.4033077
1.4380788
1.4262216
1.4284736
1.4042249
1.3974162
1.4431418
1.4321834
1.4117818
1.402734
1.4209881
1.4461507
1.4090868
1.4112618
1.4329629
1.4199266
1.418794
1.4139692
1.4090803
1.4419255
1.4164215
1.4029274
1.4189308
1.424203
1.39782
1.4018419
1.4148146
1.4316703
1.4153237
1.3955913
1.4515792
1.4035393
1.409064
1.4633944
1.4164783
1.4180237
1.4143701
1.4620804
1.3932997
1.4154764
1.4279364
1.4286145
1.4293238
1.4183896
1.4055079
1.4107202
1.4217527
1.4077697
1.4119127
1.4395703
1.3994583
1.4358913
1.4228101
1.4453424
1.40179
1.4462879
1.4184544
1.4238713
1.4122603
1.4060119
1.3923904
1.4181831
1.3913525
1.4149536
1.417827
1.4341584
1.4172512
1.4444705
1.399101
1.4259825
1.419804
1.4186327
1.4129748
1.443514
1.4309142
1.4018769
1.428225
1.3940679
1.4098928
1.4123011
1.4019206
1.415871
1.384004
1.4232392
1.4480125
1.4195551
1.4093815
1.4184732
1.4168825
1.4045177
1.4263272
1.4222594
1.3906983
1.4298471
1.4231269
1.4406347
1.4344561
1.4165305
1.4088639
1.4009447
1.4181825
1.4376092
1.4182434
1.4317763
1.4215212
1.4296722
1.4468492
1.4263878
1.405321
1.4195098
1.4311837
1.4349034
1.4078783
1.427647
1.4190452
1.4202509
1.4217478
1.4063227
1.419878
1.4358797
1.4374076
1.4262207
1.4248172
1.4613072
1.4024547
1.4336804
1.4253855
1.4345561
1.4198827
1.4103891
1.4247142
1.425127
1.4143587
1.4386659
1.4105328
1.4115751
1.4192393
1.4210964
1.406244
1.4121463
1.4244893
1.4388292
1.3975745
1.4242218
1.4270353
1.4252406
1.4073863
1.4517668
1.425905
1.4223009
1.3974872
1.4323584
1.4258515
1.4340256
1.4100716
1.4245276
1.4540781
1.3940606
1.4178946
1.4321148
1.4233159
1.4043641
1.4187144
1.4504652
1.4292927
1.4243366
1.42195
1.4306849
1.3981326
1.3991557
1.4040736
1.4154625
1.4299122
1.4208015
1.4100529
1.4233985
1.4085381
1.4323046
1.4068564
1.420841
1.3973796
1.4117508
1.4290723
1.4323786
1.4250448
1.4089453
1.411297
1.4011843
1.4248178
1.4423524
1.4456306
1.4290597
1.420915
1.410523
1.4110422
1.4027014
1.4400367
1.3849672
1.4134063
1.4363401
1.4174023
1.4560041
1.4302362
1.4428834
1.4138457
1.4180729
1.4023327
1.4043889
1.4215728
1.478563
1.4071071
1.422059
1.441166
1.4070755
1.4220937
1.4334514
1.4486206
1.4521846
1.4120811
1.4149557
1.4164822
1.4287211
1.4349505
1.4496753
1.4314525
1.4184762
1.4115105
1.4302768
1.4383929
1.4027902
1.4224235
1.4272592
1.4411983
1.430866
1.4285791
1.4162108
1.4314411
1.4037123
1.4253906
1.429295
1.4011786
1.418218
1.3977937
1.411619
1.4445056
1.4276977
1.3955832
1.4209582
1.3954103
1.4174875
1.4260828
1.3873185
1.4346062
1.4131378
1.4211656
1.4247301
1.392366
1.4376701
1.4242723
1.4364365
1.4071243
1.445313
1.4158064
1.4004542
1.4328004
1.4166642
1.4446604
1.3944253
1.4335849
1.4269571
1.4230353
1.4454919
1.4049004

1.4489361
1.4286672
1.4280597
1.437502
1.4412906
1.4023021
1.4295654
1.4140086
1.3941215
1.4155556
1.4270909
1.4215238
1.4213928
1.4282842
1.4221082
1.4483894
1.4411979
1.3876611
1.4212394
1.4398589
1.453006
1.3984476
1.4404646
1.4371182
1.4400561
1.4412628
1.4137759
1.4130864
1.4365734
1.4396509
1.4256871
1.4360775
1.4200374
1.4127588
1.3949872
1.4004328
1.4102405
1.4007231
1.4118514
1.4208031
1.4326671
1.4217045
1.4585898
1.4378557
1.3953679
1.3943375
1.4421906
1.4271895
1.3915668
1.4394736
1.4122599
1.4119679
1.3915411
1.437539
1.4265798
1.4280434
1.411805
1.4160569
1.4201956
1.4069601
1.4059238
1.4064201
1.3877258
1.410877
1.4201106
1.4124768
1.4173511
1.411412
1.4402137
1.4031482
1.4329653
1.4189943
1.423716
1.399732
1.4121864
1.4075683
1.3976444
1.4593638
1.4283707
1.4234655
1.4198301
1.4177399
1.4242618
1.4203107
1.4273678
1.4081022
1.4049783
1.4507757
1.3948783
1.4352149
1.4429322
1.4106581
1.4279649
1.4104282
1.4084293
1.4135828
1.4585842
1.4161537
1.4245427
1.3943081
1.4135734
1.3997973
1.4175904
1.4241412
1.4401886
1.4206543
1.4324536
1.4322858
1.4234298
1.4244877
1.4226922
1.380601
1.4304509
1.4320713
1.4255267
1.4199169
1.424601
1.4151425
1.432578
1.4234354
1.4213039
1.4041203
1.4239528
1.4345444
1.3937306
1.436405
1.4326437
1.4249545
1.4368213
1.4342139
1.438058
1.4444213
1.4304569
1.4153323
1.4394599
1.4174755
1.3945113
1.4221559
1.4424951
1.4303917
1.4438447
1.4081869
1.4320725
1.4231511
1.4153416
1.4232814
1.4277784
1.4429688
1.4287041
1.43782
1.4337776
1.4172618
1.4262887
1.4427295
1.4541886
1.4177401
1.4065397
1.4394264
1.4300334
1.4265
1.4364266
1.4055028
1.4343847
1.4375385
1.4078631
1.4218055
1.425387
1.4501767
1.4254616
1.4076252
1.4667567
1.4144552
1.4558359
1.4086161
1.4282817
1.4288888
1.3956097
1.4505749
1.4185169
1.430681
1.3933423
1.406911
1.3905233
1.444676
1.4141922
1.3897359
1.4192541
1.4191453
1.4401207
1.4166534
1.4377993
1.4293894
1.4186234
1.4360099
1.4109069
1.4312768
1.4415144
1.451987
1.4110454
1.4077522
1.4340832
1.4439807
1.4172875
1.4266251
1.4089214
1.4345236
1.3948604
1.4156839
1.4188635
1.399048
1.4097488
1.4251823
1.416834
1.448227
1.4411185
1.4346732
1.4497958
1.4227743
1.4238929
1.4128139
1.4416257
1.4337648
1.4015568
1.420972
1.4556271
1.4269878
1.4095945
1.4049621
1.4013201
1.4156718
1.4419868
1.4517432
1.414421
1.3988215
1.4180697
1.3980633
1.439929
1.4088931
1.3921555
1.4390539
1.4276676
1.4392393
1.4479699
1.4219402
1.417384
1.431813
1.4315773
1.3995451
1.4336603
1.4306418
1.4173304
1.3935629
1.4275275
1.4749501
1.4198958
1.4121839
1.4390048
1.4032036
1.4206781
1.4372637
1.4379734
1.4629698
1.403075
1.4139885
1.4103019
1.4215467
1.4215478
1.4385984
1.4191269
1.4662176
1.4190447
1.4178567
1.4087734
1.4070172
1.4080403
1.4262921
1.4267739
1.4381056
1.4112357
1.4600774
1.4323372
1.4115928
1.4293883
1.4062449
1.4071053
1.4323553
1.4056495
1.4394915
1.4238986
1.4177644
1.4388753
1.4159819
1.404426
1.4143106
1.4074855
1.3987938
1.4240642
1.4204615
1.430156
1.4407076
1.4126014
1.4157026
1.4221985
1.4228753
1.4152466
1.4340786
1.3977377
1.4087335
1.4033862
1.4193933
1.4241455
1.4018338
1.4238263
1.432614
1.4152879
1.4095916
1.4238362
1.4438936
1.4284887
1.4210868
1.4200363
1.4035835
1.4318538
1.4103099
1.4361793
1.4404573
1.4494313
1.4208567
1.440174
1.4455035
1.4324142
1.4189035
1.4218708
1.4320788
1.418025
1.4278679
1.4351652
1.4130728
1.4144747
1.4184142
1.42484
1.4201125
1.401859
1.4408257
1.4467027
1.4135993
1.411856
1.4296448
1.427378
1.4118118
1.4145342
1.3972902
1.4145759
1.4095466
1.4380227
1.418655
1.4082321
1.4126518
1.4193096
1.4020002
1.4074644
1.4367133
1.4160763
1.4252418
1.4220648
1.4214877
1.4174802
1.4256175
1.3750309
1.4648321
1.4437852
1.3940707
1.4081099
1.4170426
1.4045036
1.4382458
1.4281787
1.4000446
1.4320003
1.4307333
1.4289881
1.4303892
1.4437499
1.4442616
1.4327582
1.4266434
1.4259201
1.4460622
1.4142622
1.3974531
1.422451
1.4203339
1.4035528
1.3979679
1.4170054
1.4221318
1.4190485
1.4072317
1.4248596
1.4145933
1.4366685
1.4208118
1.4215167
1.4028629
1.425742
1.4350142
1.4241374
1.4368805
1.3949045
1.4329481
1.3962244
1.4277424
1.3995677
1.4243444
1.4156113
1.4295378
1.4044065
1.4189204
1.4153583
1.4254824
1.424751
1.4263451
1.3902243
1.4142143
1.430911
1.4250897
1.4163622
1.3949915
1.4209918
1.4184833
1.4117254
1.4338778
1.4409837
1.4118143
1.4040008
1.4219451
1.4291971
1.4304668
1.4412718
1.4317333
1.429157
1.4297088
1.4284134
1.3828329
1.4118751
1.4012893
1.433161
1.4375899
1.4147328
1.4013244
1.4349749
1.4593477
1.4282376
1.4500743
1.3957365
1.4296597
1.440862
1.4301124
1.4079725
1.4139724
1.442981
1.4085102
1.3924005
1.4417653
1.4127048
1.3897548
1.4302375
1.4080137
1.4189827
1.4362614
1.4104434
1.4316834
1.4256288
1.438108
1.4160928
1.4286792
1.4253861
1.462377
1.4034469
1.4258529
1.4294571
1.4241668
1.433221
1.4319601
1.4240838
1.4212688
1.4310552
1.4143517
1.4082005
1.3969293
1.4050733
1.4310308
1.4033344
1.4170614
1.3887043
1.3973092
1.4241598
1.4209132
1.4246286
1.4359348
1.4162884
1.4223083
1.4335456
1.4242381
1.4202814
1.4288445
1.3865513
1.3993217
1.4026519
1.4089714
1.4363686
1.4003222

1.748934
1.7487156
1.6834363
1.6351279
1.7644625
1.6901911
1.71515
1.6994683
1.7033364
1.661329

