0.0015202165
0.0032647848
0.008208394
0.010955811
0.032642722
0.013782263
0.0025801659
-4.1604042e-05
0.0123877525
0.0081089735
0.0077576637
0.011952043
0.013274789
0.0011203289
0.020995855
0.014351964
0.0020071268
0.011099815
0.071050644
0.0041840076
0.0065966845
0.010997057
0.010053277
-0.0043194294
0.00543046
0.01925826
0.010974884
0.0042817593
0.02300787
0.0031961203
0.0056148767
0.0072909594
0.021127224
0.026310682
0.014168501
0.012488723
0.019035101
0.014989138
0.005594492
0.0085680485
0.0017887354
0.014359593
0.012275338
0.025330424
0.002352357
0.014071941
0.01076746
0.00836885
0.0080702305
0.009540081
0.0085430145
0.0086449385
0.005253434
0.01578486
0.011294723
0.026620507
0.023616552
0.018356323
0.007936835
0.0028409958
0.004918337
0.0069841146
0.008980155
0.006341219

0.0013418198
0.02313757
0.006103039
0.019711018
0.007874966
0.013871551
0.02416718
0.0010462999
0.001934886
0.0041862726
0.0057742596
0.019987106
0.014782906
0.0010234118
0.009587288
0.023427963
0.018604398
0.02230215
0.009391904
0.0064382553
0.0090146065
0.01395762
0.006336808
0.00703156
0.007273078
0.010208726
0.0100210905
0.009339929
0.027951002
0.009109855
0.008620739
0.011759162
0.0036184788
0.01636815
0.017444968
0.013082743
0.011237025
0.0008633137
0.007212281
0.010694623
0.034039617
0.0133497715
0.00068223476
0.014722109
0.01433754
0.01396513
0.021855354
0.011751056
0.025291324
0.044247627
0.01565969
0.0041645765
0.0028475523
0.025319576
0.010792851
0.0127955675
0.014342189
0.03976822
0.00038969517
0.023509502
0.02478826
0.013320804
0.009564996
0.007982373

0.008512378
0.0021193027
0.0013961792
0.0027546883
0.0011893511
0.015488744
0.014729738
0.012736201
0.007714629
0.0024192333
0.005420089
0.0006632805
0.008975744
0.0134830475
0.0050879717
0.012173891
0.007969499
0.0009063482
0.006833315
0.0019271374
0.009587169
0.01211524
0.009381175
0.013145804
0.0062481165
0.012041807
0.008106232
0.008112311
0.009577155
0.014013052
0.011816978
0.0008804798
0.0075409412
0.009435296
0.0020074844
0.004373789
0.0070939064
0.012678504
0.016682267
0.006310463
0.004875183
0.0043314695
0.009783387
0.005666852
0.00974524
0.000351429
0.0087913275
0.011972189
0.0048726797
0.00010764599
0.0030152798
0.0041410923
0.009040713
0.0032393932
0.0027405024
0.011455059
0.009211302
0.0039663315
0.0035758018
0.005732894
0.011028767
0.004745245
0.0025634766
0.007545829
0.0021476746
0.00044691563
0.0046076775
0.0018039942
0.00020051003
0.0047217607
0.012592077
0.008724213
0.00084519386
0.004325986
0.004937291
0.014423132
0.0071026087
0.0073082447
0.008326292
0.010414481
0.009266973
0.0019167662
0.004023671
0.0011492968
0.0020176172
2.0861626e-05
0.009735227
0.0056108236
0.0011612177
0.010938048
0.0022274256
0.006224394
0.010781527
0.0047672987
0.008669019
0.0040198565
0.005744934
0.0069140196
0.006063223
0.0061329603
0.0008944273
0.006069064
0.004160762
0.0021574497
0.009233594
0.011699796
0.008644342
0.0074464083
0.00035107136
0.0076309443
1.2636185e-05
0.007617116
0.008114457
0.010064602
0.006669998
0.00078737736
0.00034880638
0.012026191
0.003915429
0.0019780397
0.0012435913
0.00752759
0.0045028925
0.0013195276
0.010601759
0.0016227961
0.006321192
0.009785533

0.007816911
0.011502266
0.00010097027
0.009950519
0.009381056
0.005284667
0.0068284273
0.004268408
0.00031626225
0.009419441
0.016821742
0.0011935234
0.007897019
0.0087810755
4.673004e-05
0.0012376308
0.004956126
0.005567193
0.007379651
0.0114706755
0.0042265654
0.004437089
0.003800273
0.0089457035
0.0048292875
0.0071690083
0.005966902
0.0050320625
0.00022411346
0.006841302
0.005361557
0.011773229
0.0007586479
0.0072288513
0.0025389194
0.004744172
0.0050314665
0.0027439594
0.006087184
0.010815501
0.0026967525
0.0049256086
0.0040724277
0.007715583
0.004710555
0.0016154051
0.0024855137
0.007636428
0.0066928864
0.009063482
0.008136153
0.00833559
0.0014843941
0.00092220306
0.005239129
0.015869617
0.0068136454
0.0056711435
0.005635977
0.0011392832
0.00701344
0.006316066
0.0087429285
0.009858012
0.008253694
0.010944605
0.0014848709
0.021540642
0.0050030947
0.010824919
0.004501939
0.016988039
0.0049488544
0.0072364807
0.015444398
0.0004492998
0.004586458
0.0069098473
0.007148862
0.0048066378
0.0010845661
0.01003921
0.010160565
0.005513072
0.008495927
0.0067344904
0.007017255
0.0062577724
0.01631236
0.00039982796
0.008704662
0.0059683323
0.0069363117
0.002215147
0.012194991
0.0012075901
0.00871253
0.0012158155
0.012887478
0.011632681
0.012595415
0.0027434826
0.0024918318
0.013389826
0.008510232
0.0017690659
0.008063793
0.0057053566
0.0039134026
0.004204273
0.013027668
0.004339576
0.009381413
0.0010991096
0.0044686794
0.0006414652
0.0077084303
0.0054222345
0.0054148436
0.0020195246
0.00047636032
0.00064861774
0.0037420988
0.004686117
0.009755135
0.009948611
0.0016891956
0.01304245

0.0028539896
0.006911993
0.00045621395
0.00029206276
0.0030491352
0.003358364
0.0034326315
0.004200697
0.002915144
0.0027529001
0.0018684864
0.0027683973
0.0028057098
0.00049829483
0.0032578707
0.00051546097
0.0010918379
0.0037273169
0.0047198534
0.0015169382
0.00013375282
0.0042996407
0.0049933195
0.0006172657
0.0019692183
0.0044162273
0.004032612
0.00016057491
0.0047385693
0.0030369759
4.3153763e-05
0.004347801
0.001917839
0.002763629
0.0048736334
0.0011703968
0.0053856373
0.0011770725
0.00020313263
0.00086927414
0.001335144
0.004162073
0.005230546
0.0008302927
0.0024257898
0.009220958
0.0030037165
0.0045731068
0.0031672716
0.0020684004
0.0030133724
0.0024219751
6.6280365e-05
0.005138874
0.0040147305
0.001131773
0.0025262833
0.003298521
0.0034626722
0.0019716024
0.005282283
1.8835068e-05
3.4689903e-05
0.006834388
0.0037597418
0.0029535294
0.005903721
0.007523179
0.0017154217
0.0036976337
0.006360054
0.0051391125
0.003769517
0.0025260448
0.0049773455
0.0022081137
0.0019859076
0.0010253191
0.000100016594
0.0022592545
0.00535655
-7.3194504e-05
0.008235216
0.003344655
0.0020087957
0.0066627264
0.0033695698
0.0033304691
0.0036816597
0.0032701492
3.1113625e-05
0.006119609
0.0025771856
0.006298423
0.00417161
0.003772378
0.0046037436
0.003030181
0.002530694
0.0037366152
0.0033837557
0.004693389
0.006826997
0.0042853355
0.0028920174
0.0027862787
0.0015562773
0.009986997
0.010616064
0.00519681
0.002323389
0.004122734
0.00015413761
0.0028582811
0.0031619072
0.0020223856
0.001040101
0.0037561655
0.0034897327
0.0059643984
0.0040967464
0.0036486387
0.0032773018
0.0015974045
0.004100919
0.0066076517
0.0011427402
0.001291275
0.0053004026
0.0033451319
0.0021036863
0.0038930178
0.0012493134
0.00052523613
0.007986665
8.571148e-05
0.0010920763
0.0038267374
0.003445387
0.0034259558
0.003545165
0.003128171
0.0028934479
0.0046366453
0.0026220083
0.00512743
0.002551198
0.0029395819
0.007586241
0.0041331053
6.258488e-05
0.002604127
0.0007930994
0.004550338
0.0013183355
0.0017381907
0.005015373
-3.695488e-06
0.0011184216
0.00527966
0.00398612
0.0037232637
0.0007570982
0.0031311512
0.004215479
0.0061792135
0.00073826313
0.0021994114
0.0003027916
0.0013353825
0.0021400452
0.001676321
0.0072778463
0.0041389465
0.0026973486
0.0019520521
0.0039725304
0.0031608343
0.0022636652
0.0051822662
0.0024886131
6.7949295e-06
0.0065562725
0.004758835
0.003445506
0.001568675
0.0012429953
0.006981015
0.0030052662
0.00035476685
0.005411625
0.0034031868
0.0042967796
0.003840208
0.0034513474
0.003169179
0.003494382
0.00034213066
0.0030270815
0.0021303892
0.007126212
0.00091683865
0.0016154051
0.0006322861
0.0034329891
0.0056911707
0.0019640923
5.6028366e-06
0.005787015
0.0038563013
0.0032114983
2.3961067e-05
0.003765583
0.005383134
0.0018979311
0.0023163557
0.0017403364
0.00033807755
0.0050184727
0.0027074814
0.0038052797
0.0010623932
0.0051321983
0.00035464764
0.0007954836
0.0066303015
0.0037374496
0.0038334131
0.005108595
0.0027606487
0.0016973019
0.00043189526
0.00078999996
0.0053403378
0.0029517412
0.005731106
0.00054717064
0.0061393976
3.707409e-05
0.00043475628
0.008875847
0.0029091835
0.004252434
0.0017575026
5.9247017e-05
0.0026875734
0.0053902864
0.0029212236
0.0012928247
0.0048207045
0.0006990433
0.003834486
0.001047492
0.0013253689
0.006785989
0.0038985014

0.0019013882
0.0046895742
0.00019109249
0.0063165426
0.0032993555
0.007405877
0.0006289482
0.0029349327
0.002650261
0.0013735294
0.0035367012
0.003103137
0.0033830404
0.0039731264
0.006443739
0.0022331476
0.0016812086
0.0027214289
0.0018810034
0.0043228865
0.0058629513
0.0065356493
0.0042915344
8.201599e-05
0.003494978
0.0035443306
0.0016202927
0.0038223267
0.00434947
0.0031642914
0.003249526
0.0039055347
0.00021195412
0.000846982
0.002035737
0.002557516
0.0041725636
0.0033955574
0.0020644665
0.00051498413
0.003387332
0.0058470964
0.000109910965
0.0047694445
0.0028795004
6.175041e-05
0.007171273
0.003424406
0.0069675446
0.0066097975
0.00016260147
0.0043935776
0.0035231113
0.0012552738
0.0014232397
0.0008405447
0.0019105673
0.0042876005
0.005994439
0.0030441284
0.005420804
0.0005581379
0.0014616251
0.00436306
0.0008844137
0.0040984154
0.0018495321
0.00030374527
0.0036987066
9.024143e-05
0.0022403002
0.0008735657
0.003673792
0.0012071133
0.0026000738
0.0013992786
0.004420519
0.0022277832
0.003309369
0.00545907
0.0059429407
0.0002952814
0.0035951138
0.0007327795
0.0030117035
0.0030031204
0.0064088106
0.002454877
0.0040311813
0.0037616491
0.0016528368
0.00014340878
0.0027942657
0.0049960613
0.0021431446
0.0037590265
0.0011916161
0.0010033846
0.0047822
0.0057911873
0.0037190914
0.00157547
0.0023735762
0.001583457
0.0047216415
0.0067409277
0.00025463104
-1.001358e-05
0.0075569153
0.0009828806
0.0042448044
0.002826333
0.0036637783
0.003199339
0.0029679537
0.0061906576
0.0038061142
1.9311905e-05
0.004021287
0.0057412386
0.0067806244
0.0041880608
0.004187703
0.0064053535
0.005148053
0.0024214983
0.0016272068
0.0039719343
0.0049592257
0.0010341406
0.003100872
0.00275743
0.0035219193
0.0015271902
0.0029598475
0.0040745735
0.0065248013
0.0059845448
0.0043156147
0.0015753508
0.0043022633
0.0036536455
0.0046024323
0.0013664961
0.001917243
0.002605319
0.0012159348
0.007377863
0.0037884712
0.0024169683
0.001473546
0.0029129982
0.0057048798
0.003392458
0.0023459196
0.0016955137
0.0022420883
0.0058449507
0.0027307272
0.0023941994
0.0013285875
0.0016072989
0.0031036139
0.0030568838
0.004201889
0.005367756
0.002305746
0.0037608147
0.0059888363
0.0033581257
0.0034264326
0.004201174
0.003455639
0.0022882223
0.004392743
0.0018949509
0.0075548887
0.004300952
0.0014811754
0.0009148121
0.006603956
0.0041469336
0.0042948723
0.0024852753
0.0051674843
0.004283905
0.001321435
0.0011401176
0.00065398216
0.0042972565
0.003930807
0.002303481
0.0010756254
0.000903368
0.004258156
0.0040546656
0.0026979446
0.00043034554
0.0008715391
0.0034689903
2.3841858e-07
0.0033074617
0.004511118
0.0029178858
0.0050885677
0.0003643036
0.003187418
0.0047471523
0.0047272444
0.0038810968
0.0075764656
1.1920929e-06
0.0006029606
2.7894974e-05
0.0071855783
0.0010379553
0.00010871887
0.003473878
0.0032755136
0.0064721107
0.005904317
0.0029495955
0.0014853477
0.0020251274
0.002918005
0.0007688999
0.0059649944
0.0003426075
0.0011153221
0.002757907
0.0028941631
-3.7908554e-05
0.004193425
0.0024493933
0.0037652254
0.0019390583
0.0046418905
0.0035743713
0.0011930466
0.0054683685
0.0056347847
0.002832532
0.0031313896
0.0017933846
0.0047916174
0.0050120354
0.002317071
0.004463792
0.00507915
0.001906395
0.00035572052
0.0057151318
0.003415823
0.005342722
0.000600934
0.00066554546

0.0023748875
0.002875805
0.0031193495
0.0036153793
0.0044606924
0.0061130524
0.0031501055
0.0033522844
0.0031738281
0.0038440228
0.003793478
0.006939292
0.0067853928
0.0011072159
0.0061223507
0.0051469803
0.0025811195
0.0029244423
0.0011972189
0.002167821
0.00314188
0.0025091171
0.0026105642
0.0010956526
0.0033131838
0.0025798082
0.0064862967
0.0015748739
0.0018590689
0.0011395216
0.003117919
0.0027302504
0.00021708012
0.0022696257
0.0036422014
0.0050753355
0.0029968023
0.0017417669
0.0006133318
0.0025675297
0.0020054579
0.004977107
0.0059610605
0.002656579
0.0032801628
0.00014925003
0.0030807257
0.0044721365
0.0032402277
0.0029604435
0.0019347668
0.0029010773
0.0058732033
3.5762787e-07
0.00049972534
0.0012712479
0.0039521456
0.0039322376
0.0012013912
0.0054018497
0.0042108297
0.003926277
0.0028989315
0.0032862425
0.0065020323
0.0072125196
0.002970457
0.005462289
0.0027016401
0.0023424625
0.0018696785
0.00068449974
0.000834465
0.0036195517
0.0043013096
0.004752755
0.0052416325
2.9325485e-05
0.00736022
0.0011484623
0.0038437843
0.0036132336
0.0075861216
0.0039384365
0.0032589436
0.0016433
0.0057532787
0.004029751
0.0019836426
0.005202532
0.0032835007
0.0017071962
0.0033693314
0.0037665367
0.00011599064
0.004137635
0.00050008297
0.0016334057
0.003026247
0.00039160252
0.0035190582
0.0035723448
0.0022022724
0.0046607256
0.0049955845
0.0043656826
0.004200101
0.0022176504
0.002886176
0.001739502
0.0033512115
0.00013899803
0.0010646582
0.001839757
0.006298065
0.004857421
0.00083088875
0.0024865866
0.005485177
0.004350424
0.004599452
0.0031846762
0.0059719086
0.0044231415
0.0060362816
0.0015305281
0.00057554245
0.0032949448
0.0032442808
0.0013196468
0.0020087957
0.0027691126
0.003783226
0.0005643368
0.0033882856
0.0051193237
0.0024421215
0.0043793917
0.0026811361
0.0042601824
0.0017589331
0.004116535
0.008003354
0.006551504
0.0031118393
0.0034657717
0.0031553507
0.00031507015
0.0021820068
0.0040972233
0.003504634
0.0013459921
0.004544258
0.002132535
0.0032565594
0.002245903
0.001719594
0.0011587143
0.0048867464
0.0043212175
0.0051312447
0.0008072853
0.0021760464
0.0051522255
0.0034668446
0.0018835068
0.005047679
0.0039993525
0.0042239428
0.0022535324
0.0010875463
0.004248619
0.004838228
0.0027407408
0.0038417578
0.0014915466
0.00233078
0.0038570166
0.002406478
0.0021497011
0.00478065
0.0022312403
0.003034234
0.0032912493
0.0005618334
0.002645135
0.0031666756
0.0012139082
0.0025550127
0.0034137964
0.002874732
0.0020984411
0.00065624714
0.0031977892
0.003830433
0.0018677711
0.0046241283
0.00047016144
0.0035002232
0.003157854
0.005195141
0.00033581257
0.004585266
0.0021305084
0.0032743216
0.0016670227
0.0022226572
0.0022301674
0.0014429092
0.0030087233
0.0034314394
0.004128933
0.0012952089
0.0011035204
0.0021978617
0.0044766665
0.004285693
0.0019483566
0.0049232244
0.005977273
0.005990982
0.0059421062
0.0019704103
0.0021377802
0.0037175417
0.0029716492
0.005436659
0.008461952
0.003168583
0.001645565
0.0006866455
0.0030715466
0.0044072866
2.8967857e-05
0.0053743124
0.0029139519
0.0013735294
0.0016585588
0.001937151
0.0013992786
0.0039824247
0.002378583
0.0021820068
0.003952861
0.0023955107
0.0060896873
0.0016214848
0.0022478104
0.0028600693
0.0014774799
0.004959941
0.0031530857
0.0025222301
0.0047450066
0.005418062
0.0015712976

0.0026741028
0.0026123524
0.0019798279
0.0014628172
0.0017673969
0.00069129467
0.0011100769
0.001845479
0.0024569035
0.00035750866
0.0016750097
0.0019328594
0.002339363
0.0026661158
0.0012674332
0.0003591776
0.0014138222
0.0017392635
0.0011329651
0.0005916357
0.0011094809
0.0009880066
0.00074386597
0.0003619194
0.0010894537
0.0011270046
0.0007556677
0.0013926029
0.001422286
0.000870347
0.0016847849
0.0011286736
0.003355503
0.0040878057
0.0011386871
0.0011937618
0.003005743
0.0014451742
0.0015311241
0.0019664764
0.0008057356
0.0021178722
0.0011422634
0.001270771
0.0009548664
0.002683878
0.0019240379
0.0016167164
0.00067961216
0.000620842
0.00018846989
0.0022681952
0.00023591518
0.0013401508
0.0014346838
0.0015414953
0.0035043955
0.0014365911
0.00061166286
0.0026572943
0.0018144846
0.0016531944
0.0025007725
0.002888441
0.0017386675
0.001521349
0.0015892982
0.00085926056
0.00050258636
0.0010946989
0.0013970137
0.0008198023
0.0026029348
0.0025724173
0.0010513067
0.0029708147
0.0009417534
0.0012482405
0.0011018515
0.0013822317
0.0026279688
0.0019310713
0.003298521
0.0016796589
0.0026602745
0.0010383129
0.0006722212
0.0009850264
0.001491189
0.0013432503
0.0024443865
0.00069224834
0.0009485483
0.0021181107
0.0019147396
0.0023568869
0.0012871027
0.0015397072
0.0023223162
0.0017268658
0.002454996
0.0006221533
0.0018392801
0.0009926558
0.0016965866
0.0018882751
0.0010738373
0.0033470392
0.0023422241
0.0018165112
0.001175642
0.002483964
0.0026483536
0.003396988
0.001883626
0.0009839535
0.002436757
0.0014739037
0.0012723207
0.00074625015
0.0018765926
0.0020298958
0.0019211769
0.002024889
0.00081932545
0.0017110109
0.0011184216
0.00080883503
0.001480937
0.0027823448
0.0015211105
0.0020581484
0.0038417578
0.0007966757
0.003072381
0.0006879568
0.00094878674
0.0014394522
0.002951026
0.00022935867
0.0037891865
0.00014972687
0.0012965202
0.0011618137
0.00180614
0.00046098232
0.0029160976
0.0019689798
0.0019344091
0.0016270876
0.00076806545
0.00093460083
0.0007612705
0.00082695484
0.0012507439
0.0016169548
0.0014928579
0.000682354
0.0026749372
0.0015285015
0.0017595291
0.00084376335
0.00088632107
0.0009959936
0.0003029108
0.0022810698
0.00020182133
0.00033652782
0.0021123886
0.0011159182
0.0011405945
0.0022557974
0.0017793179
0.00068950653
7.915497e-05
0.00074601173
0.0008186102
0.00024533272
0.0015691519
0.0010945797
0.0017356873
0.0021338463
0.003563404
0.0014110804
0.0016978979
0.0009454489
0.0027400255
0.0015199184
0.0022394657
0.0011337996
0.00039851665
0.0008571148
0.0016918182
0.0004094839
0.00037574768
0.0014184713
0.0020338297
0.00042414665
0.0020871162
0.001193285
0.0014877319
0.00085902214
0.0023567677
0.002317071
0.0021799803
0.0019462109
0.0009932518
0.0013986826
0.001883626
0.0021181107
0.0019335747
0.0033279657
0.000628829
0.00089764595
0.0006710291
0.0007611513
0.0017243624
0.0016015768
0.0014703274
0.0013293028
0.0015292168
0.0024397373
0.00062680244
0.0010404587
0.0015790462
0.0008288622
0.0036234856
0.0028195381
0.0012872219
0.002345562
0.0026541948
0.0011153221
0.001516223
0.0038695335
0.0013036728
0.0023685694
0.0035418272
0.0021862984
0.0006109476
0.0024821758
0.0010439157
0.00043201447
0.0016106367
0.0030616522
0.00012874603
0.0029696226
0.0031641722
0.0013421774
0.0023201704
0.0015029907
0.00207448
0.0010203123
0.0014021397
0.0008393526
0.00239861
0.0015318394
0.0017199516
0.0012860298
0.00306952
0.0004761219
0.00088977814
0.0013047457
0.0006119013
0.000898242
0.00024139881
0.0021338463
7.224083e-05
0.0015156269
0.0016317368
0.0016077757
0.0014414787
0.0015960932
0.00093078613
0.0016466379
0.0013393164
0.0007749796
0.0020120144
0.0015407801
0.0019857883
0.0011829138
0.0023328066
0.00072717667
0.0022147894
0.001749754
0.002114296
0.0026522875
0.0012866259
0.002497077
0.000446558
0.0020047426
0.0012618303
0.0012778044
0.0017547607
0.0012830496
0.001318574
0.0012053251
0.0014662743
0.001024723
0.0018996
0.002095461
0.0014513731
0.00075626373
0.002452612
0.0013519526
0.0015380383
3.838539e-05
0.0019209385
0.001242876
0.00064098835
0.0022598505
0.0023851395
0.0027513504
0.002064705
0.0015873909
0.0019539595
0.0018037558
0.00036752224
0.0015112162
0.0017553568
0.0010223389
0.0012606382
0.002215147
0.001526475
0.0024467707
0.0014972687
0.0028957129
0.0008945465
0.0030044317
0.00075256824
0.001565814
0.0019526482
0.0013226271
0.0023657084
0.003231883
0.0020116568
0.0017520189
0.0021158457
0.0005546808
0.0026929379
0.0020617247
0.0013171434
0.0019558668
0.002847433
0.0010582209
0.0023189783
0.00092959404
0.0018620491
0.0013774633
0.00039303303
0.00010550022
0.00017154217
0.0019387007
0.00092983246
0.0014551878
0.002190113
0.0019807816
0.0014705658
0.000841856
0.002837658
0.0019809008
0.002131939
0.001280427
0.0011104345
0.0017398596
0.0025815964
0.00041270256
0.00014209747
0.00042366982
0.0015927553
0.0011457205
0.0004348755
0.0019507408
0.0028922558
0.00045859814
0.0019375086
0.00096929073
0.0015019178
0.0013865232
0.0022739172
0.0018521547
0.0026142597
0.0036301613
0.0012013912
7.2956085e-05
0.002405405
0.0022827387
0.0015281439
0.0013650656
0.0019094944
0.00087726116
0.0020099878
0.0010244846
0.0015741587
0.00044441223
0.0018292665
0.002399087
0.0013228655
0.0018560886
0.0022031069
0.0018459558
0.0028184652
0.0019389391
9.9658966e-05
0.0010091066
0.0013818741
0.001957655
0.002967
0.0023185015
0.0011196136
0.0017559528
0.0018256903
7.1406364e-05
0.0012542009
0.0011447668
0.0012215376
0.00075542927
0.0020986795
0.0011008978
0.001424551
0.0017213821
0.002185464
0.00012028217
0.0024778843
0.00015473366
0.0025777817
0.0028829575
0.00058221817
0.0010296106
0.0040124655
0.00041890144
3.552437e-05
0.0014836788
0.00013315678
0.0010436773
0.0004208088
0.000767231
0.0010039806
0.0016162395
0.002907157
0.0009847879
0.001229167
0.001513958
0.0011436939
0.0009891987
0.0026141405
0.00083482265
0.0019209385
0.0009230375
0.00011968613
0.0026426315
3.0994415e-05
0.0010751486
0.0004335642
0.001707077
2.18153e-05
0.001689434
0.001328826
0.00058317184
0.0014681816
0.0019319057
0.0020428896
0.002011776
0.0023908615
0.0021202564
0.00068604946
0.0022463799
0.0008985996
0.00096690655
0.0005469322
0.003318429
0.0014981031
0.00234437
0.0016819239
0.0012646914
0.0012184381
0.0005161762
0.0021556616
0.002222538
0.0014297962
0.00043940544
0.0020707846
0.0023537874
0.0036895275
0.0013276339
0.0006351471
0.0025532246
0.0004954338
0.0007240772
0.0021767616
0.0018510818
0.0018814802
0.0017580986
0.001496315
0.0015363693
0.0019357204
0.0011156797
0.0032178164
0.00042927265
0.001796484
0.001860857
0.0028586388
0.0021731853
0.00236547
0.0010980368
0.0014497042
0.0016194582
0.00095176697
0.0015827417
0.00096285343
0.0022768974
0.0017662048
0.0017687082

0.0019214153
0.0015567541
0.00041913986
0.00056910515
0.002306223
0.00016474724
0.0012919903
0.0023126602
0.0014855862
0.0014536381
0.0019310713
0.00070536137
0.0008622408
0.0009467602
0.0028295517
0.0024163723
0.0021082163
0.002080083
0.0022870302
0.0024584532
0.0012916327
0.003154397
0.0001616478
0.0005862713
0.0026980639
0.0011867285
0.00040972233
0.0010246038
0.0033506155
0.0010340214
0.0015087128
0.0012981892
0.0017900467
0.00093746185
0.002353549
0.0007144213
0.00097596645
0.0009458065
0.0029728413
0.0016891956
0.0009665489
0.002265215
0.0023537874
0.0012694597
0.0035728216
0.002262354
5.9604645e-07
0.00056385994
0.0012505054
0.001470685
0.0005328655
0.0020403862
0.0016173124
0.0014305115
0.0025877953
0.0012079477
0.0019435883
0.0025902987
0.0014097691
0.001453042
0.0014997721
0.0023095608
0.0017840862
0.0016697645
0.0010449886
0.0008995533
0.0011714697
0.0010108948
0.0002603531
0.00085783005
0.0010677576
0.00054717064
0.0009535551
0.0007249117
0.002575159
0.0009242296
0.0020599365
0.001059413
0.0033400059
0.0018262863
0.00015497208
0.0010164976
0.0021591187
0.0030783415
0.00086057186
0.00048613548
0.002785921
0.0022432804
0.000654459
0.002211094
0.00047409534
0.0015374422
0.0021260977
0.0019661188
0.002823472
0.002212882
0.0012687445
0.00058948994
0.0018274784
0.0018596649
0.0011960268
0.0022655725
0.0019102097
0.0021882057
0.002622962
0.0008840561
0.0027632713
0.0013763905
0.0015022755
0.0011992455
0.0011693239
0.0018049479
0.0031700134
0.0010071993
0.0016880035
0.0017952919
0.0016630888
0.0019700527
0.0013011694
0.0005170107
0.0013414621
0.0003812313
0.0012493134
0.0012774467
0.0024231672
0.0025126934
0.002058506
0.001483798
0.001672864
0.0020772219
0.0009942055
0.0009236336
0.0018216372
0.0018951893
0.002405405
0.0013709068
0.0037209988
0.00068962574
0.00048577785
0.0015062094
0.0020872355
0.0015947819
0.004848957
0.0036371946
0.002876997
0.0025292635
0.0012317896
0.0023220778
0.002211213
0.0013847351
0.0020358562
0.0018361807
0.0024175644
0.0013531446
0.001722455
0.0021500587
0.0014653206
0.0007812977
0.00123775
0.0015919209
0.0022753477
0.00071942806
0.0012159348
0.002182722
0.0009551048
0.0014544725
0.00012767315
0.00057554245
0.00090658665
0.0012454987
0.0020118952
0.0017290115
0.0029070377
0.00071418285
0.0032023191
0.0016407967
0.0013513565
0.00018823147
0.0009726286
0.001788497
0.0028858185
0.0030544996
0.0010646582
0.0017689466
0.001986146
0.00014519691
4.4226646e-05
0.0012693405
0.0017859936
0.0012509823
0.0014914274
0.0019353628
0.00072717667
0.00096833706
0.0014243126
0.0015032291
0.0017944574
0.0018091202
0.0035971403
0.00012886524
0.002108097
0.0013945103
0.0016679764
0.00095164776
0.002275467
0.000113368034
0.0011200905
0.0021237135
0.0022779703
0.0019137859
0.00027799606
0.0007234812
0.00013935566
0.0015944242
0.0017135143
0.0013879538
0.0009177923
0.0037378073
0.0017133951
0.0022705793
0.002000451
0.00057923794
0.0021227598
0.002304554
0.0026276112
0.0014545918
0.0003992319
0.002503395
0.00052666664
0.0005016327
0.0007852316
0.001362443
0.0006670952
0.0016303062
0.0011065006
0.0027219057
0.0009999275
0.0029027462
0.0030311346
0.000988841
0.0011804104
0.00012493134
0.0024850368
0.001262188
0.0007715225
0.0020723343
0.0015376806
0.0015465021
0.0032699108
0.001606822
0.001150012
0.0018246174
0.0016547441
0.0021641254
0.0018025637
0.0012688637
0.0009088516
0.0020848513
0.0012094975
0.001807332
0.0014805794
0.0021573305
0.0015463829
0.002611518
0.0013881922
0.0015244484
0.003108263
0.00046503544
0.00089645386
0.0023604631
0.0009938478
0.0014528036
0.00013303757
0.0012434721
0.0015887022
0.002719283
0.0005810261
0.0030372143
0.00036883354
0.000651598
0.0009920597
0.0028414726
0.0017052889
0.0013397932
0.0022147894
0.00046217442
0.0014367104
0.0005378723
0.000461936
0.0013872385
0.002055049
0.0003490448
0.002058506
0.00017094612
0.0009485483
0.00045323372
0.0017827749
0.001303196
0.0019977093
0.00045776367
0.0016306639
0.0026249886
0.002028942
0.0019676685
0.0049818754
0.001029253
0.0013225079
6.2942505e-05
0.0022370815
0.0026919842
0.0014590025
0.0023071766
0.00085008144
0.0010522604
0.0011373758
0.0004886389
0.0018167496
0.0025482178
0.0015804768
0.0029947758
0.0022374392
0.0011743307
0.0014294386
0.0011668205
0.002180457
0.00038564205
0.0005887747
0.002384901
0.0011814833
0.00031030178
0.003033042
0.0016704798
0.0017635822
0.00043165684
0.0010035038
0.0017514229
0.00088596344
0.0029736757
0.0013160706
0.0013668537
0.0009661913
0.00038588047
0.0028569698
0.002622962
0.0027318
0.0002619028
0.0031254292
0.0024616718
0.001652956
0.002419114
0.0018093586
0.001072526
0.0028842688
0.0008920431
0.00063216686
0.0019426346
0.0005573034
0.0012931824
0.0009049177
0.0019638538
0.0010801554
0.0013229847
0.0015277863
0.0015678406
0.000813961
0.0013563633
0.001257658
0.0012587309
0.001033783
0.003276825
0.0005221367
0.0018880367
0.0025285482
0.0016255379
0.002555728
0.00283885
0.0009832382
0.0018857718
0.0010832548
0.0005580187
0.00060129166
0.0016129017
0.0021300316
0.0016323328
0.0013597012
0.00072848797
0.00085425377
0.001347065
0.0006868839
0.0012848377
0.0023020506
0.0007698536
0.0022081137
0.0014033318
0.00041127205
0.0012255907
0.00066530704
0.0011659861
0.0026386976
0.0019282103
0.002031684
0.0016918182
0.0036373138
0.002921939
0.0015238523
0.0014548302
0.0015577078
0.0018182993
0.002280593
0.0010756254
0.0033154488
0.0012681484
0.0010688305
0.001614213
0.0020171404
0.0016198158
0.000490427
0.0015009642
8.85725e-05
0.00091457367
0.0016518831
0.002268672
0.00081181526
0.0021446943
0.0009782314
0.0009840727
0.0011876822
0.0027103424
8.08239e-05
0.002399683
0.003418088
0.00036025047
0.0010361671
0.002341628
0.00095677376
0.001050353
0.0012966394
0.0013046265
0.0012413263
0.0011088848
0.0019270182
0.002108097
0.0011175871
0.0014181137
0.0021719933
0.00060522556
0.0014932156
0.001950264
0.001177907
0.00067329407
0.002112031
0.0012719631
0.002327323
0.001139164
0.0017882586
0.00094401836
0.0015516281
0.0015734434
0.001229167
0.0022217035
0.0023891926
0.002611518
0.00010383129
0.0032929182
0.0006817579
0.00058209896
0.0007624626
0.0017726421
0.0006580353
0.0007029772
0.0016081333
0.0001026392
0.0013434887
0.0015267134
0.0030652285
0.0038112402
0.0016635656
0.0006953478
0.0021482706
0.0009044409
0.0025565624
0.0019048452
0.00044429302
0.0024352074
0.00051259995
0.0018725395
0.0011205673
0.0037426949
0.00090277195
0.0004798174
0.0021377802
0.0010615587
0.0015063286
0.0010765791
0.0012874603
0.0014699697
0.0022702217
0.0015546083
0.0009303093
0.0008968115
0.0030750036
0.0018182993
0.0018645525
0.0011818409
0.0016303062
0.0018930435
0.0011014938
0.0026091337
0.0021954775
0.002247572
0.0010154247
0.0013668537

0.001814723
0.003321886
0.0026906729
0.0015436411
0.0005578995
8.845329e-05
0.00015473366
0.0017316341
0.0005823374
0.0011093616
0.00048017502
0.0026056767
0.0020546913
0.00055766106
0.00477314
0.0026937723
0.0013910532
0.0065853596
0.00060880184
0.0005555153
0.0032554865
0.0005686283
0.0023348331
0.0005145073
4.4107437e-05
0.00094270706
0.0026191473
0.0015790462
0.0011200905
0.0040607452
0.0017828941
8.571148e-05
0.0032342672
0.0062463284
0.0032891035
0.00079119205
0.0011683702
0.0031279325
0.000713706
0.0051369667
0.00093114376
0.0009008646
0.0023634434
0.00030207634
0.0018620491
0.0020167828
0.0008453131
0.005559206
0.0018776655
0.003421545
0.0020457506
0.005947709
0.0012928247
0.0029577017
0.001961708
0.0009506941
0.00039720535
0.00018835068
0.0012021065
0.00014650822
0.0013254881
0.00092220306
0.0010647774
0.00019598007
0.004119396
0.0003966093
0.003642559
6.4730644e-05
0.00086069107
0.0039936304
0.0005007982
0.00019001961
0.00061678886
0.001052022
0.0002478361
0.0011920929
0.00041627884
0.002628088
0.0028153658
0.0024493933
0.00032889843
0.00053691864
0.0004800558
0.00095260143
0.0009069443
0.00046300888
0.00047576427
0.0005288124
0.003592372
0.0005271435
0.003878951
0.000600934
0.0009583235
0.00096333027
0.0025154352
0.0014722347
0.0009082556
0.0008379221
0.00037288666
0.0016964674
0.0022860765
0.002652526
0.016672254
0.0016371012
0.00085890293
0.0018002987
0.0009967089
0.0007497072
0.00014352798
9.7990036e-05
0.00062429905
0.0017020702
0.00023579597
0.00057792664
9.214878e-05
9.9897385e-05
0.0027422905
0.0002220869
0.001786828
0.001096487
0.00020062923
0.00032103062
0.0020558834
0.0010980368
0.003008008
0.0026589632
0.0006365776
0.0026715994
0.0010851622
0.0022890568
0.00037169456
0.0020918846
0.0031946898
0.0016520023
0.003462553
0.0009877682
0.0012710094
0.0003671646
0.0054569244
0.0010437965
0.00038659573
0.00067949295
0.0006338358
0.00070655346
0.0036410093
0.00039613247
0.0009955168
0.00095808506
0.003155589
0.0025049448
0.00028550625
0.000995636
0.0025041103
3.886223e-05
0.0004965067
0.00020933151
0.00030100346
0.001388669
0.0012933016
0.0038353205
1.3709068e-05
0.0009814501
0.0019431114
0.0040819645
0.0012915134
0.0024200678
0.0035635233
0.0010741949
0.007304549
0.0004582405
-5.9604645e-07
0.0009083748
0.0019961596
0.002025485
0.0019035339
0.0008009672
0.0005508661
0.000980258
0.0018626451
0.0023742914
0.002907157
0.0020376444
0.00094115734
0.00074493885
0.0010128021
0.001172185
0.0025486946
0.0008300543
0.0031368732
0.00067925453
0.0014787912
0.0008844137
0.0017888546
0.0009937286
0.0027185678
0.001940608
0.0005877018
0.0008292198
0.0031956434
0.0035233498
0.0020834208
0.00010895729
0.00013542175
0.0035971403
0.00015509129
0.0006438494
0.00053071976
0.0023229122
0.001306653
0.0036587715
0.0021065474
0.00039565563
0.0003014803
0.00028383732
0.000472188
0.00067305565
0.0012564659
0.0009906292
0.00029969215
0.0028042793
0.0005890131
0.00091826916
0.0003926754
0.0009255409
0.00054347515
0.0021641254
0.002388239
0.0024762154
0.0006456375
0.0049523115
0.00062835217
0.0004595518
0.0013283491
0.001488924
0.0006663799
0.001254797
0.004712105
0.0007098913
0.0004813671
0.0034343004
0.00086152554
0.0007201433
0.000374794
0.00016236305
0.00010275841
0.0005968809
0.0011637211
0.00030064583
0.0037571192
0.00087046623
0.0030910969
0.0029600859
0.00083875656
0.00070893764
0.0010272264
0.001065731
0.004426837
0.0021921396
0.0004618168
0.0014748573
0.0005725622
0.0023138523
0.005782485
0.0017204285
0.0009840727
0.0024317503
0.0013533831
0.0005584955
9.417534e-05
0.00092828274
0.00052678585
0.001251936
0.0006684065
0.0030276775
0.0014784336
0.00013625622
0.0025645494
0.0009024143
0.0014181137
0.00094652176
0.0040534735
0.0013781786
0.0006548166
0.0014859438
0.0020695925
1.680851e-05
0.0021529198
0.00028562546
0.00011765957
0.0016485453
0.00014734268
0.005633831
0.0026408434
0.0007338524
0.00043022633
0.0015681982
0.0032343864
0.00020265579
0.0013753176
0.006312132
0.00010919571
0.0014292002
0.0014998913
0.0007584095
0.0004914999
0.0001783371
0.0020469427
0.0034657717
0.00026893616
0.00019609928
0.0024881363
0.0026080608
0.0009983778
0.0029890537
0.0005862713
0.0013072491
0.002068162
0.0021791458
0.002317667
0.0006970167
0.00027024746
0.0005425215
0.0009351969
0.00021862984
0.0024303198
0.00028276443
0.0056296587
0.0009448528
0.0035190582
0.0013958216
0.0013256073
0.00017690659
0.0006753206
0.00044548512
0.0005863905
0.00070655346
0.0009520054
0.0014861822
0.0001963377
0.00042569637
0.00083482265
0.0008072853
0.001149416
0.0011383295
0.0017780066
0.0007183552
0.00022351742
0.0014060736
0.0012761354
0.0019230843
0.0006380081
0.00013542175
0.0011707544
0.0041983128
0.0007406473
0.00035953522
0.0023280382
0.0009484291
0.0004774332
0.0014336109
0.00021076202
0.0011674166
0.0025068521
0.0038641691
0.006315708
0.00037419796
0.00052702427
0.00084507465
0.00097489357
0.004082799
0.00091326237
0.000746727
0.0008966923
8.821487e-06
0.00059068203
0.0048890114
0.0013500452
0.0021643639
0.006167054
0.0010956526
0.0020935535
0.0011401176
0.0009114742
0.0015903711
0.00021469593
0.0018939972
0.0005683899
0.0033220053
0.0001834631
0.0024125576
0.00038421154
0.0012996197
0.0013451576
0.0015640259
0.0018466711
0.0012129545
0.0008624792
0.006686926
0.00053715706
0.0024858713
0.0012974739
0.0029919147
0.00060617924
0.0011122227
0.0021847486
0.0011608601
0.000877738
0.00047397614
0.00072324276
0.0030624866
0.0009409189
0.0010942221
0.0010738373
0.0013982058
0.0057525635
0.0014787912
0.0012205839
0.00020551682
0.00036489964
0.002869606
0.00015556812
0.0022702217
0.000626564
0.0010579824
0.0034486055
0.0031434298
0.0019361973
0.002810359
0.0016356707
0.00035607815
0.0010590553
0.00081181526
0.0005681515
0.0024468899
0.00019776821
0.0012124777
0.0016133785
0.0010716915
0.001098156
0.0017346144
0.004196644
0.002227664
0.0031590462
0.0010561943
0.0017151833
0.00073730946
0.0020945072
0.0020564795
0.0011341572
0.0042613745
0.0020890236
0.00073719025
0.001802206
0.0035580397
0.00072932243
0.001578927
0.00459373
0.0012880564
0.0012323856
0.0017745495
0.00037133694
0.0002528429
0.0010728836
0.00071823597
0.00071144104
0.00011587143
0.0029002428
0.0027941465
0.0008276701
0.0021557808
0.0002619028
0.001244545
0.0016006231
0.005233407
0.0019192696
0.0022457838
0.0012305975
0.0018140078
0.0044054985
0.0009821653
0.0015267134
0.00065624714
0.000992775
0.000800848
0.002366066
0.00055110455
0.0013617277
0.0010390282
0.00024223328
0.0017750263
5.7697296e-05
0.0013551712
0.00022125244
0.003390789
0.001081109
0.00088608265
0.00024294853
0.0017209053
0.0012763739
0.00028955936
0.0007392168
0.00042402744
0.00024938583
0.0005851984
0.0019949675
0.001188159
0.00018155575
0.0004849434
0.0016503334
0.0044777393
0.00052917004
0.0020906925

0.00013267994
0.0012402534
8.559227e-05
0.005091071
0.0033468008
0.00056040287
0.0015773773
0.0003093481
0.00013899803
0.00035083294
0.002703309
2.360344e-05
0.00071692467
0.00035488605
0.00093495846
0.00028514862
0.00040328503
0.0017265081
0.0012516975
2.9921532e-05
0.0014144182
0.00027775764
0.0024980307
0.00014936924
0.00013542175
0.0012190342
0.0020868778
0.00013804436
0.0014110804
0.0014915466
0.0014603138
0.0035198927
0.00024223328
0.0023257732
0.00080406666
0.00096571445
0.0017756224
0.0029289722
0.0007671118
0.0003181696
0.00030767918
0.0003540516
0.00092983246
0.00026154518
0.0001885891
0.000106453896
0.0018041134
0.0012490749
0.003296852
0.0011408329
0.0007067919
0.0060765743
9.536743e-06
0.0007739067
0.00047039986
0.0017011166
0.00062572956
0.0029592514
0.003145337
0.0015234947
0.0012704134
0.0019251108
0.0007096529
0.0022511482
0.0022581816
-3.2186508e-06
0.00039720535
0.004266143
0.0014424324
0.0023577213
0.0008251667
1.5854836e-05
0.00014936924
0.00072705746
0.0015605688
0.0035282373
0.00017344952
0.0016171932
0.001993537
1.6450882e-05
0.0039287806
0.0010846853
0.0008049011
0.0024214983
0.0010330677
0.00018954277
0.00055861473
0.0013076067
0.0007492304
0.0027669668
0.00066661835
0.0015252829
8.9764595e-05
0.0006788969
0.0031319857
0.0041897297
0.0007299185
0.0029263496
0.00057959557
0.00023937225
0.0011677742
0.0014865398
0.0031596422
0.00073826313
0.00040876865
0.0018649101
0.0003578663
0.0008201599
0.00016772747
0.00018489361
0.00011610985
0.0013279915
0.0015690327
0.0019420385
0.0012298822
0.00015485287
0.00057065487
0.0014737844
0.002653122
0.00027561188
0.0019564629
0.0030207634
0.00063431263
0.00067329407
0.00040113926
0.0016282797
0.0026501417
0.0013058186
0.0014637709
0.003085494
0.0021915436
0.0013585091
0.0024329424
0.0006920099
0.00018107891
0.0024979115
6.723404e-05
0.0013545752
0.0023095608
0.00065505505
0.0022598505
0.002891183
0.000690341
0.0023664236
0.002579689
0.00062572956
0.0009096861
0.0011429787
0.00031018257
0.002116084
2.682209e-05
0.0008457899
0.00085675716
0.0015826225
0.0023055077
0.0010937452
0.0016413927
0.00023627281
0.0026642084
0.0013074875
0.0024286509
0.0011754036
0.0031377077
0.005470991
0.0008442402
0.0016539097
0.0014467239
0.0027608871
0.0028637648
0.0011857748
0.004144311
0.002820611
0.006206274
0.0012056828
0.0028009415
0.0024235249
0.0022968054
0.0018149614
0.0036230087
0.003230691
0.0016751289
0.0007456541
0.003914714
0.0007095337
0.005140543
0.00038862228
0.0027267933
0.001827836
0.0018103123
0.003540039
7.748604e-06
5.6147575e-05
0.00016605854
0.002375722
0.0005913973
0.00027799606
0.00074243546
0.0007302761
0.0018850565
0.00046217442
3.373623e-05
0.0011800528
0.00029861927
0.004075885
0.0006173849
0.005429864
0.0012459755
0.0012947321
0.002568841
0.0029923916
0.00016820431
0.0005067587
0.002580285
0.0029432774
0.00076186657
0.0004786253
0.0013530254
0.0011895895
0.000875473
0.00027787685
0.0035911798
0.00065112114
0.0015342236
9.679794e-05
0.0009036064
0.003329277
0.00052022934
0.00038218498
0.0002976656
0.0010706186
0.0009717941
0.0008330345
0.0023077726
0.001521349
0.00021374226
0.00015282631
0.0007901192
8.46386e-06
0.0012398958
0.0043849945
0.0010179281
0.0046681166
0.0011267662
0.0014643669
0.0019829273
0.004044056
0.0020862818
0.0027887821
0.00379467
0.00032114983
0.002557516
0.0019103289
0.004388094
0.00066161156
0.0038340092
0.0004299879
0.0021597147
0.0012843609
0.0010722876
0.0003875494
0.002339363
-4.8995018e-05
0.0016061068
0.0020543337
0.00055491924
0.00032007694
0.0014263391
0.002080202
0.0019279718
0.00044476986
0.0019567013
0.000931859
0.0008983612
0.00083243847
0.0013797283
0.0047159195
0.0032513142
0.00039684772
0.002092123
0.003329873
0.0008625984
0.0015451908
0.0014810562
4.172325e-06
0.0008738041
0.0023361444
0.0012966394
0.0006914139
0.0002810955
0.00031268597
0.00089871883
0.0063158274
0.001185298
0.0032725334
0.0020258427
0.00015830994
0.0011999607
0.00024223328
0.0008251667
0.0008522272
0.0004402399
0.0019294024
0.00062191486
0.0013310909
0.0005235672
0.00049483776
0.001367569
0.0011736155
0.00092434883
0.00018954277
0.0016224384
0.00038564205
0.00020742416
0.0016114712
0.0016983747
0.00054490566
0.00011265278
0.0033308268
0.0041419268
0.0008764267
0.0035324097
0.00010931492
8.678436e-05
0.00064086914
0.002670765
0.0005707741
0.00023925304
0.0021131039
0.0048359632
0.0033057928
0.0025603771
0.00083839893
0.004932642
0.0015954971
0.00058960915
0.00013685226
0.0012476444
0.0019648075
0.0046314
0.0022556782
0.0008585453
0.0018886328
0.0004529953
0.001192689
0.0003720522
0.00083720684
0.0024859905
2.2768974e-05
0.0009355545
0.0023180246
0.005222082
0.004032612
1.0371208e-05
0.0028185844
0.0013933182
0.0021904707
0.0035392046
0.002240181
0.0006632805
0.0007930994
6.389618e-05
0.0015466213
0.0011715889
0.0010114908
0.0013408661
0.00033438206
0.0045024157
0.00014650822
0.0022138357
0.00057578087
0.0005520582
0.0021477938
0.0023647547
0.002579689
0.00023198128
5.1140785e-05
0.0044572353
5.6624413e-05
0.00022232533
9.2983246e-05
0.002616167
0.0010339022
0.0013644695
0.004616618
0.0034241676
0.001123786
0.00025057793
0.0004441738
0.00049710274
0.0027525425
0.0011000633
0.0013059378
0.0024174452
0.005774021
0.0021423101
0.0031449795
0.0005915165
0.00084114075
0.0033881664
0.00092709064
0.0007991791
0.00018453598
0.0006916523
1.7166138e-05
0.001116395
0.0011011362
0.0029730797
0.0018800497
0.0004799366
0.00086426735
9.202957e-05
0.0012665987
0.00023806095
0.00024926662
0.003507495
0.00028848648
0.0043103695
0.0005939007
3.528595e-05
0.0027971268
0.0022118092
0.0047569275
0.0013313293
3.874302e-05
0.0024654865
0.0009999275
0.0003091097
0.00037050247
0.00025892258
0.001750946
0.00058722496
0.0027939081
0.002506733
0.00034809113
3.7431717e-05
0.0010434389
0.005723119
0.006008029
0.0017263889
0.0015028715
0.004575491
0.0003592968
0.00030708313
0.0042482615
0.0012745857
0.0013428926
0.0016018152
0.0050911903
0.003785491
0.0069054365
0.004915595
0.00020360947
0.000880003
0.00075376034
0.0042511225
0.00054967403
0.00121665
0.0014441013
0.003664136
0.0043535233
1.335144e-05
0.0010824203
0.0022079945
0.0010461807
4.2557716e-05
0.0004812479
1.0728836e-06
0.0013078451
0.00031006336
3.8146973e-05
0.00434494
0.0056632757
0.0011663437
0.0019539595
0.0013418198
0.0007635355
0.001512289
0.00032281876
0.006884694
0.0005171299
0.00029420853
8.1539154e-05
0.0013558865
0.0006453991
0.0010678768
0.0022518635
0.002625227
0.0011484623
0.0026946068
0.004301429
0.001146555
0.003774643
0.0025604963
0.0015468597
0.0029314756
0.0004003048
7.8201294e-05
0.00096809864
0.0017565489
0.00058209896
0.00047504902
0.0015932322
0.0017001629
0.0019513369
0.0021646023
-3.33786e-06
0.0024926662
0.0020477772
3.349781e-05
3.874302e-05
0.0009492636
0.0014257431

0.00137496
0.0015671253
0.0037415028
0.0004956722
0.0014903545
0.0034826994
0.0005489588
0.0015923977
0.00085520744
0.0017545223
3.0875206e-05
0.0012420416
0.0026952028
1.9073486e-05
5.1140785e-05
0.0014835596
0.0011190176
0.0011174679
0.001767993
0.0024170876
0.002989173
0.00050377846
0.0008599758
0.0025857687
0.001513958
0.0010840893
0.0008555651
0.0006557703
0.002266407
0.00041294098
0.001294136
0.0017976761
0.0029637814
0.0018538237
0.0018441677
0.0015571117
0.0015583038
0.0033758879
0.001539588
0.0013998747
0.0014910698
0.0027971268
0.0005348921
0.0012565851
0.0017799139
0.0020657778
0.0029673576
0.0010931492
0.001430273
0.0039275885
0.0029389858
0.0006672144
0.0007381439
0.0010885
0.000849843
0.0018126965
0.00097477436
0.000900507
0.0016659498
0.0010966063
0.0003515482
0.0032143593
0.002348423
-4.2915344e-06
0.0005836487
0.0011996031
0.00094652176
0.0016597509
0.0010825396
0.00021064281
0.00042200089
0.003261447
0.0007109642
0.0007894039
0.0025507212
0.0040864944
0.0015331507
0.0017111301
0.0018965006
0.0007585287
0.0017558336
0.0014079809
0.0027754307
0.0006201267
0.0013034344
0.0017799139
0.0013014078
0.0037605762
0.00067436695
0.003356576
0.0027281046
0.00061786175
0.0014311075
0.0012079477
0.0017673969
0.00026750565
0.0030219555
0.0019290447
0.0006636381
0.00014150143
0.0004402399
0.0010607243
0.0022839308
0.00048553944
0.0016219616
0.001729846
0.0024319887
0.0013301373
0.0039064884
0.0019316673
0.0007300377
0.00066387653
0.0016239882
7.4625015e-05
0.0025246143
0.004754424
0.002140522
0.002323985
0.002475977
0.0009304285
0.0013879538
0.0007843971
0.00019073486
0.0020731688
2.861023e-06
0.0024046898
0.00023043156
0.0023370981
0.0014086962
0.0017153025
0.0012155771
0.0011427402
0.0016864538
0.003379941
0.00030124187
0.0029468536
0.0024081469
0.0010091066
0.002714157
0.0018713474
0.002346754
0.0010399818
0.00021231174
0.0026441813
0.0012921095
0.0005071163
0.0010576248
0.00074863434
0.0030078888
0.0024573803
0.0022807121
0.0023716688
0.00066030025
6.353855e-05
0.0007612705
0.0015211105
0.000988841
0.002577901
0.0010232925
0.002004981
0.0013334751
0.0015163422
0.00036370754
0.0006597042
0.002233982
0.001154542
0.0021030903
0.00092947483
0.0022804737
0.0004849434
0.002089262
0.002491951
0.0020854473
0.002613306
0.0015757084
0.00090277195
0.0018495321
0.002290368
0.0001502037
0.0017118454
0.0007568598
0.0023479462
0.0012698174
0.0012997389
0.000103354454
0.002439022
0.0017004013
0.0011870861
0.0012366772
0.0025331974
0.0023466349
0.0013817549
0.0028797388
0.0020873547
0.0023350716
0.0025640726
0.0014272928
0.0021061897
0.0018814802
0.0011153221
0.001587987
0.0023123026
0.0012731552
0.0027884245
9.7990036e-05
0.0016006231
0.0015676022
0.0018339157
0.0006406307
0.001463294
0.0028020144
0.001265645
0.0017778873
0.00078701973
0.0013982058
0.0015562773
0.0012749434
0.0010174513
0.0013524294
0.00077199936
0.0014261007
0.00059604645
0.0017435551
0.00040733814
0.002239585
7.7843666e-05
0.0007060766
0.0032522678
0.0023277998
0.00038158894
0.0007517338
0.0012651682
0.0010014772
2.8252602e-05
0.00068616867
0.00077176094
0.00012528896
0.00039052963
0.0022044182
0.0002925396
0.0032906532
0.0023887157
0.0032948256
0.0008364916
0.00040507317
0.005187154
0.00052011013
0.0015809536
0.0025968552
0.0017813444
0.0039185286
0.0016000271
0.00044596195
0.001401186
0.0012557507
0.0012664795
0.002494812
0.0004553795
0.002419591
0.0018466711
0.00095808506
0.001807332
0.002531767
0.00077199936
0.002167821
0.0018628836
0.0020211935
0.0009098053
0.0019161701
0.0007033348
0.0013036728
0.00020837784
0.00047147274
0.0020207167
0.0019706488
0.0022132397
0.0007574558
0.001873374
0.001899004
0.0027296543
0.0010502338
0.0021306276
0.0022039413
0.0014135838
0.0006017685
0.0011936426
0.00094139576
0.0015751123
0.000551939
0.00074601173
0.0008381605
0.00039887428
0.0012232065
0.00049221516
0.003038764
0.0011392832
0.0024465322
0.0020202398
0.0014476776
-3.8146973e-06
0.0015301704
0.00027680397
0.00030767918
0.0021152496
0.0016092062
0.0008020401
0.0035384893
0.0028586388
0.0016745329
0.004145384
0.0024598837
0.00014460087
0.0007458925
0.0007047653
0.0030463934
0.0028238297
0.0013744831
0.00022614002
0.00016772747
-9.536743e-07
0.0028666258
-4.7683716e-07
0.00032937527
0.00060355663
0.0018339157
0.000918746
0.0037720203
0.0006417036
0.0010094643
0.0022230148
0.0011063814
0.0012972355
0.0011334419
0.0009224415
0.0020567179
0.002141595
0.004116535
0.0009485483
0.0023475885
0.0028612614
0.0025929213
0.0016896725
0.0025538206
0.00043463707
0.0012165308
0.0046401024
0.00146842
0.0020822287
0.00013887882
0.0010915995
0.00025510788
0.0019580126
0.0026739836
0.00093364716
0.0019778013
0.00010097027
0.0027774572
1.4305115e-06
0.0018805265
0.0023440123
0.00040245056
0.003321886
0.0010812283
0.0017541647
0.0006195307
0.0007853508
0.001618743
0.00066256523
0.0020284653
0.002003312
0.002769947
0.0016059875
0.0006117821
0.0011988878
0.0024725199
0.00085425377
0.00055372715
0.00068092346
0.00016391277
0.0014132261
0.00034809113
0.0014879704
0.0008842945
0.00042712688
0.00071275234
0.0009983778
0.0019596815
0.0023989677
0.00031375885
0.00011396408
0.002403736
0.0020068884
0.00056505203
0.00066256523
0.0014128685
0.0024254322
0.0011537075
0.0033074617
4.2915344e-06
0.00042188168
0.0015915632
0.00087201595
0.0023741722
0.0031918287
0.00017225742
0.002366662
0.002738595
0.00042545795
0.0010585785
0.0027151108
0.0017451048
0.0025571585
0.0019087791
0.0009278059
0.0009316206
0.0017051697
0.0018379688
0.000731349
0.0028008223
0.0016224384
0.0022976398
0.002461195
0.0011092424
0.00308609
0.0014293194
0.0024465322
0.0022072792
0.0036728382
0.0015515089
0.0029722452
0.0005302429
0.0029468536
0.0025351048
0.00022935867
0.0011534691
0.0022736788
0.00073862076
0.0017092228
0.0018026829
0.00016069412
0.0018861294
0.0025902987
0.0024778843
0.0009531975
0.0017263889
-1.0728836e-06
0.0008368492
0.0015141964
0.0063197613
0.0013771057
0.00092470646
0.0032359362
0.0018572807
0.0019528866
0.0028307438
0.00096166134
0.0010677576
0.0025289059
0.0013904572
0.0011752844
0.002592802
0.00045895576
0.0047700405
0.002584219
0.0028319359
0.00044071674
0.0031024218
0.0032572746
0.0011103153
0.0017465353
0.001982808
0.0005081892
0.00020611286
0.0027896166
0.0017079115
0.001696229
0.00095140934
0.001604557
0.0011951923
0.0015873909
0.002227068
0.0011126995
0.0008662939
0.0037192106
0.00034880638
0.0012053251
0.00057661533
0.0014533997
0.0025459528
0.0023784637
0.00058209896
0.0011041164
0.0006995201
0.0003144741
0.00087463856
0.00048244
0.0022085905
0.0009518862
0.0011897087
0.0020343065
0.0019655228
0.0022439957
0.0019863844
0.0025503635
0.00024282932
0.0013798475
0.0007944107
0.0012387037
0.001824379
0.0013349056
0.0023180246
0.0018223524

0.0023047924
0.00049209595
0.0022218227
0.0021796227
0.0017288923
0.0008391142
0.0015354156
0.00058305264
0.0007234812
0.0005173683
0.0015803576
0.0008265972
0.0006645918
0.0013870001
0.0007557869
0.0017547607
0.0022423267
0.00063467026
0.0022579432
0.0030567646
0.0030853748
0.0013818741
3.707409e-05
0.0006388426
0.002095461
0.0014383793
0.000906229
0.002553463
0.0028338432
0.0010271072
0.0019164085
0.0022697449
0.002003193
0.0027253628
0.0006263256
0.0006619692
0.0024083853
0.0018100739
0.00050354004
0.0018546581
0.0012173653
0.0011013746
0.0021157265
0.0010000467
0.0007019043
0.0024152994
0.0015641451
0.001576066
0.00066125393
0.0035383701
0.0009226799
0.001861453
0.0008575916
0.00029683113
0.0018527508
0.0012049675
0.0015969276
0.0025696754
0.002170205
0.00058186054
0.00046896935
0.0012253523
0.00075769424
0.00064635277
0.0015165806
0.0027310848
0.0008199215
0.0005546808
0.0019176006
0.0011175871
0.00088727474
0.0010621548
0.0011634827
0.001454711
0.0018572807
0.00088727474
0.0033444166
0.0024757385
0.0006543398
0.0012241602
0.0011553764
0.0010032654
0.0021970272
0.0012854338
0.0027749538
0.00126338
0.0019243956
0.002793789
0.0021305084
0.0027462244
0.0018913746
0.0011869669
0.0006341934
0.0020779371
0.0013407469
0.0012744665
0.0024704933
0.0032732487
0.0003566742
0.0019803047
0.0013588667
0.0013173819
4.7683716e-07
0.0016950369
0.0034598112
0.001065135
0.0027730465
0.0012325048
0.0030198097
0.0017505884
0.0012068748
0.0008301735
0.0015699863
0.0014182329
0.0040733814
0.0018305779
0.0021187067
0.0024585724
0.0015362501
0.0021414757
0.0006637573
0.002121091
0.0012158155
0.0018268824
0.00058984756
0.0021694899
0.0016019344
0.0014503002
0.0019835234
0.0008878708
0.00030052662
0.001962185
0.0010232925
0.0031660795
0.0015963316
0.000880003
0.00022780895
0.0033646822
0.00080144405
0.002418995
0.002319336
0.0014172792
0.0007879734
0.00022447109
0.0015000105
0.001674056
0.0037047863
0.0010530949
0.00062704086
0.0023828745
0.0005418062
0.0010460615
0.001111865
0.0019445419
0.0027178526
0.0015093088
0.0018959045
0.001357913
0.0010439157
0.0023384094
0.0008955002
0.0033146143
0.001757741
0.0040555
0.0014309883
0.00093495846
0.00043725967
0.0012207031
0.0018707514
0.001382947
0.0023103952
0.0010718107
0.003191471
0.00020289421
0.0015457869
0.0020581484
0.0003424883
0.003958106
0.00090396404
0.0010123253
0.00080275536
0.0009059906
0.0017774105
0.0036865473
0.0020654202
0.0007184744
0.0020543337
0.0013651848
0.002408743
0.0010267496
0.00097203255
0.00048422813
0.0028418303
0.0006774664
0.00053727627
0.0015312433
0.0013729334
0.0021641254
0.00033581257
0.0004786253
0.0013526678
0.0020558834
0.00024020672
0.0020276308
0.002873063
0.0020005703
0.0015830994
0.0017709732
0.00096952915
0.0040863752
0.0007044077
0.0013412237
0.001726985
0.0021508932
0.00217247
0.0022678375
0.0024585724
0.00167799
0.001314044
5.5789948e-05
0.0031962395
0.0031892061
0.00088250637
0.0012782812
0.0025324821
0.0020779371
0.0008357763
0.0013906956
0.00053215027
0.0016263723
0.004733324
0.0028967857
0.0009175539
0.0005398989
0.0009570122
0.002157092
0.0024402142
0.00085532665
0.0012351274
0.001342535
0.001970768
0.0016204119
0.0016621351
0.0013804436
0.001349926
0.00080406666
0.0004720688
0.0007557869
0.0030437708
0.0020771027
0.00050628185
0.00038290024
0.00059580803
0.004436612
0.0005953312
0.001253128
0.0038512945
0.0011299849
0.0021760464
0.0017215014
0.0011069775
0.0046743155
0.00077557564
0.00092852116
0.000849843
0.0005438328
0.002347231
0.0014020205
0.0011229515
0.0016715527
0.0023971796
0.0021778345
0.0015121698
0.0020871162
0.0020952225
0.0005785227
0.0009301901
0.0026086569
0.0011013746
0.0048666
0.00083327293
0.00091445446
0.0034481287
0.0011962652
0.0005840063
0.00040483475
0.00095427036
0.0028789043
0.0015637875
0.0011343956
0.0016088486
0.0008878708
0.0015159845
0.001454711
0.0007327795
0.0006967783
0.0021377802
0.00068306923
0.003488779
0.002321124
0.0013182163
0.0015091896
0.00045740604
0.0008829832
0.0012409687
0.0033118725
0.0020270348
0.0007419586
0.00062167645
0.0006905794
0.0019999743
0.0018347502
0.0024693012
0.0015592575
0.0015802383
0.003472209
0.0029429197
0.0011262894
0.0048600435
0.0015441179
0.004116535
0.0014010668
0.0009354353
0.00043725967
0.0023220778
0.0011703968
0.002480626
0.00051891804
0.0018293858
0.0015536547
0.0016046762
0.0021765232
0.00056540966
0.0014961958
0.0015330315
0.0007596016
0.0018109083
0.00066685677
0.0014849901
0.0013128519
0.00021827221
0.0013217926
0.0009640455
0.00071418285
0.0017493963
0.0021715164
0.0018854141
0.0024075508
0.0014958382
0.0021613836
0.0006006956
0.00010752678
0.0015661716
0.0003875494
0.0019310713
0.0015131235
0.0017747879
0.0026276112
0.0019750595
0.0011034012
0.0008354187
0.0015240908
0.0014314651
0.0014861822
0.0016396046
0.0012147427
0.0013002157
0.00018692017
0.00031745434
0.0025494099
0.003108859
0.000949502
0.001987338
0.0024621487
0.0012692213
0.001437664
0.002529025
0.0009919405
0.0011758804
0.0008739233
0.004062772
0.0024164915
0.002375722
0.0009111166
0.0020148754
0.0012937784
0.00084388256
0.0014532804
0.0005925894
0.0012530088
0.0025525093
0.0015078783
0.00044584274
0.00058817863
0.0009109974
0.002429247
0.0015538931
0.0019910336
0.0010631084
0.0022724867
0.0026688576
0.0011751652
0.00088596344
0.001183033
0.0021009445
0.00094532967
0.0019845963
0.001617074
0.0014816523
0.00044167042
0.0017237663
0.0015765429
0.0004183054
0.00050354004
0.0010037422
0.00082826614
0.0026710033
0.0024574995
0.0011005402
0.00038456917
0.001377821
0.0009863377
0.0006197691
0.0007427931
0.0015704632
0.00056505203
0.002017498
0.00049960613
0.0009021759
0.0017472506
0.00040268898
0.0022263527
0.0013278723
0.0010390282
0.00077295303
0.00034058094
0.0015085936
0.0012080669
0.0024280548
0.0019544363
0.00064766407
0.0013978481
0.0013270378
0.0010319948
0.00084125996
0.0011949539
0.0020905733
0.0014164448
0.0022433996
0.00041532516
0.0017240047
0.0022209883
0.0018825531
0.0026384592
0.0006070137
0.0017673969
0.0044709444
0.00087046623
0.00093889236
0.0049232244
0.0012608767
0.0018069744
0.00086820126
0.0013965368
0.0007312298
0.0027959347
0.0011982918
0.00017690659
0.0016903877
0.0012785196
0.0026351213
0.0007096529
0.0023765564
0.0007184744
0.0013049841
0.0014973879
0.0010945797
0.0023493767
0.002064824
0.0011057854
0.0004966259
0.00093221664
0.0024597645
0.0013740063
0.00090777874
0.0021526814
0.002467513
0.0014717579
0.0012015104
0.0016953945
0.0020040274
0.0011821985
0.0028636456
0.002153039
0.0019470453
0.0015296936
0.0024645329
0.0012989044
0.00049746037
0.00083065033
0.0032224655
0.00041472912
0.001553297
0.0013560057
0.0008004904
0.0021339655
0.0012509823
0.0014747381
0.0012755394
0.00152421
0.0023571253
0.0016542673

0.034455657
0.029613137
0.04324794
0.045954347
0.031837225
0.04191971
0.025079608
0.025146604
0.027354717
0.031112194

