0.080402374
0.09475422
0.12987828
0.04148519
0.124162436
0.16528666
0.06277645
0.03052032
0.090368986
0.09634149
0.09463346
0.14426768
0.20125651
0.059269786
0.040678024
0.05587697
0.10415053
0.027080417
0.05804372
0.1274643
0.1391232
0.1808008
0.09377468
0.057039857
0.08080137
0.2192483
0.13440633
0.111083746
0.080914855
0.03164935
0.21015131
0.06555462
0.21538413
0.031875372
0.06949341
0.061185718
0.042678833
0.059577703
0.093101025
0.19459021
0.10527766
0.032383084
0.14007723
0.060712457
0.0938921
0.14409745
0.23113716
0.09338069
0.25460064
0.13354588
0.21516597
0.1061126
0.16893637
0.03792739
0.122157335
0.14869964
0.19007647
0.07683313
0.054840326
0.028735995
0.09045303
0.036970258
0.074980855
0.3945868
0.07384837
0.0746119
0.102498055
0.3494233
0.23467135
0.19461727
0.09403944
0.07008445
0.098615885
0.09775543
0.02411437
0.13426101
0.06760466
0.09972501
0.13063323
0.036414504
0.14349222
0.19841444
0.062126994
0.077714205
0.07246947
0.1685003
0.12930882
0.09337425
0.13503945
0.032714725
0.1998272
0.025553226
0.25998056
0.16349316
0.06473267
0.110783696
0.116188645
0.09278989
0.13736665
0.06872606
0.2109431
0.11799717
0.14295495
0.03718114
0.13689685
0.12059784
0.07277548
0.08680594
0.08340728
0.11501503
0.13415515
0.1743654
0.1418581
0.20012641
0.020489454
0.08752608
0.035380363
0.12218344
0.020938277
0.05643201
0.06504893
0.022599697
0.1873895
0.055670142
0.09958327
0.14427722
0.07658923
0.16843116
0.14354253
0.09153223
0.096266866
0.07037532
0.10904169
0.07183313
0.105789065
0.092013836
0.08727133
0.03151214
0.04062915
0.10810506
0.18737197
0.07404995
0.07845545
0.2313807
0.04951024
0.115796566
0.017136931
0.08795571
0.16498339
0.12509942
0.19738698
0.05496013
0.07562721
0.06657219
0.116448164
0.09432912
0.087652445
0.18300891
0.02351427
0.20596969
0.009550691
0.24242151
0.1202203
0.16134179
0.035314202
0.14324236
0.17544222
0.061710358
0.06706607
0.05629742
0.11528909
0.11584246
0.13380075
0.028326869
0.1592617
0.16620302
0.06817222
0.12980461
0.05075717
0.055510044
0.021072865
0.19258106
0.07073653
0.043410182
0.19791818
0.14769375
0.06841147
0.15093613
0.08081305
0.122583985
0.22128749
0.093477845
0.09930611
0.12832701
0.112480044
0.033999085
0.056052566
0.12076688
0.16439974
0.12996829
0.09732568
0.050467253
0.22732389
0.03601134
0.10240793
0.08366573
0.107800364
0.14320195
0.18317473
0.11653423
0.09855938
0.11775768
0.124192
0.25410426
0.01696515
0.23885572
0.17722642
0.0838927
0.072369695
0.07127249
0.048793674
0.20944011
0.16189432
0.10860109
0.073373556
0.07962227
0.06876898
0.039903402
0.116448164
0.07719672
0.13158429
0.04469502
0.14295459
0.021309733
0.22360182
0.03882909
0.070158124
0.12491965
0.008403301
0.11554551
0.07903314
0.04447186
0.042510986
0.082443595
0.035058975
0.047712445
0.10001457
0.062800884
0.20542777
0.039222002
0.19865417
0.054915905
0.08428764
0.19082427
0.056364894
0.04180169
0.046892285
0.075417995
0.057570696
0.08110595
0.1994077
0.027760148
0.09785509
0.12822819
0.13967752
0.14539313
0.07142329
0.15539801
0.10534561
0.07113254
0.05216372
0.03472972
0.19914031
0.21913004
0.03756702
0.119154215
0.055604577
0.06264782
0.02910304
0.027017117
0.12282884
0.040346384
0.12679017
0.0425117
0.06960046
0.10738528
0.035033345
0.102003336
0.18050146
0.18870354
0.07628584
0.03362882
0.13473034
0.07452977
0.047277212
0.0898875
0.09288728
0.12590063
0.09641051
0.07448125
0.14123952
0.0010980368
0.05720079
0.098097086
0.04647267
0.223732
0.055732846
0.11970627
0.09272504
0.049576998
0.08121109
0.13690722
0.060661197
0.10482788
0.15294838
0.11466229
0.09754491
0.13207173
0.14502704
0.23348212
0.12698972
0.082752585
0.07438934
0.08980358
0.06561637
0.13454092
0.043614507
0.1959635
0.20694733
0.04225123
0.1205349
0.14931333
0.23102367
0.027812362
0.11732948
0.08393836
0.021244168
0.17670488
0.04522991
0.14512455
0.09073818
0.04931724
0.10029721
0.14401281
0.043902516
0.097610354
0.05620289
0.17578948
0.02671671
0.03606963
0.12074709
0.09836686
0.074611664
0.09499705
0.09513295
0.052348852
0.12700558
0.06600559
0.14198864
0.011042237
0.11885035
0.22641826
0.18626511
0.11945987
0.0159688
0.10682857
0.15438819
0.061034918
0.101738095
0.22649884
0.1740098
0.21783388
0.0370121
0.17583835
0.08641696
0.1981411
0.076530695
0.077962995
0.1897887
0.12023151
0.14458239
0.11176133
0.21069634
0.03805256
0.070889235
0.07361543
0.16464853
0.085310936
0.12065303
0.12752676
0.30742764
0.021683216
0.07996261
0.094701886
0.19803977
0.1341927
0.08343303
0.16200578
0.11997533
0.10344708
0.16522956
0.07408106
0.042762637
0.110696435
0.19409037
0.1307813
0.078942776
0.14696264
0.10858834
0.055274248
0.11333275
0.12916934
0.01453948
0.056802392
0.03525138
0.035597205
0.14483356
0.111581445
0.10156727
0.051588655
0.054344058
0.011606097
0.045849323
0.14360952
0.2266891
0.007275939
0.05208409
0.21091187
0.12335813
0.0033352375
0.099398375
0.23389149
0.11565256
0.0518049
0.12867463
0.06254411
0.3364743
0.030977607
0.1437664
0.18756354
0.4579146
0.261711
0.28497112
0.06577873
0.14027143
0.026638031
0.06633723
0.17401159
0.10330629
0.09269953
0.5656822
0.17762756
0.12908876
0.100536704
0.071011305
0.17931628
0.05645895
0.0918566
0.068490505
0.2521162
0.015398264
0.11118734
0.15438545
0.44738007
0.20221913
0.12763977
0.10152602
0.060310602
0.09938526
0.2148155
0.094032764
0.097571015
0.08227742
0.045654535
0.12200439
0.19471097
0.12679672
0.17948425
0.16112685
0.03514254
0.0975374
0.13140953
0.21241343
0.112709284
0.031324983
0.0516814
0.026265383
0.11361861
0.08302367
0.1549195
0.24035573
0.03533399
0.08226478
0.11485839
0.07433128
0.062095165
0.13983369
0.123823404
0.17790031
0.08439028
0.16839635
0.09610927
0.1187129
0.04123497
0.17952609
0.08824706
0.090845466
0.12302947
0.05919385
0.19924736
0.11847901
0.13144326
0.08389151
0.024628162
0.013355017
0.052840352
0.09894121
0.08674061
0.13258874
0.072641134
0.13078153
0.033912063
0.1763606
0.099544406
0.06871748
0.112241745
0.11994815
0.24373949
0.14511514
0.11485481
0.19006312
0.06106019
0.091663
0.15784037
0.10041988
0.07712793
0.033713937
0.05134082
0.056988
0.09121847
0.13586032
0.15089798
0.1092031
0.019760251
0.06586361
0.08920264
0.15647388
0.20112681
0.072316885
0.15992498
0.09256625
0.1508348
0.08074927
0.23937929
0.05943477
0.06896436
0.042892337
0.025182247
0.19186664
0.14156902
0.08306444
0.353629
0.44561446
0.059015512
0.068294644
0.06210935
0.08387482
0.050723314
0.0053659678
0.27796793
0.12848616
0.09332788
0.17068923
0.012669563
0.076669455
0.15834343
0.20599473
0.083504915
0.21746457
0.0854696
0.031319022
0.084076405
0.067477226
0.068220615
0.13423526
0.042147994
0.094799995
0.090476036
0.10152316
0.16206074
0.051540494
0.14578402
0.12028396
0.3641051
0.09174597
0.030182838
0.064756155
0.45412052
0.19072282
0.13044953
0.19952953
0.06897926
0.055927396
0.09896648
0.10693693
0.15232968
0.022851467
0.10250473
0.12467039
0.20246768
-0.0025084019
0.034476876
0.018306375
0.1462413
0.09552097
0.13136077
0.02293408
0.068725705
0.084210396
0.013624787
0.22653794
0.39750934
0.09062028
0.07643652
0.10995674
0.02566874
0.14008176
0.13359272
0.05836284
0.05528617
0.07947707
0.019446015
0.07630825
0.18445325
0.061002374
0.111961484
0.036972165
0.09208727
0.09688854
0.12638915
0.05172193
0.09934604
0.034066677
0.20405722
0.062653184
0.051450014
0.03046441
0.16977632
0.100088835
0.09076357
0.28267097
0.12076211
0.046681523
0.030511856
0.10039246
0.11863136
0.15744913
0.11173785
0.07828331
0.19361734
0.07652557
0.12085271
0.070672154
0.18207192
0.059502363
0.05224538
0.13922524
0.15610194
0.12591994
0.080263615
0.07678056
0.07962811
0.052456617
0.118258
0.16449177
0.048863173
0.035710692
0.116050005
0.09286058
0.036104918
0.050038695
0.08430731
0.10965681
0.24219108
0.026149273
0.114181876
0.17331624
0.09580922
0.025050879
0.12416482
0.114664674
0.06985021
0.05847764
0.12494683
0.018411875
0.14817178
0.17555308
0.35248113
0.03860295
0.27460623
0.09388971
0.08881414
0.025856853
0.098543406
0.0726794
0.11372578
0.1772424
0.045488358
0.11131024
0.07758534
0.109927654
0.042274833
0.18352103
0.16822171
0.20547998
0.07347846
0.046103835
0.034256935
0.08320093
0.06267488
0.04904747
0.07903457
0.1803211
0.06310189
0.19838202
0.13267529
0.34832942
0.049791098
0.09062207
0.09773767
0.2383802
0.0465765
0.06059873
0.038028836
0.13240421
0.1024487
0.14588022
0.16962731
0.010431528
0.009374976
0.07961643
0.07066381
0.10181999
0.09589529
0.0600518
0.21345246
0.06987059
0.0827291
0.05846417
0.03774309
0.19130158
0.08692169
0.082853556
0.111511946
0.032494426
0.032941103
0.10259402
0.032478213
0.23842692
0.04611659
0.10847306
0.08266163
0.1904198
0.22092164
0.07133973
0.041609168
0.27530336
0.13845599
0.46776998
0.10057068
0.26271224
0.10444319
0.0974201
0.021937728
0.018883705
0.10472107
0.0358603
0.18560779
0.110854864
0.086996794
0.103847384
0.13845146
0.09767568
0.108652115
0.1618191
0.06507242
0.086411595
0.062609315
0.25965047
0.040165544
0.39662528
0.28355467
0.02770555
0.044157982
0.12454641
0.22095382
0.09479821
0.0584774
0.08234489
0.07100606
0.097473264
0.043398023
0.02416265
0.047599435
0.07109904
0.10413873
0.05105698
0.11047757
0.11826038
0.1010344
0.100660324
0.0427109
0.14512992
0.20642233
0.11016655
0.14017665
0.29982376
0.16742206
0.09725642
0.14402509
0.11245525
0.08995414
0.054629564
0.015454054
0.096322894
0.032339334
0.09258866
0.18024397
0.18158603
0.112914085
0.23375988
0.120031595
0.10495067
0.12976563
0.050546408
0.05867505
0.055371284
0.17498493
0.03818047
0.073631644
0.043198347
0.08991754
0.121937394
0.04985237
0.06834209
0.02268219
0.06852472
0.13448095
0.43179405
0.10852373
0.20492601
0.055256248
0.17049599
0.031622052
0.06874001
0.32577896
0.10038376
0.10881412
0.155262
0.031253934
0.1133461
0.05972886
0.118824124
0.11106479
0.059396386
0.21914935
0.06263304
0.015696645
0.13921595
0.16210008
0.07947028
0.066755414
0.105059266
0.30161715
0.21821511
0.12586987
0.05159414
0.18361735
0.08584416
0.08567703
0.029834747
0.09995258
0.0077393055
0.08999896
0.16836059
0.24068189
0.08463001
0.057921767
0.058035612
0.23779428
0.031375885
0.116197705
0.102671385
0.10202372
0.056397557
0.06867218
0.082178
0.10960889
0.065956354
0.039607167
0.08825946
0.19995642
0.06910515
0.06932664
0.06270194
0.10523975
0.12583876
0.119279265
0.13592458
0.09340787
0.042863846
0.11507177
0.07566881
0.07082546
0.07344437
0.07002723
0.12947416
0.13758028
0.04433596
0.047585726
0.0260154
0.2380122
0.013128638
0.08428562
0.17317915
0.119788885
0.08118951
0.3018427
0.10557747
0.15646219
0.17015696
0.07171571
0.10020614
0.08564544
0.09622538
0.10507321
0.20564842
0.16118824
0.067127466
0.06954718
0.096858144
0.09743798
0.16054618
0.07504821
0.16950047
0.23120344
0.08385873
0.08324492
0.048996925
0.15818405
0.0539757
0.059898257
0.094257474
0.069095016
0.055719614
0.122291446
0.062246084
0.10776901
0.12826276
0.09620881
0.13493633
0.24716365
0.19648075
0.06867409
0.06945586
0.09061158
0.11618197
0.18090951
0.12913191
0.28571165
0.05912566
0.14782059
0.2617061
0.1078192
0.043266773
0.08560085
0.06833434
0.019065738
0.024159193
0.22985482
0.17094839
0.05058086
0.061917424
0.1743977
0.2646519
0.14045465
0.07806337
0.059381843
0.32258666
0.13051164
0.047620893
0.03897059
0.21796751
0.053684473
0.066304445
0.03927338
0.06118095
0.062236786
0.039052844
0.048823953
0.10747135
0.23830664
0.28360462
0.1137414
0.11994195
0.011195302
0.08235383
0.060246587
0.18537664
0.04747963
0.09617424
0.040978312
0.16839802
0.07476151
0.1429466
0.12056005
0.07198572
0.095514655
0.1038903
0.13679254
0.099592805
0.13362324
0.1757847
0.1381067

2.094809
2.1563911
2.5934286
2.738874
2.8703544
2.8217654
2.266144
2.6432421
2.6572375
2.8618598

