1.6974274
2.3501782
2.0895667
1.7177548
4.7086
2.8499422
1.8400747
1.6163427
1.7725254
2.3182898
1.8254569
1.8596565
3.3469398
1.5751861
1.8022468
1.7969193
1.7873142
1.669139
1.8718163
2.3150353
2.2855017
2.9694257
2.127899
1.7356794
2.5585754
3.8262892
2.4694436
2.0760524
2.1973531
1.6326369
3.016019
1.9233195
2.6272528
1.63131
1.6753305
1.5920453
2.011497
1.8377773
2.4145706
2.7983153
2.6392334
1.7128007
2.4409766
1.7020191
2.0608466
2.3779044
2.7974832
2.4397671
2.5809996
2.8079913
4.0852733
2.0914397
3.5482302
1.8908132
2.643632
2.0511117
2.7092478
1.7964972
2.2319689
1.7321842
2.1294894
1.6056678
1.9899762
5.1744084
1.8312774
1.8404036
2.5425277
5.118006
3.1038861
2.9864693
1.9896033
2.0712762
2.1401148
2.6008358
1.608694
2.8139994
1.8685344
1.9751314
2.4417796
1.503362
1.7732449
4.2706776
1.5736777
1.6988795
1.8267701
2.0385916
1.9100952
3.2686052
2.041894
1.6694545
4.226427
1.5337079
3.519746
3.7892637
1.9949923
1.6081202
3.8132102
1.9807912
3.5114744
2.3345761
3.2025294
2.1076028
2.078011
1.5266774
1.9382751
2.6525476
1.8661767
2.7198865
1.9184564
1.8303119
2.5516212
2.2830336
2.102544
2.2951922
1.5328022
2.1503212
1.7818166
2.1751473
1.8509479
1.7344748
2.1937199
1.6497321
2.301369
2.196314
2.3509977
1.3952003
1.824176
3.751195
3.4950304
1.9196771
1.9186829
1.8926852
2.2463324
2.0409672
2.1618922
2.034075
2.2363346
1.6186943
1.7173079
2.8063834
4.9879756
1.6576438
2.7392309
11.7616
1.5739343
2.40149
1.6662915
2.308112
3.18395
2.031809
3.4979293
1.8872039
2.2906928
1.8001784
3.9787078
2.1191335
2.1314468
3.4968655
1.8238155
3.3609421
1.5501059
3.2402778
3.2399127
5.518825
1.6622365
2.6158442
4.3141937
2.209386
1.806612
1.874907
2.2212007
2.347099
2.6231277
1.8096546
3.0367062
2.3968303
2.6206756
2.8615563
1.7073764
1.8810103
1.7880225
2.4265857
2.1329298
1.7374133
2.5811076
1.8749143
1.9337459
2.4361157
2.3932698
2.147361
2.9925416
2.828305
2.5565956
1.4434571
2.3594224
1.7659465
2.0374687
4.4986143
2.3077855
1.8669467
2.3400688
1.9982802
2.2292917
1.6561836
2.5847929
2.3562272
2.0325847
3.277729
3.432839
1.8250625
2.1635551
2.2723813
1.7954079
3.8236258
1.4781092
1.4580476
2.9022355
2.031833
1.6192883
2.0020475
1.9601693
2.400554
3.118493
1.9916072
2.0906327
3.091295
1.7758131
1.6518302
2.3124332
2.0709548
2.129715
1.8784254
1.6429821
1.478962
6.539025
1.8703547
2.0492678
3.2644107
1.4664526
2.1178267
2.3259976
1.6866058
2.0974715
1.8387494
1.7071935
1.8145647
2.2717655
1.7361768
1.4712535
1.4608487
3.4247546
1.8846933
2.1499662
2.9870477
1.691238
2.0067306
1.5735321
1.9155354
1.7016853
3.0252373
3.3454666
1.7321541
2.4862745
2.335311
2.0665793
2.1699114
1.6418539
4.0002527
1.6902276
3.3696089
1.6391661
2.2068725
1.5374843
2.8521595
1.5437928
2.1206386
1.9274246
2.6465986
1.7513639
1.6158051
3.1291366
1.9870746
2.2494977
1.5509877
1.8512931
2.2256453
1.9820781
2.3159842
1.7222023
2.726374
2.0199564
1.4327377
2.5027096
2.2182462
2.3598616
1.9795763
1.9630417
1.508366
2.1109874
1.635775
3.341604
1.4279761
2.457207
2.0364714
1.69022
4.6687355
1.7225503
1.9706782
2.4396148
1.7086846
2.2498567
2.3862717
1.5717193
3.647671
2.429672
1.7886003
1.8789456
2.9653943
1.7711519
4.1737595
2.6610236
1.8901246
2.3540328
2.2943974
1.8895025
2.5515695
2.142526
2.714439
3.5207844
1.7082462
1.8129835
3.046879
5.081208
1.6011107
2.4604557
2.3382041
1.489807
3.0623183
1.7454662
4.354385
2.1859887
1.7327982
2.093785
1.8013265
1.6757457
2.8962266
1.910881
1.4848869
1.5570459
1.7638375
2.8160791
1.6907743
2.4977243
1.9940284
2.1936374
3.3637474
1.6292605
1.6451896
1.9714482
1.377748
2.8337905
3.4899974
2.993624
2.0479693
1.5472597
1.5102236
1.932755
1.8216639
2.8185153
2.661681
3.747645
2.77248
1.852001
3.7289896
1.857844
2.3340657
2.0946364
1.8792708
4.293319
1.846598
2.6995416
2.7227466
4.5276814
1.7433
1.6582757
3.2327473
3.5470414
2.2059371
2.3060625
6.892657
8.360983
1.4581391
2.5936944
1.9565893
3.8821168
3.051114
1.7276683
2.4202964
2.8540053
2.2124732
2.8659124
1.7455021
1.5895408
1.7512822
2.372961
2.18497
2.00739
2.302015
2.1160343
1.7198398
2.6850266
2.878383
1.5010306
1.9124875
2.366986
1.8780609
3.0145614
1.5182189
1.8076508
1.6562946
1.6651125
1.4574326
1.7677134
3.5497973
3.4863276
1.6640435
1.7108072
3.8225887
2.4659483
1.4881933
1.9008044
1.4152589
1.5944058
1.706947
2.2431538
2.2953591
6.987772
1.5912896
2.395441
4.9746695
11.625422
3.618103
2.976131
2.2653356
2.3331509
1.9764479
1.9135917
1.984333
2.4614096
2.0313702
13.393154
2.9093888
1.8515501
2.422039
1.783402
3.286017
2.423596
1.9294833
2.3914704
4.086157
2.034056
2.2060328
1.8612255
10.491073
4.1718264
2.7394538
4.741447
2.2023625
2.5521424
2.7809663
2.000896
2.0287092
2.1047723
1.8518702
2.8513198
2.4217074
3.0169454
2.0477407
2.6878335
1.8541191
1.6646558
1.9901655
3.9687126
2.008577
2.2565522
1.6666191
1.6332337
2.0926044
2.0710044
2.7819023
3.2101371
1.4392986
1.953901
2.1332219
2.418206
1.7756474
2.2683494
2.1216
1.4668571
2.6349418
2.5177715
2.0991354
1.9311414
1.622756
1.8107777
1.7736868
1.7576797
1.9675366
2.2886086
3.0359178
2.1256876
3.0647955
1.8607916
1.5147763
1.4891471
1.7273273
1.9474484
1.9845287
3.4534428
2.192845
2.9186695
1.5356661
3.4000163
1.9168715
1.8075576
2.354345
2.4931378
2.8908346
2.152309
2.2992196
3.5417864
1.656155
2.2948098
2.111388
2.1780927
1.9206446
1.6674854
1.7798593
1.5434769
2.0190046
2.1849377
2.3707037
1.9762373
1.5257734
2.147616
1.7917218
1.9513382
3.0990112
2.5536647
2.4455433
2.4332151
2.2558525
2.7341049
5.951425
1.7091882
2.015211
1.6703111
1.6263789
3.175049
1.8221092
2.4109883
5.6411204
3.1687715
1.9778143
1.6912047
1.7238963
1.889009
1.7366
1.5168723
5.204716
1.8398504
1.7776508
2.7337332
1.592454
1.6848258
3.5101955
4.452643
2.065568
3.4065547
3.2314866
1.5017192
2.0061133
1.8178251
2.5976543
2.4388058
1.6686009
2.8777483
2.4539826
2.0856936
1.8889742
1.7677714
2.0982046
1.6594043
6.0164795
1.8067694
1.5354767
1.8747075
6.070686
3.4226122
2.540452
3.7305315
1.4194437
1.9868433
1.768306
2.4889472
3.1261292
1.8870901
2.0759566
2.3404174
3.9262702
1.5659213
1.8163784
1.5960057
2.9626107
2.6918766
2.6548157
1.9225602
2.4471931
2.1339445
1.570994
3.8656726
4.7129197
1.5795941
1.9896216
1.7997928
1.7023646
1.7206584
2.3987124
2.212283
1.5952554
3.4299562
1.6141658
2.0876157
1.8620677
1.6930412
1.7961866
1.7088848
1.9542427
2.428091
1.8379799
1.5495346
2.0770175
1.824121
2.5785894
2.4373415
1.754351
1.7296
2.5054283
1.6356294
1.8942395
1.4377017
2.340922
1.5535928
1.7262087
2.8094118
2.9152524
2.262618
2.2370603
2.0945232
4.063782
1.8454112
2.8842742
2.1027868
2.7741907
1.5814246
1.8810046
2.093855
3.9863956
2.196052
1.7995516
1.9472507
1.7679833
1.8077265
1.7879553
2.0564375
1.8333068
1.9879693
2.265115
2.036623
1.5804496
1.6811777
2.1609383
1.7087164
3.9281452
1.5229844
2.5335808
2.2878582
1.733475
1.5608405
1.907596
2.937841
2.1728494
1.9958156
3.021407
1.6262171
2.4298112
2.386372
6.2187457
1.6877738
12.485632
3.3053048
2.0135891
1.7282307
2.7473207
1.7686255
2.599996
2.7768588
1.7142997
1.9791204
1.7830139
1.9014132
1.5899721
2.14644
2.8849592
2.778422
1.9525073
1.7132744
1.8615094
2.1235507
1.7708999
1.6117135
1.7732911
2.244589
2.492999
2.5078099
2.5460465
2.1006148
1.6437646
1.817507
2.0689354
1.5902914
1.4814551
1.6947415
1.8986919
1.9893565
2.0841293
2.7222004
2.846071
1.4649072
1.5219691
2.4943523
2.0516047
2.5032108
1.9752053
1.8851821
2.635895
2.1944983
2.1020136
1.4812274
1.4791274
3.401411
1.8112086
2.2896059
1.8230654
1.6160666
1.7835256
1.8812407
1.5495397
4.4414787
1.86777
2.102139
2.9013848
3.3068893
4.6124234
2.23967
1.6706449
6.070123
2.8662105
13.837761
1.7356297
5.399977
2.3687563
3.0665874
1.5083408
1.5352021
2.2191575
1.9289244
3.6162505
2.530064
1.8631973
2.9044738
2.5374868
1.9562
2.0459757
2.5513213
1.9103416
1.8296633
1.9489362
3.7214913
1.739155
1.4913805
4.093778
1.6433157
1.8855966
2.8547041
2.655874
1.8614691
1.7522258
1.9807826
1.7936424
2.2873769
2.0291522
1.5680758
1.6026388
1.845058
2.5283217
1.6883276
2.2360168
2.4182067
1.8767501
1.865342
1.7118838
2.2535768
3.5736933
2.436836
2.8586578
3.0961483
2.1661463
1.9461074
7.4547205
2.2057064
1.8924854
1.8276844
1.7566669
1.9772611
1.6555723
2.2224777
2.0276837
3.136959
1.9274976
2.2649667
2.329526
2.0415945
3.638725
1.8748125
2.183099
1.8600678
3.1496615
1.6842805
2.1611261
1.8080213
2.1579745
3.846297
1.8294412
1.834871
1.4913737
1.7636673
2.4198563
9.522506
1.9022728
5.953538
1.7322491
2.271775
1.6969721
1.9056847
6.1746993
2.2392569
2.498045
2.8485396
1.4530796
1.844084
1.6134535
2.019151
2.0873792
1.603349
3.2015536
1.9073502
1.4593999
2.376737
2.8727708
1.8895159
1.8199786
2.2338288
5.176899
2.348237
1.9022232
1.8544751
2.9231505
1.5159509
2.085251
1.7809949
2.2221057
1.5278817
2.4276295
3.3735468
4.9306865
1.6961362
2.2457561
2.3980274
5.736642
1.4964148
1.9956406
1.9871117
2.6890595
1.9191903
1.9488704
2.43155
2.0983531
2.162307
2.336847
2.1539154
2.6415281
2.1424131
2.775782
1.7813188
2.4093766
2.1303895
2.1247823
2.7805438
1.721399
1.8039564
2.2015483
1.7274104
1.8743267
1.9186261
2.0571754
1.8771507
3.1768043
1.558349
1.4916786
1.6256993
4.49327
1.5196397
2.006638
1.7093676
2.6314175
1.7254063
3.8885372
2.6367404
2.7860136
3.2993236
2.0012376
1.6851859
2.0546691
2.5217087
2.2885098
7.195529
2.1165597
1.6970818
1.7618909
2.523038
2.110032
3.031993
2.021899
2.4996014
2.5565035
1.7742882
2.026633
2.3371418
2.3399246
1.6385583
1.7857229
1.9480094
1.719822
1.6257428
1.8132496
1.8882544
1.7657094
2.0737073
2.7170901
2.5493019
2.8060176
3.673392
1.727083
2.2843633
1.8266598
2.1476483
1.9234347
2.2730362
5.2667
1.6462188
2.989643
4.423897
2.021061
1.7699574
2.2711654
2.633924
1.7759866
1.6307334
5.4059296
4.299442
1.6756979
1.9491504
3.200812
3.034671
2.299981
2.149765
1.6960901
5.3232603
2.11239
1.9839877
1.6427954
2.8910527
2.007028
1.6972113
1.6646012
1.844941
1.9823581
1.7688442
1.8297317
2.0690317
4.6340137
4.832125
3.0503771
2.694717
1.7096533
2.2111897
2.0732634
3.5378532
1.7398486
1.9874897
1.7362791
5.5086493
1.8546243
2.2076106
4.223024
1.7157706
1.7090592
2.2950652
4.7992725
2.152661
5.0557394
2.4414816
3.5009286

7.9998965
9.399092
10.150545
10.636212
10.347285
10.402846
8.957191
10.558159
10.78988
11.605652

