0.26351023
0.904511
0.64308643
0.30366528
3.2911787
1.4510862
0.4217515
0.22537148
0.3393489
0.9313003
0.46505213
0.4451977
1.9398644
0.17660427
0.42435253
0.32686377
0.35775113
0.19023013
0.43103683
0.847962
0.9077015
1.5184458
0.68576276
0.38238668
1.1610309
2.4039533
1.0611507
0.6838585
0.8081882
0.20950413
1.6382349
0.49129963
1.2111807
0.17533255
0.26616824
0.1738522
0.60642695
0.4872619
1.0009608
1.3696419
1.2088218
0.2820071
1.0622092
0.35000443
0.68015814
0.9617648
1.3921863
0.9927784
1.1701849
1.382451
2.658295
0.7080177
2.1931455
0.45556283
1.1789415
0.67236316
1.2546499
0.36933255
0.7966521
0.28570676
0.7217765
0.22242796
0.5194154
3.7148228
0.4488858
0.43650937
1.1244855
3.703034
1.7016743
1.6279998
0.5051799
0.57913446
0.73019433
1.1559442
0.19316995
1.3742276
0.47808754
0.5637237
1.0314571
0.11352599
0.35258794
2.8605022
0.16685843
0.28170657
0.40196085
0.5739615
0.5332171
1.8125454
0.6628808
0.25091636
2.764297
0.15751684
2.1296802
2.372604
0.5980984
0.25189435
2.3430822
0.5799706
2.083806
0.88071656
1.8008362
0.71419203
0.69495463
0.09417081
0.5464097
1.254005
0.40498364
1.2559755
0.47978544
0.44650555
1.1441369
0.9168289
0.6952325
0.92282856
0.1340177
0.7528888
0.3725536
0.7515085
0.39015818
0.29451585
0.69823956
0.21067274
0.89048374
0.7074863
0.924793
0.020829678
0.37661088
2.34193
2.0825987
0.53231657
0.52398145
0.4685551
0.8622402
0.6518223
0.76412046
0.57882214
0.83859074
0.15511632
0.27962327
1.4141691
3.5601497
0.24719417
1.3243434
10.329447
0.17022562
0.98705137
0.22850847
0.9389721
1.7279546
0.680637
2.0678463
0.4444517
0.861856
0.38889372
2.547314
0.71604097
0.7013848
2.0613601
0.38045895
1.9696491
0.096147776
1.813786
1.7476987
4.0919843
0.2707975
1.2847604
2.9194458
0.7649758
0.37500906
0.41588986
0.8229531
0.9032296
1.2559532
0.38636577
1.6327404
1.0275964
1.1197557
1.4241505
0.34185612
0.46233094
0.3486786
1.0313927
0.73174226
0.26760268
1.1456381
0.39211857
0.53158057
1.0560362
0.96102107
0.7301812
1.5831206
1.4051061
1.118249
0.043352604
0.92093194
0.30338776
0.6667845
3.0749972
0.8918984
0.5283803
0.84559894
0.52444184
0.8418739
0.23041189
1.1881171
0.92826676
0.67587125
1.8707088
2.0461047
0.44864702
0.7194334
0.85754895
0.45112324
2.414587
0.055524945
0.052063942
1.5056076
0.6677313
0.21798706
0.5339072
0.524896
1.0307171
1.7229751
0.57712567
0.7117238
1.6364768
0.37695456
0.2663263
0.9044304
0.6594088
0.76157665
0.44204593
0.19972646
0.11128783
5.1883907
0.45551026
0.58529294
1.8523322
0.068404555
0.6827959
0.8987541
0.26450443
0.6583934
0.4717989
0.2839991
0.4096105
0.8270823
0.27584326
0.07646513
0.12711883
2.047838
0.4822725
0.7764075
1.5988196
0.25979328
0.6031498
0.16514301
0.5318438
0.30169225
1.6048265
1.8689526
0.2930478
0.9928874
0.9052516
0.68289495
0.8000001
0.2273202
2.5796397
0.29630482
1.9173887
0.2700467
0.8177743
0.07410896
1.4777356
0.15898204
0.691522
0.4740883
1.180477
0.2622249
0.13048553
1.7178482
0.590603
0.801075
0.17581701
0.43900383
0.7995621
0.5527233
0.89477384
0.30330276
1.3732445
0.61245584
0.08353388
1.034619
0.7719841
0.9498259
0.6388984
0.5315615
0.094282866
0.6975081
0.24611127
1.8281596
0.017115593
1.0313298
0.6555091
0.27470326
3.2412357
0.36832666
0.5885972
1.0006828
0.27553225
0.8338239
0.94833827
0.21892476
2.1862116
0.99739313
0.3937235
0.45020914
1.5511432
0.3471173
2.7780643
1.2447428
0.45743942
0.9583081
0.8410411
0.5162294
1.1217244
0.6861323
1.356011
2.1190152
0.27029014
0.43662572
1.5933211
3.6974685
0.17145586
1.0183952
0.9394618
0.08636367
1.6611738
0.30800152
2.9206905
0.7114203
0.29045928
0.6745118
0.35978508
0.26504314
1.4544607
0.5134895
0.13511002
0.11715782
0.33500445
1.4463526
0.21796548
0.98581743
0.634002
0.77704155
1.9564865
0.24743211
0.2175082
0.5390234
0.026959896
1.4226956
2.0544791
1.5685357
0.6349896
0.13148558
0.07048857
0.5259434
0.39133
1.3241056
1.2911007
2.319951
1.3767197
0.39542353
2.2766047
0.47260964
0.9386437
0.66282964
0.47547185
2.8300574
0.44925058
1.2975196
1.3022578
3.0847816
0.3572688
0.29211295
1.8003904
2.1364646
0.8337729
0.9146799
5.438327
6.9413443
0.07170975
1.1374989
0.6086514
2.5089037
1.626819
0.37078142
1.0155189
1.3789601
0.8325398
1.422789
0.38247466
0.22127473
0.31664646
0.96258485
0.7688172
0.6013328
0.9158932
0.7178631
0.3629465
1.2847835
1.4245842
0.06627381
0.4740486
0.93001795
0.45028234
1.6010121
0.17745113
0.4015385
0.33620608
0.2503518
0.07449865
0.39269114
2.100513
2.0738168
0.22125983
0.20741439
2.3405032
1.0373912
0.04468465
0.49575412
0.004965067
0.23694646
0.26969934
0.81487465
0.8425715
5.525021
0.20589733
1.0177791
3.511875
10.261062
2.1710854
1.6148494
0.8122159
0.93465006
0.57144284
0.5023787
0.603014
1.0261073
0.5929626
12.006422
1.5578203
0.45221877
0.97845185
0.3752575
1.8838785
1.0305175
0.46361506
0.941728
2.6708379
0.57725036
0.7761761
0.49307537
9.105362
2.7484784
1.2735442
3.3854249
0.7544377
1.0953851
1.3360908
0.60004437
0.6912763
0.7050828
0.48051012
1.4529926
1.0492647
1.6113298
0.6503334
1.2564826
0.4350133
0.26222122
0.6150781
2.586527
0.66701293
0.82455707
0.29991066
0.21514332
0.689754
0.6647204
1.377688
1.8128353
0.0811646
0.55240333
0.72419274
1.0017316
0.37090003
0.8771435
0.7130053
0.085734606
1.215706
1.0667633
0.69074583
0.5192256
0.17263734
0.41926455
0.3936782
0.41493356
0.5074116
0.8420507
1.5535774
0.7225882
1.6261849
0.45699024
0.105085135
0.07985842
0.33155787
0.55268013
0.5668273
1.9605881
0.76794326
1.4601667
0.16838574
2.0731282
0.5151371
0.42458332
1.0008899
1.0662329
1.5164258
0.7638916
0.8823087
2.1239948
0.22065926
0.860358
0.7425028
0.72216415
0.49237812
0.24085736
0.40264523
0.20977604
0.5850656
0.7910749
0.9567194
0.59264255
0.122522235
0.7120533
0.3808185
0.5145879
1.7020402
1.107807
1.0246738
0.9888537
0.8357053
1.3066463
4.500748
0.25456297
0.50745285
0.2977972
0.17965257
1.8079807
0.4045446
1.0101652
4.2196455
1.8349515
0.5715599
0.26912403
0.3471942
0.5467539
0.3001362
0.04872799
3.7278895
0.45509148
0.42824876
1.3359804
0.13168573
0.28680885
2.1210012
3.0792627
0.64484143
2.0044475
1.8133435
0.10334718
0.58714414
0.4620936
1.1466905
1.018301
0.21280074
1.4077431
1.037905
0.66865146
0.48217392
0.32469344
0.7037548
0.24520767
4.5788546
0.38169265
0.16629839
0.46104622
4.732398
2.0048919
1.147367
2.2630792
0.00026130676
0.5222781
0.4110452
1.1024469
1.6821823
0.4312253
0.6341493
0.874666
2.4930286
0.14259887
0.4189626
0.13251746
1.5534326
1.2136165
1.3051499
0.4877118
1.0209031
0.66204727
0.12463784
2.4247117
3.3238955
0.20731199
0.56165516
0.45100904
0.34386468
0.35163033
0.9168531
0.7828512
0.16213572
1.970378
0.20393562
0.651793
0.47035468
0.2650249
0.39074337
0.32847178
0.5788051
1.0466594
0.4250145
0.19416428
0.72323763
0.3985566
1.1544802
0.9764919
0.40099323
0.25606453
1.040131
0.22049677
0.49533093
-0.010984302
0.9045718
0.19970536
0.30236292
1.3548949
1.471477
0.8536122
0.8606837
0.67816997
2.629568
0.41614115
1.4520621
0.6746533
1.4190439
0.19033933
0.49377203
0.69998634
2.6378303
0.78631127
0.42300248
0.5310954
0.35311234
0.35485387
0.4027791
0.66132736
0.3962885
0.58434653
0.78876054
0.5667516
0.16285503
0.2528609
0.7101985
0.35127544
2.4899867
0.1550616
1.113083
0.9567807
0.38897347
0.19374716
0.47464883
1.482926
0.74715674
0.54511034
1.6188442
0.19119608
1.0524882
1.0090239
4.814205
0.27430618
11.054931
1.88864
0.5923474
0.3065349
1.2738283
0.33590066
1.2117102
1.3522688
0.35650194
0.5898001
0.36690807
0.5126165
0.13304508
0.75220835
1.4819366
1.3467329
0.6147138
0.33054757
0.4021443
0.761052
0.3887155
0.18911684
0.39364338
0.91272986
1.0735257
1.1323832
1.1712484
0.6999488
0.2667173
0.43282986
0.6835052
0.17000926
0.1150018
0.25027597
0.4695077
0.5743747
0.68007493
1.3165495
1.4385798
0.061569214
0.11122942
1.042849
0.67586195
1.0731124
0.5653684
0.5136714
1.260609
0.774542
0.6966584
0.014388204
0.10522032
1.9935594
0.41916716
0.90948665
0.43924809
0.2450031
0.28902328
0.46970212
0.099624515
3.0185628
0.4573648
0.6860627
1.4728531
1.9011662
3.1950111
0.77693677
0.30195653
4.645255
1.4302342
12.442196
0.33766258
3.9437628
0.9885247
1.6088104
0.12684071
0.11893034
0.8208872
0.46527267
2.248635
1.1257024
0.4299618
1.4300282
1.1257814
0.5961716
0.6925665
1.1458881
0.5188968
0.40015674
0.48071098
2.2835112
0.30383682
0.10337722
2.6859388
0.20934725
0.41875052
1.4260352
1.2655556
0.46988094
0.35443783
0.55116284
0.3911519
0.90849257
0.6035938
0.13349867
0.20138085
0.4538684
1.1018836
0.291898
0.8316699
0.98045933
0.46525574
0.47320032
0.33769882
0.80681646
2.1766033
1.0690446
1.4444351
1.7139304
0.73813736
0.54626834
5.9708786
0.82739985
0.49891508
0.39529407
0.33112276
0.6175269
0.2628683
0.79810464
0.6552255
1.7549977
0.51705503
0.8490498
0.88055694
0.63618433
2.2219484
0.47941232
0.74223816
0.48173404
1.7657497
0.22925341
0.6996548
0.3631487
0.73571897
2.378676
0.37568736
0.48373115
0.13105202
0.3830732
1.0065587
8.111231
0.5026349
4.4279666
0.27430677
0.8517512
0.26371026
0.5477183
4.7234993
0.8320925
1.0953606
1.4823192
0.06271136
0.43729973
0.19589424
0.6151949
0.6309055
0.27359676
1.8217837
0.48826635
0.057595253
0.9983636
1.462395
0.51506555
0.42816794
0.83177423
3.7307231
0.9596851
0.5183619
0.4180721
1.5103941
0.11364484
0.6272782
0.28638577
0.78326654
0.12190056
1.052569
1.903796
3.5785086
0.3280295
0.8178247
0.99006057
4.3404083
0.16004825
0.65713525
0.60641444
1.2523242
0.46866107
0.57465255
1.0112232
0.68252635
0.7096584
0.86592925
0.79624677
1.2021257
0.6624706
1.368244
0.27670145
1.0315338
0.6685306
0.77595603
1.3399274
0.35312593
0.34893465
0.7744806
0.34814966
0.46998262
0.4734683
0.63833904
0.5296856
1.7140609
0.1443733
0.097893834
0.17985487
3.0873516
0.10539472
0.60357153
0.3045529
1.2307142
0.3116746
2.4706059
1.2163785
1.3973328
1.832363
0.5570762
0.30384505
0.61077285
1.1022129
0.86036444
5.7819314
0.7665045
0.32401514
0.37532568
1.0609413
0.72822154
1.6022563
0.65200317
1.0899265
1.1524179
0.37346482
0.5580237
0.8987621
0.9208348
0.27311945
0.33578062
0.561854
0.29375923
0.20202732
0.38526654
0.45990407
0.4052924
0.66466653
1.3200185
1.1608267
1.3848913
2.277375
0.3381927
0.8302702
0.4158727
0.77916443
0.5200057
0.85745776
3.898127
0.22649622
1.6260326
2.9770951
0.65925515
0.33336294
0.8078377
1.1828731
0.3900628
0.1993388
3.939431
2.9133348
0.28355992
0.5303407
1.7920582
1.6098604
0.8978735
0.74878156
0.30932236
3.8786676
0.6868187
0.4674964
0.24781084
1.4936173
0.5566946
0.37623715
0.27972293
0.43473315
0.59096575
0.37591398
0.36759865
0.66889477
3.1742616
3.474389
1.6548617
1.27892
0.26962554
0.7600136
0.5783291
2.1468701
0.3181076
0.5714395
0.3217448
4.0421114
0.4079677
0.8146745
2.766729
0.31522417
0.3589127
0.83115757
3.3380575
0.75327444
3.594414
1.1235399
2.1104884

6.5971966
7.992936
8.708993
9.279767
8.906481
9.003686
7.5321016
9.154307
9.3688
10.190178

