0.0039771795
0.006646633
0.006026387
0.008523226
0.025918126
0.008818746
0.0041054487
0.00037145615
0.0071588755
0.004968047
0.0074501038
0.00469923
0.010658503
0.0007606745
0.01114285
0.009940743
0.0018825531
0.008728385
0.025055885
0.003223896
0.004504442
0.011280298
0.005308509
-0.0014454126
0.003646493
0.0113351345
0.0069350004
0.0037828684
0.0076686144
0.0051665306
0.0049295425
0.0058538914
0.011887908
0.019481063
0.010235548
0.006531477
0.019094586
0.008886814
0.0075695515
0.005045533
0.00042295456
0.0056859255
0.007937074
0.010560036
0.0022907257
0.011587381
0.0046037436
0.0055640936
0.0046026707
0.007428527
0.0059535503
0.0075922012
0.0040358305
0.006349921
0.008768797
0.019662261
0.010625958
0.007831335
0.0036959648
0.002642393
0.005565405
0.005081296
0.009229898
0.0031636953

0.0010509491
0.01619935
0.0070188046
0.014800906
0.009376526
0.0057212114
0.008224845
0.0003823042
0.0017939806
0.0026708841
0.0042277575
0.014481306
0.013865471
0.00017023087
0.0059924126
0.018756151
0.007278323
0.011621237
0.0030097961
0.004730463
0.0056865215
0.01167655
0.0013079643
0.0063477755
0.005741596
0.005580306
0.005001545
0.008347034
0.011243939
0.0068302155
0.00434041
0.00799942
0.0032498837
0.0078115463
0.0123142
0.00673604
0.007021785
0.0029524565
0.0059604645
0.009139895
0.012266278
0.012796164
1.8000603e-05
0.0076025724
0.008969545
0.0063591003
0.01221931
0.008922219
0.01853156
0.0194906
0.012377262
0.0033893585
0.002346158
0.017805815
0.01046598
0.009011745
0.007998824
0.019650102
0.000359416
0.009981275
0.019606233
0.009988427
0.0053111315
0.0038267374

0.0053442717
0.00087702274
0.0011308193
0.0014115572
0.0010960102
0.009635091
0.011033177
0.0076442957
0.0053277016
0.0031415224
0.0020003319
0.00055348873
0.005591035
0.010314941
0.003378272
0.0069907904
0.005932808
0.00012564659
0.004809141
0.0033761263
0.005223274
0.007560849
0.0047101974
0.006150365
0.0040072203
0.0066280365
0.0072135925
0.002907157
0.008795619
0.005545974
0.006225109
0.0015062094
0.0054855347
0.0062246323
0.0023911
0.0021198988
0.0047317743
0.010553241
0.00995338
0.005746007
0.0030742884
0.005824089
0.00631845
0.0042375326
0.005346775
3.671646e-05
0.0047603846
0.0075052977
0.003088951
6.7949295e-06
0.003143549
0.0015357733
0.006452322
0.0028461218
0.00259614
0.008035898
0.0074379444
0.003604412
0.003989339
0.0023366213
0.004732132
0.004513979
0.0028464794
0.0036988258
0.0010391474
0.00046908855
0.0030713081
0.0013183355
-7.5101852e-06
0.004919052
0.008376241
0.0053949356
0.00044584274
0.0023186207
0.003518939
0.009989023
0.0048468113
0.0042096376
0.0056194067
0.0056432486
0.008176208
0.0015909672
0.0022890568
0.0021373034
0.0025868416
2.3007393e-05
0.005261183
0.005025029
7.164478e-05
0.009522438
0.002141118
0.0044178963
0.007908583
0.0027605295
0.0073758364
0.003522873
0.0051778555
0.005156994
0.003960252
0.00526309
0.0004196167
0.006431699
0.003334999
0.0033438206
0.0071338415
0.008331418
0.008518219
0.0052121878
0.0014277697
0.0041987896
1.0251999e-05
0.0056405067
0.005624056
0.0059866905
0.0077136755
0.0004595518
0.0012392998
0.010885119
0.0024356842
0.002072692
0.0027998686
0.0050746202
0.0024502277
0.001049161
0.0045495033
0.0018384457
0.0036981106
0.008188605

0.007156849
0.006373644
3.5762787e-07
0.0059292316
0.008159757
0.0059164762
0.0053337812
0.0023685694
-7.1525574e-06
0.007314086
0.011577725
0.0021693707
0.0044363737
0.0072826147
-1.4424324e-05
0.0005147457
0.003103137
0.0051658154
0.0061405897
0.0068274736
0.004402399
0.004321933
0.0025652647
0.00506866
0.0044181347
0.0087919235
0.004757166
0.0035991669
0.00040614605
0.0054684877
0.00390172
0.0062553883
0.0006489754
0.004848361
0.0010206699
0.0029585361
0.0032231808
0.002808094
0.0039110184
0.0070940256
0.0024322271
0.004392028
0.003786087
0.005937338
0.005679846
0.0017910004
0.0008958578
0.0056996346
0.0045268536
0.0018950701
0.004028082
0.0051431656
0.0011194944
0.0011950731
0.0064017773
0.004815817
0.004114628
0.005664706
0.003152728
0.00012540817
0.005717993
0.0037897825
0.008870244
0.0043672323
0.003348112
0.006531954
0.00024867058
0.0136345625
0.0027821064
0.006566763
0.0052480698
0.011233926
0.0012898445
0.0046161413
0.011636972
0.0011848211
0.0023130178
0.0037175417
0.0060731173
0.0034478903
0.0017625093
0.0058773756
0.0051568747
0.0038199425
0.004908681
0.0023088455
0.0046385527
0.0026509762
0.010843396
0.0004760027
0.003768444
0.0037198067
0.0036853552
0.0016430616
0.0064486265
0.00074744225
0.006630063
0.0005582571
0.011251569
0.0029987097
0.008501649
0.002632141
0.0018745661
0.007815957
0.0037859678
0.0019723177
0.006773472
0.0050251484
0.004545331
0.004894495
0.007987738
0.0029437542
0.0066298246
0.002512455
0.0045711994
0.00057053566
0.0042510033
0.0010826588
0.003109336
0.0002169609
0.0014517307
0.0009857416
0.0030725002
0.0038864613
0.0062713623
0.0069642067
0.0017435551
0.008057117

0.0013612509
0.004409194
0.0007611513
5.376339e-05
0.0014888048
0.0018399954
0.0036190748
0.00431931
0.0018261671
0.0018562078
0.0012904406
0.0024329424
0.0007966757
0.00021326542
0.003059864
0.00041639805
0.0006271601
0.0017991066
0.0026154518
0.0028239489
0.0001667738
0.0031738281
0.004202485
0.00085008144
0.0009713173
0.0027483702
0.0029098988
6.7949295e-06
0.00316298
0.00231421
0.00014555454
0.0032196045
0.0005463362
0.0026119947
0.0042117834
0.0011142492
0.0029785633
0.0010973215
0.00018692017
0.00047004223
0.0032497644
0.002727151
0.0042209625
0.00072205067
0.00088620186
0.005270958
0.0023741722
0.0034747124
0.0028412342
0.001150012
0.0017751455
0.0028260946
0.0001219511
0.0019288063
0.002204299
0.0008099079
0.0014947653
0.002619505
0.0024106503
0.0009481907
0.0037788153
8.702278e-06
3.9339066e-06
0.0045870543
0.0035908222
0.0010792017
0.0044994354
0.0035188198
0.0010614395
0.0029803514
0.0034531355
0.004027486
0.0020747185
0.0019145012
0.0019817352
0.0012266636
0.0031205416
0.001336813
0.00016415119
0.000775218
0.003845334
0.00030946732
0.0036693811
0.0027278662
0.0023899078
0.006262064
0.0040745735
0.0010521412
0.0020112991
0.0027996302
2.0384789e-05
0.0032029152
0.0017929077
0.0031157732
0.0025730133
0.003007412
0.0033898354
0.0025554895
0.002663374
0.0016387701
0.0011880398
0.003542304
0.0060241222
0.0038962364
0.0029160976
0.0020996332
0.00087201595
0.0042788982
0.004872203
0.004140854
0.001938343
0.0030795336
0.00020933151
0.0032570362
0.0046311617
0.002360344
4.220009e-05
0.0033851862
0.0030962229
0.004545212
0.0025116205
0.0026439428
0.0034495592
0.00059986115
0.0014703274
0.003622532
0.0014880896
0.00018393993
0.002949357
0.0023430586
0.00088715553
0.002188921
0.00039625168
2.1457672e-05
0.0038348436
6.2942505e-05
0.00022780895
0.002809167
0.0015072823
0.0014328957
0.001645565
0.0015637875
0.0014420748
0.0033143759
0.0018962622
0.005427122
0.0020889044
0.0026841164
0.0031548738
0.0038671494
0.00028979778
0.00344038
0.00053083897
0.0032117367
0.0006902218
0.0005443096
0.0023663044
-4.6610832e-05
0.0009610653
0.002460599
0.0029360056
0.0022153854
0.00080001354
0.0022650957
0.00248456
0.0033011436
0.0002399683
0.0024329424
2.7060509e-05
0.0015605688
0.0016282797
0.0025436878
0.004094243
0.001988411
0.0013720989
0.0014214516
0.0025978088
0.0023522377
0.0012372732
0.0029872656
0.0022708178
0.0015296936
0.0034036636
0.004753709
0.003730774
0.003084302
0.0018156767
0.005330324
0.0008275509
4.839897e-05
0.0030686855
0.002865553
0.0027350187
0.0035158396
0.0038830042
0.0010170937
0.0019710064
0.0002194643
0.0022919178
0.0021685362
0.0038446188
0.00064623356
0.0006302595
0.0018953085
0.0036506653
0.0034458637
0.0013324022
5.00679e-05
0.0056204796
0.0029748678
0.0013475418
0.0003772974
0.0015075207
0.0028812885
0.0018410683
0.000983715
0.0009058714
0.0005877018
0.0024535656
0.00023305416
0.0027469397
0.0008702278
0.0041258335
0.0006517172
0.0021133423
0.0037770271
0.0041635036
0.0031689405
0.003753066
0.002506137
0.00049996376
0.00020718575
0.00069868565
0.0039607286
0.0022814274
0.0045534372
0.00018072128
0.004482627
2.682209e-05
0.0023370981
0.0067378283
0.0015705824
0.0028185844
0.0022933483
0.00012350082
0.0030915737
0.0033477545
0.0019669533
0.0030955076
0.0027540922
0.0014798641
0.0020077229
0.001396656
0.0017707348
0.0044636726
0.0018993616

0.001689434
0.0035914183
0.00012218952
0.0037261248
0.0018644333
0.0034224987
0.0013991594
0.0031983852
0.0038415194
5.3286552e-05
0.0012500286
0.0011909008
0.0015997887
0.0022150278
0.0045924187
0.0004234314
0.0017596483
0.0036067963
0.0020561218
0.0016107559
0.0048422813
0.0035005808
0.0025146008
0.0005710125
0.001978159
0.0036361217
0.00086700916
0.0026888847
0.0026205778
0.0018892288
0.0017207861
0.0026581287
9.357929e-05
0.0009379387
0.002287984
0.0026637316
0.0036427975
0.0022673607
0.00032258034
6.341934e-05
0.0026750565
0.003589511
0.0019429922
0.0036611557
0.0024436712
0.00016331673
0.0035476685
0.0032635927
0.002281785
0.0037921667
0.00067198277
0.0024348497
0.0025931597
0.0007340908
0.00038313866
0.0006403923
0.00068295
0.003390193
0.004280925
0.0016320944
0.0027884245
0.00012278557
0.0024844408
0.0038301945
0.0011204481
0.0040727854
0.0034070015
0.0012965202
0.004144311
0.0003054142
0.001537919
0.0003517866
0.002179265
4.041195e-05
0.0020315647
0.0017786026
0.00394392
0.0030715466
0.003549099
0.0035567284
0.0044196844
4.2915344e-06
0.0030181408
9.6440315e-05
0.0019322634
0.0021449327
0.0041760206
0.0018048286
0.0033922195
0.002986312
0.0014426708
0.0005571842
0.003035903
0.0034897327
0.0018204451
0.0028586388
0.000959754
0.0014909506
0.0030419827
0.0028002262
0.001127243
0.00019788742
0.0013546944
0.003031373
0.003049016
0.004173994
0.00049078465
0.000310421
0.0038998127
0.00053846836
0.0026490688
0.00094628334
0.0024738312
0.002786398
0.0038381815
0.0029227734
0.0009838343
0.00012934208
0.0047599077
0.00349164
0.0040631294
0.0018042326
0.0036933422
0.0028734207
0.0039248466
0.003201723
0.00067937374
0.0018292665
0.003483653
0.0010226965
0.0016046762
0.0020706654
0.0042802095
0.00055897236
0.001630187
0.0030061007
0.0032675266
0.004469037
0.002909422
0.0012083054
0.0028111935
0.0030200481
0.003618598
0.00033140182
7.8201294e-05
0.0020536184
0.0016384125
0.0038393736
0.0038820505
0.0037660599
0.0012370348
0.0024285316
0.0032336712
0.0036064386
0.0012695789
0.0021387339
0.002895832
0.003532052
0.0029562712
0.00091052055
0.0011701584
0.0010629892
0.0025074482
0.0018388033
0.0026866198
0.0037721395
0.0010836124
0.0037555695
0.0033135414
0.00275743
0.0022665262
0.0033496618
0.002293229
0.0020428896
0.0035034418
0.00045788288
0.0050809383
0.002802372
0.0024100542
0.0006002188
0.0060987473
0.0025417805
0.0027552843
0.0019036531
0.0029486418
0.0022553205
0.000115156174
0.0005543232
0.0005657673
0.0018035173
0.002067089
0.0020606518
0.0014072657
0.00014579296
0.0019880533
0.003834486
0.0012764931
0.001501441
0.00096833706
0.0011341572
0.0002117157
0.0034132004
0.0031772852
0.0013735294
0.0024456978
0.0009908676
0.0018438101
0.0020813942
0.0035785437
0.0032672882
0.0044544935
0.00019466877
0.00013566017
0.00026762486
0.003828764
0.0010954142
7.1525574e-07
0.0018942356
0.0027825832
0.0032117367
0.002460003
0.0015244484
0.0009663105
0.0010888577
0.0032887459
7.1525574e-07
0.0038813353
0.00026857853
0.0016120672
0.0032122135
0.0018984079
0.00012636185
0.003807664
0.0002975464
0.0028028488
0.0018057823
0.0018649101
0.0012186766
0.00056540966
0.0023192167
0.003926635
0.0031540394
0.0011671782
0.0023959875
0.001077652
0.0037506819
0.0011754036
0.0027301311
0.0035051107
0.0012682676
0.0005875826
0.002448678
0.0019158125
0.0036079884
0.00019109249
7.271767e-05

0.0014026165
0.0030164719
0.0029689074
0.0038064718
0.001817584
0.0046834946
0.0019904375
0.0021679401
0.0027201176
0.0014306307
0.0036098957
0.0024442673
0.0035188198
0.0009138584
0.0027025938
0.0033676624
0.0015619993
0.0026780367
0.00044488907
0.0016140938
0.0023591518
0.0032372475
0.0026239157
0.00029456615
0.002124548
0.0016589165
0.0025541782
0.001245141
0.0014690161
0.0013884306
0.001642704
0.00261724
0.00023663044
0.0018680096
0.0031472445
0.0018047094
0.0025619268
0.0008831024
0.0014199018
0.0018200874
0.0019519329
0.003317356
0.0041571856
0.0013120174
0.0011316538
0.00024104118
0.003131628
0.0027683973
0.0035003424
0.0029488802
0.0016913414
0.001658082
0.0032182932
0.00036275387
0.00012338161
0.0033414364
0.0025366545
0.0025588274
0.00080549717
0.0029245615
0.0022640228
0.003140688
0.00253129
0.0023950338
0.0032926798
0.0024671555
0.0021555424
0.0024797916
0.0033831596
0.0014394522
0.0026510954
0.000672698
0.00015580654
0.0013897419
0.0030069351
0.0014576912
0.0035960674
0.00084877014
0.0048640966
0.0034193993
0.0029165745
0.0024205446
0.0034526587
0.0018823147
0.0023280382
0.002613306
0.002858758
0.0023128986
0.0017834902
0.003237009
0.0031154156
0.0027006865
0.0010867119
0.0018737316
3.0517578e-05
0.0023539066
0.00066280365
0.0010997057
0.00291121
0.0007134676
0.0024083853
0.0020337105
0.00096428394
0.002624631
0.0037531853
0.0019158125
0.0022599697
0.0012192726
0.0022155046
0.00151968
0.0025451183
0.00043845177
0.0017062426
0.0016720295
0.0032925606
0.003445983
0.0005788803
0.0005105734
0.002673149
0.0015531778
0.0025485754
0.0019304752
0.0033164024
0.0010586977
0.0025548935
0.0015212297
0.00020766258
0.0015238523
0.0023047924
0.0009884834
0.0013941526
0.001193881
0.0035362244
0.0002913475
0.0011959076
0.003368616
0.0021768808
0.0026946068
0.003072381
0.0023391247
0.0018643141
0.0016102791
0.006492138
0.0042643547
0.0018911362
0.0033859015
0.001439333
2.026558e-05
0.00068724155
0.0045952797
0.00208354
0.0009473562
0.0027697086
0.0022349358
0.0038487911
0.001193881
0.003020525
0.0027900934
0.0025744438
0.0030548573
0.002719164
0.00041747093
0.0019235611
0.004548669
0.0028287172
0.0014724731
0.0023255348
0.0024095774
0.0025305748
0.0016710758
0.0005193949
0.003170371
0.0031183958
0.0027025938
0.002914071
0.0018452406
0.0015872717
0.00342834
0.0024518967
0.001126051
0.0028005838
0.0022462606
0.0021481514
0.001294136
0.00070858
0.0017472506
0.002921462
0.0017049313
0.0024944544
0.001632452
0.0023890734
0.0014327765
0.0024050474
0.0027418137
0.003979087
0.0030113459
0.0020850897
0.0010296106
0.0021904707
0.00269413
0.0032932758
0.0005016327
0.0026435852
0.0019013882
0.0026458502
0.0021588802
0.0019694567
0.0018789768
0.0014539957
0.0025496483
0.0048282146
0.0018136501
0.0009255409
0.00042581558
0.001234889
0.0016925335
0.0027338266
0.0008202791
0.0022708178
0.0029132366
0.003555417
0.0035194159
0.00087320805
0.0016183853
0.0029090643
0.0035054684
0.0037704706
0.0046961308
0.0019104481
0.00078237057
0.0007144213
0.001991272
0.0020506382
0.00040853024
0.0039817095
0.0023077726
0.00055897236
0.0015397072
0.0016541481
0.0013673306
0.003229618
0.0016056299
0.002333641
0.001937151
0.0012601614
0.0020686388
0.0009771585
0.0031557083
0.002927184
0.0008838177
0.0025311708
0.0018628836
0.0026420355
0.002811432
0.004272461
0.0012059212

0.0019321442
0.0010297298
0.0015890598
0.001760602
0.0022835732
0.00055754185
0.00018596649
0.0018833876
0.0012098551
0.0014585257
0.0012247562
0.0014008284
0.0015361309
0.0013186932
0.00032269955
0.00048065186
0.00091457367
0.0016934872
0.0012420416
0.0008161068
0.00035703182
0.0009752512
0.0010279417
0.00020718575
0.0002090931
0.001001358
0.0005567074
0.0013164282
0.00046288967
-2.3841858e-06
0.0013788939
0.0004760027
0.0020344257
0.001557231
0.0011469126
0.0013551712
0.0018539429
0.0008677244
0.0015708208
0.0004413128
0.0013773441
0.0010915995
0.00090765953
0.00023889542
0.0006158352
0.0023796558
0.0015027523
0.0012809038
0.0010911226
0.00023257732
0.00013959408
0.001513958
0.00021111965
0.0014295578
0.0017729998
0.00094366074
0.0007663965
0.00054848194
0.0004618168
0.0016651154
0.0016394854
0.00052785873
0.0012221336
0.0017791986
0.0009784698
0.0014717579
0.0011297464
0.0003941059
0.00041627884
0.00078582764
0.0009416342
0.00075244904
0.0017300844
0.0014359951
0.00011599064
0.0019676685
0.0011076927
0.00089490414
0.0014047623
0.0007892847
0.0024040937
0.0017217398
0.0016852617
0.0008062124
0.0013990402
0.0011898279
0.0006622076
0.00018584728
0.0010584593
0.00088500977
0.002080679
0.00047540665
0.0011274815
0.0016356707
0.0011748075
0.0014307499
0.0015079975
0.0012882948
0.0009137392
0.0019702911
0.0013953447
0.00018000603
0.0021445751
0.00109303
0.00017106533
0.0012660027
0.0019496679
0.0014698505
0.001811266
0.00042307377
0.001339078
0.0015028715
0.0020719767
0.002616167
0.0012899637
0.0009061098
0.00096559525
0.0008673668
0.00063169
0.0004813671
0.0010305643
0.0012710094
0.0016548634
0.0018917322
0.0010977983
0.001324892
0.0017229319
0.0006222725
0.0015634298
0.0019600391
0.0003401041
0.001505971
0.0023223162
0.00076293945
0.0017387867
0.00090384483
0.00076305866
0.001906395
0.0009777546
0.00059235096
0.0016670227
0.00019335747
0.0008420944
0.00083982944
0.0013672113
0.00052571297
0.0018247366
0.0012809038
0.0017678738
0.0011720657
0.00094783306
0.0005187988
0.00039625168
0.0012123585
0.0012466908
0.0018048286
0.0015280247
0.00090253353
0.0010201931
0.0010488033
0.0019011497
0.000543952
0.0004119873
0.0011578798
0.00047051907
0.0014696121
0.00020837784
0.0002490282
0.001062274
0.0004028082
0.0008894205
0.0009714365
0.0011837482
0.0009047985
3.7312508e-05
0.0010647774
0.00025749207
0.00062549114
0.0014958382
0.00072979927
0.001842022
0.0012613535
0.001521945
0.00045228004
0.0016955137
0.0006648302
0.0019248724
0.0004862547
0.0011099577
0.0012266636
0.00010931492
0.00043594837
0.00096154213
0.00033962727
0.0011888742
0.0001809597
0.0013650656
0.00040102005
0.003029704
0.0008735657
0.0012793541
6.830692e-05
0.0014337301
0.0013911724
0.0015668869
0.0013891459
0.0008920431
0.0007570982
0.0014859438
0.0018806458
0.0019365549
0.0019276142
0.00029706955
0.0013320446
0.00086045265
0.00091969967
0.0018367767
0.0018289089
0.0005927086
0.001671195
0.001196146
0.002131343
0.00025427341
0.0011928082
0.00064122677
0.0004081726
0.0017250776
0.0010572672
0.0016989708
0.0014570951
0.0015571117
0.001126051
0.0009133816
0.0019270182
0.0010360479
0.0005413294
0.001039505
0.001347661
0.00081014633
0.0016363859
0.0009019375
0.00014197826
0.0008407831
0.0013918877
8.368492e-05
0.0015799999
0.0028789043
0.0011883974
0.0020827055
0.0011069775
0.0020195246
0.00079774857
0.0017762184
0.00034224987
0.0013355017
0.0008581877
0.0018472672
0.0008403063
0.0014147758
0.0005995035
0.00026118755
0.0016040802
0.00030565262
0.00042688847
0.0003244877
0.001737833
0.0003324747
0.0013028383
0.0014561415
0.00082314014
0.0012053251
0.0010383129
0.0010579824
0.001301527
0.0006221533
0.00034427643
0.0018342733
0.001986146
0.0013306141
0.0020416975
0.0019376278
0.00044250488
0.0022758245
0.0007671118
0.001485467
0.0020586252
0.00090813637
0.002275467
0.00021481514
0.001455307
0.0015032291
0.0010858774
0.0013186932
0.0010697842
0.00091421604
0.0007830858
0.0022437572
0.0013654232
0.0017147064
0.001635313
0.0016233921
0.00044250488
0.0015515089
0.00049591064
0.001062274
9.655952e-06
0.0014865398
0.0013839006
0.0009276867
0.00192976
0.0020375252
0.0018358231
0.001844883
0.0011308193
0.0013663769
0.0014754534
9.2983246e-05
0.0013241768
0.0013445616
0.0011436939
0.0008994341
0.001527071
0.0014358759
0.0019288063
0.0012061596
0.0017982721
0.0015872717
0.0016471148
0.00058078766
0.0022226572
0.0021654367
0.00095653534
0.00122118
0.0012127161
0.0014191866
0.0014336109
0.001627326
0.00028693676
0.001110673
0.0007041693
0.0013842583
0.0012061596
0.0022010803
0.0010917187
0.0010514259
0.00085282326
0.0009368658
0.0011534691
0.00020194054
0.0001629591
0.000374794
0.0007252693
0.00017106533
0.00050485134
0.001403451
0.0014280081
0.0007984638
0.00039625168
0.0019555092
0.0012552738
0.0016015768
0.0010095835
0.0009087324
0.0020099878
0.0016342402
0.00024354458
0.00025737286
0.0005553961
0.0017894506
0.0009589195
0.0005803108
0.0008587837
0.001388073
0.0006389618
0.0014123917
0.0007381439
0.0011757612
0.0005607605
0.0010324717
0.0017248392
0.00167346
0.0021102428
0.00045371056
0.00052559376
0.0016561747
0.0010678768
0.0012403727
0.00020086765
0.0020394325
0.00053322315
0.0019944906
0.0009253025
0.0005835295
1.7285347e-05
0.0015940666
0.00059974194
0.0021973848
0.0011738539
0.0012214184
0.0018386841
0.0017564297
0.00055646896
0.00033652782
0.0008081198
0.00077331066
0.0015734434
0.002068162
0.0011188984
0.0011401176
0.0014965534
0.0019497871
0.0003631115
0.0012345314
0.0012130737
0.0015209913
6.723404e-05
0.0016105175
0.0013448
0.0008852482
0.0009875298
0.0018248558
5.364418e-06
0.001570344
0.00064349174
0.0011464357
0.0021079779
0.0002695322
0.0005825758
0.0026650429
0.00024044514
0.00010895729
0.0006196499
0.00040113926
0.00093615055
5.1617622e-05
0.0007084608
0.00058579445
0.00078547
0.0016521215
0.00041425228
0.00035333633
0.0009952784
0.0011988878
0.0005453825
0.0020859241
0.0014033318
0.002026558
0.00124228
0.00044691563
0.0019557476
0.00014853477
0.000841856
0.000103354454
0.0006097555
0.00013065338
0.0012509823
0.0013717413
0.00013065338
0.0016174316
0.002060771
0.0012264252
0.0017880201
0.0011907816
0.0012319088
0.0002645254
0.0014407635
0.001363039
0.0004208088
0.00050902367
0.0019459724
0.00036740303
0.0015872717
0.0007184744
0.00043559074
0.0011726618
0.0010946989
0.0017617941
0.001593709
0.0005260706
0.0002771616
0.0011370182
0.0019199848
0.0012902021
0.0014470816
0.00044250488
0.0017402172
0.0002450943
0.00013709068
0.0010448694
0.0016429424
0.0011674166
0.0009391308
0.0010143518
0.0014065504
0.0009841919
0.0005171299
0.0015865564
0.0009315014
0.0010091066
0.0014734268
0.0017850399
0.0021387339
0.0011794567
0.0015670061
0.0013922453
0.0016685724
0.00022864342
0.0014351606
0.00023031235
0.0021190643
0.0015473366
0.0011091232

0.0010613203
0.0010414124
0.00082445145
0.0002990961
0.0006161928
0.00026643276
0.0009845495
0.0018976927
0.0011099577
0.0011379719
0.00057661533
0.00032699108
0.0013352633
0.00033128262
0.0011013746
0.0016306639
0.0012401342
0.0012205839
0.0018810034
0.0009844303
0.0010318756
0.0019119978
0.0006914139
0.0006984472
0.0011537075
0.0022902489
0.00054335594
0.00052440166
0.0015774965
0.0013186932
0.000644207
0.0004131794
0.0019145012
0.0005671978
0.0019651651
0.0013369322
0.00016832352
0.00074636936
0.0013841391
0.0010788441
0.0006303787
0.00064492226
0.0017538071
0.00048601627
0.0020405054
0.0016649961
0.0004950762
0.0011211634
0.000715971
0.0012762547
0.00037133694
0.0014636517
0.00087308884
0.0019408464
0.001721859
0.0014549494
0.0013053417
0.0014013052
0.0011022091
0.0015078783
0.001201272
0.0014326572
0.0012477636
0.00040459633
0.00010895729
0.00043082237
0.0011861324
0.0015807152
7.224083e-05
0.0002553463
0.0006585121
0.0002501011
0.0013176203
0.0007536411
0.0017360449
0.0015254021
0.0012745857
0.0012247562
0.0014892817
0.0015701056
0.0004582405
0.0013105869
0.0007163286
0.0014113188
0.00086283684
0.00047934055
0.0012460947
0.0010386705
0.00062322617
0.0010492802
0.0002989769
0.0014520884
0.0010282993
0.0021942854
0.0032572746
0.001511693
0.0010672808
0.0008351803
0.001070857
0.0014688969
0.0013371706
0.0011487007
0.00089633465
0.0014864206
0.0019180775
0.0009274483
0.002295971
0.0012956858
0.0013366938
0.0013659
0.001062274
0.001018405
0.0011101961
0.00027894974
0.0018825531
0.0011857748
0.0008741617
0.002182126
0.00095653534
0.0003476143
0.00035440922
0.0010818243
0.0006893873
0.00067329407
0.0018197298
0.0017170906
0.0015172958
0.0008237362
0.0021430254
0.0014401674
0.0011978149
0.00094008446
0.0011457205
0.0017137527
0.0015736818
0.00096189976
0.0014336109
0.000756979
0.0007096529
0.0012899637
0.0023777485
0.00057399273
0.0015728474
0.0014246702
0.00086581707
0.001709938
0.00062966347
0.0010790825
0.00169456
0.0007390976
0.0011829138
0.00043344498
0.0030831099
0.0009772778
0.0015707016
0.00095677376
0.0011607409
0.0012886524
0.0006248951
0.0010049343
0.0019134283
0.00056040287
0.0017637014
0.0017235279
0.0009099245
0.0013067722
0.0008267164
0.00013911724
0.00080251694
0.0009995699
0.0014392138
0.00019788742
0.0014606714
0.0001270771
0.0021358728
0.0014761686
0.00075650215
0.0004645586
0.000772357
0.0020780563
0.0013003349
0.0014145374
0.0010502338
0.0013056993
0.0012302399
0.0010243654
0.0002514124
0.0010764599
0.0006046295
0.0018327236
0.0011982918
0.0013087988
0.00069987774
0.0011411905
0.00076568127
0.0010775328
0.0008801222
0.001231432
0.0018527508
0.00015556812
0.0013350248
0.0015025139
0.0012075901
0.0012718439
0.0009276867
0.0023573637
0.0013514757
0.0019350052
0.0021082163
0.0013916492
0.0012128353
0.0002951622
0.0003964901
0.0014542341
0.00057530403
0.0010730028
0.0009458065
0.001227498
0.0017951727
0.001385808
0.0008394718
0.001116395
0.0005686283
0.0010756254
0.0016102791
0.0013571978
0.0002669096
0.00083220005
0.001514554
0.0009776354
0.0014925003
0.0008379221
0.0003786087
0.0002837181
0.0009634495
0.0014300346
0.00050354004
0.0013910532
0.0009354353
0.0018492937
0.0015492439
0.00062930584
0.0012587309
0.0010319948
0.00031280518
0.0014007092
0.00077700615
0.00092196465
0.0017207861
0.0015617609
0.0012266636
0.0012276173
0.00047194958
0.0009562969
0.0010215044
0.0019462109
0.0010582209
0.0013682842
0.0004235506
0.0020138025
0.00065910816
0.001185894
7.3194504e-05
0.0014106035
0.00029861927
0.0022858381
0.0032565594
0.0004515648
0.00086033344
0.0012573004
0.0014504194
0.0010639429
0.00027692318
0.0012619495
0.0019335747
0.00086796284
0.00035881996
0.0013642311
0.0012260675
0.0012646914
0.0008317232
0.0012224913
0.0015220642
0.0006508827
0.0012698174
0.0008792877
0.0012302399
0.00026714802
0.000161767
0.001603961
0.00089097023
0.0003093481
0.0012110472
0.00020766258
0.00061893463
0.0003899336
0.0014536381
0.00030899048
0.0006753206
0.00030350685
0.0015653372
0.0013741255
0.0011167526
0.0019768476
0.0013406277
0.00060248375
0.00091278553
0.0003157854
0.0006008148
0.0023288727
0.0013923645
0.0013250113
0.0011889935
0.0005515814
0.0004156828
0.0007299185
0.0016738176
0.00096440315
0.0011324883
0.0028527975
0.0005836487
0.00029420853
0.00075531006
0.0005582571
0.00095808506
4.8160553e-05
0.00093102455
0.0018194914
0.0012619495
0.00012862682
0.00202322
0.0014938116
0.00093114376
0.00047028065
0.0008753538
0.0010757446
0.0019340515
0.0012520552
0.00065898895
0.0007098913
0.0008559227
0.0005002022
0.0020685196
0.0008611679
0.0012689829
0.00086557865
0.0012148619
0.0018877983
0.0010613203
0.0017105341
0.0012487173
0.0011463165
0.0022209883
0.0003066063
0.00068211555
0.0017894506
0.00027155876
0.0018633604
0.0015047789
0.00093460083
0.0013546944
0.0014923811
0.00087475777
0.00095164776
0.0017875433
0.00075376034
0.0021152496
0.0013890266
0.0008904934
0.001526475
0.00057816505
0.0014129877
0.0017787218
0.0010788441
0.0013298988
0.0015971661
0.00072336197
0.0011298656
0.00013399124
3.0994415e-06
0.0008434057
0.001067996
0.00074982643
0.0013567209
0.0011708736
0.00039970875
0.00038957596
0.0017986298
0.000870347
0.000959754
0.0013096333
0.00045359135
0.0012094975
0.0010551214
0.00025081635
0.0010412931
0.00055646896
0.0016847849
0.00047457218
0.0013264418
0.0017863512
0.0012539625
0.0023823977
0.001699686
0.0012458563
0.0012925863
0.0004761219
0.0012404919
0.0011849403
0.001175642
0.0016450882
0.00027132034
0.0017384291
0.0007429123
0.0018934011
0.0015952587
0.00050866604
0.0014500618
0.00028014183
0.0012431145
0.0017940998
0.0018203259
0.0006315708
0.0013405085
0.00030338764
0.0006581545
0.0008368492
0.0024724007
0.00038528442
0.0013898611
0.0013848543
0.0007660389
0.0006057024
0.0014151335
0.0013366938
0.0016860962
1.0251999e-05
0.0019339323
0.001393795
0.001557827
0.0019789934
0.0015590191
0.0016956329
0.00059843063
0.0023924112
0.00023388863
0.0012165308
0.0004775524
0.000821352
0.000197649
0.0018815994
0.00083088875
0.0006132126
0.00060868263
0.0020239353
0.0009922981
0.0017755032
0.0007535219
0.0009713173
0.0010710955
0.0018904209
0.0015795231
3.9815903e-05
0.0020189285
0.0011794567
0.00032496452
0.0011364222
0.0015705824
0.00062549114
0.0005007982
0.0010775328
0.0002257824
0.0008087158
0.0006225109
0.0019779205
0.0010855198
0.0015499592
0.00039851665
0.0017477274
0.0012875795
0.0016283989
0.0015119314
0.00058305264
0.00220263
0.0008788109
0.0019350052
0.000854373
0.0014730692
0.0003349781
8.201599e-05
0.001709938
0.0009536743
0.001046896
0.0012214184
0.0013908148
0.0014867783
0.0010992289
0.0014157295
0.000754714
0.00027775764
0.0018874407
0.0023665428
0.0015550852
0.00075531006
0.0012665987
0.0016018152
0.0007072687
0.0010524988
0.0013750792
0.0022740364
0.00040638447
0.001183629

0.00063598156
0.0020730495
0.0043382645
0.0009710789
0.0012341738
4.3034554e-05
0.00067579746
0.0029695034
0.0006657839
0.0022354126
0.0003912449
0.001172185
0.0005004406
0.00029861927
0.0020462275
0.0060118437
0.000880599
0.001638174
0.000528574
0.0010106564
0.00301826
0.00076436996
0.0014089346
-3.0994415e-05
0.00073361397
0.00126338
0.0010341406
0.0008234978
0.0013824701
0.0027440786
0.00030231476
0.00022161007
0.0024491549
0.0012426376
0.0028934479
0.0003849268
0.0002516508
0.0021517277
0.0011153221
0.0011975765
0.00070238113
0.0004708767
0.0028328896
0.00034475327
0.0024899244
0.00089609623
0.00048577785
0.0020473003
0.0013757944
0.0013666153
0.0012952089
0.003916502
0.0027393103
0.004408121
0.00080537796
0.00074481964
0.0003695488
0.00019073486
0.00042200089
0.00010764599
0.0001989603
0.0014306307
0.0022283792
9.417534e-05
0.000744462
0.00036501884
0.002445221
0.00023174286
0.0005056858
0.00079774857
0.0004528761
0.0016578436
0.00075495243
0.0013157129
0.00024676323
0.0012341738
0.0001783371
0.00068068504
0.0023678541
0.0015444756
0.00030493736
1.0371208e-05
0.0005155802
0.0011223555
0.0020337105
0.0004749298
0.00014007092
0.0005823374
0.0012636185
0.00080764294
0.0026040077
0.00036096573
0.00088882446
0.00014293194
0.001785636
0.00149405
0.002014041
0.0014426708
0.0013072491
0.0010479689
0.001257062
0.00042033195
0.0037977695
0.0016725063
0.0017468929
0.0009288788
0.00031745434
0.0006377697
0.000177145
0.00031495094
0.0007317066
0.002737999
2.7656555e-05
0.001619935
9.536743e-05
0.0005123615
0.00030446053
0.00073599815
0.00043272972
0.0011223555
0.0013359785
0.000721097
0.0010141134
0.000564456
0.00082850456
0.0034577847
0.0029842854
0.00057172775
0.0015326738
0.003340602
0.0004247427
0.0021002293
0.004159212
0.0021272898
0.0031926632
0.0010211468
0.00078976154
0.00013673306
0.002039194
0.0028755665
5.6028366e-05
0.0020022392
0.0021520853
0.00091362
0.0005981922
0.0008686781
0.0009344816
0.0006389618
0.001742363
0.001154542
0.0005545616
0.0008786917
0.00018000603
0.00069499016
0.00036501884
0.00042283535
0.00017011166
0.0006533861
0.0007485151
0.0028514862
0.0006662607
0.00019693375
0.001935482
0.0011066198
0.0018094778
0.00039744377
0.0034971237
0.0017356873
0.0023151636
0.00085031986
8.7976456e-05
0.0006580353
0.0005406141
0.0007046461
0.0005289316
0.0008614063
0.0008453131
0.0018379688
0.0006387234
0.0028436184
0.0019854307
0.0009137392
0.0012302399
0.0008741617
0.00026106834
0.0012105703
0.0014984608
0.0004799366
0.001586318
0.00043547153
0.0009801388
0.00051140785
0.0011742115
0.000857234
0.0012423992
0.00043332577
0.00027680397
0.00012099743
0.0012782812
0.0015133619
0.00042283535
0.0006939173
0.00072836876
0.0017865896
0.0001887083
0.00035870075
0.0005379915
0.001003623
0.00088846684
0.001527667
0.0022462606
0.0003862381
0.0005797148
0.0002259016
0.001077652
0.00062549114
0.0003297329
0.00029850006
7.6293945e-06
0.0017472506
0.00076150894
0.00090169907
0.00033128262
0.00084877014
0.0015439987
0.0009819269
0.0011485815
0.0028694868
0.0004913807
0.0015306473
0.0024511814
0.00047159195
0.00040900707
0.0007902384
0.0007811785
0.00044584274
0.0030810833
0.0010941029
0.0003412962
0.0021146536
0.0008453131
0.0004942417
0.0013605356
0.00021088123
0.0004720688
0.00050854683
0.0006864071
0.00023341179
0.0017049313
0.001822114
0.0012363195
0.00049221516
0.00064206123
0.000669837
0.00062441826
0.00044882298
0.0016236305
0.0005338192
0.00027418137
0.0011546612
0.00064110756
0.00037288666
0.0029249191
0.00088465214
0.00015044212
0.00071167946
0.0015488863
0.00047898293
0.00019037724
0.0005351305
0.00074887276
0.00079107285
0.0012667179
0.0033762455
0.00042653084
0.00020420551
0.001416564
0.0006117821
0.0011583567
0.00028431416
0.0020259619
0.0019550323
0.0010204315
0.00068831444
0.0019536018
0.00013148785
0.001680851
0.00022745132
0.0008714199
0.00045514107
0.00033926964
0.004257202
0.0021451712
0.0010186434
0.00011897087
0.0006623268
0.0033003092
0.00015604496
0.00111866
0.0027889013
0.000104784966
0.00086021423
0.00066280365
0.00024151802
0.00056004524
0.0002310276
0.0017108917
0.0034999847
0.0005671978
0.00019359589
0.0013502836
0.0009968281
0.0005661249
0.0019385815
0.0001052618
0.00094628334
0.00185287
0.00043272972
0.0007662773
0.0008869171
0.00026738644
0.0004968643
0.00043034554
0.00019538403
0.0013530254
0.0005391836
0.002129078
0.0012341738
0.0014679432
0.0011605024
0.0018290281
0.00013494492
0.00087845325
0.00025177002
0.00046122074
0.000846982
0.0008369684
0.0009446144
0.0004056692
0.0002757311
0.0024291277
0.0007086992
0.0022045374
0.00046873093
0.0009781122
0.0014492273
0.00015723705
0.0017515421
0.0007505417
0.00063061714
0.0006849766
0.0001629591
0.001466155
0.0049413443
0.00076019764
0.00016880035
0.0011695623
0.0017172098
0.00031757355
0.00088477135
0.00020718575
0.0017018318
0.001836896
0.0042055845
0.0042027235
0.0004775524
0.0008943081
8.893013e-05
0.0009816885
0.0034480095
0.0010451078
0.00040507317
0.00013697147
0.0003336668
0.0026351213
0.0005155802
0.00056660175
0.002227068
0.00053465366
0.0014345646
0.001963973
0.0010864735
0.00028812885
0.0014013052
0.0002632141
0.0005810261
0.0015053749
0.0018271208
0.001170516
0.0015069246
0.000118255615
0.0005788803
0.0006465912
0.00037682056
0.0022813082
0.0007647276
0.0003451109
0.0017590523
0.000103354454
0.0015645027
0.00114429
0.0013291836
0.0006978512
0.002435565
0.0023030043
0.0005168915
0.0007647276
0.00033950806
0.0006389618
0.00080382824
0.0017652512
0.0009899139
0.0010573864
0.0018976927
0.0012292862
0.0013179779
0.0004775524
0.00013589859
8.559227e-05
0.0021710396
0.00026750565
0.0014392138
0.0023486614
0.0028446913
0.0018827915
0.0017716885
0.00067186356
0.002090454
0.00059628487
0.00093722343
0.000633955
0.00036680698
0.0010969639
0.0030798912
0.00052809715
0.001075387
0.0012459755
0.00046741962
0.0009037256
0.0005931854
0.0024192333
0.0014141798
0.0016537905
0.0029335022
0.0010559559
6.3180923e-06
0.0013139248
0.000992775
0.000636816
0.0015861988
0.000947237
0.0020805597
0.0007133484
0.001557231
0.0007047653
0.00038206577
0.0017439127
0.0010310411
0.002670288
0.0009008646
0.00038921833
0.0016995668
0.00051677227
0.000744462
0.000101566315
7.05719e-05
0.00068724155
0.0015536547
0.0011246204
0.0018953085
0.001175046
0.00058436394
0.0017437935
0.002959013
0.0012046099
0.0013904572
0.0010397434
0.0014679432
0.00081050396
0.00025689602
0.00033259392
0.0014312267
0.0006971359
0.0010223389
0.0007338524
0.0007227659
0.0013289452
0.0010159016
0.00036787987
0.0007702112
0.0002938509
0.0011301041
0.00046122074
0.0022900105
0.00086534023
0.00029206276
0.0008819103
0.00083196163
0.00071668625
0.00019299984
0.0009007454
0.0012602806
0.00079381466
0.00073599815
0.0029562712
0.00025892258
0.00020265579
0.0004569292
0.0010445118
0.0007584095
0.0016947985
0.0029968023

0.00032269955
0.0008877516
0.000108361244
0.002652645
0.0015255213
0.00024843216
0.0017806292
0.0004478693
1.1920929e-07
0.0008279085
0.001803875
7.367134e-05
0.00017368793
0.00038015842
0.0007890463
9.691715e-05
0.00042939186
0.0007904768
0.0021908283
0.000118255615
0.00089788437
0.00037443638
0.000908494
0.0005592108
0.00043451786
0.00033187866
0.0009717941
3.4213066e-05
0.0028592348
0.00074899197
0.0010040998
0.0011427402
-1.6331673e-05
0.0013085604
0.00044894218
0.0003323555
0.0017490387
0.0016325712
0.0008075237
0.00069606304
0.00017094612
0.0005904436
0.0012116432
0.00034868717
0.00053071976
0.00022757053
0.00048208237
0.00018119812
0.0020811558
0.00078594685
0.00054323673
0.0023430586
0.00034070015
0.00080156326
0.0006377697
0.00015413761
0.0004937649
0.0023217201
0.0013186932
0.0021541119
0.00091421604
0.002442956
0.0013645887
0.0011236668
0.002608776
-5.722046e-06
0.00047016144
0.0018527508
0.0010796785
0.0025695562
0.0013515949
0.00011587143
0.0013592243
0.000952363
0.0007728338
0.0013188124
0.000108003616
0.0011720657
0.0013332367
3.0994415e-06
0.004591465
0.0007148981
0.000341177
0.0015530586
0.00022804737
4.4703484e-05
0.00014662743
0.0015559196
0.00033128262
0.0016518831
0.0008261204
0.00075626373
0.0005135536
0.0010643005
0.0007505417
0.0016397238
0.0020029545
0.0019468069
0.0005531311
9.6559525e-05
0.0019235611
0.0021140575
0.0008056164
0.0008084774
0.00021338463
0.000656724
0.0007606745
0.0014052391
0.0013571978
6.878376e-05
0.00016736984
0.0015512705
0.0010905266
0.00059735775
0.0006030798
0.00015985966
0.0008276701
0.00075507164
0.0011434555
3.4332275e-05
0.0015722513
0.0021539927
0.0012583733
0.0001155138
1.5974045e-05
0.0015070438
0.0022693872
0.0010114908
0.0019035339
0.0033352375
0.003974676
0.00095283985
0.0019176006
0.00012814999
0.00023710728
0.0020686388
0.0006376505
0.0012682676
0.00064885616
0.0012518167
0.0014345646
0.0015951395
0.00074744225
0.0015534163
0.0007749796
0.0001707077
0.0024065971
0.0006312132
0.00059115887
0.0009213686
0.00011086464
0.0013087988
0.0010427237
0.0006108284
0.002535224
0.0006092787
0.0016776323
0.00018465519
0.0013830662
0.0011080503
0.00057053566
0.00012791157
0.00057280064
0.0018465519
0.00022351742
0.0018333197
0.0003476143
0.0009926558
0.0049231052
0.00030755997
0.0019974709
0.0006855726
0.0033797026
0.0006457567
0.0029792786
0.0010849237
0.0037314892
0.0010899305
0.0029881
0.0028537512
0.0012738705
0.0005271435
0.0043212175
0.0007661581
0.0026189089
0.0007265806
0.002011776
0.0013283491
0.0019432306
0.0013170242
3.4570694e-06
2.0742416e-05
0.00014138222
0.0019983053
0.00058555603
0.00033295155
0.00042629242
0.0012434721
0.00077700615
0.0009431839
0.00032675266
0.00051140785
0.00013446808
0.0032446384
0.00061774254
0.0011212826
0.0010900497
0.0013080835
0.0011224747
0.0013563633
8.821487e-06
0.00020647049
0.0016502142
0.0020496845
0.0011861324
0.00088071823
0.001213789
0.00060522556
0.00111866
0.0001821518
0.0027006865
0.0017117262
0.0021919012
0.0002861023
0.00032520294
0.0027418137
0.0010558367
6.6161156e-05
0.0002360344
0.00057041645
0.0016486645
0.00072932243
0.0018469095
0.00076818466
0.0008466244
0.00019466877
0.00072157383
0.00051891804
0.00064611435
0.0050287247
0.00078463554
0.002252698
0.0007632971
0.0012902021
0.0025357008
0.0015727282
0.0009838343
0.00244987
0.0028036833
0.00039112568
0.001960516
0.0023361444
0.003105402
0.0014554262
0.0016390085
0.0011669397
0.0017360449
0.0009893179
0.0017015934
5.018711e-05
0.0021430254
4.529953e-05
0.00066399574
0.0017715693
0.00018596649
0.00013649464
0.0019609928
0.0020523071
0.0008339882
0.00012731552
0.0017852783
0.00092446804
0.00022566319
0.0005495548
0.00014638901
0.0028078556
0.0017412901
0.00012242794
0.0012073517
0.0012500286
0.0013091564
0.0014790297
0.0012756586
1.5258789e-05
0.00082314014
0.0019042492
0.0019476414
0.0004618168
0.0002323389
0.0003926754
0.00025558472
0.0020387173
0.001834631
0.0029227734
0.0011508465
0.000223279
0.0004246235
0.000318408
0.0014221668
0.00060653687
0.0006147623
0.0007609129
0.00034677982
0.0006631613
0.00033688545
0.00084495544
0.0011129379
4.005432e-05
0.00026142597
2.360344e-05
0.00080895424
0.0013539791
0.0004427433
0.00054848194
0.0019258261
0.000108361244
2.7179718e-05
0.0014914274
0.0017523766
9.429455e-05
0.0036172867
0.00012934208
0.0004439354
0.00034582615
0.0018455982
0.0014333725
8.165836e-05
0.00055372715
0.0021412373
0.002092123
0.0015798807
0.00014412403
0.0034601688
0.0017130375
0.00044107437
4.863739e-05
4.208088e-05
0.0013110638
0.0018289089
0.0011508465
0.002020955
0.00089764595
0.0014945269
0.0012735128
0.00077569485
0.0010017157
0.002500534
0.00023055077
0.0015403032
0.0023488998
0.0028233528
0.0020407438
4.172325e-06
0.00088465214
0.0022121668
0.000872612
0.0029034615
0.0020405054
0.0003913641
0.00018525124
0.0003887415
0.0014609098
0.00071823597
0.0010378361
0.0008639097
0.0004913807
0.0010792017
0.00011730194
0.0031546354
0.0006711483
0.00033175945
0.0020948648
0.0006840229
0.0039947033
0.0005841255
1.2397766e-05
0.003058076
0.00021398067
7.1406364e-05
0.00018692017
0.0014935732
0.0006285906
0.0007017851
0.0013896227
0.0015770197
0.0014101267
0.0003017187
0.00043964386
0.0002515316
0.0023577213
0.0012575388
0.0010133982
0.002041459
0.0033552647
0.0020384789
0.001765728
0.0014127493
0.0007022619
0.0030623674
0.00012719631
0.0011518002
0.00039863586
0.0012651682
-1.4305115e-06
0.0004221201
0.00090801716
0.0028835535
0.0023896694
0.0003809929
0.00040590763
8.4638596e-05
0.0014967918
0.00013959408
0.00045478344
0.00059616566
0.0001077652
0.0013772249
0.0005977154
5.6385994e-05
0.0016194582
0.0011126995
0.002256751
0.0017030239
0.0
0.0012153387
0.00083982944
0.00021648407
0.00065004826
0.00051152706
0.0007081032
0.0007432699
0.0010141134
0.0015381575
0.00069367886
6.878376e-05
0.0015938282
0.0027791262
0.0046133995
0.0015347004
0.0008559227
0.0011297464
0.0005633831
0.0004504919
0.0009551048
0.0002439022
0.0012317896
0.0012611151
0.0026094913
0.0028922558
0.0046277046
0.0030543804
0.00043272972
0.00032413006
0.0008265972
0.0010824203
0.00097453594
0.0005791187
0.002019167
0.0014351606
0.0018180609
0.0012863874
0.0017621517
0.0019450188
0.0015102625
-1.0728836e-06
0.001889348
3.9696693e-05
0.00068593025
0.0009573698
8.952618e-05
0.0027891397
0.0044338703
0.00021743774
0.0006377697
0.00097453594
0.0005418062
0.00088846684
0.0012538433
0.002003312
0.00095152855
0.0001847744
0.00025999546
0.0014050007
0.00036609173
0.0007557869
0.0019009113
0.0011298656
0.0007696152
0.0017176867
0.0032464266
0.0008786917
0.004121423
0.0020918846
0.00048971176
0.00097215176
0.0006992817
0.00016403198
0.0005142689
0.0016787052
0.001005888
0.0012093782
0.0007786751
0.0012805462
0.0008671284
0.0022691488
1.1920929e-06
0.0016931295
0.0026448965
0.00065398216
0.00022494793
0.00012648106
0.0013661385

0.00018429756
0.000952363
0.0013085604
0.00039553642
0.0033528805
0.0021549463
0.00078833103
0.0012972355
0.0019458532
0.0019456148
0.00020694733
0.001481533
0.0027358532
-1.7881393e-06
0.00032126904
0.0012354851
0.0008713007
0.00040197372
0.0014499426
0.0017073154
0.0018091202
0.0010678768
0.0005851984
0.001008153
0.001398921
0.00080931187
0.00060248375
0.00023531914
0.0017932653
4.4465065e-05
0.0011764765
0.0013160706
0.0014593601
0.0007240772
0.001775384
0.0009890795
0.00087344646
0.001650095
0.0023357868
0.0008354187
0.0013192892
0.0023202896
0.00026893616
0.00028288364
0.00072693825
0.0026544333
0.0024267435
0.0007624626
0.0008420944
0.002830267
0.0020799637
0.0003720522
0.0006644726
0.000739336
0.00060606
0.001087904
0.00012624264
0.0013121367
0.0012677908
0.0009608269
0.00068604946
0.0016695261
0.0014548302
7.545948e-05
0.00020503998
0.0008547306
0.0011008978
0.0009969473
0.0008665323
9.870529e-05
0.0014133453
0.0020564795
0.0007534027
0.0014725924
0.0013542175
0.003924608
0.0011308193
0.0006302595
0.0014092922
0.0009338856
0.001036644
0.000808239
0.0014518499
0.000543952
0.0011318922
0.0016393661
0.0016479492
0.002922535
0.00040507317
0.0018661022
0.0020859241
0.00061154366
0.0015089512
0.0007390976
0.0012465715
0.00014662743
0.0017544031
0.0026563406
0.0007703304
0.00050485134
0.00022029877
0.0007392168
0.0010496378
0.0012665987
0.001560688
0.0011628866
0.0015478134
0.0020207167
0.0022181273
0.0010933876
0.00043559074
0.0007631779
0.0007253885
0.00022852421
0.0012592077
0.0013679266
0.001452446
0.001655221
0.0013256073
5.6743622e-05
0.0013564825
0.00033557415
9.3340874e-05
0.0007683039
5.00679e-06
0.00067329407
0.0002156496
0.0017043352
0.0028746128
0.0012131929
0.00041651726
0.00033807755
0.0008434057
0.002901435
6.353855e-05
0.0018618107
0.002147913
0.00053584576
0.0019272566
0.0018960238
0.0016402006
0.0011283159
0.00080919266
0.00076043606
0.00095403194
0.0006710291
0.000626564
0.0007493496
0.0019636154
0.00116992
0.00076568127
0.0031317472
0.0016773939
0.0003181696
0.0009663105
0.0016280413
0.00096309185
0.0010467768
0.0014605522
0.0021163225
0.0015435219
0.0016182661
0.00061059
0.00024604797
0.0016274452
0.00078213215
0.0009585619
0.00066673756
0.0014845133
0.00026595592
0.0012499094
0.0027946234
0.0010496378
0.0009200573
0.0017848015
0.00057661533
0.0008497238
0.0015289783
5.7816505e-05
0.0011610985
0.00097608566
0.0013229847
0.0003556013
0.0008699894
0.00080418587
0.0019772053
0.0015692711
0.0006502867
0.0017845631
0.0013424158
0.0031670332
0.0004413128
0.0025537014
0.0013685226
0.0018543005
0.0013883114
0.0011312962
0.0018345118
0.0012687445
0.0010187626
0.0024307966
0.0039044619
0.0023200512
0.0020409822
0.0003181696
0.000918746
0.0006068945
0.00085389614
0.00134027
0.0012608767
0.0017963648
0.0012243986
0.0014762878
0.0009045601
0.00063049793
0.0010031462
0.0009214878
0.0009949207
0.00089144707
0.00016343594
0.00068604946
0.0013313293
0.001287818
0.0007328987
0.0011914968
1.013279e-05
0.0004605055
0.0015625954
0.0014266968
0.0006148815
0.00071275234
0.001794219
0.00086808205
3.5762787e-07
0.0003578663
0.0005683899
0.00030255318
0.00035572052
0.0017071962
0.0001373291
0.0017244816
0.0019389391
0.002697587
0.0011571646
0.00047278404
0.00309968
0.00048935413
0.0014383793
0.001536727
0.00044345856
0.0019946098
0.0008405447
0.0005379915
0.0013068914
0.0012435913
0.0013638735
0.0011616945
0.00085401535
0.0014046431
0.001573801
0.00092720985
0.0010844469
0.0005427599
0.0005068779
0.0013555288
0.0016869307
0.002064705
0.0011882782
0.0019176006
0.00073862076
0.000805974
0.00019168854
0.0007849932
0.0015238523
0.0015530586
0.0015194416
0.0010011196
0.001183629
0.0015963316
0.0011262894
0.0006802082
0.0009913445
0.0021027327
0.00090134144
0.0003196001
0.0011117458
0.0008240938
0.0007727146
0.0003992319
0.00061011314
0.000528574
0.00014078617
0.0004156828
0.0011491776
0.0017658472
0.0008530617
0.001588583
0.001350522
0.0008006096
-3.5762787e-06
0.0007055998
0.00034034252
2.1338463e-05
0.0010328293
0.0013446808
0.00035321712
0.0022540092
0.0013997555
0.001763463
0.0021460056
0.0008610487
9.715557e-05
0.0006002188
0.00025463104
0.0022084713
0.0016036034
0.0007801056
0.001262188
7.1525574e-07
9.608269e-05
0.0019285679
-7.1525574e-07
0.000318408
0.0005337
0.0011045933
0.0008081198
0.002113223
0.0007144213
0.0007736683
0.002236724
0.0017142296
0.0011113882
0.0006363392
0.0008108616
0.0013694763
0.0026687384
0.0030578375
0.00094401836
0.000947237
0.0026923418
0.0017542839
0.0017067194
0.0017348528
0.001170516
0.0009771585
0.0018393993
0.0011166334
0.0013597012
0.0006804466
0.0014812946
0.000233531
0.00038182735
0.00041556358
0.0008145571
0.0012283325
0.00011253357
0.0020799637
2.503395e-06
0.00084388256
0.0011248589
0.00019681454
0.0023936033
0.00027155876
0.00072932243
0.000115156174
0.00082170963
0.0012292862
0.0004335642
0.0012098551
0.0014568567
0.0012022257
0.00042533875
0.0010973215
0.00022768974
0.0015470982
0.00033175945
0.00024688244
0.0008928776
1.5497208e-06
0.0015033484
0.00060749054
0.001375556
0.00089395046
0.0014145374
0.00065016747
0.0004056692
0.0014207363
0.0011684895
3.9100647e-05
6.9499016e-05
0.0018082857
0.0017720461
0.00060892105
0.0002143383
0.0013824701
0.0016072989
0.0011689663
0.0027319193
4.3153763e-05
0.00012135506
0.0011678934
0.0005277395
0.0019054413
0.002094984
3.3140182e-05
0.0013371706
0.0027321577
0.00019311905
0.0006555319
0.0010797977
0.0009331703
0.0021060705
0.0013087988
0.0011358261
0.0012075901
0.0014220476
0.00061655045
0.0003669262
0.001273036
0.001715064
0.0014784336
0.0018103123
0.00075984
0.001209259
0.00074732304
0.0018076897
0.0014234781
0.0022678375
0.0012611151
0.0016200542
0.000777483
0.0024360418
0.0028258562
0.00070023537
0.00089502335
0.0027934313
0.0003004074
0.0013828278
0.0012171268
4.720688e-05
0.00065767765
0.0018225908
0.0024791956
0.0003926754
0.0020962954
1.7881393e-06
0.0011183023
0.0017280579
0.0044021606
0.0003671646
0.00026512146
0.0008838177
0.00059366226
0.0008984804
0.0018078089
0.0007176399
0.0008882284
0.001054883
0.0006606579
0.0008261204
0.0017322302
0.00020670891
0.0027902126
0.0011098385
0.0021548271
0.00101161
0.001442194
0.0025775433
0.0006195307
0.0009717941
0.0014978647
5.9962273e-05
0.0005353689
0.0013406277
0.0013278723
0.0013583899
0.00047910213
0.0005662441
0.0010535717
0.0008881092
0.0022518635
0.0012056828
0.00047421455
0.0018920898
0.00025510788
0.0017307997
0.0003670454
0.0009126663
0.0024214983
0.0024416447
0.0021115541
0.0005517006
0.00082695484
1.180172e-05
0.0011438131
0.00041532516
0.002237916
0.0007236004
0.0012785196
0.0011844635
0.0015813112
0.00236094
0.0018497705
0.0020918846
0.00016355515
0.00078094006
0.00066423416
0.0014082193
0.0014551878
0.0004889965
0.0010697842
0.001927495

0.0014692545
0.00044465065
0.0013757944
0.0013873577
0.0016363859
0.00023329258
0.00089108944
0.0007071495
0.0008147955
0.0005544424
0.0010424852
0.0010564327
0.00018072128
0.001072526
0.00030946732
0.0015314817
0.0015547276
0.0005031824
0.001521349
0.0024855137
0.0023276806
0.0012619495
0.00031208992
0.00037658215
0.00062441826
0.0007226467
0.001034379
0.0016641617
0.0016154051
0.0008045435
0.001110673
0.0013860464
0.0015031099
0.0026298761
0.00030362606
6.3180923e-06
0.0014299154
0.0012000799
0.00039851665
0.001008153
0.00080895424
0.0005993843
0.0016698837
0.0013395548
0.00040364265
0.002273202
0.00097465515
0.0011940002
0.00040709972
0.0029605627
0.00082588196
0.0018326044
0.0012608767
0.0004094839
0.0018465519
0.00067281723
0.0012477636
0.0020047426
0.0016133785
0.00038456917
0.0004582405
0.00079989433
0.0004428625
0.0004452467
0.00090551376
0.0016920567
0.0007125139
0.0014332533
0.001445055
0.0006041527
0.0004878044
0.0010741949
0.00060737133
0.0016583204
0.0010937452
0.00048840046
0.0020991564
0.0012989044
0.0004066229
0.00069630146
0.0016840696
0.00042271614
0.0018867254
0.001131177
0.0019741058
0.0011713505
0.0014265776
0.002215743
0.0012357235
0.0008018017
0.0012352467
0.0007983446
0.00025498867
0.0014816523
0.0011222363
0.00084865093
0.0019733906
0.0022825003
0.00022542477
0.0016357899
0.0006047487
0.0005146265
0.00056803226
0.0017607212
0.0026650429
0.0006226301
0.0011293888
0.0009149313
0.00208354
0.0012226105
0.0012284517
0.0010392666
0.0011839867
0.0009764433
0.0026495457
0.0010918379
0.0012851954
0.0020141602
0.0007930994
0.0016703606
0.00045609474
0.0018330812
0.0010061264
0.0014115572
0.0003913641
0.0015925169
0.0013551712
0.0011413097
0.0016548634
0.00076293945
0.0003963709
0.0014718771
0.0008267164
0.001811862
0.0013165474
0.0007209778
0.00027883053
0.0013281107
0.000764966
0.0016591549
0.0015066862
0.0013090372
0.00037169456
0.0005700588
0.0007381439
0.0011284351
0.0030893087
5.507469e-05
0.00061786175
0.00068223476
0.00037276745
0.00096321106
0.0008047819
0.0010771751
0.0019440651
0.0013002157
0.0012778044
0.00071561337
0.0006184578
0.0018609762
0.0008803606
0.0017437935
0.0013538599
0.0025339127
0.0018905401
0.00080120564
0.00031602383
0.0009872913
0.0020480156
0.00095808506
0.0014590025
0.00072169304
0.0022792816
2.9206276e-05
0.002319336
0.001838088
0.0006673336
0.0029445887
0.0005120039
0.0004953146
0.00030732155
0.0006684065
0.0018099546
0.0021374226
0.0014744997
0.00044810772
0.001303792
0.00060522556
0.0017989874
0.0009082556
0.00069892406
0.00032055378
0.00256598
0.00038063526
0.00050997734
0.0012379885
0.0010442734
0.0023833513
0.0003670454
0.0010044575
0.00096309185
0.0010974407
0.0005213022
0.0010792017
0.002211213
0.0015400648
0.0017622709
0.0011214018
0.00046908855
0.002982974
0.0006387234
0.00096797943
0.0014843941
0.0016342402
0.0010273457
0.0013079643
0.0018039942
0.0014619827
0.0008561611
0.0011403561
0.0015990734
0.0024058819
0.000777483
0.0008918047
0.0013808012
0.001483202
0.0005398989
0.0012533665
0.0008866787
0.0017840862
0.0032359362
0.0018172264
0.0011165142
0.00051546097
0.00053691864
0.0017999411
0.0022172928
0.00076019764
0.0010685921
0.00093221664
0.0014326572
0.0013167858
0.0012294054
0.001139164
0.0012710094
0.0006144047
6.3061714e-05
0.0010728836
0.0022485256
0.0011510849
0.0011520386
0.0011913776
0.0003670454
0.0026051998
0.000333786
0.0010445118
0.00291121
0.0009046793
0.0010014772
0.0010663271
0.0012216568
0.0032291412
0.00037837029
0.0010617971
0.0008177757
0.0006605387
0.0021800995
0.0013957024
0.00088107586
0.0012574196
0.0025283098
0.0017265081
2.2053719e-05
0.001249671
0.0013554096
0.000289917
0.00056016445
0.0013178587
0.00080132484
0.0035208464
0.00066661835
0.00058591366
0.002557397
0.00016319752
0.0006170273
0.0001989603
0.00096929073
0.0018599033
0.00095784664
0.0008254051
0.00087058544
0.0007265806
0.00043666363
0.0015923977
0.0004014969
0.0008286238
0.0011731386
0.00029563904
0.0006657839
0.0023005009
0.0012347698
0.0010457039
0.0002721548
0.0007125139
0.0007162094
0.0022348166
0.0011476278
0.00095021725
0.00034832954
0.00051522255
0.0013650656
0.0014371872
0.0014644861
0.0012334585
0.001856327
0.0029377937
0.001795888
0.0008722544
0.0032801628
0.00081825256
0.0028685331
0.0012307167
0.00029993057
0.00028514862
0.0020834208
0.00065755844
0.0020052195
0.00037789345
0.0010887384
0.0013056993
0.0006405115
0.0018451214
0.00023651123
0.0012257099
0.0013879538
0.0007724762
0.0010552406
0.0006700754
0.0010335445
0.0004541874
0.00018489361
0.0010455847
0.00092077255
0.00015449524
0.0017968416
0.0017263889
0.0016144514
0.0014424324
0.0005532503
0.0009924173
0.0004937649
0.00024676323
0.0010344982
0.0004683733
0.0015399456
0.0010715723
0.0017399788
0.0023491383
0.0028643608
0.00083589554
0.0008248091
0.0011726618
0.00068199635
0.0008648634
0.0009799004
0.0007354021
0.0010894537
0.00040733814
0.00025451183
0.0018801689
0.0020766258
0.00074100494
0.0013971329
0.002536416
0.0010180473
0.0013798475
0.001778245
0.0009305477
0.0012825727
0.0007096529
0.001881361
0.002641797
0.0013082027
0.00048196316
0.00092971325
0.0012323856
0.00054740906
0.00095534325
0.00044608116
0.0012228489
0.001635313
0.0013376474
0.00042939186
0.0005913973
0.00044441223
0.0023145676
0.0009063482
0.0012711287
0.0008312464
0.0013487339
0.0014542341
0.00032281876
0.00056517124
0.0012708902
0.000882864
0.000674963
0.0012940168
0.0010640621
0.0016436577
0.00021004677
0.0006619692
0.0012962818
0.0004310608
0.0006853342
0.0009945631
0.0008189678
0.0011000633
0.001589179
0.00067281723
0.0003196001
0.0006353855
0.0008238554
0.00057411194
0.00045359135
0.0009365082
0.00025594234
0.001333952
0.0005414486
0.0010339022
0.0013318062
0.0002590418
0.00084912777
0.0011020899
0.0007696152
0.0006632805
0.00026524067
0.0010648966
0.0012251139
0.0015376806
0.0016987324
0.00053954124
0.000751853
0.0013324022
0.00074613094
0.0006738901
0.000869751
0.0014123917
0.001049757
0.0013222694
0.00023412704
0.0018450022
0.0010168552
0.0011230707
0.0019664764
0.00040745735
0.001242876
0.003227353
0.000860095
0.0005323887
0.0039515495
0.0015723705
0.0028585196
0.00055372715
0.0014895201
0.0012741089
0.0019659996
0.0005953312
0.00044107437
0.0009458065
0.0009666681
0.0015852451
0.00043857098
0.0012860298
0.000582695
0.0008955002
0.0010848045
0.0016881227
0.0013997555
0.001842618
0.000849247
-4.6491623e-06
0.00050878525
0.0018714666
0.00046133995
0.0006608963
0.0018578768
0.0011223555
0.0012786388
0.0005013943
0.0011570454
0.0020680428
0.00057685375
0.0027400255
0.0013358593
0.0015996695
0.0012385845
0.0012316704
0.0009783506
0.00045967102
0.0009098053
0.0024334192
0.00047028065
0.0012800694
0.00095653534
0.0008404255
0.00082457066
0.00076818466
0.0010967255
0.0013327599
0.00090813637
0.0018308163
0.0015724897

0.04347241
0.038915873
0.059553027
0.06466389
0.047731996
0.06194532
0.035594463
0.033604383
0.039228678
0.04238379

