0.026343584
0.084759235
0.036774755
0.008439779
0.21217895
0.09667897
0.047860146
0.029168487
0.04298687
0.081067204
-0.025644183
0.087661386
0.14506805
0.015404582
0.1080209
0.09507775
-0.006262541
0.09276557
0.2822665
0.051913977
0.01749599
0.025801897
0.1170398
0.0038665533
0.045318842
0.16948748
-0.06071818
0.00016379356
0.19288278
0.013306975
0.009470701
-0.024513602
0.12789106
0.18335736
0.021315694
0.045558333
-0.1648941
0.16181898
0.07280302
0.1369077
-0.0042310953
0.09915829
0.13187778
0.17126215
0.035265565
0.07814765
0.057156205
0.08903849
0.01730001
0.06033039
0.047121525
-0.014093995
0.03765571
0.1280421
-0.08729398
0.17922342
0.10014498
0.13834167
0.027137995
0.05747235
0.030202866
0.08752155
0.096550345
0.039629817

0.014609337
0.23705375
0.12479818
0.16288674
0.1545335
0.12519634
0.258945
0.014518261
0.04842484
0.031311512
0.087133765
0.2301842
0.14574385
0.009843469
0.13029408
0.2254169
0.2234497
0.14340794
0.044433594
0.08718073
0.10476816
0.29337525
0.05501938
0.09991765
0.16930461
0.1379708
0.12030363
0.12327123
0.33278096
0.10495937
0.18888295
0.21042764
0.07169843
0.14557004
0.16367066
0.13055015
0.16847014
0.063061595
0.08612025
0.19477892
0.29516876
0.18461084
0.0050264597
0.18325138
0.18552697
0.08999288
0.14194071
0.09196484
0.3820231
0.47736228
0.15092945
0.06752038
0.059955597
0.15371025
0.11896813
0.093866944
0.13413203
0.43796277
0.018404007
0.25518692
0.19305384
0.120524526
0.112332225
0.25211298

0.093821645
0.029396534
0.017552376
0.024673104
0.025660992
0.105977416
0.096606255
0.1145215
0.12122309
0.05065477
0.034974933
0.022383928
0.13339889
0.12708962
0.06075275
0.097494125
0.107275605
0.014261007
0.07602048
0.041996717
0.0861249
0.089720845
0.08377111
0.06563854
0.061466455
0.10490155
0.10168707
0.07008469
0.09195006
0.094432116
0.10751343
0.04301572
0.04709232
0.07690477
0.04390502
0.06766486
0.06426525
0.13148081
0.119617224
0.09668994
0.06492126
0.08284974
0.16413927
0.06316507
0.09184945
0.00070774555
0.051350117
0.095754504
0.05879426
-0.00016999245
0.05717051
0.039993882
0.16203225
0.07529247
0.039185166
0.11741972
0.10883689
0.065582275
0.086494565
0.057676673
0.09814966
0.075903654
0.078458786
0.07495391
0.024882317
0.012485504
0.06089616
0.05065012
0.001952529
0.091462016
0.11041391
0.11400056
0.010079265
0.05323088
0.06733441
0.11383259
0.09712815
0.09549928
0.09242153
0.06676853
0.15806496
0.028782368
0.047209144
0.057210445
0.03342402
0.002208352
0.08291638
0.11678195
0.0060049295
0.096857905
0.044985294
0.08282781
0.103080034
0.08208537
0.06597376
0.07404435
0.09131575
0.11962831
0.07765949
0.06897032
0.020122766
0.11909044
0.072838545
0.09518075
0.087872624
0.09688556
0.10321605
0.07955706
0.067260146
0.09717488
0.0011510849
0.07966018
0.06602657
0.12901235
0.0874908
0.01860845
0.029069543
0.12171757
0.07965243
0.03993523
0.03387618
0.09435558
0.048698902
0.02836287
0.10116708
0.03569162
0.081015825
0.093593836

0.13770366
0.123042464
-4.1484833e-05
0.14200962
0.12503636
0.12135303
0.103915215
0.076610565
0.0039744377
0.16447747
0.17772305
0.040564775
0.08504021
0.13702285
0.002200365
0.016018033
0.1269201
0.13233244
0.12269485
0.13886118
0.12069082
0.122136235
0.053766966
0.08865178
0.09041488
0.13953996
0.09509051
0.1071893
0.01896739
0.13736689
0.10108006
0.12812006
0.012632132
0.100016594
0.027573466
0.089728475
0.09485483
0.07687795
0.091251016
0.13194644
0.062004805
0.116597414
0.13417637
0.11979985
0.123684764
0.030511737
0.030614734
0.12554169
0.113974094
0.04099524
0.08002949
0.12772787
0.028026342
0.06186235
0.12532938
0.048836112
0.11592913
0.14339614
0.11416721
0.009506941
0.10695696
0.10508323
0.12960231
0.11703026
0.111474395
0.10011709
0.01314342
0.21273637
0.114326
0.13403857
0.09929991
0.19575524
0.05226791
0.11421025
0.13866973
0.040929437
0.058292508
0.05735421
0.16196942
0.10008848
0.048453927
0.15680897
0.10220957
0.07672012
0.099820256
0.05831957
0.15849185
0.08653295
0.14393914
0.022582412
0.09001362
0.06876004
0.09118748
0.058639407
0.11366618
0.019027233
0.11254847
0.015853524
0.19161475
0.09442139
0.18343472
0.058150172
0.04627347
0.12315154
0.09195304
0.058416724
0.1442852
0.11163139
0.11927211
0.11092162
0.12589848
0.07717562
0.13664782
0.07874942
0.13604212
0.039574265
0.095543146
0.03304696
0.095915794
0.020636797
0.035162926
0.02188921
0.07052755
0.077736735
0.14209366
0.1298616
0.052855253
0.14456224

0.040946007
0.10633612
0.012551427
0.0017995834
0.06426036
0.06938887
0.0883013
0.109879136
0.07472634
0.054021955
0.032723308
0.0443753
0.051863432
0.016738415
0.06701934
0.014647603
0.013492703
0.066489935
0.08378518
0.0684222
0.008004308
0.08142626
0.09721136
0.0286237
0.031160235
0.07534611
0.061901808
-0.0005736351
0.08337557
0.07185745
0.008658528
0.0851773
0.01667571
0.064962745
0.1034081
0.052349687
0.08896315
0.028392792
0.008273959
0.016699195
0.08364558
0.09610832
0.11805844
0.028734684
0.023052454
0.11497104
0.049263954
0.09799206
0.07740462
0.05099523
0.051227808
0.079616785
0.0031516552
0.06806362
0.079981565
0.019617915
0.033724666
0.08999705
0.048509836
0.023561478
0.09167707
0.00012588501
0.0015026331
0.104507685
0.10240972
0.037356973
0.10289061
0.06975055
0.032903194
0.0830791
0.110328555
0.0902406
0.07075727
0.06515396
0.08349776
0.050472498
0.07679415
0.053803205
0.0035446882
0.034885287
0.105793595
0.024109244
0.09361935
0.08514273
0.06845379
0.11299753
0.08126056
0.052728415
0.057649136
0.071547985
0.0013633966
0.0993042
0.051054955
0.086603045
0.060668945
0.07816756
0.09766579
0.07989073
0.07587671
0.054883122
0.02659142
0.06082654
0.10350084
0.066771865
0.07151699
0.07085025
0.03204918
0.10490656
0.12163496
0.08983815
0.06547189
0.08914626
0.008279681
0.059990406
0.08677459
0.067047596
0.013786316
0.084037185
0.07881343
0.08365035
0.062072277
0.08377504
0.06606734
0.0119344
0.038270593
0.101840734
0.04367006
0.007197261
0.067102194
0.072883844
0.032110453
0.05653
0.02002573
9.23872e-05
0.0798229
0.0037119389
0.0059969425
0.078302264
0.04941404
0.033346772
0.05007863
0.07076812
0.046005964
0.090757966
0.04941535
0.09986937
0.06722915
0.093256116
0.07374537
0.091645956
0.009117007
0.085160255
0.022681713
0.106494665
0.02599454
0.013771176
0.072374105
0.004872799
0.035229564
0.06940973
0.08090472
0.06434119
0.029244065
0.06734657
0.07723498
0.09261739
0.013102651
0.08117986
0.0031411648
0.037023902
0.061440945
0.070714
0.10142934
0.07423711
0.052574396
0.044360638
0.08181429
0.08650148
0.03901875
0.07399726
0.06260455
0.04312718
0.079904556
0.100569725
0.10184765
0.06983733
0.05957198
0.1067152
0.04964745
0.0062265396
0.08522463
0.07180512
0.06759274
0.070534945
0.10588539
0.04788196
0.06248963
0.007835031
0.08346009
0.0612067
0.092426896
0.016427398
0.028367281
0.045108438
0.08113408
0.07522762
0.059103847
0.0036164522
0.091034055
0.081755996
0.049815416
0.008198142
0.049442172
0.09047353
0.07188487
0.04467559
0.034492493
0.019539952
0.08613777
0.0087890625
0.085449696
0.033934593
0.09270525
0.03714657
0.056405544
0.08636677
0.08963442
0.06472957
0.099351645
0.10364032
0.030898094
0.018502116
0.01963234
0.11157596
0.08410454
0.078211546
0.011041045
0.10703683
0.0033222437
0.06822741
0.13677883
0.061846852
0.076676965
0.07359636
0.0034838915
0.07602012
0.06535399
0.058145046
0.06562328
0.095309734
0.0468812
0.06865883
0.035495043
0.04251504
0.0945878
0.066278934

0.078869104
0.1510222
0.014290929
0.13420403
0.097663164
0.13081944
0.07049787
0.10564685
0.11816025
0.009404302
0.062421918
0.04677522
0.066544056
0.115412235
0.12657261
0.029529214
0.062725425
0.11929321
0.071083546
0.07245219
0.11688995
0.08586371
0.08052719
0.013569832
0.09538615
0.14092147
0.042912245
0.08643472
0.13797486
0.071136594
0.10125303
0.13571262
0.01008153
0.029492259
0.11709404
0.09072745
0.11545062
0.09624481
0.02460742
0.005200863
0.10237658
0.13170576
0.09450567
0.12849355
0.10296571
0.015798926
0.12598705
0.12500358
0.11311889
0.12815237
0.03158486
0.114622235
0.11119211
0.03266573
0.024553299
0.045173287
0.04100108
0.09529269
0.14784896
0.076801896
0.10615182
0.01149261
0.122614145
0.13012564
0.074539065
0.11598086
0.115320444
0.03639388
0.11325204
0.010600686
0.06791484
0.02130115
0.082054734
0.0032961369
0.07876527
0.071413636
0.12536156
0.08791089
0.1351664
0.11882973
0.13542056
0.0016642809
0.11559653
0.006067395
0.10584283
0.08028686
0.14937663
0.08554304
0.103141785
0.12570572
0.04119122
0.0359838
0.1243242
0.12139475
0.056565285
0.095792174
0.0383327
0.051394343
0.1310234
0.15267456
0.05691743
0.012073278
0.033765197
0.09693766
0.12859547
0.13986754
0.031296372
0.010402203
0.13936555
0.027428865
0.116643906
0.049490094
0.12186575
0.107452154
0.12079632
0.13184392
0.044808745
0.005789995
0.13900709
0.13978279
0.14918423
0.07951546
0.1292156
0.12598014
0.10905957
0.11921406
0.029319882
0.06884158
0.13108087
0.034192562
0.08805597
0.09007871
0.13144732
0.02190888
0.07194257
0.11278033
0.13068438
0.12316096
0.09853721
0.069123626
0.0939064
0.09127164
0.13485956
0.011583686
0.0069178343
0.08498013
0.044443607
0.11033976
0.12967849
0.088449955
0.055516243
0.10688603
0.12238443
0.08445001
0.03201747
0.089645505
0.099346995
0.11702025
0.089058995
0.037464023
0.041651845
0.04379928
0.105627775
0.08716118
0.12216747
0.1001147
0.070026994
0.14203477
0.11376357
0.10265434
0.096776605
0.10612178
0.081442595
0.095374584
0.13399935
0.030340433
0.16395092
0.1474421
0.12764716
0.032699823
0.16459465
0.12790287
0.14940536
0.1050334
0.13803887
0.11024785
0.0076879263
0.02476573
0.035453558
0.07971275
0.10067487
0.08677411
0.05747068
0.013338685
0.0734998
0.12135923
0.06497455
0.06718588
0.03261161
0.03482926
0.01074636
0.11030698
0.1249125
0.06704807
0.10791254
0.06176448
0.10652757
0.08997607
0.11585367
0.1265192
0.13940954
0.011312723
0.013302565
0.011074305
0.14175212
0.05959606
-0.00020706654
0.13223457
0.09623861
0.14132774
0.11492109
0.05679071
0.036996603
0.029178858
0.09699142
0.00038278103
0.12608862
0.01337266
0.084612966
0.10654867
0.08105409
0.0135092735
0.13465917
0.018548489
0.11007142
0.06095612
0.09747863
0.05816579
0.026996613
0.092990994
0.13726628
0.08925998
0.077890754
0.07920396
0.054080606
0.13193274
0.043925285
0.1433233
0.11774337
0.08700085
0.028875113
0.10353851
0.07418752
0.15331471
0.018588185
0.006839752

0.091962814
0.14557338
0.11195278
0.15084708
0.07225382
0.17883515
0.083325386
0.10948014
0.13703465
0.09003794
0.15769696
0.12454629
0.17652035
0.06168282
0.14852846
0.14487839
0.10387027
0.099018335
0.032800913
0.073159456
0.087388515
0.15999019
0.13031161
0.013515949
0.10036075
0.0916549
0.15666533
0.07440984
0.05258751
0.07564771
0.0717653
0.108634114
0.01883018
0.13090456
0.13609838
0.11866021
0.15351927
0.04746008
0.06852126
0.11207783
0.10846174
0.13947022
0.14661992
0.06954205
0.12539947
0.015198588
0.07957852
0.13717985
0.09612036
0.10159886
0.09760201
0.12560332
0.14027739
0.00948143
0.009574056
0.10757756
0.10255337
0.10600877
0.037876606
0.16315699
0.10873544
0.119075894
0.12421262
0.11174393
0.15442765
0.1420883
0.11434841
0.10875273
0.1416694
0.076425314
0.13182795
0.035723805
0.024434566
0.084065914
0.15805924
0.118211985
0.12313974
0.05042994
0.16003847
0.096871614
0.100985885
0.12484729
0.12968624
0.11203432
0.11064482
0.09306717
0.11303091
0.071424365
0.115594625
0.12783968
0.13789856
0.14603448
0.0741694
0.119755626
0.011938572
0.11265004
0.025744915
0.06364381
0.14732456
0.047493696
0.1258564
0.109622955
0.06355739
0.11585891
0.13461876
0.10374701
0.1071744
0.07321739
0.092927694
0.04546082
0.11190963
0.02245152
0.06296635
0.10967457
0.14800191
0.14262009
0.03264618
0.019212365
0.13763273
0.07187152
0.121411085
0.09683275
0.17011702
0.042412877
0.11238241
0.103582144
0.008368015
0.093755364
0.10658479
0.058443546
0.10112178
0.113779664
0.13140738
0.024540305
0.04517269
0.16764212
0.082411885
0.12563479
0.13067627
0.10978007
0.09117472
0.1296128
0.17406309
0.1775732
0.090467095
0.1306293
0.07437873
0.003145218
0.03838241
0.17510211
0.09942961
0.058684707
0.16111076
0.117420554
0.1446681
0.04114306
0.08457601
0.14525819
0.14685416
0.11504686
0.1342386
0.025592208
0.11486244
0.16259992
0.13000774
0.07588494
0.103045106
0.1202569
0.10256505
0.06968367
0.04180479
0.13856483
0.16839337
0.09752214
0.1277864
0.093503
0.11912358
0.12115133
0.09515405
0.08059347
0.14191258
0.115347266
0.11194861
0.08833873
0.035531163
0.0703733
0.13023996
0.06316733
0.13151503
0.09723878
0.1484642
0.07156384
0.118505836
0.1197083
0.15682995
0.14944792
0.14516687
0.035547018
0.117020726
0.13527513
0.13048196
0.024691582
0.14236212
0.081379056
0.11434555
0.10849416
0.09570563
0.085951924
0.05870962
0.0908438
0.13535321
0.111296415
0.05691111
0.042354345
0.048144817
0.10513735
0.13752186
0.03375578
0.103153944
0.13775349
0.12215698
0.15625381
0.05311382
0.07653797
0.10781312
0.1481564
0.11312258
0.19216895
0.12297654
0.032814503
0.039658308
0.109339
0.13067639
0.023842812
0.15491593
0.10106981
0.025865674
0.10087061
0.075091004
0.08550918
0.11734223
0.09826994
0.086423516
0.15027201
0.08151305
0.1691078
0.04271972
0.10689056
0.12780571
0.03975594
0.13559043
0.09043419
0.09399009
0.13905573
0.16563201
0.059322476

0.066408515
0.053691864
0.05354643
0.065161824
0.086931586
0.024938464
0.004263401
0.09165013
0.07969797
0.053016424
0.05977857
0.06076455
0.07238078
0.074026585
0.011975169
0.038270712
0.06028545
0.098192215
0.032979608
0.051589727
0.03945923
0.07882917
0.03598106
0.015771627
0.0135656595
0.050357938
0.026298285
0.07493138
0.01860702
0.0012264252
0.08342552
0.022870421
0.077809215
0.08579695
0.054734826
0.055580497
0.07358444
0.068314314
0.0853343
0.047888756
0.053086877
0.068811774
0.06931162
0.028662324
0.024549365
0.0908581
0.07952845
0.07358217
0.050884366
0.016206622
0.03016913
0.07591879
0.008630514
0.08728421
0.07040429
0.05326593
0.09393048
0.030407429
0.026910663
0.08217609
0.07935119
0.03807485
0.05994749
0.10018933
0.07876396
0.08143902
0.054011703
0.02046287
0.02101183
0.035543323
0.07144344
0.032351375
0.085198045
0.11111748
0.020569086
0.10157025
0.048333287
0.053347826
0.048650265
0.05649495
0.08811903
0.085412264
0.080361605
0.06401265
0.073014855
0.04456055
0.029304385
0.009340763
0.07432282
0.035932302
0.08861792
0.0159837
0.05601728
0.07098615
0.05377102
0.065505624
0.049460173
0.04969704
0.05847144
0.08968747
0.071130395
0.012243748
0.08203423
0.07794154
0.015049696
0.07253575
0.050022483
0.07500553
0.077316165
0.07079232
0.05981016
0.07777643
0.08815789
0.09894395
0.09092665
0.06961155
0.07278395
0.07515168
0.028488755
0.038264632
0.061937094
0.062057972
0.08697665
0.08145404
0.051407695
0.047480702
0.072363615
0.030135274
0.0847981
0.08118737
0.018431902
0.07975721
0.10387564
0.0543437
0.092892885
0.048069596
0.041631103
0.0987165
0.06002152
0.026410222
0.0988673
0.015069246
0.02660489
0.0696373
0.081360936
0.031311274
0.06839371
0.04287505
0.071240306
0.06885636
0.038167477
0.027307272
0.015246868
0.056105733
0.06824839
0.08375192
0.066100955
0.02891779
0.07702637
0.047333956
0.087747455
0.02677095
0.017934084
0.03828001
0.02113533
0.07241714
0.014112115
0.020473123
0.07307601
0.017695904
0.042760253
0.06231332
0.06892526
0.038375378
0.0019338131
0.07459068
0.022396684
0.02876997
0.06983781
0.033856273
0.07186341
0.046965003
0.065196395
0.028263807
0.09274423
0.019940019
0.09215438
0.02297318
0.05684316
0.07228017
0.006322503
0.028472066
0.037220836
0.03412831
0.049063325
0.012552857
0.066614866
0.02560389
0.10166597
0.038412094
0.07460225
0.0033032894
0.051538467
0.05995834
0.08608019
0.059690833
0.040886283
0.0325886
0.074451566
0.08807266
0.08655751
0.09454906
0.01174593
0.070702076
0.036931276
0.046872377
0.099858046
0.092080116
0.021463871
0.075111985
0.08205187
0.095059276
0.012549281
0.04559219
0.031687856
0.023516655
0.08939648
0.06895435
0.076194644
0.06635952
0.08870852
0.077091694
0.06388712
0.09436202
0.054890394
0.030755997
0.049956083
0.080319524
0.023996115
0.10102427
0.04636109
0.011116385
0.02880013
0.083877444
0.003340125
0.083984375
0.10326445
0.07488525
0.077239156
0.06934059
0.097970724
0.054640055
0.089399815
0.016542315
0.063204646
0.056247234
0.07013452
0.051713347
0.09759283
0.019800544
0.01345551
0.078891516
0.015547514
0.013951778
0.015990257
0.066577554
0.015633821
0.035339236
0.055248976
0.037725568
0.052814364
0.079027414
0.040967584
0.060568094
0.037319183
0.03252971
0.07095349
0.08342481
0.05353415
0.0791651
0.10184562
0.026626945
0.07419658
0.036348104
0.07382333
0.098841906
0.032593608
0.081908345
0.014444351
0.058262706
0.08086681
0.069472075
0.083586454
0.056059718
0.03688407
0.06776762
0.09071374
0.073302865
0.0771085
0.06501114
0.08897734
0.015712738
0.0792644
0.033581495
0.08500278
0.00063216686
0.062939525
0.062075615
0.038479686
0.08471823
0.093221664
0.0924412
0.094795465
0.0725956
0.061591387
0.076259255
0.006283045
0.070685744
0.06925368
0.057741284
0.05003202
0.07039213
0.060611844
0.09657657
0.045680165
0.07189858
0.08278656
0.094637156
0.024637103
0.10165596
0.07070196
0.038954616
0.09091616
0.0717808
0.07551074
0.07157838
0.08225834
0.022128105
0.06677151
0.059250116
0.06605744
0.07199812
0.1075151
0.059214354
0.05007136
0.06690252
0.06889951
0.07029045
0.007433772
0.01851499
0.022974133
0.04208541
0.012591124
0.037182808
0.07788777
0.060364485
0.060215116
0.031565547
0.084067464
0.09438336
0.09361887
0.035956144
0.048739552
0.056385756
0.08293426
0.010460973
0.010975599
0.045271873
0.07505143
0.056898832
0.023019671
0.06719625
0.057449102
0.019541979
0.086857915
0.032749534
0.079435706
0.037353873
0.05672264
0.073550224
0.09069848
0.08541548
0.028717518
0.05902362
0.08550978
0.07468045
0.039339185
0.011711717
0.08035946
0.012576461
0.078168154
0.03941524
0.02666223
0.0056095123
0.07339394
0.06634629
0.080652714
0.040370226
0.07551515
0.08734119
0.07760775
0.029832482
0.017267585
0.068823814
0.03930497
0.078929186
0.07380307
0.055208087
0.043332934
0.08569026
0.092909575
0.019118786
0.052901983
0.056568265
0.076907754
0.006723404
0.08976483
0.04472351
0.060614705
0.06835985
0.06710482
0.0013561249
0.06432557
0.029408693
0.08324814
0.085538626
0.01784265
0.029844046
0.07210517
0.011087775
0.004690528
0.02537644
0.01889968
0.054511905
0.011223555
0.02237928
0.01994896
0.05028093
0.06654787
0.02105236
0.02234292
0.043262124
0.06400013
0.030119538
0.082394004
0.06975591
0.06840491
0.046940804
0.014720082
0.072157145
0.008489847
0.055538177
0.007224798
0.06450462
0.0076458454
0.11510134
0.07419872
0.0190624
0.07079792
0.08489287
0.09153128
0.07228243
0.05209005
0.074346066
0.01792407
0.064673185
0.06708574
0.03468287
0.028242111
0.10176122
0.033527613
0.060141563
0.033629656
0.023931146
0.06411064
0.049307466
0.06210661
0.066779494
0.022080898
0.017305851
0.050301433
0.07723081
0.073206306
0.10965276
0.031117797
0.08742821
0.014070272
0.015663385
0.05165851
0.06524253
0.066538095
0.05644834
0.044949293
0.075515985
0.05618024
0.023625135
0.08805454
0.047870994
0.06609988
0.079435825
0.08826208
0.08301759
0.09297037
0.059806466
0.058253884
0.097191095
0.025225282
0.0657146
0.022315621
0.07363105
0.092445135
0.06929982

0.092722654
0.08331585
0.04227507
0.02200365
0.07020128
0.017054915
0.08092737
0.099478126
0.056994677
0.049345613
0.08554387
0.046598554
0.054226518
0.029677868
0.11773968
0.09361482
0.095149875
0.079272985
0.093292475
0.07532525
0.057011724
0.07951391
0.035769224
0.024506211
0.11109412
0.07091689
0.04468906
0.045212507
0.118320465
0.0599761
0.02510786
0.045814157
0.095861435
0.02805233
0.10121548
0.06929624
0.013840318
0.060580134
0.10448706
0.050328016
0.07621765
0.05025804
0.079475164
0.036226153
0.09560311
0.13260293
0.039164662
0.08103514
0.056538105
0.063664556
0.02054727
0.05968094
0.07311642
0.06390226
0.090726376
0.08398104
0.0875237
0.08553851
0.071006894
0.10497236
0.08286214
0.055883646
0.08163607
0.02036345
0.011556506
0.03140056
0.11354458
0.09044886
0.0043389797
0.0112069845
0.03999138
0.014396906
0.10376334
0.031243205
0.10613465
0.10874677
0.07550764
0.077281594
0.09857106
0.0919832
0.037917495
0.06298399
0.034252644
0.05172634
0.068050504
0.031009674
0.10335755
0.07966912
0.04680872
0.08958852
0.019904256
0.069215775
0.043144703
0.09464705
0.100860715
0.09042859
0.075710416
0.04395747
0.098882794
0.09008086
0.08150494
0.056007743
0.046348333
0.096892595
0.07460475
0.055399656
0.10477936
0.06645775
0.07842386
0.055829763
0.058182597
0.065838814
0.048779845
0.02047801
0.1009053
0.074283004
0.111955285
0.09913385
0.067137
0.014647126
0.03336823
0.06445515
0.057166338
0.06576455
0.09212077
0.10259104
0.078197956
0.040723443
0.09676933
0.09458923
0.12304199
0.047264457
0.0871191
0.119589925
0.12549257
0.053889036
0.08622873
0.04824257
0.038006186
0.08910024
0.078552246
0.056337714
0.08672035
0.09097028
0.085782886
0.11556959
0.039827228
0.075196266
0.10394633
0.040442824
0.09645164
0.07027292
0.13373387
0.10129988
0.07732439
0.09657383
0.04831612
0.058697343
0.025799274
0.077994704
0.09423423
0.041498065
0.0782398
0.079948545
0.06779528
0.082291245
0.07589519
0.010840058
0.035116196
0.049506664
0.0681442
0.03530848
0.07816684
0.009493828
0.11924112
0.09917915
0.06944823
0.020355463
0.053072453
0.1029315
0.09591925
0.09493184
0.067059636
0.0662024
0.063165665
0.065974236
0.007906318
0.06151223
0.05579853
0.095638156
0.08540535
0.07518685
0.05216694
0.08688617
0.04397893
0.08397341
0.0642879
0.078593016
0.1281966
0.012978077
0.08623588
0.12166953
0.08185303
0.08381474
0.058418393
0.09467769
0.06465244
0.09113169
0.10178208
0.10064983
0.06967878
0.01831305
0.037603498
0.08211005
0.03544283
0.09022498
0.061401367
0.088454604
0.1021682
0.10503614
0.06574428
0.06101954
0.035381317
0.06861138
0.084858656
0.13243186
0.026343703
0.07349968
0.10344517
0.03575301
0.095974684
0.07327831
0.015103102
0.02019775
0.05477619
0.082583666
0.032886386
0.07750583
0.054463506
0.0946939
0.0767591
0.05942321
0.09260702
0.059460282
0.016373873
0.1076324
0.052750826
0.04983127
0.090947986
0.09288728
0.09188831
0.078909874
0.1427983
0.061856866
0.09670591
0.08209598
0.09016144
0.085280895
0.04546857
0.103598475
0.046593904
0.10829759
0.0053465366
0.05677855
0.021347761
0.10531628
0.10762513
0.022872448
0.037224054
0.10898137
0.06378484
0.06984961
0.013975978
0.08751488
0.08545613
0.0906297
0.024392366
0.060399532
0.0556947
0.07437694
0.03949833
0.07570684
0.09528434
0.02836299
0.073200226
0.04499519
0.058316708
0.019542933
0.014800549
0.06327081
0.047719598
0.016807199
0.09634435
0.0121103525
0.030056357
0.019693017
0.100909114
0.03678584
0.045428634
0.03699863
0.110185266
0.079268575
0.0918144
0.10267186
0.05693102
0.03174734
0.06393945
0.034038782
0.03321922
0.10787511
0.1171335
0.07370865
0.101529956
0.034415245
0.019672751
0.0288167
0.08049846
0.05898583
0.085178494
0.12747204
0.042692184
0.026268482
0.07906985
0.06511247
0.03683245
0.0036129951
0.050920367
0.08899772
0.08721018
0.008653879
0.120067716
0.068442106
0.05072117
0.026192784
0.07316303
0.09545803
0.07211959
0.084803104
0.066913724
0.04719925
0.09742415
0.0262717
0.11547613
0.061151385
0.059856534
0.04898393
0.08004856
0.106134176
0.07281518
0.07748592
0.06845498
0.07905924
0.10095215
0.059027076
0.029524088
0.09562063
0.011649251
0.08578718
0.08512926
0.08712733
0.07030594
0.09278405
0.060791016
0.06414437
0.10960233
0.034600735
0.07478762
0.07406592
0.06896222
0.11075008
0.034015298
0.07179487
0.059908867
0.10165143
0.09045708
0.11926758
0.0480572
0.08245957
0.009043932
0.004401326
0.061831355
0.042866588
0.03350389
0.08434343
0.09058106
0.033154964
0.017929554
0.100328565
0.05093658
0.07422352
0.114539385
0.022032976
0.055532455
0.039895296
0.014253855
0.092249274
0.034446955
0.06551647
0.06551325
0.10863197
0.09297156
0.083208084
0.1008414
0.09489083
0.0827502
0.06799543
0.02412796
0.10557568
0.09158468
0.05432594
0.090257406
0.034478545
0.1099776
0.053049445
0.092654705
0.11081159
0.022207737
0.10238111
0.015158653
0.052990675
0.095553994
0.08630252
0.03586495
0.080266714
0.015833497
0.033984423
0.07768774
0.1163615
0.01812613
0.081994295
0.06802893
0.04858148
0.044953346
0.07951844
0.066123724
0.0833472
0.0017049313
0.072276354
0.057661176
0.112609506
0.079322696
0.1285851
0.063595295
0.039955735
0.12171996
0.01620531
0.085469365
0.026743889
0.048583865
0.023739815
0.08820164
0.051467657
0.044059157
0.062728405
0.07433963
0.06616962
0.08804548
0.07627225
0.05742824
0.08418155
0.10115504
0.082846045
0.0068620443
0.10300231
0.043467045
0.022485971
0.049781322
0.11211562
0.023797274
0.03941703
0.074827194
0.026071787
0.098933816
0.035699368
0.08043897
0.095345974
0.0816921
0.028395414
0.08507872
0.1001035
0.087590575
0.09809625
0.08100939
0.119303346
0.07182777
0.0866127
0.052554846
0.0863384
0.026662469
0.012474537
0.06879413
0.0821172
0.052937865
0.09374225
0.09372771
0.08893299
0.092310905
0.10568404
0.05437827
0.022165537
0.12907052
0.08531666
0.10221839
0.052570224
0.077780485
0.08488107
0.051234365
0.061963677
0.071962476
0.11131835
0.1062299
0.08955896

0.037263393
0.10309696
0.13085532
0.028598785
0.05250013
0.009377599
0.03191471
0.09468603
0.053090572
0.08763981
0.027014494
0.083459854
0.05342722
0.029097915
0.116271734
0.18723547
0.04529357
0.09930301
0.032809973
0.065348744
0.1166873
0.07656634
0.07795322
0.0055445433
0.048897028
0.050919294
0.0789125
0.06462717
0.040124536
0.12507689
0.032815933
0.02621591
0.10381496
0.07394266
0.10969949
0.03185928
0.023570657
0.08046818
0.05458963
0.041843772
0.05231011
0.02943039
0.12894475
0.034083843
0.07390463
0.055826902
0.04491818
0.09378743
0.064916015
0.047892094
0.043525577
0.14931893
0.057379723
0.15936935
0.06292164
0.056805015
0.020123959
0.03781402
0.0463444
0.016533256
0.040541768
0.0795095
0.0987674
0.012153983
0.046729922
0.038401604
0.10953212
0.024494052
0.052235723
0.052770615
0.029575467
0.08551276
0.06352162
0.06544256
0.027371645
0.059016824
0.020071745
0.055530787
0.08327079
0.08010781
0.028749585
0.00624454
0.026952505
0.05689025
0.13055325
0.030924559
0.027886033
0.024394989
0.079850554
0.042173505
0.11376512
0.019203544
0.036858797
0.023493528
0.06755507
0.10213661
0.11120045
0.08080697
0.08124459
0.046497464
0.056014657
0.03716302
0.16020036
0.06987202
0.07051623
0.02719307
0.022443771
0.05450332
0.033165097
0.054628253
0.05533576
0.085595846
0.014049768
0.08884704
0.023811936
0.025117636
0.045588017
0.052167535
0.034511924
0.06013429
0.05319321
0.0530082
0.08535826
0.028023005
0.055333376
0.11584711
0.12210214
0.03797078
0.055759072
0.1477015
0.059265256
0.08677065
0.09445953
0.082915425
0.16430116
0.048764467
0.044881582
0.01936841
0.1216923
0.07741094
0.024699926
0.11300683
0.089387536
0.06091404
0.03243947
0.036438823
0.044147015
0.017942905
0.102048755
0.05048752
0.03788352
0.051027417
0.027594209
0.044564247
0.020328045
0.008449197
0.01956129
0.056459546
0.04453039
0.09683776
0.062412143
0.025357008
0.09696376
0.041570902
0.07698321
0.043507576
0.14012921
0.06200862
0.113134146
0.055854797
0.015005827
0.041440487
0.04103446
0.046158314
0.03262639
0.03952706
0.057900786
0.074136496
0.05733633
0.086176634
0.05572653
0.04449165
0.0487051
0.058837652
0.024596214
0.045240402
0.08144736
0.05763185
0.07576215
0.026371479
0.048895955
0.02452612
0.056815147
0.03240919
0.07578838
0.029280782
0.029363513
0.01767981
0.06793666
0.081148624
0.022694588
0.042433143
0.049966097
0.08292806
0.008514166
0.017947316
0.024965525
0.05197203
0.066088796
0.086770296
0.085951805
0.034872532
0.042544246
0.013525605
0.05479896
0.043965816
0.021312833
0.027774215
0.010288835
0.056554914
0.043019652
0.02684784
0.018544078
0.029849648
0.058480144
0.06863332
0.10694444
0.14084148
0.030690312
0.08655536
0.11852658
0.051965356
0.031128407
0.045485973
0.038190484
0.013895154
0.1887238
0.0577271
0.03200257
0.10686982
0.035291553
0.05486536
0.08357167
0.019910574
0.040786028
0.035043478
0.035720468
0.017432809
0.048284054
0.0784179
0.074531436
0.032555103
0.040121436
0.06348002
0.022386432
0.027498245
0.098932266
0.03334534
0.024588227
0.091257334
0.026616096
0.023662925
0.1004436
0.03534627
0.010629058
0.06148112
0.071979046
0.034496784
0.015073657
0.035801888
0.044709682
0.04248953
0.06567311
0.108157754
0.029169917
0.01873362
0.083198786
0.02651751
0.049179196
0.034434676
0.08231151
0.09375465
0.06154871
0.065497875
0.082632065
0.019782186
0.07451916
0.033025026
0.049907446
0.042972207
0.033221126
0.1771934
0.09990001
0.050579667
0.031873226
0.04011762
0.14094353
0.003186345
0.09127545
0.103922725
0.012505531
0.06716657
0.032117963
0.031110168
0.032838464
0.024807692
0.09646118
0.15220273
0.025345564
0.0280931
0.0480963
0.09913516
0.021235347
0.09871864
0.008068919
0.04497707
0.08203399
0.022297263
0.03329456
0.035412073
0.022874951
0.019958258
0.018761158
0.012937188
0.090949774
0.056008697
0.094603896
0.08849561
0.08625972
0.052538633
0.09740496
0.022852302
0.057504654
0.019235969
0.040989995
0.063827634
0.04865706
0.0629611
0.031649113
0.01389277
0.11066532
0.04496503
0.08813369
0.072226286
0.08476031
0.06482625
0.037273288
0.080387235
0.033977866
0.036735296
0.039664745
0.026284814
0.048539758
0.18340087
0.038624525
0.018319368
0.06762099
0.093874216
0.0241611
0.052096367
0.031122088
0.12694848
0.115793586
0.18533993
0.12812495
0.038899064
0.053929687
0.010009766
0.0643059
0.13044262
0.04584813
0.055796146
0.00831604
0.027089
0.08544338
0.054593563
0.050335646
0.094594
0.040275574
0.073708415
0.106194615
0.07537866
0.032886624
0.06542778
0.022023678
0.054065704
0.06299853
0.11471462
0.08928454
0.08296466
0.02112317
0.044908643
0.04146707
0.029945374
0.08192587
0.052357912
0.026596904
0.05931604
0.01333499
0.072740555
0.0638392
0.048823237
0.03670919
0.07706404
0.120239615
0.044009566
0.029915333
0.024338722
0.06410611
0.039428353
0.08238912
0.051745415
0.080245614
0.08498037
0.08553684
0.06819308
0.021365523
0.013378978
0.026178956
0.12485623
0.020159125
0.06312704
0.104438186
0.113432646
0.11434376
0.075494766
0.05726266
0.08738077
0.035695076
0.06046009
0.054903984
0.043258786
0.06493664
0.13621616
0.03139639
0.061525106
0.040628076
0.040894747
0.0701381
0.059610963
0.11637831
0.04000914
0.0842967
0.08555281
0.049542785
0.009370327
0.043851495
0.034608006
0.060208917
0.056692004
0.050190926
0.058482528
0.039361715
0.07814407
0.048131824
0.05296147
0.0652827
0.024586082
0.122397065
0.05239725
0.028228045
0.08689809
0.0302459
0.045840263
0.015415907
0.013380766
0.03782046
0.07696414
0.034206748
0.08250451
0.061804533
0.034789205
0.10099077
0.13066387
0.031734586
0.05503142
0.053604722
0.07759571
0.08004463
0.03775513
0.011141419
0.0470016
0.034715414
0.04967928
0.070228934
0.05759287
0.05743456
0.04699588
0.037183285
0.03535962
0.021347523
0.050747275
0.029432416
0.09113729
0.031190038
0.023718715
0.023308754
0.037730932
0.06665635
0.023911238
0.054314733
0.0843755
0.036859274
0.06936097
0.11144841
0.02396512
0.015711308
0.020549536
0.075785995
0.06895614
0.090955615
0.10944915

0.009320617
0.027788639
0.0029866695
0.060578465
0.034283876
0.010725021
0.02599454
0.007926464
0.00021016598
0.014379859
0.031879306
0.0025800467
0.013214469
0.010674357
0.013227224
0.0018450022
0.012018442
0.02549386
0.034369826
0.0017935038
0.026443005
0.013559222
0.027711153
0.006701827
0.012340188
0.01707244
0.02152288
0.0022194386
0.045104742
0.016126752
0.032536387
0.030403137
0.0037796497
0.023302317
0.010104418
0.006429434
0.03452456
0.03969288
0.02602148
0.022069454
0.005104542
0.020010948
0.028713584
0.008643508
0.005424261
0.0042095184
0.017159939
0.005129099
0.048403263
0.020210028
0.014674306
0.04841256
0.008855343
0.020362139
0.030160546
0.007270694
0.02102995
0.040463924
0.041047335
0.040639758
0.023768425
0.041790724
0.027267575
0.031625748
0.049130917
0.0010037422
0.008149385
0.034456372
0.027855873
0.046294928
0.030949235
0.006058216
0.026486874
0.010332227
0.02773881
0.03823924
0.0021061897
0.029772878
0.041422248
0.00043606758
0.06297982
0.019456744
0.018110633
0.03791821
0.011197686
0.0029352903
0.0066127777
0.02729249
0.00963223
0.02747333
0.028340936
0.020551443
0.013132811
0.022219777
0.020635009
0.031627893
0.056037903
0.05207646
0.016435504
0.009396076
0.036214113
0.036863565
0.019035101
0.025846362
0.013962507
0.02081871
0.029232979
0.029114246
0.02530551
0.0015704632
0.005176425
0.031300426
0.01923716
0.009996653
0.013683796
0.0056726933
0.021360993
0.020442247
0.02211535
0.002595067
0.043717265
0.037537932
0.036964893
0.006167531
0.0001231432
0.03783548
0.069271326
0.02412796
0.04784143
0.05788958
0.07433295
0.025277615
0.0493232
0.003558278
0.0061967373
0.03399849
0.011989474
0.025197506
0.014080882
0.029579759
0.03324485
0.031384826
0.01960969
0.032752514
0.0112092495
0.008000374
0.046423674
0.024526596
0.023524284
0.022753596
0.011897802
0.031280518
0.022584438
0.01495254
0.055263877
0.019036174
0.042560935
0.005470991
0.03608954
0.027260303
0.020232558
0.007383704
0.011798263
0.03204012
0.012291431
0.03314805
0.012527347
0.029616952
0.075639606
0.0161587
0.030061245
0.029084086
0.04776609
0.022738576
0.053228498
0.03352654
0.06615913
0.024149776
0.06439686
0.05640626
0.036897063
0.009752035
0.06952751
0.022990465
0.0361197
0.015684366
0.03700614
0.019741774
0.028906465
0.024960637
0.00055372715
0.0014022589
0.0034292936
0.043422222
0.021022797
0.013234615
0.010740519
0.030584216
0.015510321
0.026459575
0.005162716
0.022260189
0.004328847
0.06835759
0.014019966
0.0168612
0.026650071
0.029949307
0.025166273
0.034052134
0.0007390976
0.006019473
0.039398193
0.05213058
0.034469366
0.03094852
0.021085858
0.011775851
0.03147602
0.014116764
0.043691278
0.04132414
0.035581708
0.010072827
0.008579373
0.05534053
0.026410699
0.0014703274
0.013012052
0.015380263
0.039795995
0.014282584
0.03910947
0.015774608
0.025844455
0.005620718
0.018389821
0.011796832
0.015271902
0.078956366
0.017314672
0.042675734
0.018483162
0.036695957
0.05302298
0.032633066
0.015089512
0.04244411
0.046505213
0.023056984
0.043592215
0.048476934
0.0730958
0.033830047
0.04363334
0.020465612
0.03225875
0.020596147
0.028767705
0.0016696453
0.05333507
0.0019189119
0.013458252
0.031048179
0.009968877
0.005100012
0.036765456
0.03458023
0.020143509
0.0033960342
0.05006337
0.025984049
0.005486369
0.010516763
0.0049852133
0.057631016
0.03832531
0.01201129
0.023123264
0.029242873
0.023765802
0.03775227
0.030831814
0.0019185543
0.017643452
0.037486076
0.029478192
0.007982373
0.010267496
0.007515669
0.014009833
0.04098952
0.044831395
0.040284634
0.041000485
0.012454152
0.01122582
0.008974791
0.028310657
0.013844371
0.016620278
0.014424562
0.012257218
0.010656118
0.011605382
0.022559643
0.025897384
0.004147887
0.012212753
0.002478838
0.03310597
0.0192343
0.011322379
0.014601946
0.054416418
0.006485343
0.0027564764
0.035461545
0.03373301
0.0059007406
0.059155583
0.006491542
0.012524486
0.012246966
0.032752514
0.029171705
0.003246665
0.019301295
0.055345178
0.0391165
0.032196283
0.009013772
0.06456506
0.03880298
0.019725204
0.0027912855
0.0014392138
0.025272965
0.04336548
0.03320241
0.040012002
0.027570605
0.028122425
0.030056596
0.0124179125
0.011367559
0.04580903
0.0108217
0.027529359
0.03933513
0.046747327
0.050213337
0.00065267086
0.018321991
0.03948784
0.024766207
0.040064216
0.032489777
0.015765548
0.008181572
0.010676503
0.037467957
0.018046618
0.022427082
0.027805328
0.012382746
0.026641846
0.0059400797
0.037513852
0.01095593
0.012786746
0.045607924
0.017956614
0.039297342
0.011038542
0.0010532141
0.054404497
0.017150283
0.0025501251
0.0049375296
0.026211381
0.010983229
0.018584847
0.027573824
0.03628707
0.03515017
0.011571169
0.016076803
0.01010859
0.055434465
0.019567847
0.025866866
0.039226055
0.058325887
0.03083396
0.05769193
0.017278433
0.018788815
0.0382905
0.006651759
0.0182935
0.019284606
0.023079038
0.001164794
0.012818575
0.022750616
0.042512774
0.045680046
0.009487152
0.012596607
0.007852912
0.025462627
0.0025945902
0.0095050335
0.015291333
0.0032049417
0.022106767
0.009943485
0.0037785769
0.029270053
0.02664113
0.041824818
0.032742858
0.0016204119
0.028289437
0.026518106
0.004735589
0.01190877
0.01666832
0.018473744
0.016364455
0.03335643
0.022451997
0.0120129585
0.0040751696
0.03950548
0.040601254
0.055569768
0.03793502
0.034631968
0.0270226
0.014862895
0.005869627
0.021764636
0.006456256
0.02343452
0.028038979
0.04736793
0.07044506
0.0983454
0.057212234
0.011000276
0.011818171
0.02298081
0.027096868
0.033353567
0.022469997
0.042044878
0.015197039
0.029060721
0.025381804
0.034909487
0.022200346
0.040792108
0.00094234943
0.040566444
0.007868767
0.013505101
0.025924683
0.0066076517
0.0566653
0.07087827
0.012937188
0.015961647
0.024463654
0.014153838
0.011610031
0.01879692
0.042109966
0.024837732
0.0058196783
0.0057446957
0.037697673
0.00916481
0.014056325
0.029029012
0.026860952
0.013967633
0.022380948
0.04839337
0.023240209
0.07519269
0.046545982
0.014373302
0.023501635
0.024760246
0.0071593523
0.010310292
0.02679956
0.028844476
0.01788032
0.032233596
0.031871557
0.025801897
0.03696406
0.0038090944
0.04176891
0.051000237
0.020209074
0.0055713654
0.0057268143
0.038353562

0.0026187897
0.007998347
0.015494347
0.0068688393
0.033855557
0.028492212
0.013246059
0.018581152
0.019388676
0.024342299
0.0029412508
0.022505045
0.0351156
0.00020587444
0.004861951
0.011893868
0.013027668
0.00708735
0.018534184
0.0234164
0.023265839
0.0124691725
0.0069077015
0.017125607
0.017523766
0.008506894
0.010742307
0.003137827
0.023780942
0.0021688938
0.012538791
0.02483809
0.013220429
0.008801341
0.028544664
0.014009237
0.010828972
0.022916317
0.028545618
0.014049411
0.020472288
0.026711583
0.0070097446
0.006451845
0.009128571
0.022102237
0.024571538
0.010793209
0.009670734
0.032242417
0.021460772
0.005767584
0.009132743
0.018152237
0.0076081753
0.014199972
0.003926754
0.013699055
0.0154982805
0.014721513
0.008308649
0.021417618
0.012008905
0.0016807318
0.00524354
0.009520292
0.012920499
0.012856841
0.013204336
0.0014771223
0.01753366
0.022619843
0.008940101
0.016495585
0.015934229
0.04754126
0.016254306
0.010329604
0.018831015
0.00845325
0.015354276
0.010153055
0.017643213
0.0103030205
0.013080001
0.019798875
0.02176547
0.034017563
0.0047240257
0.023895502
0.028408766
0.0095671415
0.01443696
0.011887908
0.014966011
0.0052275658
0.019873142
0.031918168
0.013317466
0.0074847937
0.0055720806
0.012281537
0.012111783
0.017181754
0.02121842
0.016318798
0.025646567
0.021355867
0.030623794
0.01692903
0.011130333
0.010675907
0.010341883
0.004673004
0.017262936
0.017507672
0.014441133
0.01750791
0.017067194
0.003972411
0.012920141
0.006848097
0.0022702217
0.014051676
0.001473546
0.008695483
0.0066173077
0.02578628
0.03805566
0.014674425
0.0058301687
0.0056858063
0.0058254004
0.030644417
0.0019011497
0.022659302
0.028476715
0.007346511
0.023502827
0.02534771
0.022515178
0.018245578
0.0090914965
0.008859873
0.016395211
0.010474682
0.009952664
0.008716583
0.025782108
0.014515996
0.010797739
0.03485024
0.0201329
0.0059998035
0.012077093
0.0218755
0.008732557
0.010100603
0.017645478
0.020372987
0.019040823
0.019155622
0.0076026917
0.005258441
0.0218333
0.008412242
0.0127232075
0.012602568
0.017680764
0.0035659075
0.01949811
0.02728188
0.013730407
0.013660669
0.025322795
0.014606476
0.012776494
0.020331383
0.0008122921
0.019001245
0.014578104
0.018750787
0.0075438023
0.010710955
0.013733029
0.020007253
0.023974895
0.008764863
0.023113847
0.018154979
0.040589213
0.007308483
0.026494384
0.013664484
0.02743709
0.020904183
0.016573787
0.025445104
0.014412403
0.012834549
0.02454865
0.04180801
0.023123503
0.02229762
0.0049729347
0.012277126
0.013650298
0.009327531
0.022202253
0.016356707
0.02702272
0.014804244
0.016400337
0.009193182
0.009647369
0.012915134
0.014072418
0.0148870945
0.013544679
0.0034476519
0.0120232105
0.0100262165
0.011719942
0.014164209
0.017675161
0.00048696995
0.0035403967
0.017257333
0.019283772
0.0081858635
0.00881207
0.019633412
0.012834907
2.7418137e-05
0.007020831
0.007737994
0.005769491
0.0058658123
0.021734118
0.0026738644
0.018559575
0.02232492
0.029580832
0.016373634
0.0046896935
0.037993073
0.004659176
0.019248009
0.025784373
0.006745577
0.02992022
0.014261246
0.00483191
0.017730713
0.020726204
0.018429637
0.015419722
0.011566162
0.018333435
0.016451716
0.011660099
0.015111923
0.006751299
0.009632826
0.012467623
0.021045327
0.025314212
0.018588305
0.024644256
0.010039091
0.011103511
0.0027474165
0.009466648
0.01766491
0.019220829
0.026318192
0.010776997
0.012822986
0.01854372
0.010477662
0.010063529
0.016385198
0.026285172
0.011730075
0.006022334
0.014892936
0.010538816
0.012452841
0.004976988
0.008698106
0.009290099
0.0027416945
0.0049072504
0.018157959
0.023193479
0.012330413
0.022526145
0.015607476
0.012806296
0.00030958652
0.009341359
0.0043358803
0.0003466606
0.014015079
0.017858148
0.005166292
0.028779507
0.020926237
0.01538527
0.026755452
0.010649085
0.0036295652
0.009983301
0.0063380003
0.02448833
0.018309832
0.013951302
0.02110672
0.00034093857
0.0033701658
0.023825526
-1.2040138e-05
0.0029460192
0.006897688
0.013462782
0.0076880455
0.02663362
0.0070410967
0.01134789
0.030044436
0.021214247
0.014100552
0.0076652765
0.008899331
0.023407698
0.030515194
0.040194392
0.011073232
0.013813019
0.026358485
0.026944518
0.021485448
0.020055532
0.015942454
0.018653274
0.020116448
0.014850974
0.017493963
0.010742784
0.016836286
0.00393641
0.007876039
0.011755347
0.011972547
0.022368073
0.0014644861
0.027637243
3.2186508e-05
0.010863543
0.014688134
0.003799796
0.02486217
0.0066800117
0.010562897
0.0028533936
0.010018945
0.014011741
0.005537033
0.020537734
0.016790748
0.013219357
0.0070785284
0.019788027
0.0052405596
0.024417162
0.005939603
0.0033800602
0.0140657425
0.0011056662
0.018409729
0.010457039
0.010834932
0.00799644
0.020308137
0.008135319
0.008087277
0.014704466
0.013779521
0.0008637905
0.0019453764
0.01952815
0.01485765
0.008359194
0.0028996468
0.015269995
0.022851825
0.012162685
0.02899909
0.0013110638
0.003952503
0.01453197
0.005005479
0.024015665
0.022702932
0.0013959408
0.018185616
0.028651834
0.002640605
0.0058897734
0.017763495
0.013537645
0.019306064
0.01105082
0.013602495
0.020493627
0.018311381
0.006520629
0.0032340288
0.015293717
0.026254773
0.014580369
0.018550873
0.012657762
0.015604734
0.011994839
0.020609736
0.017760038
0.03359115
0.019854903
0.019220471
0.008282661
0.023181796
0.030676723
0.012093306
0.011316299
0.03168702
0.0033990145
0.01723206
0.013581753
0.0017154217
0.0099179745
0.018921375
0.026854634
0.009721398
0.031096816
-2.503395e-06
0.026500463
0.02471137
0.048487067
0.0046960115
0.00680995
0.0131777525
0.010012627
0.012445927
0.020818233
0.010364294
0.015969276
0.016056418
0.011502504
0.015494704
0.021463275
0.0042819977
0.03196895
0.010697961
0.02645266
0.015137792
0.016872287
0.02840066
0.008197904
0.013102531
0.024806619
0.0014119148
0.0067367554
0.01841247
0.015416145
0.019447565
0.007837057
0.0077950954
0.012817979
0.008740425
0.02519536
0.017011762
0.009610772
0.022831678
0.004133582
0.017974377
0.006767869
0.011162639
0.029807687
0.027550936
0.02414167
0.010044694
0.014454484
0.0011693239
0.015358925
0.009018302
0.022935987
0.0060852766
0.015274286
0.01619327
0.016626716
0.025273442
0.022838831
0.023338199
0.0026160479
0.015036702
0.008408666
0.019117832
0.024324536
0.009557009
0.015565634
0.025090575

0.022976875
0.0038026571
0.015841007
0.021477938
0.017677307
0.005318761
0.008248329
0.0076243877
0.0088630915
0.009091258
0.009249568
0.0095773935
0.0009870529
0.012023807
0.004000187
0.024843931
0.019827247
0.0073150396
0.015549421
0.025262475
0.03670609
0.017186284
0.0035452843
0.0051612854
0.003581643
0.008327603
0.011953473
0.022531748
0.027121544
0.01060307
0.014234304
0.011841893
0.014030457
0.02266109
0.0037187338
0.00045502186
0.013700724
0.015880823
0.003788948
0.01264739
0.010886788
0.006818652
0.019399166
0.017868996
0.0065032244
0.02383709
0.01175034
0.012433648
0.003392458
0.023171544
0.009709954
0.019720316
0.014062762
0.0046548843
0.022009254
0.010925531
0.013248324
0.01943779
0.0131008625
0.0041987896
0.0048160553
0.008847475
0.0047426224
0.0060851574
0.008969426
0.020412445
0.009062648
0.012837768
0.019755721
0.007364869
0.009592414
0.012363672
0.008780003
0.014563799
0.014269948
0.0063153505
0.023304224
0.01689589
0.0055959225
0.008088708
0.018128872
0.0066221952
0.018692374
0.011754751
0.02502215
0.009429812
0.016798973
0.024871945
0.019036174
0.0072305202
0.013435245
0.008307457
0.003474474
0.013309956
0.009786725
0.010592699
0.023466587
0.021395802
0.002857089
0.016213417
0.008123398
0.005786419
0.008142352
0.026550889
0.027673721
0.009201288
0.012715578
0.012597203
0.026845813
0.021894574
0.013816357
0.012057185
0.009884834
0.009019494
0.030297041
0.018640995
0.013036728
0.025207162
0.008134961
0.021583676
0.005277276
0.020843148
0.007641673
0.021247864
0.006352067
0.024392366
0.01405406
0.015316129
0.022238374
0.0066996813
0.003383994
0.018017888
0.004809022
0.022360444
0.015917659
0.007055521
0.0035015345
0.01347506
0.008717775
0.018143535
0.016225815
0.013907909
0.003929138
0.0066292286
0.0077528954
0.01289022
0.032212734
0.0015767813
0.004861474
0.012476921
0.00697875
0.013966322
0.010446668
0.018778801
0.019787788
0.014517188
0.017070055
0.010593772
0.005856991
0.01751244
0.009029865
0.022977471
0.018315315
0.0269351
0.016448498
0.007404208
0.0051187277
0.014565229
0.022086263
0.013494372
0.01644373
0.006441951
0.024235606
0.00030338764
0.024288297
0.017833829
0.004813075
0.030447006
0.005898595
0.009104371
0.002976656
0.009680867
0.021869421
0.023421168
0.020472407
0.0064474344
0.017736793
0.014013171
0.02005136
0.016483188
0.009330273
0.0034589767
0.023164272
0.00398767
0.004647374
0.013307691
0.012479305
0.026176453
0.004005909
0.010311842
0.009739399
0.015627027
0.005733013
0.013570428
0.024355054
0.0146279335
0.021878839
0.011843681
0.0038257837
0.0319376
0.01026535
0.01076138
0.017141461
0.020163894
0.0094611645
0.0148284435
0.018644571
0.017691612
0.010775685
0.007897377
0.014043093
0.028024554
0.007422328
0.015509129
0.015873313
0.014189005
0.009030104
0.013768315
0.010127068
0.02001357
0.036440015
0.021122932
0.009947419
0.0070346594
0.0075359344
0.019541383
0.022601724
0.010089517
0.013597131
0.010030866
0.031880498
0.016259313
0.011972785
0.015070796
0.017930508
0.007799983
0.0009249449
0.013109088
0.026790142
0.007465124
0.010629654
0.0123227835
0.006291032
0.027740836
0.003991604
0.019542456
0.029917121
0.011335373
0.009885788
0.016314149
0.015522122
0.04248631
0.0040568113
0.016701937
0.0075372458
0.008007169
0.029790998
0.01694727
0.013195038
0.017217517
0.022865534
0.016756773
0.0004284382
0.013991356
0.01462543
0.0043652058
0.010322213
0.010409355
0.009506822
0.0437634
0.0071558952
0.004947424
0.027741909
0.0016765594
0.009816527
0.0014535189
0.008924961
0.022889018
0.015733957
0.008583188
0.010225892
0.0073907375
0.008001447
0.015028238
0.005653143
0.006131649
0.013079643
0.005818963
0.0057524443
0.033705592
0.013226986
0.017313242
0.004667759
0.0047284365
0.010351539
0.022139072
0.011494756
0.0077949762
0.0033700466
0.007316828
0.015993
0.021304369
0.021229029
0.017744184
0.016935825
0.027302861
0.020213962
0.009479642
0.034499764
0.005623102
0.02518475
0.01661992
0.0063203573
0.0029999018
0.022156596
0.0076932907
0.025844455
0.0065407753
0.01210916
0.013927221
0.009775996
0.015984178
0.0029004812
0.014786601
0.017650604
0.007598877
0.015867233
0.008260608
0.013362646
0.005486965
0.0019626617
0.01360786
0.009756565
0.0025287867
0.012758732
0.017554402
0.023450375
0.015866399
0.007581115
0.013278484
0.006177783
0.0027418137
0.011469483
0.005141616
0.01904571
0.014563084
0.017873883
0.022610426
0.037261486
0.00797534
0.010097265
0.01183486
0.0072624683
0.012971997
0.010648608
0.0062093735
0.010442138
0.0041036606
0.0017137527
0.029455662
0.029778004
0.00850606
0.021286964
0.033028364
0.008890867
0.012000084
0.021155596
0.008781314
0.011146784
0.0082012415
0.023193002
0.027510762
0.024254441
0.007227063
0.016954303
0.016353488
0.0055567026
0.013241649
0.005827427
0.016708493
0.020035505
0.014695048
0.006490588
0.005479336
0.0067029
0.025966048
0.011380076
0.013281345
0.009139895
0.012358904
0.015348315
0.0041362047
0.005908251
0.013139129
0.010922432
0.008096337
0.015506387
0.014010191
0.015519977
0.0033051968
0.0042803288
0.01627624
0.0036349297
0.005681634
0.00900805
0.00797379
0.013222218
0.019085169
0.0083601475
0.004110098
0.009076834
0.0076311827
0.007968187
0.0035430193
0.010951519
0.004978657
0.016878247
0.0072273016
0.009807944
0.010623455
0.0034105778
0.015374303
0.016978145
0.012202978
0.008307099
0.0045912266
0.010341644
0.015529156
0.020077229
0.012249231
0.008294821
0.007861972
0.01602459
0.006606102
0.0065944195
0.010222197
0.022185922
0.011516929
0.012999058
0.0036129951
0.017254114
0.013454318
0.011230111
0.030032873
0.002303958
0.014189482
0.031775236
0.013295531
0.0065181255
0.038390875
0.01793015
0.02906096
0.0057154894
0.014406443
0.010815501
0.020995736
0.012883663
0.004935384
0.0103315115
0.010153174
0.015208483
0.004147887
0.01689136
0.010276794
0.012480855
0.016220212
0.016291618
0.021005511
0.019242764
0.006066799
3.2186508e-05
0.005000353
0.0268358
0.004801154
0.0054181814
0.021469355
0.013592482
0.010216832
0.0075615644
0.015580058
0.024085999
0.007997155
0.029103875
0.0129749775
0.018332124
0.013361812
0.016667247
0.0103799105
0.0056260824
0.01200676
0.022588968
0.0055789948
0.01314342
0.011514187
0.012602687
0.012547493
0.00712204
0.0121302605
0.014633179
0.008919835
0.020353913
0.016214967

0.47836816
0.39152157
0.42146933
0.40758944
0.4298396
0.37156427
0.38431334
0.4643668
0.4529233
0.3802631

