1.99974
2.0246072
1.9310632
1.6031686
1.9831557
1.7796924
2.1294007
1.6422142
1.7541598
1.665358
2.805746
1.8877702
1.9446249
1.534932
1.9208974
1.5551846
1.9031602
1.7903215
2.0365787
1.7250938
2.264065
1.8758901
2.0156202
1.6994442
1.7714937
2.014179
1.4462816
1.7156523
2.1342466
2.3213425
2.1089025
2.2618337
1.91467
1.5141579
2.0530612
1.7419876
1.7302539
1.849479
1.6156805
1.9446849
1.7228482
2.2479951
1.6995896
1.9897063
2.134715
1.6666086
1.4789077
1.938287
1.7655718
1.5686216
1.9366823
1.7461097
1.642538
1.7246373
2.0099988
1.7226856
1.9767082
2.044534
1.6444811
1.8050064
1.9763708
1.7422682
1.8002958
1.9555597
1.9010329
1.5139443
1.8858325
1.822092
1.8763696
1.9205416
2.1963212
1.8155564
1.8359169
1.9187763
1.8169608
2.0283856
2.297403
2.1400251
1.9425813
1.6986382
2.2489705
1.9596215
1.8317959
1.8399374
1.7365214
1.6699536
1.823763
1.7481277
1.9928432
1.8524811
1.9090837
2.0890543
1.6993252
1.8805202
2.1580443
1.9785061
1.9753282
2.0107045
1.5722736
1.8304365
2.662557
1.7655408
1.8907561
1.9060106
1.7073092
1.5469714
1.8089443
1.6342419
2.0357096
2.5231822
1.6251748
1.6350443
1.6128142
1.5693618
1.5486361
2.0388653
1.9514141
1.7813792
1.7115966
2.1223218
1.8335584
1.9013242
1.8802018
1.6405901
1.4714613
1.8456535
2.2118056
1.6308678
1.5165938
1.616463
1.8858964
2.1004617
1.8184235
1.7255477
1.518311
1.7317184
2.1392338
1.8804171
1.8438582
2.0484993
1.6421164
2.0209632
2.051669
2.0365396
1.5860467
1.905435
2.0391393
1.7173291
2.0112865
2.020756
1.7411397
1.8802658
1.9509678
2.1310894
1.7803342
1.6157266
1.7985817
1.9813766
1.8690847
1.8737878
2.1292028
1.9238893
1.8738471
1.8266015
1.8930975
1.6247932
1.5825901
1.6011063
2.1366217
2.0356448
1.6743504
1.9435904
2.013719
2.3654184
1.8720134
1.9774549
1.6287428
2.1990757
1.75998
1.5178984
1.9376655
1.8404857
1.6512555
2.0059328
1.8735808
1.6875967
1.6412321
1.9238362
2.0381284
1.8186889
1.7440838
1.5446774
2.3011312
2.119272
2.1127274
2.1397192
1.7608651
2.3244748
1.8530447
2.2324288
1.7543437
1.905099
1.5473595
1.9565005
1.5486525
1.9485303
1.9681826
1.8156044
2.064003
2.11586
1.6530023
1.9950229
1.9794629
1.9286592
2.165614
1.5632992
2.0465043
1.6619558
1.961957
2.1351073
1.5325705
1.5671183
1.608887
2.2047822
1.862588
1.9970444
1.6643866
1.8502694
1.9330134
1.7954769
1.951142
1.745475
1.9558847
1.8685628
1.8698373
1.912225
2.0597696
2.6005623
1.7833685
2.1741548
2.0462248
1.8694277
2.1382115
1.7146492
2.1013892
1.8158921
2.0342298
2.3176734
1.7360407
2.239343
2.1046567
2.104253
2.0411131
1.9983267
1.6383088
1.7054596
2.0411499
1.6948246
2.1782918
1.7827432
1.9954481
1.9528335
2.0789688
1.8625011
1.8057665
2.093022
1.7488004
1.9133888
2.0335112
1.9666941
1.8663846
1.7452598
2.0066705
1.6052566
1.9512568
1.7309301
1.8128307
1.9462334
2.4942942
1.8767494
1.640587
1.7779944
2.0311556
2.4440286
2.0060065
1.8037602
2.0374389
1.8574418
1.8253602
1.4608026
1.9110492
1.7231556
1.8843143
2.1524384
1.8077142
1.686418
1.9462669
1.8837361
2.0341282
1.7294477
2.0697885
1.768567
2.0259874
1.7684466
1.6595515
2.1256526
2.0298784
1.8436486
2.1281092
1.5817064
1.872947
1.7431089
1.8184645
1.9237233
2.150654
2.1906152
2.0611393
1.523884
1.5873185
2.147147
1.7190286
1.7693462
1.6927956
1.7042726
1.5729054
1.9352902
1.5312837
1.8500648
1.5360259
1.9587961
1.5453341
1.9376189
2.020629
1.7770139
1.9652605
1.6646441
1.8009588
1.9021257
1.9340348
1.7972779
1.7970623
2.3038065
1.770369
2.2102425
1.7150975
1.653805
1.9252027
1.634775
1.9638553
1.769802
1.804987
1.7649839
1.8837028
2.2050693
1.581579
2.09814
1.6142883
1.983608
1.9417449
1.8177853
2.0297925
1.9417902
1.9249923
1.6877886
1.8424561
1.8529229
1.7793596
2.1328063
2.0166757
1.843665
1.9215131
2.0533898
2.0842388
2.1984174
2.088814
1.9590776
1.8393784
1.9046925
1.688753
1.7950652
1.7159648
2.495901
2.2635427
1.8504425
1.6950313
1.6353877
2.09934
1.5750672
2.0893195
1.9731871
1.7234433
1.8171979
1.5515243
1.4625326
1.6228814
1.8436924
1.6114101
1.6879172
1.6676736
2.6186693
1.668962
1.4979451
1.6180416
2.0575492
1.8216074
2.0405931
2.2281811
1.7766116
1.7421182
1.6947335
1.6504904
1.8417583
1.886876
1.4837146
1.770562
1.9279062
2.124153
1.8928616
1.608427
1.9754689
1.619887
1.7469853
1.811185
1.6167786
1.9075425
1.9736235
1.8847898
2.1282423
1.9669744
1.7253393
1.9342253
1.7011274
1.5368029
2.067521
1.9717728
1.660507
1.8574607
2.2398882
1.932449
1.9707208
1.5677371
1.7648712
1.9414715
1.9556879
2.0847096
1.8947563
1.5430173
1.9113712
2.313257
1.7652545
1.6184032
1.8452842
1.8338035
1.9006883
1.6956327
2.2901921
1.8691087
1.7923712
1.5545955
2.034507
1.7819486
1.8633794
1.7345785
1.7057338
1.6453252
1.830174
1.6298214
1.7607173
1.8235645
1.9101602
1.6282337
1.8910455
2.4226744
1.5845867
2.0159318
2.0507011
1.7968944
1.7600379
1.8804952
2.0503912
1.8486221
1.758081
1.7822253
1.6507148
2.0081317
1.6046485
2.0001664
1.8904996
1.9629426
2.2010317
2.2382069
1.9370744
1.7187771
1.9523028
1.7611147
1.9678115
1.9294912
1.7808508
2.0557177
1.9178677
1.8026319
1.8290775
1.8550891
1.805801
1.8799093
2.9917126
1.9400482
1.9732901
1.8379408
2.0184627
1.948022
2.0456173
1.820774
1.7679353
1.7486467
1.8810006
1.7105337
2.3192532
1.988292
2.3501596
1.7733895
1.9589953
1.9456027
2.1524923
1.7210342
1.6216532
1.6222796
1.6768907
1.9774623
1.8022844
1.671105
1.803804
1.9672914
2.361705
2.014565
1.7580051
1.6860621
2.2055047
1.736337
2.9077573
1.8239834
2.198504
1.8459477
2.0991418
1.7613082
1.8062757
1.9291869
2.1782136
1.4569308
1.6367836
1.7599185
1.7343752
2.363172
2.1482441
2.0743237
2.0095816
1.6601839
1.6829271
2.6749575
1.7190787
1.9977713
1.8835807
2.029464
1.8076562
1.6705381
1.6236931
2.0701444
1.7271601
1.9417535
1.8138268
1.8475215
1.8991354
1.6759869
1.9216715
1.7122412
3.1870377
1.99489
2.3241866
2.2315528
1.809153
1.9018373
1.5242672
1.9423575
2.015095
1.733554
1.4395841
1.8703713
2.498396
2.1179726
2.2502663
1.776486
1.8589686
2.1387668
1.8992798
1.9494073
1.5571113
2.1365023
1.8731422
1.9163923
1.8013414
1.7585018
1.8132236
1.8520997
1.7530112
2.186578
1.764583
1.7167675
1.8899627
2.067542
2.34632
1.5786278
2.0452986
1.809783
1.8125366
1.883528
1.9286413
1.9617453
1.5896481
1.929256
1.7048404
1.8631617
2.121637
1.8210518
2.1051352
1.9949657
1.6041319
1.7927796
1.9216769
1.515789
1.7222276
2.0905833
2.1024218
1.5499744
1.8273922
1.5888551
2.0691032
1.8929144
1.7441013
2.0126798
2.2205958
1.7379563
1.8802238
1.7476352
1.9199449
1.7597367
1.9876372
1.6258391
1.823068
1.7297274
1.4412655
1.8200293
2.3457425
1.9275815
1.9755857
2.4323504
2.2321217
1.6475415
2.4030015
1.8597778
1.5192736
1.7163366
2.0489652
2.0988102
1.7595844
2.4627779
1.5354688
1.8640044
1.9134853
1.8431264
1.782615
2.4959266
1.4030424
1.5152233
2.041711
1.644307
2.0834618
2.1681027
2.058564
1.5521536
1.7666308
1.7896056
1.977601
1.8460532
1.8149102
1.8466594
2.4053526
1.8442634
1.993104
2.4179456
2.0607047
1.6416959
1.968422
1.773244
1.4853325
1.8355592
2.0064077
1.5373725
1.7095006
2.0064876
1.6257463
1.6921787
1.7603796
1.725674
2.0787973
2.0975094
2.0727234
1.716537
1.4749491
1.7540187
1.812154
2.0400543
1.8553988
1.7719293
1.7456414
1.791872
1.7405891
1.673475
1.846833
2.1634922
1.7903101
1.6786822
2.2696052
1.7243812
1.7862785
1.8632481
1.9078996
2.017212
1.9334439
2.032395
2.1477191
2.377646
2.2976182
1.7277833
2.5892055
1.789358
1.6944301
1.5672233
1.9461776
1.9779081
1.4437551
1.7646823
2.1108928
1.718726
1.7961935
2.1887443
1.7095097
1.7314641
1.8338257
1.8982183
2.1252112
1.5857766
1.9029838
2.1959236
1.6237011
1.5348111
2.1532478
1.85988
1.7409582
1.8433366
1.71673
1.7364625
1.8984034
2.0411212
1.6890813
1.649096
1.7039934
1.7543424
1.676116
1.683729
1.9596902
1.9538249
1.8405356
1.5979899
1.7408687
1.9727634
1.8709828
1.6782753
1.6407266
1.7571954
1.7599238
1.9220243
1.7402717
1.85896
1.5500495
2.105836
1.7244542
2.1461668
1.63924
1.5058938
1.9343752
1.729778
2.2195277
1.6571543
1.8195492
1.7085217
1.5589839
1.7769904
1.8172636
2.1912513
1.877361
1.7221578
1.846435
1.8366582
1.5799083
1.5685138
2.1194844
1.7736694
2.0282705
1.6936281
2.109416
1.8805484
1.9260638
1.9012542
1.9528201
1.618478
1.8033954
2.3254573
1.8414494
2.2767355
2.2490084
1.8116257
2.402399
1.718081
1.9911814
1.637518
2.0547044
1.8214996
1.9287137
2.4621356
1.971032
1.8748617
1.7177181
1.8632498
1.965105
1.8610091
1.5277444
1.7961015
1.8533566
1.5780228
1.8852317
2.1557102
2.009041
1.5403658
2.0538166
1.7947243
1.6791004
1.7869112
1.8706928
1.4059061
1.8180598
1.5850712
1.635166
2.0743334
1.8029771
1.9931253
1.8594229
1.8628043
2.13467
1.8643854
1.8328245
1.6900482
1.77247
1.5912184
2.0370948
2.3600128
2.048441
1.6755118
1.8675877
1.9708087
1.7533144
2.3434317
1.7389238
1.9324954
1.8960472
1.8331723
1.9771755
1.9758114
1.9918916
1.7630726
1.9680955
1.6493433
1.9431535
1.8900336
2.082682
1.5208087
1.7025316
2.0490966
1.703027
2.0606606
1.5523978
1.7357852
1.7335654
1.7454615
1.9779645
1.7073852
2.0082912
1.6823037
1.9719647
1.7240895
1.8256068
1.8399208
2.221167
1.6046116
1.9652205
2.3396056
1.8272598
1.7437882
2.0122106
1.7894995
2.2111957
1.7413096
1.6280231
1.8603052
1.7108868
1.9978869
1.9519782
1.7863528
1.6721947
1.9072866
1.8725315
1.9609941
1.7276858
1.7392752
1.7668589
1.4552277
1.9367734
1.7239974
1.8015273
1.7787787
1.8306665
1.9690068
1.9145763
1.8460689
2.2061403
1.9842983
2.0489917
1.8582339
1.9200188
1.8815922
1.9966967
1.9843634
2.4407485
1.844981
1.7921716
1.7554611
2.1532416
2.2172213
2.0655766
1.7202799
1.7368686
1.6026123
2.0239503
2.0857754
1.7375557
1.8487272
2.277989
1.8544312
1.7661383
1.6315064
1.8818517
1.7478671
1.90909
1.7526463
1.9913495
1.5802387
1.823647
1.780145
1.5551498
1.8150742
1.4562516
1.9036094
1.9785861
1.9706097
2.207177
1.6271368
1.9416511
1.760815
1.8488652
1.8398539
1.7259877
1.8542665
1.7842574
2.4080746
1.8044454
1.6505451
1.905307
1.8139038
1.7078148
1.7477098
1.7549776
2.0215786
1.7852505
1.8104239
2.0341127
1.9418293
1.9770848
1.8392202
1.9364125
2.0450354
2.1477985
1.918785
1.9297124
1.9875348
1.7933257
1.7162347
1.9095677
1.9270413
1.6432941
1.6858295
1.857641
1.8273786
1.652731
1.6393491
1.8981603
1.6481187
2.228959
2.1197348
1.8383939
1.7637222
1.7936008
1.8611174
1.730792
1.8477261
1.6693438

9.897105
11.831537
13.114479
13.689266
13.260154
13.318954
11.314626
13.650368
13.899671
15.15749

