0.5617182
0.5996008
0.47397256
0.20093977
0.53241336
0.36105347
0.71377885
0.27971613
0.27914643
0.28332436
1.3326284
0.43174922
0.5045239
0.16315436
0.52962613
0.20944059
0.48766565
0.40803075
0.6671746
0.33068895
0.8429822
0.42578733
0.5597532
0.2881657
0.3365842
0.62380135
0.06463897
0.3249445
0.7256584
0.86062527
0.656477
0.8469362
0.5394747
0.12414765
0.59704304
0.35231984
0.26471257
0.42230296
0.17954731
0.48613393
0.3692174
0.8432901
0.28738284
0.58210754
0.76063323
0.23734152
0.10330558
0.51294744
0.37517405
0.21208405
0.57189655
0.3372116
0.26167858
0.34295368
0.53288305
0.30362225
0.5927112
0.57428193
0.31037784
0.38030887
0.56969213
0.36559212
0.37374485
0.60274565
0.47318566
0.18856013
0.43751466
0.45224202
0.49714243
0.48129678
0.7656069
0.42457986
0.390563
0.548385
0.36554348
0.656909
0.8535987
0.6741426
0.56032777
0.2824285
0.79733706
0.52428293
0.39596844
0.47349954
0.34205687
0.3277049
0.44110072
0.35818386
0.5378194
0.4212861
0.4681015
0.67865074
0.37373316
0.4571669
0.74811804
0.5913155
0.56450176
0.5716182
0.17482352
0.3919903
1.1939462
0.34241045
0.46066225
0.5014012
0.3029071
0.14346242
0.3285079
0.19935822
0.5913408
1.0688735
0.2129178
0.2525499
0.22510016
0.1858089
0.16151357
0.6164017
0.531427
0.40461266
0.32233226
0.6213993
0.42082548
0.56498957
0.4624051
0.2730155
0.047174692
0.4125564
0.78146803
0.33226907
0.09409714
0.21559179
0.45364642
0.720857
0.41930568
0.33375204
0.13713133
0.31519675
0.7232442
0.41938865
0.43045485
0.62714756
0.22441566
0.6131084
0.65473473
0.59401
0.20547247
0.4275961
0.66321063
0.3476348
0.59114623
0.6497282
0.33645368
0.4567716
0.51086295
0.61504805
0.2858498
0.19026041
0.41505456
0.56048477
0.48248684
0.444862
0.70721436
0.508201
0.5062046
0.43945336
0.4395491
0.26577723
0.14546573
0.18262887
0.77379847
0.62424135
0.28273916
0.55885684
0.6238626
0.90934396
0.49091268
0.5180185
0.2574892
0.7774302
0.3009007
0.12389481
0.5334252
0.4707569
0.31354702
0.5287142
0.45150316
0.3591684
0.2536292
0.51260984
0.57341707
0.3948511
0.3537141
0.155236
0.82870424
0.66309726
0.7347343
0.7036041
0.37447798
0.8852074
0.41935456
0.7992058
0.34643483
0.48379922
0.18328702
0.59907544
0.12630653
0.5153023
0.5869725
0.3911221
0.6603117
0.7125902
0.21822655
0.5375854
0.52926683
0.4837805
0.7222359
0.1740073
0.60527563
0.21336544
0.6124426
0.77464473
0.16540527
0.18148303
0.2403636
0.7753432
0.49611557
0.568208
0.2311846
0.45520794
0.57635474
0.35469937
0.48744237
0.38879144
0.53400683
0.4472443
0.5039834
0.52616954
0.6277683
1.1456976
0.3066411
0.74408746
0.6468735
0.46812606
0.69951344
0.31070924
0.62536085
0.37676322
0.6391983
0.8304018
0.29660976
0.8203914
0.6298884
0.67831945
0.6411288
0.50726163
0.30349946
0.34572804
0.631289
0.30513978
0.72255886
0.3321811
0.5673425
0.52406454
0.68043613
0.46479964
0.43647885
0.7311665
0.36050677
0.4506731
0.67402315
0.5841763
0.4834013
0.3251531
0.57967854
0.17782545
0.56968975
0.32661188
0.39579344
0.5396942
0.9868996
0.42253757
0.24370944
0.3922032
0.68068385
0.965534
0.5553001
0.27989876
0.6269543
0.47547054
0.3955357
0.071971774
0.5630647
0.30651164
0.50576067
0.6719165
0.37393534
0.3099041
0.51860607
0.51115143
0.6087439
0.33410466
0.6442933
0.3564186
0.6496364
0.34898996
0.17814267
0.71766543
0.61453044
0.5028217
0.7680787
0.18739843
0.46758223
0.28897202
0.45052886
0.5066565
0.7353097
0.82745886
0.64268064
0.15161419
0.15961766
0.76538014
0.30540264
0.37809014
0.27208126
0.23831034
0.19387317
0.5259223
0.09822261
0.39024138
0.19721866
0.5004606
0.15090477
0.5087856
0.5920429
0.36515188
0.60689735
0.29532468
0.43987072
0.49806404
0.5160209
0.38884473
0.36071193
0.86373246
0.3144579
0.8151237
0.33563137
0.27565253
0.47075367
0.20148897
0.46458745
0.32914722
0.35902274
0.3380984
0.4851296
0.8551272
0.22211993
0.6811179
0.1769253
0.45849216
0.51811576
0.34752727
0.645265
0.52419114
0.5291326
0.30010986
0.40264642
0.45277095
0.3438847
0.7223122
0.5654048
0.45495808
0.46779966
0.6240467
0.66122866
0.83775115
0.6970794
0.51236606
0.39782226
0.4210316
0.27848697
0.3572893
0.2994212
1.0568539
0.80134153
0.42885828
0.27560484
0.3303213
0.6820084
0.1797651
0.660421
0.5736679
0.36619878
0.39948905
0.121791005
0.02451384
0.25393295
0.44299817
0.16571093
0.24402785
0.24286497
1.1828052
0.2990266
0.18859982
0.1300962
0.6147766
0.4634236
0.5753614
0.8252301
0.37833965
0.3563112
0.25699914
0.19623458
0.4130522
0.38638437
0.08009088
0.39849925
0.4491372
0.66187227
0.4939121
0.24309433
0.5325184
0.17028058
0.39172673
0.41936076
0.21414232
0.523504
0.5127504
0.46229696
0.66977334
0.5414798
0.3845551
0.45883405
0.3605193
0.12956107
0.5807054
0.49814785
0.2619412
0.4480679
0.80551696
0.53561974
0.5044906
0.23884332
0.36162162
0.5359398
0.55322564
0.6920885
0.51644504
0.14977133
0.48481894
0.91600585
0.4421265
0.25482345
0.40710878
0.41260326
0.46860242
0.34410036
0.84942234
0.45375836
0.3810904
0.14126742
0.62367797
0.3279519
0.46197116
0.33226502
0.33744335
0.2507038
0.4113971
0.2329086
0.31842756
0.35385585
0.5169945
0.2600181
0.4325478
0.9658129
0.19104075
0.59210217
0.6355648
0.33611786
0.39334464
0.46706307
0.62312174
0.43270147
0.3654853
0.3636819
0.303048
0.6181599
0.23578048
0.607914
0.47948658
0.52166843
0.7506962
0.7589792
0.52736473
0.3214407
0.6003907
0.37306976
0.53690195
0.4974631
0.33410728
0.68046105
0.51687074
0.43084955
0.4103613
0.39635432
0.423545
0.49599218
1.5570576
0.5421442
0.5173564
0.371431
0.59337544
0.55706036
0.61245763
0.43381834
0.30808628
0.2805133
0.4196043
0.3257383
0.9366348
0.507702
0.96738183
0.332381
0.6018212
0.48030138
0.72087395
0.28220403
0.22819829
0.2678913
0.22324955
0.53982556
0.4151795
0.24986303
0.368662
0.54022706
0.9199356
0.5708538
0.35772407
0.25045848
0.76955557
0.35517585
1.4633745
0.4233396
0.7736031
0.46918452
0.68017566
0.39285207
0.36598933
0.4632244
0.7478013
0.07318115
0.23728108
0.36682236
0.27958202
0.9616538
0.7044362
0.6101519
0.57231367
0.24374282
0.32723105
1.2646719
0.3186258
0.6239908
0.44542754
0.6346345
0.48034346
0.2714163
0.22627246
0.6664163
0.31729567
0.55834746
0.43805814
0.47692204
0.44931996
0.30386734
0.46392465
0.30743837
1.7678841
0.6244842
0.79751086
0.8353486
0.41345716
0.5441183
0.14475489
0.5606204
0.67385733
0.31214213
0.059342384
0.40953624
1.0821403
0.7237663
0.9172293
0.35380673
0.44438505
0.69112456
0.4584632
0.52438045
0.16279507
0.6455368
0.4214177
0.49301934
0.3916043
0.36396265
0.4859184
0.46665585
0.32594597
0.7194147
0.30506587
0.35843349
0.42865562
0.61955035
0.82318175
0.17274487
0.57411456
0.46717727
0.36879945
0.4597764
0.52935266
0.5449543
0.1880002
0.5228375
0.31380105
0.4495939
0.749439
0.41685307
0.7334019
0.5129614
0.22986901
0.39369
0.5342512
0.1287998
0.25375962
0.68843603
0.656881
0.03389585
0.4240191
0.122299194
0.6087594
0.46346152
0.28879237
0.596897
0.8187829
0.33106744
0.4236766
0.24705279
0.43893874
0.33194602
0.547866
0.26496494
0.39032817
0.32583594
0.12174177
0.42054737
0.88354623
0.54089904
0.5610539
1.0169151
0.77649784
0.26094675
0.9652641
0.5027561
0.12912774
0.3089012
0.5834149
0.69728076
0.33054316
1.075031
0.17315459
0.4571662
0.5172155
0.43669593
0.39685047
1.0667361
0.031344414
0.08700132
0.6486753
0.24923265
0.5865239
0.7058698
0.6836798
0.10940862
0.3373078
0.35360718
0.55158377
0.44966495
0.37489688
0.421427
0.9408891
0.39343095
0.5832776
1.0142305
0.6392336
0.24410951
0.5633745
0.4728334
0.06873
0.39450634
0.64763165
0.2088598
0.35436845
0.6343857
0.23347676
0.30042267
0.34878528
0.29507315
0.69391656
0.6429049
0.60744345
0.30528462
0.064399004
0.28240085
0.41327858
0.5925796
0.44748962
0.37010002
0.3251989
0.4138056
0.34211302
0.2105211
0.4904648
0.78879
0.346043
0.32663882
0.8431896
0.34073532
0.428702
0.45849884
0.52132344
0.53916
0.53718626
0.6188549
0.7216643
0.8645072
0.86197376
0.2957524
1.1548686
0.37695336
0.29718983
0.25193155
0.5006336
0.55709255
0.0696125
0.33765376
0.6957382
0.31399298
0.44618213
0.78224015
0.30804288
0.31355858
0.39206207
0.47769606
0.71804655
0.11200237
0.4696623
0.81788003
0.20528257
0.13243937
0.7012814
0.45774424
0.3234588
0.43388987
0.35038805
0.3196615
0.48586
0.6159078
0.34918904
0.24176967
0.31440353
0.35871804
0.3141142
0.24743605
0.5731262
0.4905256
0.4326414
0.13908088
0.33156192
0.56989443
0.4037645
0.2707715
0.20566297
0.37638247
0.3666581
0.5422145
0.36691606
0.42559373
0.15358865
0.6099379
0.3244803
0.71830344
0.18637967
0.09572446
0.56315625
0.34965813
0.7820225
0.25443578
0.39545083
0.19909692
0.105050445
0.37769163
0.376395
0.8200629
0.49538767
0.3214265
0.40563273
0.36435878
0.12423766
0.1767832
0.6589302
0.3535062
0.6291486
0.32722867
0.6742798
0.48469794
0.47742248
0.52847517
0.5133554
0.26791668
0.38961804
0.90649676
0.45724833
0.84843063
0.7760756
0.4148873
0.95059717
0.28028572
0.5704937
0.20563161
0.5910201
0.3959844
0.57246387
1.0788995
0.48992205
0.42953134
0.34927642
0.47161138
0.5544996
0.47772884
0.16600907
0.40770316
0.4197551
0.2144593
0.4595151
0.7276317
0.59631383
0.14573526
0.6367636
0.31981337
0.28888857
0.3859589
0.4947393
0.03801477
0.36897218
0.21930385
0.19216752
0.6876612
0.37769854
0.56209254
0.40647018
0.45129824
0.6716695
0.38496435
0.37870944
0.29933572
0.35749793
0.21582723
0.68023336
0.97278345
0.61595106
0.27337503
0.43471336
0.5715786
0.31481552
0.91303766
0.29450464
0.57128644
0.43234742
0.49461687
0.5673127
0.5468024
0.6298449
0.4166509
0.52127934
0.19603229
0.5261729
0.46992612
0.7147517
0.11033356
0.34312665
0.6672032
0.24620295
0.6442548
0.18080938
0.3567797
0.2773311
0.266176
0.56880224
0.32798052
0.604864
0.3472737
0.52027357
0.31040227
0.40722752
0.41307366
0.7858485
0.21823871
0.44541752
0.88989735
0.39378357
0.29245842
0.5738859
0.35068333
0.7952688
0.3016851
0.18342483
0.4097706
0.29011023
0.63958704
0.5110518
0.36080968
0.26508117
0.50202525
0.48961878
0.6122751
0.3346895
0.31587374
0.35888684
0.12151706
0.5455489
0.28793073
0.40452456
0.34384084
0.4251685
0.48587382
0.49055672
0.37748075
0.7195673
0.58288777
0.6597787
0.47421455
0.427019
0.41643882
0.57847357
0.5283636
0.9967302
0.428684
0.36095583
0.3156135
0.8085891
0.7830161
0.60571265
0.32819092
0.3416649
0.23777437
0.56536484
0.6915672
0.30203867
0.49037194
0.87956846
0.51797783
0.38108218
0.21207452
0.5156442
0.32003796
0.50323844
0.40651095
0.5428196
0.22275531
0.4727856
0.3266635
0.18391013
0.39426053
0.020205379
0.46962607
0.59705603
0.55465114
0.71903527
0.15980327
0.5107565
0.31858516
0.47300637
0.4420197
0.31878436
0.42703986
0.37175393
1.0316421
0.3713504
0.25935698
0.54687035
0.39947653
0.29595768
0.3425064
0.35451114
0.64349306
0.34725308
0.43909752
0.6376878
0.5138885
0.5977402
0.42211413
0.5948802
0.6067121
0.7038207
0.5391762
0.48173666
0.5790758
0.40279067
0.3730117
0.53290415
0.52143025
0.22090042
0.2734573
0.43113256
0.39075541
0.23265386
0.28616738
0.49089336
0.23299026
0.798756
0.6968218
0.4880365
0.29747832
0.43233538
0.47568548
0.35461318
0.38637352
0.3072605

8.478907
10.392514
11.704021
12.348086
11.777759
11.861758
9.900196
12.240954
12.475575
13.754496

