0.0068212748
0.0022746325
0.00975728
0.006719351
0.003594637
0.006723881
0.0025662184
0.005394697
0.004242182
0.0043411255
0.006182909
0.00327003
0.003608942
0.009674549
0.004495263
0.008708358
0.0014588833
0.0021175146
0.006230116
0.00091063976
0.0024530888
0.0031006336
0.01179862
0.0019994974
0.004319072
0.006309271
0.005959749
0.008101821
0.0034046173
0.009182572
0.005523801
0.0012725592
0.0006532669
0.0034652948
0.005198002
0.008065581
0.0062316656
0.0038983822
0.00228405
0.010443091
0.0036119223
0.0066607
0.006315708
0.012701154
0.00601089
0.0018131733
0.0051146746
0.011520743
0.0064735413
0.004784584
0.006757617
0.0034400225
0.0050883293
0.0015785694
0.0067361593
0.00856936
0.0031996965
0.010864019
0.0039179325
0.0053625107
0.009124279
0.0057570934
0.0062760115
0.007022023

0.007379055
0.0013139248
0.008201599
0.013472915
0.0052410364
0.0040900707
0.0062041283
0.01673019
0.0017774105
0.0073513985
0.011608005
0.005718231
0.0030901432
0.0008149147
0.010120392
0.009797096
0.0022034645
0.00551033
0.008064151
0.006737113
0.004160166
0.0024956465
0.004420638
0.004868269
0.0024112463
0.00023043156
0.011708379
0.0042351484
0.006909251
0.0018577576
0.0015683174
0.0021624565
0.0077451468
0.0117765665
0.0055618286
0.0053044558
0.010036707
0.006244421
0.0027884245
0.0035090446
0.004625559
0.0048553944
0.00940609
0.0029046535
0.0026086569
0.012552738
0.009651184
0.007994294
0.0011332035
0.0048396587
0.009647131
0.013247967
0.004514456
0.0058510303
0.006559372
0.014074802
0.010475993
0.006317377
0.006860733
-8.34465e-07
0.014458299
0.0069642067
0.0024513006
0.011995196

0.003389001
0.0052217245
0.004173398
0.00080037117
0.00479877
0.0012942553
0.00080907345
0.00075781345
0.0054545403
0.004643202
0.0014808178
0.006133437
0.0038229227
0.0026334524
0.0006467104
0.004992485
0.002943039
0.0033608675
8.34465e-06
0.0022672415
0.002994895
0.0052583218
0.0010807514
0.0022854805
0.008915663
0.0030999184
0.0035227537
0.0023875237
0.004873395
0.0015774965
0.007073164
0.0011506081
0.009293795
0.005042076
0.007950664
0.0016417503
0.0017105341
0.0032749176
0.003338337
0.0028526783
0.00154984
0.0044691563
0.0013072491
0.0036201477
0.0019745827
0.0012820959
0.00091683865
0.0018769503
0.0039271116
0.00035858154
0.0062642097
0.00073862076
0.0032404661
0.00079393387
0.0037652254
0.004726529
0.005533576
0.0012978315
0.0047750473
0.0021852255
0.0036559105
0.0011656284
0.0031596422
0.00043141842
0.0056596994
0.004949093
0.0038655996
0.0017551184
0.0017459393
0.002088666
0.00432384
0.007690549
0.0022748709
0.00020873547
0.0047724247
0.0065945387
0.0017359257
0.0069350004
0.0038206577
0.008457661
0.0034970045
0.0014812946
0.003790617
0.0014094114
0.0021762848
0.00025868416
0.00201869
0.0047779083
0.0023248196
5.7816505e-05
0.0005893707
0.00038814545
0.006128907
0.005126357
0.006214261
0.0042772293
0.00015425682
0.00053322315
0.0031170845
0.0019410849
0.00016438961
3.8027763e-05
0.005107522
0.0032030344
0.003093958
0.0042306185
0.0013003349
0.004289627
0.009405494
0.00017940998
-2.026558e-06
0.0019220114
0.0008583069
0.0014110804
0.009654641
0.0017733574
0.0033454895
0.0034552813
0.0059467554
0.0006541014
0.0041977167
0.0055977106
0.0001667738
0.00018656254
0.0074528456
0.0005939007
0.005867362
0.007971048

1.21593475e-05
0.0019345284
0.0014266968
0.0069520473
0.003800273
0.0008113384
0.0029447079
0.00071263313
0.002625823
0.002860546
0.011909962
0.008603454
0.0029343367
0.004339218
0.0019184351
0.007643461
0.0034117699
0.0011759996
0.0014576912
0.0015333891
0.0037891865
0.001786232
0.00033855438
0.004869461
0.0049899817
0.0063250065
0.00319767
0.004871726
0.0026353598
0.002429247
0.00039970875
0.0010721684
0.005474925
0.0005918741
0.0017572641
0.004454255
0.0033000708
0.0021455288
0.0024033785
0.00033581257
0.0027450323
0.0024929047
0.0026555061
0.0020149946
0.0045535564
0.0013753176
0.0074533224
0.0034307241
0.004182458
0.0027643442
0.00236094
0.0012915134
0.0006389618
0.0019663572
0.007897854
0.003089428
0.00060403347
0.0027303696
0.0065563917
0.004804373
0.0032855272
0.003109455
0.009534955
0.0041171312
0.0027257204
0.002055645
0.0015547276
0.0060944557
0.005509019
0.004606843
0.011470318
0.0044754744
0.0037981272
0.001826644
0.0012907982
0.0040590763
0.0041610003
0.0006209612
0.0029793978
4.529953e-06
0.0024508238
0.0001783371
0.0003515482
0.0063649416
0.0017659664
0.00048828125
0.0033422709
0.0058704615
0.0055224895
0.0042955875
6.92606e-05
0.0041536093
0.0022512674
0.0029813051
0.0022345781
1.5377998e-05
0.0054365396
0.006027937
0.0011150837
0.0019376278
0.0029383898
0.005081892
0.004842758
0.0017398596
9.4890594e-05
0.003830433
0.0023331642
0.0019934177
0.006922722
0.0012403727
0.0007648468
0.0018881559
0.0034615993
0.0023753643
0.0057587624
0.0020091534
0.003481865
4.0888786e-05
0.0060372353
0.0064587593
0.00010073185
0.0022978783
0.0026705265
0.0044317245
0.0016214848
0.0038933754
0.0030511618
0.0030442476

0.0027107
0.0013319254
0.001060605
0.0022296906
0.0026527643
0.0013437271
0.0005788803
0.00062060356
0.0024647713
0.0020108223
0.0034083128
0.0013049841
0.0009598732
0.001046896
0.0027230978
0.0023913383
0.0018947124
0.0024889708
0.0025535822
9.024143e-05
0.0007261038
0.0008815527
0.00058209896
0.0022246838
0.001712203
0.001938343
0.0031343699
0.0017437935
0.0018179417
0.002348423
0.0020986795
0.0021373034
0.0014113188
0.0010796785
0.0004720688
0.00061130524
0.0020127296
3.528595e-05
0.0011608601
0.001855731
0.0021064281
0.000910759
0.0019145012
0.0011389256
0.00032699108
0.0011097193
0.0011684895
0.0019743443
0.0006814003
0.002265811
0.0011227131
0.00063085556
0.0005983114
0.0011781454
0.0014019012
0.002745986
0.0018775463
0.002640009
7.712841e-05
0.0015785694
0.0028237104
0.0020745993
8.261204e-05
0.00030338764
0.0021893978
0.0014953613
0.0020267963
0.0008993149
0.00070023537
0.0015100241
0.0008494854
0.00017285347
0.00045335293
0.0033915043
0.00025832653
0.0008634329
0.0019505024
0.0003978014
0.0017517805
0.0013109446
0.0017946959
0.0013928413
0.00052928925
0.0017001629
0.0031152964
0.0014350414
0.0007954836
0.00010240078
0.0014156103
0.0011613369
0.0030344725
0.00095391273
0.0021281242
0.0024995804
0.00040650368
0.0022028685
0.0021146536
0.004971504
0.0026741028
0.0029534101
0.0008404255
0.0022422075
0.0018078089
2.9563904e-05
0.0010505915
0.002626419
0.00060367584
0.002895236
0.00018763542
0.0015257597
0.0037827492
0.0021048784
0.0031430721
0.0014016628
0.002606511
0.00300169
0.0011184216
0.0019356012
0.0012029409
0.0011299849
0.0003324747
0.001507163
0.0018270016
0.0009849072
0.00075149536
0.0013968945
0.0022337437
0.0015252829
0.00073969364
0.0024058819
0.00062167645
0.0010141134
0.002152443
0.0004492998
0.00035834312
0.0011794567
0.0009390116
0.002646923
0.00031030178
0.0010216236
0.0021687746
0.0017430782
0.0030083656
0.0028386116
0.0026460886
0.001527667
0.002052784
0.0010070801
0.0024479628
0.0016605854
0.0029181242
0.00092434883
0.0019164085
0.0020821095
0.0037837029
0.0025177002
0.0027974844
0.0010435581
0.002597332
0.0018996
0.0001693964
0.002580285
0.000880003
0.0021299124
0.0013819933
0.0011143684
0.001901269
0.0019198656
0.00013816357
0.0026923418
2.515316e-05
0.0021101236
0.00251925
0.0026757717
8.869171e-05
0.0014674664
0.0026755333
0.0038115978
0.0019444227
0.0028313398
0.0010625124
0.0027595758
0.0018888712
0.0031214952
0.0009394884
7.3075294e-05
0.0007098913
0.00023400784
0.00116992
0.0023905039
0.0016423464
0.00010037422
3.7908554e-05
0.0006569624
0.0007008314
0.0010353327
0.00033211708
4.887581e-06
0.0008673668
0.0022671223
0.0015050173
0.0017946959
0.0019429922
0.00093746185
0.00034189224
0.0027939081
3.0398369e-05
0.0029085875
0.0022476912
0.003573656
0.002591014
0.002893567
0.0010080338
0.0013895035
0.0020805597
0.0019254684
0.0019682646
5.9247017e-05
0.0016610622
0.0003849268
0.0013705492
0.0024325848
0.001963973
0.0031118393
0.0019716024
0.0023887157
0.0012098551
0.002729416
0.0014744997
0.0008381605
0.00020515919
0.0031889677
0.003552556
0.0017596483
0.0010774136
0.0023640394
0.0025172234
0.0014480352
0.0016893148
0.0015591383
0.00086402893
0.003515005
0.0013651848
0.00019133091
0.0016323328
0.0023932457
0.00067806244
0.0013414621
0.00047695637
0.002650261
0.0021446943
0.0018523932
0.0010217428
0.0007121563
0.0019185543
0.00090277195

0.00051259995
0.0015996695
0.0014464855
0.0027352571
0.002027154
0.0011174679
0.0013381243
0.0012646914
0.0023118258
0.0018697977
0.00032746792
0.0021774769
0.0032713413
0.0019913912
0.0009396076
0.0021749735
-9.536743e-07
0.00065135956
0.0024775267
0.0015466213
0.0012745857
0.0018236637
0.002412796
0.0015529394
0.003694892
0.0017592907
0.00078999996
0.0023696423
0.0023698807
0.0001335144
0.0020171404
0.000111699104
0.0021647215
8.34465e-07
0.001932621
0.0008149147
0.0029619932
0.00056385994
0.0018051863
0.00013256073
2.1457672e-06
0.0022847652
0.0019408464
0.0013995171
0.0015361309
0.0010793209
9.191036e-05
0.0015079975
0.0027685165
0.00020813942
0.00092077255
0.000867486
0.00013768673
0.0013582706
0.0016309023
0.0013198853
0.0006633997
0.00223732
0.0023232698
0.0016080141
0.0021113157
0.0015079975
0.00137496
0.0022380352
0.0014181137
0.0033147335
0.0026711226
0.0020073652
0.0017050505
0.00055634975
0.00067567825
0.0009775162
0.003094077
0.00070106983
0.0018529892
0.0023204088
0.0008300543
0.00014293194
0.00276649
0.000187397
0.0003054142
0.00018298626
0.003520131
0.0009292364
0.002678156
0.00035762787
0.0036730766
0.0018085241
0.002772212
0.0010929108
0.0024379492
0.00023138523
0.0036695004
0.0013394356
0.002298832
0.002316475
0.000284791
0.0035874844
0.0013819933
0.0024267435
0.0016429424
0.0015642643
0.0016363859
0.0011345148
0.00066518784
0.0008751154
0.0027774572
0.0022668839
0.0011829138
0.0024926662
0.0018298626
0.0018931627
5.543232e-05
0.001665473
0.0019857883
0.0010621548
0.0014028549
0.002239108
0.0026631355
0.0015007257
0.0020575523
0.0017881393
0.0023043156
0.0014244318
0.0022318363
0.0016448498
0.00172472
0.0010780096
0.0010156631
0.00418067
0.0025039911
0.0025548935
0.0009137392
0.0004749298
0.0006107092
0.002921462
0.0019370317
0.0021781921
0.0006403923
0.002138257
0.0018130541
0.0016957521
0.0026909113
0.00015854836
0.002739787
0.0013079643
0.0015203953
0.0012751818
9.1671944e-05
0.0011651516
0.0016264915
0.0019577742
0.0020581484
0.00043153763
0.002076745
0.0018473864
0.0015158653
0.0002629757
0.0022178888
0.0004695654
0.0019199848
0.0004553795
0.00074386597
3.8981438e-05
0.0018827915
0.0020074844
0.0025553703
0.0031204224
0.0020198822
0.0016458035
0.0014431477
0.001455307
7.2836876e-05
0.00046229362
0.0018647909
3.2186508e-06
0.00047564507
0.0018928051
-5.722046e-06
0.00095272064
0.0015642643
0.0017727613
0.00210917
0.002724886
0.00079524517
0.002462387
0.00065231323
0.0016107559
0.001632452
0.002963066
0.0011649132
0.0041389465
0.0020068884
0.0043581724
0.00088226795
0.002413392
0.0016802549
0.0029400587
0.0033057928
0.001572609
0.0025473833
0.0018866062
0.0019137859
0.0004323721
0.001721859
0.0008146763
0.001416564
0.0011969805
0.0026592016
0.0026597977
0.000305295
0.0019598007
0.0015126467
0.0010460615
0.0005890131
0.002761364
0.0011792183
0.0022790432
0.0027400255
0.0011099577
0.0024254322
0.0018306971
0.0011347532
0.0010849237
8.85725e-05
0.0001553297
0.0017184019
0.0030907393
0.0007812977
0.0012489557
0.0018097162
0.0014060736
0.0026592016
0.0031987429
0.0022554398
0.002551198
0.0012737513
0.002121091
0.002785921
0.00057435036
0.0035036802
0.0010251999
0.002214551
0.0010948181
0.00028979778
0.0015001297
0.002276659
0.0015523434
0.0012488365
0.00051033497
0.0024672747
0.0022320747
0.0006122589
0.0013302565
0.0014030933
0.0005571842

0.0022791624
0.0014570951
0.0016314983
0.002584815
0.0015605688
0.0019661188
0.0024620295
0.0022177696
0.00036418438
0.0030269623
0.00042510033
0.0012676716
0.00014293194
0.0019712448
0.002698779
0.0013554096
0.0020508766
0.0011485815
0.0017366409
0.001278758
0.0017726421
0.0015538931
0.0028992891
0.000975132
0.0018962622
0.0022976398
0.0012788773
0.0015505552
0.0012762547
0.0020912886
0.002554059
0.0016189814
0.002227068
0.0018337965
0.0005284548
0.0007406473
0.0019382238
0.0020295382
-4.4107437e-06
0.001303196
0.0015509129
0.0025966167
0.0008778572
0.0021693707
0.0016393661
6.723404e-05
0.0013991594
0.0008907318
0.0013639927
0.002120614
0.0005912781
0.00040781498
0.0017774105
0.0009690523
0.002562046
0.0020421743
0.0018618107
0.0021928549
0.0032560825
0.0012308359
0.00095820427
0.0017051697
0.00044071674
0.0015079975
0.0009810925
0.0024901628
0.0012500286
0.0029643774
0.0020039082
0.0018616915
0.002210021
0.0020798445
0.0025026798
0.0027600527
0.0018088818
0.0026416779
0.0020714998
0.0012578964
4.9591064e-05
0.002277851
5.00679e-05
0.0014028549
0.0012990236
0.00048470497
0.0015026331
0.0031397343
0.00019848347
0.0015815496
0.0010136366
0.0005326271
0.0017465353
0.0016553402
0.0019139051
0.0017979145
0.00083196163
0.0016083717
0.0016934872
0.0011645555
0.0012609959
0.0015993118
0.0010527372
0.0014947653
0.002723813
0.00044083595
0.0011434555
0.002252221
0.0016525984
0.0016680956
0.0015022755
0.0015029907
0.001108408
0.000744462
0.0030802488
0.0004364252
0.0019155741
0.002465129
0.00011873245
7.200241e-05
0.0027222633
0.0007581711
0.00045406818
0.0013582706
0.0016105175
0.0018786192
9.62019e-05
0.0022277832
0.0022318363
0.00055122375
0.0018635988
0.0023809671
0.0016483068
0.0023007393
0.0024238825
0.002042532
0.0025632381
0.0021623373
0.0015261173
0.0018709898
0.0004169941
0.00208807
0.0012383461
0.0023047924
0.001812458
0.0011124611
0.0017294884
0.0011018515
0.0011405945
0.0003247261
0.0003503561
0.0023001432
0.001439929
0.0009715557
0.0005699396
0.0010495186
0.0011992455
0.0027554035
0.00086164474
0.0013175011
0.0014252663
0.0016052723
0.0015546083
0.0011832714
0.00092053413
0.0010641813
0.0010768175
0.00017893314
0.0021477938
0.0017158985
0.0026124716
0.00088846684
3.2305717e-05
0.0025025606
0.0012185574
0.0012955666
0.0014324188
0.0009737015
0.0014526844
0.0022320747
0.002722621
0.0013071299
0.0018643141
0.0033837557
0.0002759695
0.002699852
0.0005810261
0.0011059046
0.002409935
0.004537463
0.0006133318
0.0024107695
0.00060379505
7.224083e-05
0.00046992302
0.0004286766
0.0009843111
0.0018992424
0.0015501976
0.002354145
0.00045144558
0.0020688772
0.001978159
0.0018085241
0.0019683838
0.0015144348
0.00090277195
0.0012546778
0.001034975
0.002601266
0.0015492439
0.0022810698
0.002138257
0.0011333227
0.0019210577
0.0015950203
0.0017604828
0.0006786585
0.0023858547
0.00087082386
0.0013827085
0.002845645
0.0016628504
0.0026103258
0.00164783
0.000121593475
0.0022625923
0.0017273426
0.0024051666
0.00028586388
0.0032904148
0.0015797615
0.0017828941
0.001595974
0.0023070574
0.0021358728
0.0028362274
0.0029814243
0.0019390583
0.000890255
0.0016071796
0.001871109
0.0028226376
0.0016769171
0.0024825335
0.0025104284
0.00078332424
0.0019596815
0.0022953749
0.0018358231
0.0017591715
0.001295805
0.0039857626
0.0023329258
0.0022041798
0.0027313232
0.0016163588
0.0016714334

0.00070154667
0.001072526
0.0007991791
0.00047922134
0.0007529259
0.0013934374
0.0011767149
0.0011134148
0.0007582903
0.00050354004
0.0009353161
0.0008442402
0.00012385845
0.0009986162
0.0013085604
0.00094497204
0.0005464554
0.000672698
-3.695488e-06
0.0009967089
0.00083243847
0.0009795427
0.00013077259
0.00013327599
0.0008940697
0.00088214874
0.00039696693
0.002061963
0.00015711784
7.7843666e-05
0.0007840395
0.000666976
0.00046157837
0.00020325184
0.0004746914
0.00021505356
0.00036239624
0.0011832714
0.00076556206
0.0005091429
0.0010125637
0.00046551228
0.0010575056
0.00011754036
0.0010786057
0.00073575974
0.0014083385
0.0010012388
0.0010186434
0.0011370182
0.00080001354
0.00082218647
0.00025999546
0.0007683039
0.00065362453
0.00043666363
0.00035119057
0.0009173155
0.0010370016
0.00089001656
0.0005801916
0.0010105371
0.00051772594
0.00027489662
0.0010927916
0.0007697344
0.0018008947
0.0011823177
0.00028669834
0.0016195774
0.001413703
0.00047957897
0.0011342764
0.0001333952
0.0010213852
8.08239e-05
0.000823617
0.0002963543
0.00019478798
0.00048077106
0.0011831522
0.00037539005
0.0009673834
0.0013848543
0.00080025196
0.00075113773
0.00020194054
0.00069594383
0.0010830164
0.0010644197
0.00062024593
0.0015237331
0.000541687
0.0007278919
0.00049328804
0.0010428429
0.00035381317
0.0012321472
1.5258789e-05
0.0010659695
0.0009613037
0.0011402369
0.0006155968
0.00087344646
0.0014611483
0.00080120564
0.0009382963
0.0013058186
0.0011183023
0.0017110109
0.0010498762
0.0009768009
0.0003694296
0.0016864538
0.00033402443
0.0014816523
0.00075531006
0.0011082888
0.0019990206
0.0003401041
0.000988245
0.0005195141
0.0006021261
0.0011913776
0.0012843609
0.0011569262
5.9962273e-05
0.0012816191
0.0007623434
0.0004916191
0.00084507465
0.000625968
0.0012156963
0.0008639097
3.9458275e-05
0.0011664629
0.00031733513
0.00050258636
0.0002681017
0.0006349087
0.0010185242
0.0011768341
0.00088763237
0.00029039383
0.0011252165
0.00014412403
0.0012527704
0.00017035007
0.0005697012
0.001209259
0.00096833706
0.00080370903
0.0013637543
0.0006849766
0.0014623404
0.0008560419
0.0013257265
0.0013399124
0.000279665
0.0010416508
0.0005210638
0.0010139942
0.0013738871
0.0012899637
0.0001039505
0.00036489964
0.00044310093
0.0011841059
0.0014103651
0.0013369322
0.000633955
0.00027740002
0.0010796785
0.0010213852
0.00050866604
0.0006182194
5.2928925e-05
0.00013935566
0.0016146898
0.0005224943
0.00092589855
7.545948e-05
0.00019550323
0.0008183718
0.0007324219
0.0012128353
0.0008075237
0.0011974573
0.00051403046
5.698204e-05
0.00057947636
0.0005902052
0.0013049841
0.0012001991
0.00022828579
0.0009818077
0.0006302595
0.00034368038
0.00060904026
0.0006817579
0.0007225275
0.000782609
0.0016850233
0.0005339384
2.503395e-05
0.000975132
1.2755394e-05
0.0009241104
0.0013694763
0.0009639263
0.0002412796
0.00040578842
0.00012791157
0.0004146099
0.0010108948
0.0007506609
0.00086808205
0.0004234314
0.0012341738
0.0006763935
0.0003913641
0.00077962875
0.0010148287
0.0013459921
0.0019608736
0.00075650215
0.00027358532
0.00037419796
0.0009355545
2.5749207e-05
0.0007908344
0.0016425848
0.00034046173
0.00035822392
0.0015082359
0.0010510683
0.0009948015
0.001224041
0.0013109446
0.0011070967
0.0002758503
0.00076651573
0.00054109097
0.000223279
0.0006996393
0.00020051003
0.0009506941
0.001146555
0.0022473335
0.0010486841
0.00063192844
0.00037014484
0.00022232533
0.0007805824
0.00058496
0.0009953976
0.00064480305
0.00045895576
0.00032305717
0.001031518
0.0015397072
0.0007020235
0.0006887913
0.0017175674
0.00091326237
0.0012017488
0.00083851814
0.00015938282
0.0007532835
0.001074791
0.0007343292
0.00013625622
1.7523766e-05
0.0004607439
0.0011905432
0.00067174435
0.0006581545
0.0012589693
0.0009647608
0.0007519722
0.00080668926
0.00035309792
9.095669e-05
0.00012373924
0.0013284683
0.0010873079
0.0005121231
0.0007523298
0.00034999847
0.0015125275
0.0010472536
0.0008331537
0.0012128353
0.0007983446
0.00094878674
0.00066137314
0.0001821518
0.00038218498
0.0012657642
0.0021027327
0.0007199049
0.0003119707
0.001303792
0.00075387955
0.0016201735
1.4781952e-05
0.0010198355
0.0012798309
0.00091803074
0.0011560917
0.001001358
0.00041413307
0.0004760027
0.0005517006
0.000161767
0.0012646914
0.001663208
0.0016049147
0.001490593
0.0012683868
0.00092601776
0.0005981922
0.001005888
0.0003401041
0.00020492077
0.0010792017
0.001098752
0.0014804602
0.00035774708
3.4093857e-05
0.0010201931
0.0002719164
3.6597252e-05
0.001619339
0.0010495186
0.00040757656
0.00065886974
0.0012432337
0.000800848
0.0007520914
0.00024151802
0.00028145313
4.553795e-05
0.0010437965
0.0004682541
0.00035488605
0.001003027
0.00154984
0.0009815693
0.0011349916
0.000846982
0.0002720356
0.0003989935
0.00047516823
0.0008022785
0.0003311634
0.00073826313
0.00038468838
0.00073206425
0.0010255575
0.001093626
0.0005888939
0.00047421455
0.0011329651
0.000849843
0.0007644892
0.0004197359
0.0009829998
0.0003758669
0.0008329153
0.00096285343
0.00061643124
0.0008891821
0.001341939
0.00015425682
0.0013223886
0.00078845024
6.592274e-05
0.0013182163
0.00055265427
0.0009874105
0.00019264221
0.00061523914
0.0017040968
0.00039196014
0.0008279085
0.0008878708
0.0010969639
9.953976e-05
0.00038921833
0.0011860132
0.00058043003
0.0007814169
0.0013487339
0.00042700768
0.0017595291
0.0007060766
0.00033962727
5.9604645e-06
0.0009063482
0.00044214725
0.00096321106
0.001352787
0.00069856644
0.0006761551
0.0018874407
0.00081300735
0.0012514591
0.00031971931
7.9870224e-05
0.0007773638
0.00011074543
0.0007455349
0.00085651875
0.00065016747
0.001065731
0.00047802925
0.0011539459
0.0012661219
0.00030088425
0.001350522
0.0009511709
0.0007376671
-1.847744e-05
0.0010949373
0.0012495518
0.0020112991
0.0011597872
0.00046348572
0.00096309185
0.0001231432
0.00086677074
0.000880599
0.0015643835
0.0012131929
-8.583069e-06
0.0006889105
0.0007737875
0.00027406216
0.0010635853
0.00039994717
0.0013114214
0.0006284714
0.0014698505
0.0013515949
0.00092995167
0.0011205673
0.0009547472
0.0013729334
0.00013649464
0.00045132637
0.0003838539
0.0002719164
0.00092840195
9.6321106e-05
0.0014107227
0.0011658669
0.0009292364
0.0007363558
0.00014746189
0.0013492107
0.0017588139
0.0011521578
1.6450882e-05
0.0019090176
0.0015238523
0.0010031462
0.00074982643
0.0014140606
0.00033080578
0.0011284351
0.00024819374
0.0003658533
0.0007853508
0.0005725622
0.0013116598
0.00075113773
0.00094652176
0.0010385513
0.00040709972
0.0009368658
0.00084626675
0.00045681
0.000639081
0.00071823597
0.0012097359
0.0015544891
0.00056016445
8.9883804e-05
0.001388073
0.0006443262
0.0017689466
0.0014662743
0.0009446144
0.0005068779
0.0017631054
0.0013847351
0.0022541285
0.00020003319
0.0016704798
0.0002861023
3.9935112e-05
0.0011758804
0.001778245
0.001193881
0.00097060204
0.0010052919
6.2823296e-05
0.0010597706
0.0007452965
0.0005723238
0.00034165382

0.000598073
0.0012198687
0.0006172657
0.0010187626
0.0008636713
0.0007748604
0.00046932697
0.0012065172
0.0013129711
0.0005567074
0.00063443184
0.00093472004
0.00010919571
0.0010489225
0.00068867207
0.0007997751
0.0007022619
0.00067043304
0.000625968
0.00084257126
0.000587821
0.0004943609
6.175041e-05
0.00060892105
0.00095403194
0.00088107586
0.000821352
0.00025236607
0.00077581406
0.00025248528
0.0008068085
0.0007195473
0.0007035732
0.0009371042
0.0006468296
0.0007497072
0.0013475418
0.0008149147
0.00044560432
0.00068438053
0.0014333725
0.00032436848
0.0011380911
0.00016582012
0.0016341209
0.00090932846
0.00049090385
0.0015106201
0.0007301569
0.0006335974
0.0012487173
0.0010211468
0.0008265972
0.0012594461
7.2956085e-05
0.00031793118
0.0010505915
0.00089097023
0.0010313988
0.0013116598
0.00038909912
8.416176e-05
0.0013850927
0.0012212992
0.0005412102
0.0011863708
0.00070858
0.0004963875
0.00084507465
0.0008678436
0.00051009655
2.9087067e-05
0.001180172
0.00029075146
0.0005350113
0.00089228153
0.0010032654
0.00064611435
0.0010107756
0.0011844635
0.00023198128
0.00022482872
0.0013551712
0.0013223886
0.0011732578
0.000521183
3.182888e-05
0.0009915829
0.0014275312
0.00064110756
0.0009844303
0.0005669594
0.00094497204
0.0002887249
0.001308322
0.0011869669
0.0015734434
0.00020933151
0.00090169907
0.00068867207
0.0006314516
0.00040996075
8.380413e-05
0.000703454
0.0005427599
0.0005544424
0.0006906986
0.00028538704
0.0010926723
0.00062704086
0.0012108088
0.00040316582
0.0011079311
0.0009809732
0.0005584955
0.0011558533
0.0008568764
0.00069117546
0.0011224747
0.0016384125
0.0009809732
0.00055611134
0.00010609627
0.00071048737
0.00033807755
0.0010842085
0.0017348528
0.001078248
0.00031673908
0.0013961792
0.0010092258
0.0007792711
0.0005220175
0.00037908554
0.0010383129
0.0005079508
0.0010029078
0.0005553961
0.0002464056
0.0009704828
6.67572e-05
0.0014305115
0.0011354685
0.00084638596
0.00047707558
0.001488924
0.0009160042
0.001211524
0.0011034012
0.00053310394
0.00082588196
0.0008558035
0.0006146431
0.0011239052
0.00016474724
0.0008226633
0.0005633831
0.0005195141
0.00050735474
0.0013833046
0.0004118681
0.0007944107
0.000698328
0.0010944605
0.0005970001
0.000869751
0.00085127354
0.0010522604
0.00091934204
6.699562e-05
0.0012847185
0.00074875355
0.0008739233
0.0011527538
0.001019597
0.00092995167
0.0015381575
0.0006734133
0.00065791607
0.0007560253
0.0015721321
0.0012910366
0.0006607771
0.00033521652
0.0001001358
0.00032293797
0.00069510937
0.0012700558
0.00045192242
0.00040769577
0.00031733513
0.0018757582
0.0010668039
0.0009908676
0.00042819977
0.0003876686
0.0013176203
0.0003039837
0.00049078465
0.00017738342
0.0006326437
0.0011447668
0.0012155771
0.00066900253
0.00018644333
0.00086796284
0.00060391426
0.0010014772
0.00037705898
0.00072944164
0.0002657175
0.0012854338
0.00048542023
0.0009212494
1.001358e-05
0.0008047819
0.0005829334
0.0007517338
0.00042247772
0.000538826
0.0018458366
0.0014879704
0.001070261
0.0011734962
0.00054478645
0.0008649826
0.0003079176
0.0017610788
0.00018644333
0.00047826767
0.00028169155
0.0010302067
0.00017690659
0.0010381937
0.0006620884
0.0010946989
0.0003219843
0.00087714195
0.0008183718
0.00077295303
0.0010859966
0.0009266138
0.00057804585
0.0009639263
0.0004492998
3.8146973e-06
0.0011799335
0.0009151697
0.0003889799
0.0005247593
0.001157403
0.00023114681
0.00043320656
0.0011520386
0.0012357235
0.0012181997
0.00078451633
0.00035452843
0.00085151196
0.00071799755
0.00021517277
0.00029289722
0.00044834614
0.0008672476
0.00040590763
0.00031089783
0.00084233284
0.00082170963
0.0011618137
0.0005838871
0.00075113773
0.00040495396
0.0010398626
0.0010671616
0.0017579794
0.0008678436
0.0009325743
0.00013530254
0.00020551682
0.0003323555
0.00012278557
0.0001937151
0.0016963482
0.00010347366
0.0008801222
0.00054597855
0.0008224249
0.0006247759
0.0002977848
0.00061059
0.00030243397
0.0003772974
8.916855e-05
0.0011402369
0.0013548136
0.00028562546
0.0014027357
0.00097334385
0.0014753342
0.0006930828
0.0018876791
0.0015187263
0.00033986568
0.0009496212
0.0007004738
0.00047385693
0.00045633316
5.4359436e-05
0.0004451275
0.0011063814
0.0002117157
0.0012470484
0.0006661415
0.00020611286
0.0005606413
0.0008363724
0.00013959408
0.0005353689
0.00065898895
0.0007702112
0.00040364265
0.0006971359
0.000901103
0.0009223223
0.00016343594
0.0008511543
0.0010414124
0.00066161156
0.0016245842
0.0008536577
0.001252532
0.0011787415
0.000664711
0.0013414621
0.0013650656
7.1525574e-05
0.0018553734
0.00057697296
0.0009686947
0.0005992651
7.748604e-06
0.0013822317
0.0015393496
0.00040614605
0.00012385845
0.0017848015
0.0012564659
0.00032258034
0.0008119345
0.0010226965
5.0783157e-05
0.0005759001
0.00096321106
4.7802925e-05
0.00030505657
0.00063431263
0.00015413761
0.001362443
0.0008263588
0.00025451183
0.000695467
0.0013432503
0.0012638569
3.9339066e-06
0.0010455847
0.0012218952
0.0006043911
0.000415802
0.0012127161
0.00067317486
0.00021243095
0.0007222891
0.00044107437
0.0011557341
0.0015386343
0.0013602972
0.0013791323
0.0016787052
0.000978589
0.0008043051
0.0017220974
0.0010355711
0.0013164282
0.0011974573
0.00038301945
0.00096821785
0.0011327267
0.0002696514
0.00048673153
0.000872612
0.0016372204
0.00038981438
0.0016819239
0.0008214712
0.0002465248
0.000890851
0.00021338463
0.0008765459
0.0015152693
0.0012937784
0.00020730495
0.0005249977
0.00053596497
0.00088977814
0.0005159378
0.00025367737
0.0008188486
0.0011366606
0.00020253658
0.00039076805
0.001291275
0.0011337996
0.0014162064
0.00021183491
0.0014095306
0.0010541677
0.00076305866
0.00054204464
0.0009037256
0.0012067556
4.1246414e-05
0.0014204979
0.00017046928
0.000600338
0.00049459934
0.00041377544
0.0012558699
0.00091564655
0.0003232956
0.0005686283
0.0021903515
0.00095129013
0.0017974377
0.00043082237
0.0015074015
0.00086700916
0.0004581213
0.0012801886
5.722046e-05
0.0020000935
0.00066387653
0.00046670437
0.0011241436
0.00031220913
0.000109910965
0.00027608871
0.001461029
0.00058329105
0.0016636848
0.000633955
0.00045120716
0.0017364025
0.0006335974
0.0008292198
0.0009987354
0.0007929802
0.00062966347
0.0009899139
0.0016764402
0.00029742718
0.00044691563
0.00090384483
0.0011657476
0.001281023
0.0003453493
0.00096046925
0.0011148453
0.00032114983
0.0004618168
0.0014971495
0.00095260143
0.00082087517
0.0007314682
0.0010619164
0.00027370453
0.0010592937
0.0010836124
0.00094532967
0.00067710876
0.001704812
0.0010493994
0.00089490414
0.0014004707
0.0017760992
0.0010674
0.0010421276
0.00052952766
0.0009545088
0.00049972534
0.00065767765
0.0015656948
0.00012087822
0.0012013912
0.000487566
0.0011540651
0.0011092424
0.0012007952
0.00082695484
0.0010460615
0.0013171434
0.00012278557
0.0008634329
0.0013200045
0.0011138916
0.0005854368
0.0008368492
0.00037264824
0.001796484
0.0008794069
0.0012191534
0.0015221834
0.0012991428

0.0005259514
0.0010398626
0.00017428398
6.03199e-05
0.00026738644
0.0002592802
0.0015882254
0.00024950504
0.00027537346
0.0004492998
6.9618225e-05
0.0013412237
0.0003784895
0.00052285194
0.003124833
7.748604e-05
0.00059497356
0.0012987852
0.0011600256
2.4318695e-05
0.0008318424
0.0017735958
0.00040102005
0.00032496452
0.00021994114
0.001253128
0.0004364252
0.0010795593
0.00071692467
0.000901103
0.0008467436
0.0018410683
0.00043296814
4.3988228e-05
0.00010061264
0.0011854172
0.00094246864
0.00019216537
0.00063586235
0.0012979507
0.0007754564
0.00079989433
0.0004298687
0.00036168098
0.0023384094
0.00036871433
0.0016839504
0.0013545752
0.00018060207
0.00066161156
0.00022792816
0.00036215782
0.0002937317
0.00031077862
0.0010739565
0.00016772747
0.00033652782
0.00069737434
0.0011458397
0.00017213821
0.00036144257
0.0003941059
0.0012966394
0.0013952255
0.00063729286
0.00010573864
0.0012867451
0.001928091
0.0006914139
0.0025182962
0.0004156828
0.002204299
0.0005335808
0.00054621696
0.0007587671
0.001070261
0.00026798248
0.0007647276
0.00063467026
0.0002924204
0.001180768
0.0006182194
0.0006725788
0.00027525425
7.4744225e-05
0.00076401234
0.00030088425
0.0014753342
0.0001026392
0.00046670437
0.0006594658
0.0007069111
0.00017929077
0.00029802322
0.0008196831
4.9233437e-05
0.0020633936
0.0012229681
0.00047314167
0.0010808706
0.0005213022
0.0006505251
0.002244234
0.0008068085
0.0022027493
0.00036156178
0.001985073
0.0022073984
0.00028324127
0.0003350973
0.0002654791
0.0026575327
0.000330925
0.0012763739
0.0004786253
0.0005197525
0.0002965927
0.0012897253
0.0010188818
0.001311183
0.00061011314
0.00027012825
0.0010174513
7.021427e-05
7.665157e-05
0.00048565865
6.020069e-05
0.0012949705
0.00019860268
0.000772357
0.00076270103
0.00037026405
0.0004940033
0.00051510334
0.00089108944
0.0005726814
0.0009300709
0.0009082556
0.00035107136
0.00022768974
0.0014574528
0.0017187595
0.00033450127
1.0848045e-05
0.0006287098
0.0008276701
0.0005071163
0.0013537407
0.0006506443
0.000228405
5.4955482e-05
0.0011364222
0.0003849268
0.00046396255
0.00060391426
0.00034224987
0.0006188154
0.00075662136
0.0014019012
0.0037252903
0.00029301643
0.0014331341
0.0021119118
0.0008457899
0.0003964901
0.00033080578
0.00020778179
0.001188755
0.0006777048
0.0010989904
0.0009434223
0.0005931854
0.00063347816
0.0008969307
0.0021597147
0.0005444288
0.0011198521
0.00020372868
0.00055873394
0.002893567
3.4093857e-05
0.00050127506
0.00016570091
6.4730644e-05
0.0009354353
4.053116e-06
0.00017929077
0.00024437904
0.0006082058
0.0002514124
0.0013287067
0.0001885891
0.00091934204
0.0009959936
0.0006248951
0.00016391277
0.00049614906
0.0006197691
0.0003414154
7.379055e-05
0.0004502535
0.002162695
0.0006649494
0.0015869141
0.00046789646
0.00034987926
0.00050520897
0.00019216537
0.000764966
0.0003039837
0.0022063255
9.75132e-05
6.318092e-05
0.00049102306
0.0003837347
0.0022414923
0.0025749207
0.0012351274
0.0007055998
0.00065743923
0.00064599514
0.0012587309
0.00021147728
0.00017464161
0.0009889603
0.0006750822
0.0010224581
0.0006709099
0.00028443336
0.0011413097
0.00051164627
0.0014331341
0.0024011135
0.005279541
0.0011854172
0.0026345253
0.00039303303
0.0004711151
4.3034554e-05
0.0002424717
0.00040853024
0.0011970997
0.0016229153
0.00024402142
0.00018298626
0.0037134886
0.0008016825
0.00068295
0.00019860268
0.00029814243
0.0009022951
0.0015466213
0.0009977818
0.0016497374
6.353855e-05
0.0010635853
0.00033295155
0.0005912781
0.0008099079
0.001090765
8.070469e-05
8.225441e-05
0.0015132427
0.0012586117
0.00011909008
0.0017212629
2.2411346e-05
0.0003017187
0.000410676
0.00090932846
6.16312e-05
0.00089275837
0.004229784
0.0027674437
0.0003838539
0.0051653385
0.0009279251
0.0038938522
2.4795532e-05
0.00026607513
0.00037407875
0.00073444843
0.00021910667
0.00018417835
0.00056016445
0.0016431808
0.0014441013
0.0019131899
0.00039827824
0.00066792965
0.0005402565
0.0003399849
0.0004181862
0.0009316206
6.878376e-05
0.00035500526
0.0017806292
0.000400424
0.0018793344
0.0013341904
0.00022387505
0.0006278753
0.00034821033
3.8981438e-05
7.760525e-05
3.2544136e-05
0.00038003922
0.00058043003
0.00052058697
0.00030624866
0.00027239323
0.0005584955
0.000677228
0.0005309582
0.0012319088
0.0010623932
0.0007607937
0.0030593872
0.0019735098
0.00010538101
0.00061273575
0.0015825033
0.002180934
0.0010951757
0.0004181862
0.0029081106
0.0008715391
0.00047636032
0.00012457371
0.0032827854
0.002138853
0.0011434555
0.0004248619
0.00030350685
0.00028395653
0.00038444996
0.0001887083
5.865097e-05
0.0007622242
0.00028777122
-3.33786e-06
0.00051629543
0.00010550022
0.0008071661
3.695488e-06
0.00149858
0.00065875053
0.0014158487
0.000305295
6.914139e-05
0.00056290627
0.0017158985
0.00043451786
9.918213e-05
0.00090038776
0.00028526783
0.00056135654
0.0007264614
0.0013934374
0.00054991245
0.00081276894
0.00029230118
0.0031257868
0.0006709099
9.906292e-05
0.0006803274
0.0004981756
0.000564456
0.00093722343
0.00023949146
0.00043570995
0.0008016825
0.0005071163
0.0010201931
2.4914742e-05
0.001119256
4.5895576e-05
0.0020707846
1.04904175e-05
0.00037896633
0.0010820627
0.0007073879
0.0006272793
0.00048100948
0.0006620884
0.0010207891
0.0003476143
0.0009393692
0.0007276535
0.00023150444
0.00076937675
0.00026726723
0.0004657507
0.001324296
0.00026869774
0.003258109
0.00048720837
0.0014144182
-3.2186508e-06
0.00040447712
0.0010362864
0.0007350445
0.0002734661
0.00053584576
0.00031125546
0.0026251078
0.0005592108
0.00080764294
8.046627e-05
0.0005687475
0.00013697147
0.0032978058
0.00043284893
0.00024867058
0.0006518364
0.0010137558
0.0023528337
0.00062954426
7.081032e-05
0.0003451109
4.518032e-05
2.5749207e-05
0.0017334223
0.0004349947
0.00024569035
0.00014483929
0.00049495697
0.0015441179
0.0005841255
0.00023400784
0.0014131069
0.0009622574
0.0013344288
0.00010454655
0.0002835989
0.00037515163
0.0006059408
0.0018572807
0.0010309219
0.00061297417
0.0014818907
0.0024713278
0.0010193586
2.2411346e-05
0.00040018559
0.000461936
0.0010575056
0.0014643669
0.0003361702
0.00092720985
0.00017249584
0.00027549267
0.00043010712
0.0017795563
0.0018252134
7.6293945e-06
0.0021178722
0.00027382374
0.00012254715
0.00021386147
0.0004720688
0.00033903122
0.0001282692
0.001201272
9.429455e-05
0.0016291142
0.0013623238
0.00054085255
0.0024542809
0.0020910501
0.00018119812
0.0008018017
4.720688e-05
0.0009886026
9.88245e-05
0.00024926662
0.00059199333
0.00044572353
0.0031007528
0.0023326874
0.0003029108
0.00026535988
2.002716e-05
0.0013070107
0.0013362169
9.4652176e-05
0.0011314154
4.529953e-05
0.000646472
0.0006351471
0.0007394552
0.00036215782
5.364418e-06
5.4001808e-05
0.0007106066
0.0005815029
0.0016247034
0.00052177906
0.00024843216
0.001152277
0.0008816719
0.00010752678
1.9669533e-05
0.00021529198
0.0005643368
0.000182271
0.0012187958
0.00018548965
0.00057017803
0.00038850307
0.0003324747
0.00061678886

0.00017726421
0.00021386147
0.0005670786
0.0005091429
0.000415802
0.00032317638
0.00094127655
0.0004953146
0.001105547
4.7683716e-07
0.00036549568
0.00035512447
0.00053203106
0.0002746582
0.0001142025
0.0010890961
0.00039374828
0.00015807152
0.0017818213
0.00037908554
0.0019023418
0.0010246038
0.00017011166
0.0020582676
0.00017821789
0.0009924173
0.000315547
0.0005193949
0.0011123419
0.0010604858
0.0018103123
0.0011669397
0.00048840046
0.0021431446
-1.1920929e-06
0.0010764599
0.00085771084
0.0005289316
0.00027775764
0.00038278103
0.0027977228
-2.7418137e-06
0.0013920069
0.001283288
0.0023610592
0.0003927946
0.00017929077
0.0008083582
2.0742416e-05
0.0007252693
4.529953e-06
0.0021311045
0.00040018559
0.0009900331
0.00056374073
0.0008845329
0.0010502338
0.0008609295
0.0015585423
0.00028550625
0.0013543367
0.00014138222
0.0007485151
0.0003299713
0.00065147877
0.00023829937
0.00046133995
0.00030469894
5.018711e-05
0.0013189316
5.4359436e-05
0.0024178028
0.00157547
0.0007889271
0.00026285648
7.164478e-05
1.847744e-05
6.198883e-06
0.0009863377
0.0003554821
0.0010937452
0.00054860115
1.4543533e-05
0.0006315708
0.0006405115
0.000667572
0.0015076399
0.0003196001
0.0013779402
0.00028061867
0.00233984
0.00014638901
0.0010094643
0.0013408661
0.0013684034
0.0002272129
0.0010479689
0.0008035898
0.0008573532
0.00091302395
0.0013526678
0.0010552406
0.00038170815
0.0016520023
4.6491623e-05
6.4373016e-06
0.0006632805
0.002017498
0.0007252693
0.0018235445
7.939339e-05
0.0013482571
9.536743e-07
0.001827836
0.0016599894
1.3113022e-06
0.000880003
0.00095927715
0.0010075569
2.3841858e-07
0.0033916235
0.001098156
0.00016951561
1.5497208e-06
0.0007992983
0.00066649914
0.0007940531
0.00045394897
9.071827e-05
0.00064086914
0.00015461445
0.00030744076
0.0005774498
0.00025963783
0.0022764206
0.0002989769
0.0015780926
5.7458878e-05
1.7046928e-05
0.00029671192
0.0006020069
0.0002746582
2.5987625e-05
0.0014429092
0.0007956028
0.00033211708
0.000992775
0.002409935
0.00070917606
0.0007379055
0.0011080503
0.0018386841
0.0007420778
0.0027320385
0.00045776367
0.00033164024
0.00056421757
0.0005899668
0.0007586479
0.00034356117
0.0006480217
0.00029742718
-7.1525574e-07
0.0015298128
5.8054924e-05
0.0018979311
0.002609253
5.4717064e-05
3.4570694e-06
0.0016796589
0.0003581047
0.00041258335
6.902218e-05
0.001801014
0.00013113022
0.000115156174
0.00044739246
0.0007003546
0.00023210049
0.0023020506
0.0016973019
0.00026333332
0.0010739565
2.9087067e-05
0.0003528595
0.0006457567
0.0007070303
0.00017547607
0.0017433167
0.00066673756
0.0006084442
0.0004400015
0.0006406307
0.000667572
0.0013124943
2.6464462e-05
0.0027691126
0.0006210804
0.00032138824
0.0015673637
0.00069642067
0.0007673502
2.861023e-06
0.0005366802
0.0039247274
0.00024557114
0.00023961067
0.00045704842
0.0010536909
0.0014570951
0.0008472204
0.0002169609
0.00046098232
7.522106e-05
0.00074005127
0.00029850006
0.00066781044
0.0022209883
0.00031459332
0.00013434887
-7.1525574e-07
0.0017995834
0.00018954277
0.0016801357
0.0009572506
0.0012978315
0.001734376
0.00028324127
0.00048291683
0.00037837029
0.0005297661
0.0007535219
0.00086295605
0.0002797842
0.0008840561
7.1525574e-07
0.000510931
0.0016466379
0.00014340878
0.00031208992
0.0020246506
0.002084732
0.00041675568
0.00038719177
0.00025236607
0.001177311
-2.1457672e-06
0.00062048435
0.00083351135
0.0016560555
0.00025057793
0.0011521578
0.0014464855
0.0017057657
0.00026118755
3.2544136e-05
0.00034308434
0.0006042719
0.00076270103
0.00087308884
0.00026619434
0.00048446655
0.00023162365
0.0010737181
4.4345856e-05
0.00011396408
5.0663948e-05
0.00026237965
5.00679e-05
0.0005978346
0.0014306307
2.3841858e-07
0.00038659573
0.00068187714
0.0005835295
0.000113487244
0.00032246113
0.00037240982
0.0014020205
0.0018283129
0.00079739094
0.00033962727
0.0016319752
0.00014734268
0.0010937452
0.0019129515
0.00027811527
0.00021386147
0.0022195578
0.00027561188
0.002132535
0.00010681152
0.00019657612
0.0009124279
0.0012435913
0.0002104044
0.0010488033
0.00018632412
-1.66893e-06
0.0009651184
0.0013853312
0.0011230707
0.0004079342
0.0006518364
0.001591444
1.4066696e-05
0.0008534193
0.00051248074
0.00037837029
5.9604645e-05
0.00086069107
0.00067293644
8.416176e-05
0.00029623508
1.5497208e-06
4.9471855e-05
0.00041234493
0.0017653704
7.867813e-05
0.0008766651
0.0016454458
0.00088477135
0.00023901463
0.00078082085
0.001216054
0.00088799
0.00026595592
1.7285347e-05
0.0009173155
0.0010586977
0.0011552572
0.000983715
0.00015985966
0.0019350052
1.1920929e-07
6.7949295e-06
0.0005520582
0.0011543036
0.0022557974
0.00014460087
0.0006802082
0.000625968
4.172325e-06
0.00047838688
0.0003951788
0.0018093586
0.0007612705
0.0005013943
2.026558e-05
1.1920929e-07
0.0008342266
0.00088071823
0.00023818016
0.00039160252
0.0006585121
0.00075280666
0.0016076565
0.0005002022
0.0018736124
5.4597855e-05
0.0012995005
0.00020945072
0.001388669
0.00014662743
0.0008097887
0.0017639399
0.002533555
5.6028366e-05
0.0006657839
0.00013256073
0.000557065
0.0006867647
0.00067031384
0.001455307
0.0008878708
4.4584274e-05
4.053116e-06
0.0004261732
0.00015616417
-2.1457672e-06
-1.1920929e-07
0.0012264252
0.0013465881
0.0024282932
0.002609253
0.00010550022
8.702278e-06
0.00075662136
0.0020592213
0.0009274483
1.3828278e-05
7.522106e-05
0.003354311
0.00028514862
4.4703484e-05
9.524822e-05
0.0003694296
0.0005495548
0.0021469593
0.0007176399
8.34465e-07
0.00046634674
0.0018250942
0.00050616264
0.00021207333
0.0016019344
0.00078749657
0.00076687336
0.00017690659
0.0003453493
0.0010894537
0.0014276505
0.0018068552
0.0010795593
0.0017870665
0.0008907318
0.0007685423
0.0003888607
0.0014711618
0.0007163286
7.855892e-05
0.00029611588
0.0003503561
0.0015126467
4.553795e-05
9.036064e-05
0.0008535385
0.0012891293
0.0016585588
0.00022387505
0.0006381273
0.0016543865
0.0007009506
5.0902367e-05
0.0020370483
0.00047647953
0.0003066063
0.00022387505
0.0014193058
0.00092601776
7.379055e-05
0.00014472008
0.0022568703
3.170967e-05
0.00095772743
0.000869751
0.00047373772
0.00077974796
0.00061154366
0.0009845495
0.0013840199
0.0015643835
0.00038278103
0.0010582209
0.0001232624
0.0008971691
0.0015053749
0.0028078556
2.2530556e-05
0.0013369322
0.0003657341
0.0008265972
7.5101852e-06
0.0021554232
0.0006312132
0.00094914436
0.00059211254
0.0007286072
7.8201294e-05
6.7949295e-06
0.0008018017
0.0020530224
0.0017110109
0.0019241571
0.0015598536
0.00014233589
0.0016430616
0.00012862682
7.987022e-06
0.0019266605
0.0018408298
0.00059235096
0.0023077726
0.00022959709
0.0022095442
0.00011372566
0.0012954473
7.2956085e-05
0.00051677227
0.0015770197
0.0006788969
0.00021362305
0.0005708933
0.0014212132
0.0019203424
0.00063455105
0.00011110306
0.0009649992
0.00033557415
0.0002822876
0.0003414154
0.00037837029
1.1920929e-07
0.00048720837
2.3961067e-05
0.0009889603
0.0012273788
0.001349926
0.0005712509
5.00679e-06
0.0011905432
0.00049722195

0.0005002022
0.0008739233
0.0007301569
0.0020669699
0.00088989735
0.0011583567
0.0008033514
0.0010414124
0.0007419586
0.00040721893
0.0008627176
0.0015445948
0.00049579144
0.0003271103
0.0005451441
2.9087067e-05
0.0007609129
0.00056278706
0.00089263916
0.00042021275
0.000841856
0.0008813143
0.00092732906
0.00039458275
0.0009906292
0.00064766407
0.00042271614
0.0012215376
0.00041782856
2.1457672e-06
9.23872e-05
0.00030076504
0.0010966063
0.0006877184
9.059906e-06
0.00037062168
0.0008776188
0.000600934
0.0003077984
0.00051665306
0.00064754486
0.0009887218
0.00032281876
0.0009896755
0.001196146
0.0010596514
0.0010273457
0.00055515766
0.0009510517
0.0010217428
0.00021636486
0.0010483265
0.0006958246
0.0009875298
0.0011401176
0.0012273788
0.0002812147
0.0016239882
9.536743e-07
0.0011758804
1.0728836e-06
0.0013887882
0.00049352646
0.0003618002
2.9087067e-05
0.0012784004
0.0006917715
0.0010834932
9.524822e-05
0.0014476776
0.0011725426
0.0008121729
0.0002603531
0.0008016825
0.0013515949
0.00093102455
0.001603961
0.0006262064
0.00078213215
0.000762105
0.0012812614
0.0013375282
0.00094532967
0.0013635159
0.00058197975
0.00067293644
0.00013887882
0.0019241571
0.0014973879
0.00050628185
0.0011299849
0.0006917715
0.00053203106
0.00028574467
0.0006380081
0.0007150173
0.0007506609
1.1920929e-07
0.00018417835
0.00032019615
5.4955482e-05
0.0007829666
0.0012125969
0.00068736076
0.0010882616
0.0007317066
0.001316905
0.0010024309
0.0004386902
0.0006175041
0.000795722
0.00031507015
0.0013366938
0.001157999
0.00048553944
0.00085663795
0.000672102
0.00048542023
0.0008509159
0.00043022633
0.00011181831
0.0007172823
0.0013147593
0.00085294247
0.00031220913
0.0004980564
0.00010514259
0.001563549
0.00025212765
0.00020802021
0.00017356873
0.0009329319
0.0005904436
0.0020077229
0.0010712147
0.00026500225
0.0023422241
0.00047576427
0.00078749657
-3.5762787e-07
0.0009108782
0.00012385845
0.00090134144
0.0020686388
0.00011408329
0.0010462999
0.00031161308
0.0020666122
2.9087067e-05
0.0005543232
0.0014573336
0.0004659891
0.00087606907
0.00036168098
1.1920929e-07
0.000669837
0.0006326437
0.00049722195
0.0015431643
0.00019919872
0.00045204163
0.00041866302
0.0008121729
0.0004963875
2.503395e-06
0.00059628487
0.00041925907
0.0014891624
0.00076436996
0.0012285709
0.0008801222
1.3113022e-06
0.0012165308
0.00048244
0.00018334389
0.0010465384
0.0
0.00075674057
0.000949502
0.0011172295
0.0003142357
0.00031113625
0.000300169
0.0013910532
0.0012879372
0.0014362335
7.6174736e-05
0.0002617836
0.0017131567
0.0007699728
0.0017360449
0.0002053976
0.00076293945
0.0018932819
0.0006810427
0.00039494038
0.0007195473
0.0007663965
0.0019224882
0.00077462196
0.00058829784
0.00016343594
0.00020492077
0.00022256374
0.00032401085
0.0008196831
0.0
0.001029849
0.00013709068
0.0005046129
0.0005875826
0.0014432669
0.0018386841
0.00063204765
5.4121017e-05
0.0004911423
0.00068998337
0.0006301403
1.1920929e-06
0.00087702274
0.00075984
0.0010472536
0.00062549114
0.0013743639
0.001517415
0.00019419193
0.0007009506
0.000934124
0.0017601252
0.0012099743
0.0007946491
0.0009326935
0.0001475811
0.00059735775
0.0007582903
0.0008112192
0.0013998747
0.0009778738
0.00064492226
0.00067174435
0.0014406443
0.0007288456
0.0009676218
0.00029230118
0.00039815903
0.0014423132
0.0007494688
0.0006916523
0.0013381243
0.0005736351
0.0017284155
0.0018341541
0.0010114908
1.0371208e-05
0.00058043003
0.00026345253
0.0007787943
0.0017683506
0.0007863045
0.00030493736
0.0012242794
0.00027883053
0.00037753582
0.0009623766
0.0016155243
0.0016565323
0.0008648634
0.0022002459
0.0012611151
0.00063824654
0.0008163452
1.5735626e-05
0.0010238886
0.0011535883
8.177757e-05
0.0005940199
0.0007517338
0.00063610077
0.00070488453
0.0015593767
0.00041425228
0.0006598234
0.0006287098
0.00034332275
0.00011634827
0.00036227703
0.00088977814
0.0006494522
0.00046563148
0.00020754337
0.0015485287
0.00080382824
0.0012159348
0.00041794777
0.0011191368
1.9073486e-06
0.0008302927
0.00027525425
0.0023275614
0.00064611435
0.00056803226
0.00020265579
0.0006715059
0.00089275837
0.0012824535
0.00025224686
0.0008007288
0.0017098188
0.00085520744
0.00062680244
6.3061714e-05
0.0008546114
0.00047922134
0.0011562109
0.0013152361
0.0009291172
0.0011428595
0.0013803244
0.00091695786
0.00097215176
5.1259995e-06
0.00063586235
0.00016903877
0.00010204315
0.0007675886
0.00073468685
0.0015194416
0.0003951788
0.001185298
0.0008164644
0.0008624792
0.0004335642
0.001623869
0.0016021729
0.0017297268
0.0011575222
0.0004608631
0.0014147758
0.0006648302
0.0007125139
0.0013422966
0.00031650066
0.0
0.0010869503
0.0008504391
0.0013016462
0.00075256824
0.0015655756
0.0013080835
9.012222e-05
0.0009572506
0.000551939
6.580353e-05
0.00019919872
0.0010325909
0.00025820732
0.0006097555
0.0012811422
0.0011049509
0.00025832653
4.184246e-05
0.00041091442
0.00074100494
1.3113022e-06
4.36306e-05
0.00029802322
0.0022927523
0.00038850307
0.0010168552
3.4809113e-05
0.0016320944
0.0015788078
0.00040781498
7.4863434e-05
0.000543952
0.00011241436
0.00043940544
0.0003862381
0.0008393526
0.00060606
0.0010135174
0.0008302927
0.0025810003
0.001115799
0.00044631958
0.00091445446
3.6478043e-05
2.18153e-05
0.00039243698
0.001802206
7.414818e-05
0.00020825863
0.00037252903
0.00073599815
0.00051629543
0.00019288063
0.0013751984
0.0011204481
0.0010106564
0.0013549328
0.0016309023
0.00023591518
0.0006170273
0.0012226105
0.0007213354
0.0010280609
0.00016844273
0.00055480003
0.0010519028
0.0004028082
0.00061893463
0.0006710291
4.053116e-06
4.172325e-06
0.00011920929
0.00051271915
0.00055384636
0.00065755844
0.001095295
0.0013511181
0.0013128519
0.00039458275
0.0012285709
0.00039803982
0.00069224834
0.00063848495
7.009506e-05
0.0017333031
0.0013692379
0.0009986162
0.0010911226
0.0007418394
0.0021591187
0.0006349087
0.00091552734
0.00037539005
0.0022490025
0.0013090372
0.0010949373
0.00072062016
0.00013363361
0.0005751848
0.00062572956
-2.026558e-06
4.9948692e-05
0.0005675554
0.0013866425
0.0012872219
0.00024926662
0.0009851456
0.0009467602
0.0007420778
0.001161933
0.00023794174
0.00068724155
0.00096833706
0.00030207634
0.002025485
0.0011794567
0.0003684759
0.0011899471
6.687641e-05
0.0011247396
0.000813365
0.0015115738
0.00067973137
0.00042068958
0.00030219555
0.00035619736
0.00034964085
0.00071048737
0.00018799305
0.00031971931
0.0003478527
0.00044035912
0.0005838871
0.0009120703
0.0010457039
0.00072312355
0.00057065487
0.0013237
0.0003515482
0.0012048483
0.00082039833
0.00073087215
0.000875473
0.0007530451
0.00094664097
0.000623703
0.00021767616
0.00042247772
0.0009099245
0.00070762634
0.0012284517
0.0010099411
1.2874603e-05
0.0013475418
0.0009900331
0.0008929968
0.0014835596
0.0007530451
0.0013965368
0.0004080534
0.0006335974
1.1920929e-07
0.0005457401
0.0013082027
0.00066912174
2.4795532e-05
0.0010215044
0.0009691715
0.00026381016

0.00047171116
0.0012308359
0.00053715706
0.0005495548
0.0011429787
0.00060486794
0.0005950928
0.0010663271
0.0005056858
0.0013977289
0.0010281801
0.00078463554
0.0008120537
0.0008614063
0.00092697144
0.0011811256
0.00069987774
6.6161156e-05
0.00076520443
0.00027000904
0.00018155575
0.0009813309
0.0002309084
0.0005311966
0.00037956238
0.00094401836
0.00023043156
0.00085139275
0.0004620552
0.00078082085
0.0011181831
0.00088083744
0.00051629543
3.5762787e-05
0.00054860115
0.00052177906
0.0013860464
0.0013940334
0.001330018
0.00059854984
0.000415802
0.00086915493
0.0007722378
0.0007929802
0.001278758
0.0018600225
0.00057804585
0.00045108795
0.0005427599
0.0012110472
0.00031208992
0.0003620386
0.00071167946
0.00033974648
0.001070261
0.0001603365
0.00056254864
0.0011177063
0.00066423416
0.0019996166
0.00042057037
0.00052940845
0.00084781647
0.00093126297
0.0008752346
0.0010646582
0.00053179264
0.0013002157
0.000890851
0.00031292439
0.0009777546
0.0011835098
0.00068604946
0.00018596649
0.00054872036
0.0028146505
0.00077557564
0.00034487247
0.0010739565
0.0012990236
0.0009790659
0.0012924671
0.00031387806
0.0012097359
0.0020474195
0.0005505085
0.0032122135
0.00042796135
0.0007259846
0.00043416023
0.0003658533
0.00044631958
0.000828743
7.4863434e-05
0.000824213
0.0013844967
0.0008993149
0.00064206123
0.00079131126
0.0007523298
0.00080001354
0.0009781122
0.0007711649
0.0004993677
0.000666976
0.0009976625
0.0005774498
0.00080156326
9.536743e-07
0.00058734417
0.0
0.0011372566
0.0005939007
0.00031661987
0.00059342384
0.0027170181
0.0003029108
0.0010461807
0.00060355663
0.00093483925
0.00041007996
0.0021277666
0.000616312
0.0018697977
0.000849247
0.0003888607
0.0009304285
0.0002539158
0.00061249733
0.00038015842
0.00037753582
0.0009778738
0.0014160872
0.001450777
0.0007259846
0.0010495186
0.00035309792
0.000797987
0.001781702
0.0005120039
0.00070536137
0.00022792816
0.0009948015
0.0010933876
0.00024926662
0.0003604889
0.0007842779
0.00050520897
-2.3841858e-07
0.00061655045
0.00029790401
0.0003657341
0.00011730194
0.0009366274
0.00050866604
0.00047326088
0.0010458231
0.0018304586
0.00039839745
0.0011550188
0.00076818466
0.0012938976
0.001455307
0.00054860115
0.00050747395
0.0015221834
0.0005812645
0.0008838177
0.0010414124
0.00020182133
0.0009914637
0.0005083084
0.0007535219
0.0013904572
0.0007612705
0.0003900528
0.0006222725
0.0007311106
0.00013673306
0.00029325485
0.0009702444
0.00015747547
0.00061261654
0.00041735172
0.0009506941
0.0003042221
0.001342535
0.0012199879
0.0007246733
0.0001578331
0.00079882145
0.00039112568
0.0007174015
0.00096976757
0.00028586388
0.0010803938
0.0014389753
0.00041031837
0.0004235506
0.00024473667
0.0015897751
0.0012727976
0.00055134296
0.00061273575
0.0015670061
0.0020914078
0.0017948151
0.0024160147
0.0004121065
0.0005559921
0.00033426285
0.0018775463
0.0006328821
0.00048351288
0.0024518967
0.0009484291
0.00015330315
0.00058174133
0.002142191
0.00069105625
0.00085401535
0.00026202202
0.0013056993
0.0004581213
0.0007247925
0.00051641464
0.00051403046
0.0009152889
0.0003824234
0.0010797977
0.0010784864
0.0012007952
0.0005750656
0.0010509491
0.0015617609
0.00036227703
0.00018680096
0.0006661415
0.00088608265
0.0005272627
0.0011599064
0.0006762743
0.00071406364
0.000985384
0.0012966394
0.0008660555
0.0009434223
0.0022574663
0.0014437437
0.0012671947
0.0006201267
0.00033318996
0.0012360811
0.0008558035
0.0010265112
0.0007266998
0.0006432533
0.0012230873
0.00085127354
0.0008094311
0.00045013428
0.001134038
0.001471281
0.0012646914
0.00036871433
0.0008394718
0.0012388229
0.00032901764
0.000510931
0.0013164282
0.0012469292
0.0009914637
0.00073862076
0.0008021593
0.0015790462
0.00013566017
0.0005235672
0.00043988228
9.739399e-05
0.0006877184
0.0003786087
2.3007393e-05
0.0003361702
0.00040733814
0.0005353689
0.0010774136
0.0008883476
0.00015509129
0.0014599562
0.00026845932
0.00024485588
0.00016438961
0.00018513203
0.0007407665
6.389618e-05
0.00039839745
0.0008869171
0.0012853146
0.0012388229
0.00036597252
0.0001424551
0.0006958246
0.0005040169
0.0004965067
0.0012910366
0.0010393858
0.0008625984
0.00020432472
0.0005340576
0.00095677376
0.00044596195
0.001109004
0.00032150745
0.00093734264
0.0018874407
0.0012601614
0.00050878525
0.0009584427
0.00021588802
0.0007698536
0.0015120506
0.00044167042
0.00078320503
0.0016604662
0.0
0.0015078783
0.00096964836
0.00083851814
0.0009469986
0.0002528429
0.00014638901
0.0010919571
0.0013768673
0.0006430149
0.0009806156
0.0005360842
7.1525574e-07
0.00014102459
0.0007404089
0.0016481876
0.001049757
0.0011402369
0.00030183792
0.0003207922
0.0006697178
0.0013000965
0.0009869337
0.00092959404
0.00091671944
0.00053858757
0.0005142689
0.0005940199
0.0012147427
0.0010540485
0.0003592968
0.0009390116
0.0015662909
0.0016167164
0.00038528442
0.00076568127
0.00037050247
0.0012540817
0.0013542175
0.00029873848
0.0010346174
0.00056028366
6.055832e-05
0.0004787445
0.00149858
0.0006507635
0.00072288513
0.00067806244
0.00044369698
0.0013232231
0.00086319447
0.00038087368
0.00025641918
0.0011800528
0.00034976006
0.00085246563
0.0014774799
0.00076949596
0.0010493994
5.9604645e-07
0.0010527372
0.00080645084
0.0011271238
0.0009795427
0.00035440922
0.000521183
0.0011379719
-1.1920929e-07
0.00063586235
0.0018059015
0.00056135654
0.0010297298
0.0006093979
0.0013496876
0.00020718575
0.0016903877
0.0017032623
0.0009520054
0.0017410517
0.0004503727
0.0005224943
0.00079226494
0.00019145012
0.0012571812
2.169609e-05
0.0003941059
0.0004886389
0.00065124035
0.00027108192
0.0015386343
9.250641e-05
0.00077426434
0.0015100241
0.00045478344
0.00020456314
0.0010039806
0.00078833103
0.0011446476
0.00034809113
0.00073444843
0.0004339218
0.00056910515
0.0006759167
0.00076937675
0.0007466078
0.00065886974
0.0008662939
9.357929e-05
0.0001385212
0.0011559725
0.001470685
0.0011167526
0.0004903078
0.0013158321
0.0019396544
0.00094020367
0.0012780428
0.0004967451
0.0011121035
0.0019431114
0.001336813
0.00050389767
0.00061774254
7.998943e-05
0.0019744635
0.0010068417
0.0009254217
0.00030386448
0.00046253204
0.00063586235
0.0019854307
0.00040185452
0.0008480549
0.0007325411
0.0008331537
8.952618e-05
0.00075888634
0.0008175373
0.00034320354
0.00083088875
0.0002142191
0.0008453131
0.0005174875
0.0004990101
0.00025618076
0.00012755394
0.00042176247
0.0007405281
0.001231432
0.0004594326
0.0008212328
0.00049591064
0.0005927086
0.00074994564
0.0010010004
0.00087952614
0.00054347515
0.0009469986
0.0009547472
0.0004711151
0.0004054308
0.0001784563
0.000926733
0.00036633015
0.0010457039
0.000654459
0.0007189512
0.0019261837
0.0015112162
0.0009204149
0.0009422302
8.332729e-05
0.00092089176
0.0008164644
0.00038909912
0.0009510517
3.552437e-05
0.00040233135
0.00091457367
0.00016748905
0.0014899969
0.000703454
0.0009201765
0.0008112192
0.00024473667
0.0006388426
0.0009576082
0.00053596497

0.037206054
0.02599585
0.047060013
0.051827908
0.036083817
0.04581988
0.029488087
0.024764419
0.028314233
0.027771235

