0.0068120956
0.0024256706
0.009902477
0.006817341
0.0035729408
0.006833911
0.0025559664
0.0054825544
0.0043747425
0.004463792
0.006364584
0.0032999516
0.0034154654
0.009847999
0.0046317577
0.008748412
0.0014563799
0.0021044016
0.006401181
0.00090539455
0.0023560524
0.0031214952
0.011849046
0.0020337105
0.004374504
0.00643456
0.0059326887
0.008108258
0.003471136
0.009290814
0.0055567026
0.0013002157
0.0006453991
0.0035274029
0.005304575
0.008321285
0.006298542
0.003935814
0.0022660494
0.010673523
0.003707409
0.0066441298
0.0063563585
0.012938738
0.006272197
0.001819849
0.0051374435
0.011766195
0.006620288
0.0047984123
0.0069237947
0.0033915043
0.005194783
0.0015559196
0.006827593
0.008618474
0.00319767
0.0111192465
0.003977537
0.0055651665
0.009178162
0.0059660673
0.0064091682
0.0070074797

0.007561922
0.0013643503
0.008361101
0.013810396
0.005308509
0.004139304
0.0063169003
0.017105818
0.0017044544
0.0075799227
0.0119457245
0.0058101416
0.003133297
0.0008716583
0.010058165
0.009952545
0.002276063
0.0056216717
0.008159041
0.006827593
0.0042443275
0.0025613308
0.004569173
0.0049630404
0.0025032759
0.00023126602
0.011877179
0.0043092966
0.00716877
0.0018417835
0.001563549
0.0022132397
0.00797081
0.0117970705
0.005600214
0.005367875
0.01026845
0.006177306
0.002927065
0.0034873486
0.0046548843
0.004953027
0.009482503
0.0029182434
0.0026049614
0.012504339
0.009940267
0.0081954
0.0011143684
0.004894376
0.009980559
0.013479948
0.0044927597
0.005905032
0.0065244436
0.014158249
0.010544181
0.006432414
0.0069704056
-2.1457672e-06
0.014284372
0.00692904
0.0025297403
0.012033939

0.00331223
0.005317092
0.004203081
0.0008072853
0.004840255
0.0013313293
0.00082707405
0.000775218
0.0054883957
0.0047540665
0.001485467
0.00627923
0.0039544106
0.0026814938
0.0006312132
0.005168438
0.0028034449
0.003460288
6.0796738e-06
0.0022896528
0.0030043125
0.005262375
0.0010963678
0.0023462772
0.009062529
0.0031909943
0.0035892725
0.0024386644
0.004938245
0.0015954971
0.0071070194
0.0011749268
0.009547472
0.0050923824
0.008044243
0.0017052889
0.0017845631
0.0033751726
0.0034362078
0.0029467344
0.0015954971
0.0045620203
0.0013171434
0.0035625696
0.0019390583
0.0013177395
0.00092577934
0.0019418001
0.0039777756
0.0003798008
0.006404519
0.0007596016
0.0032556057
0.00084912777
0.0038409233
0.004641652
0.0056011677
0.0013178587
0.0047985315
0.0021992922
0.0035319328
0.001188755
0.0032396317
0.00045478344
0.0057706833
0.0049847364
0.0039349794
0.0017402172
0.0017075539
0.0020303726
0.0044482946
0.007761359
0.00228405
0.00021672249
0.0049135685
0.006675601
0.0016800165
0.007124424
0.0038727522
0.008581519
0.0035392046
0.0015136003
0.003878951
0.0014364719
0.0021481514
0.00026762486
0.0020245314
0.004791856
0.00237
5.555153e-05
0.00060510635
0.00040340424
0.006246209
0.00516057
0.0062628984
0.004320264
0.00015759468
0.0005390644
0.0032051802
0.0019509792
0.00015616417
3.683567e-05
0.005157113
0.0032149553
0.0032687187
0.0042871237
0.0013257265
0.004249096
0.009685874
0.00015890598
-2.1457672e-06
0.0019427538
0.000844121
0.0014294386
0.009866238
0.0017873049
0.0033701658
0.0034797192
0.00597775
0.0006649494
0.004167676
0.005702853
0.00016212463
0.00019586086
0.0076009035
0.0006123781
0.0059888363
0.008105397

1.5258789e-05
0.0019676685
0.0014643669
0.006987691
0.0039047003
0.00081062317
0.0030556917
0.0007150173
0.002688408
0.0028752089
0.012008548
0.008708715
0.0029978752
0.0044476986
0.0019234419
0.0075597763
0.0034973621
0.0011527538
0.0014533997
0.0015257597
0.0039106607
0.0018119812
0.00033926964
0.0050019026
0.004973173
0.006447077
0.0031849146
0.0049601793
0.002602458
0.0024995804
0.00041401386
0.0010704994
0.0055429935
0.0006030798
0.0018240213
0.004515052
0.0033919811
0.0021818876
0.0023792982
0.00035333633
0.0027787685
0.002542138
0.0026988983
0.0020797253
0.004620552
0.0014135838
0.007547617
0.0034861565
0.004203558
0.0028227568
0.0023868084
0.001345396
0.00064098835
0.0019836426
0.0077625513
0.0031604767
0.00060141087
0.0027530193
0.0065801144
0.0048105717
0.00339818
0.003196597
0.009683251
0.0041763783
0.0027958155
0.002059698
0.0015423298
0.006167531
0.0056940317
0.0047620535
0.0115869045
0.004526615
0.003903389
0.0018708706
0.0012515783
0.004185319
0.0041953325
0.0006337166
0.0030254126
6.556511e-06
0.002462387
0.00018548965
0.00035321712
0.006496668
0.0017806292
0.00048041344
0.0035048723
0.006036997
0.0055755377
0.004360676
7.3075294e-05
0.004190564
0.0023362637
0.0030612946
0.0022473335
1.7166138e-05
0.0055390596
0.006111026
0.0011168718
0.0019445419
0.0030037165
0.0051904917
0.0047751665
0.001783967
9.775162e-05
0.0038644075
0.002402544
0.0019767284
0.006986618
0.0012512207
0.0007696152
0.0019620657
0.0034213066
0.002409935
0.0058190823
0.0020102262
0.0035209656
3.8981438e-05
0.0061428547
0.0066024065
0.000106692314
0.002327919
0.0026878119
0.0044056177
0.0016530752
0.004022956
0.0030591488
0.0031075478

0.0027546883
0.0013052225
0.0010756254
0.0022386312
0.0026743412
0.0013432503
0.0005879402
0.0006067753
0.0025109053
0.00203681
0.0034633875
0.0013422966
0.0009797812
0.0010621548
0.0027962923
0.0024559498
0.0018992424
0.0024701357
0.0026085377
9.346008e-05
0.0007367134
0.0008983612
0.00058567524
0.002317667
0.0016974211
0.0019420385
0.0031026602
0.0017693043
0.001845479
0.0023652315
0.0021516085
0.0022245646
0.0014679432
0.0010373592
0.000477314
0.00061929226
0.0020272732
3.886223e-05
0.0011526346
0.0018815994
0.00219059
0.0009518862
0.0019227266
0.0011364222
0.00031399727
0.0011129379
0.0011959076
0.0019973516
0.00066268444
0.0022876263
0.0011268854
0.0006262064
0.00061392784
0.0011998415
0.0013891459
0.0027706623
0.0018942356
0.00274086
8.201599e-05
0.0015586615
0.002876997
0.0020618439
9.596348e-05
0.00029075146
0.0022089481
0.0014992952
0.0020561218
0.0008581877
0.00071656704
0.0015492439
0.00084900856
0.00016713142
0.00045859814
0.0034390688
0.0002645254
0.0008716583
0.0019900799
0.00040221214
0.0016764402
0.0013446808
0.0018167496
0.001398325
0.0005272627
0.0017149448
0.0031688213
0.0014443398
0.00082552433
9.691715e-05
0.0014398098
0.0011732578
0.0030879974
0.0009562969
0.0021699667
0.0025362968
0.00041604042
0.0022894144
0.0021305084
0.005096197
0.0027273893
0.0029968023
0.00083720684
0.0022429228
0.001827836
3.1471252e-05
0.0010704994
0.0025794506
0.00059843063
0.00293684
0.00018835068
0.0015889406
0.0037066936
0.0021452904
0.0032120943
0.0014201403
0.0026524067
0.0031034946
0.0011687279
0.0020079613
0.0011841059
0.0011600256
0.00034320354
0.0015683174
0.0018415451
0.0009818077
0.0006906986
0.0014115572
0.0022358894
0.0016036034
0.0007338524
0.0025012493
0.0006431341
0.0010524988
0.0022076368
0.0004708767
0.00035595894
0.00119102
0.0009148121
0.002670765
0.0003142357
0.0010393858
0.0022004843
0.001761198
0.0030511618
0.002888918
0.002753973
0.001485467
0.0019966364
0.0010045767
0.0025041103
0.001688838
0.0029497147
0.00093746185
0.001948595
0.0020862818
0.0038756132
0.0025291443
0.0028202534
0.0010392666
0.0026705265
0.0018539429
0.00016891956
0.0026003122
0.00089251995
0.002207756
0.0014033318
0.001134038
0.0019290447
0.0020112991
0.00013804436
0.0027507544
2.4318695e-05
0.0021374226
0.002538681
0.0027434826
8.7976456e-05
0.0015015602
0.0027058125
0.0038354397
0.0019887686
0.0028549433
0.0010540485
0.00285995
0.0019094944
0.0032174587
0.00097489357
7.390976e-05
0.0007106066
0.00023937225
0.0011718273
0.0023937225
0.0017112494
0.00010919571
3.4689903e-05
0.00066173077
0.00073575974
0.0010451078
0.0003322363
5.364418e-06
0.00088632107
0.0023299456
0.0015480518
0.0017000437
0.001982808
0.00095915794
0.00031781197
0.0028288364
2.9683113e-05
0.0030277967
0.0023117065
0.003607154
0.002652049
0.0029534101
0.0010205507
0.0013684034
0.0021351576
0.0019569397
0.0019881725
6.1392784e-05
0.0016957521
0.00039815903
0.0014133453
0.0025140047
0.0019950867
0.0030281544
0.0019613504
0.0024325848
0.001229763
0.002679944
0.001527071
0.0008548498
0.0002052784
0.0033317804
0.0036150217
0.0017933846
0.0011144876
0.0024402142
0.0025361776
0.0015075207
0.0017141104
0.0015919209
0.00086688995
0.0035573244
0.0013883114
0.0001872778
0.0016591549
0.0024266243
0.00070130825
0.0013597012
0.0004723072
0.002661705
0.0021617413
0.0018731356
0.001040101
0.0007144213
0.0019636154
0.0009019375

0.0005246401
0.0015302896
0.0015240908
0.002750039
0.0020332336
0.0010912418
0.0013970137
0.0012594461
0.0023294687
0.0019360781
0.00034499168
0.002221346
0.003293395
0.002020955
0.0009558201
0.002221465
3.5762787e-07
0.00064766407
0.002526641
0.0016174316
0.0013269186
0.0018554926
0.0024536848
0.0015614033
0.0037603378
0.0017776489
0.0008111
0.0024306774
0.0023938417
0.00013411045
0.0019891262
0.00011706352
0.0022370815
8.34465e-07
0.0019893646
0.00081181526
0.0029133558
0.0005772114
0.0018562078
0.00013053417
2.9802322e-06
0.0023232698
0.0019657612
0.001430273
0.0015802383
0.0010613203
9.071827e-05
0.0015597343
0.002826333
0.00020122528
0.0009409189
0.0008585453
0.000114917755
0.0013617277
0.0016446114
0.0013457537
0.00067436695
0.0022898912
0.0023299456
0.0016111135
0.0020881891
0.0015015602
0.0014390945
0.0022816658
0.0014679432
0.0033707619
0.0027139187
0.0020132065
0.0017356873
0.0005581379
0.00068569183
0.0009850264
0.0031924248
0.0007021427
0.0018485785
0.002341628
0.0008401871
0.00014305115
0.0027848482
0.00018572807
0.0002990961
0.0001912117
0.0036110878
0.0009589195
0.0027480125
0.00035262108
0.003702283
0.0018213987
0.002842784
0.0010989904
0.002431035
0.00023496151
0.0036661625
0.0013566017
0.0023156404
0.0023581982
0.00029063225
0.0036029816
0.0014187098
0.0024900436
0.0016900301
0.0015330315
0.0016866922
0.0011532307
0.0006620884
0.000872612
0.0027900934
0.0023180246
0.0011843443
0.0025223494
0.0018572807
0.0018956661
6.222725e-05
0.0017449856
0.001990199
0.001108408
0.0014235973
0.002263546
0.0027225018
0.001495719
0.0021182299
0.0017871857
0.0023174286
0.0014660358
0.0022422075
0.0016329288
0.0017802715
0.0011191368
0.0010364056
0.004307151
0.0025798082
0.0025550127
0.0008122921
0.0004862547
0.0006093979
0.0030099154
0.001971364
0.0022455454
0.00064373016
0.0021394491
0.0018260479
0.0017371178
0.0028083324
0.00015974045
0.002653122
0.001318574
0.001578927
0.0013122559
8.85725e-05
0.0011814833
0.0016118288
0.0019716024
0.0020759106
0.00043570995
0.002107501
0.0018898249
0.0014749765
0.00026082993
0.002260089
0.00048553944
0.0019358397
0.00045752525
0.0007389784
4.0769577e-05
0.0019221306
0.0020803213
0.0026365519
0.0031750202
0.0020520687
0.001668334
0.0014972687
0.0014680624
6.711483e-05
0.0004760027
0.0018535852
3.8146973e-06
0.00047171116
0.0019111633
-4.887581e-06
0.0009344816
0.00149405
0.0017801523
0.0021048784
0.0027782917
0.0007791519
0.002431035
0.00066518784
0.0016659498
0.0016679764
0.0030441284
0.0011570454
0.0042055845
0.0020222664
0.0043969154
0.0008778572
0.0024638176
0.0017142296
0.0029712915
0.003279686
0.001554966
0.0026425123
0.0018594265
0.0019448996
0.00043463707
0.0017706156
0.00087046623
0.0014663935
0.001237154
0.002710104
0.0027287006
0.0002952814
0.0019754171
0.0015245676
0.0010662079
0.0005940199
0.0028295517
0.0012074709
0.0022665262
0.0027549267
0.0011233091
0.0024797916
0.0018461943
0.0011672974
0.0011072159
9.8228455e-05
0.00015854836
0.0017373562
0.0031243563
0.0008009672
0.0012475252
0.0018274784
0.0013794899
0.0027134418
0.0032992363
0.002343297
0.0026401281
0.0013108253
0.0021324158
0.00294137
0.0005630255
0.003570795
0.0009981394
0.0022782087
0.0011117458
0.00029420853
0.0015380383
0.0023174286
0.0015957355
0.0012289286
0.00051403046
0.0024197102
0.0022661686
0.0006132126
0.0013209581
0.0014097691
0.0005835295

0.0023368597
0.001483202
0.0016425848
0.0026136637
0.0015950203
0.001985073
0.0025072098
0.0022443533
0.00036883354
0.0030503273
0.00043535233
0.0012397766
0.00013542175
0.0019859076
0.0027632713
0.0013424158
0.0020709038
0.0011636019
0.0017790794
0.0013240576
0.0017760992
0.0015590191
0.0029444695
0.0009497404
0.0019015074
0.0023037195
0.0013080835
0.001565218
0.0013273954
0.0020991564
0.002605319
0.0015662909
0.0022761822
0.0018421412
0.00053346157
0.0007406473
0.002007246
0.0020446777
-2.7418137e-06
0.0012892485
0.0015443563
0.0026333332
0.00087463856
0.0022141933
0.0016434193
7.200241e-05
0.0013843775
0.0009087324
0.0013819933
0.0021486282
0.00059723854
0.0004054308
0.0018416643
0.0009958744
0.0025746822
0.0020564795
0.0019117594
0.0022169352
0.0033137798
0.0012484789
0.00095915794
0.0017209053
0.00044572353
0.0015479326
0.000988245
0.0024940968
0.0012814999
0.0030146837
0.002023816
0.0018253326
0.0022403002
0.0021352768
0.0025622845
0.0028147697
0.0018594265
0.0026845932
0.0021098852
0.0012977123
4.9233437e-05
0.0022091866
5.054474e-05
0.0014898777
0.0012761354
0.00044846535
0.0015085936
0.0032218695
0.0001975298
0.0016144514
0.0010551214
0.0004975796
0.0017999411
0.0017014742
0.0019630194
0.0018180609
0.00086450577
0.001625061
0.0017658472
0.0011452436
0.0012634993
0.0015848875
0.0010806322
0.0015015602
0.0027371645
0.0004569292
0.0012074709
0.0022810698
0.0016658306
0.0016976595
0.0015449524
0.0015318394
0.0010584593
0.00075030327
0.0031312704
0.0004261732
0.0019762516
0.0025150776
0.00011944771
7.8082085e-05
0.0027421713
0.0007570982
0.00045335293
0.00139606
0.0016134977
0.0019429922
9.8228455e-05
0.0022634268
0.002308607
0.000531435
0.0018689632
0.0023903847
0.0016736984
0.0023268461
0.0025099516
0.002046585
0.002564907
0.002179265
0.0015389919
0.0019265413
0.00042045116
0.002101779
0.0012347698
0.0023623705
0.0018531084
0.0011327267
0.0017265081
0.0011230707
0.001159668
0.00031530857
0.00033926964
0.0023581982
0.0014549494
0.0010101795
0.0005848408
0.0010681152
0.0011991262
0.0028305054
0.0008302927
0.0013902187
0.0014506578
0.001593709
0.0015528202
0.0012125969
0.00092864037
0.0010870695
0.0011361837
0.00017142296
0.0022146702
0.0016317368
0.0025912523
0.0008890629
3.20673e-05
0.0024688244
0.0012221336
0.0013023615
0.0014321804
0.0009813309
0.0014705658
0.0022488832
0.0027827024
0.0013366938
0.0019260645
0.0033659935
0.00028574467
0.0027132034
0.00058686733
0.0011416674
0.002476573
0.0045785904
0.0006445646
0.0024787188
0.0006225109
5.7935715e-05
0.00047075748
0.0004364252
0.0010050535
0.0019737482
0.0015907288
0.0024199486
0.00045681
0.002113223
0.002067566
0.0018587112
0.0019785166
0.0015352964
0.00092971325
0.001262188
0.0010454655
0.0026317835
0.0015131235
0.0022952557
0.002253294
0.0011525154
0.0019807816
0.0016126633
0.001767993
0.0007067919
0.0024305582
0.000882864
0.0014072657
0.0029450655
0.0016981363
0.0026404858
0.0017174482
0.00012600422
0.0023005009
0.001744628
0.0024591684
0.0002937317
0.0033510923
0.0016251802
0.0018347502
0.0016498566
0.002311945
0.0022308826
0.002874732
0.0030363798
0.0019432306
0.00092089176
0.0016001463
0.0018802881
0.0028357506
0.001642704
0.002552867
0.0025656223
0.000723958
0.0020179749
0.0023133755
0.0018868446
0.0017908812
0.0013058186
0.004006624
0.0023533106
0.002226591
0.002790451
0.0015488863
0.0016922951

0.00071787834
0.0010945797
0.000818491
0.00047540665
0.00077044964
0.0014252663
0.0011973381
0.0011292696
0.0007697344
0.0005059242
0.0009293556
0.00084745884
0.00013136864
0.0010200739
0.0013498068
0.000936985
0.0005558729
0.0006887913
-4.6491623e-06
0.0010147095
0.0008352995
0.0009940863
0.0001322031
0.00013566017
0.0009263754
0.0008764267
0.0004117489
0.0020599365
0.00016236305
8.666515e-05
0.000805974
0.0006815195
0.00047183037
0.0001912117
0.00048732758
0.00021076202
0.00037276745
0.0012071133
0.0007904768
0.0005246401
0.0010126829
0.00048279762
0.0010614395
0.00012052059
0.0010588169
0.0007529259
0.0014289618
0.0010137558
0.0010231733
0.0011590719
0.0008177757
0.0008159876
0.00026655197
0.00077056885
0.0006825924
0.00044703484
0.00035059452
0.00092220306
0.0010513067
0.00093364716
0.0005828142
0.0010073185
0.0005310774
0.0002657175
0.0011117458
0.00077342987
0.0017898083
0.0012142658
0.00029206276
0.00159657
0.0014654398
0.00048065186
0.0011581182
0.00013625622
0.0010123253
7.9631805e-05
0.000854373
0.00030088425
0.00019967556
0.00048661232
0.0012153387
0.00038039684
0.0009739399
0.0014039278
0.00080013275
0.0007227659
0.00020170212
0.0006945133
0.0010923147
0.0010840893
0.0006246567
0.001562953
0.0005594492
0.00072324276
0.0004914999
0.0010529757
0.0003619194
0.001251936
1.2755394e-05
0.0010859966
0.0010012388
0.0011819601
0.000631094
0.00089275837
0.0014312267
0.00084376335
0.0009468794
0.0013366938
0.0011285543
0.0017582178
0.0010815859
0.00094914436
0.00037908554
0.0016855001
0.00032305717
0.0015277863
0.0007737875
0.0011075735
0.0020561218
0.00037157536
0.0009754896
0.0005171299
0.0005993843
0.0012010336
0.0013144016
0.0011789799
6.067753e-05
0.0012899637
0.0007816553
0.00049364567
0.0008842945
0.00063455105
0.001227498
0.000875473
3.9815903e-05
0.0011978149
0.00031745434
0.0005129576
0.00027263165
0.0006456375
0.0010364056
0.0011934042
0.0008947849
0.0002785921
0.0011242628
0.00014400482
0.0012853146
0.00017035007
0.000577569
0.0012856722
0.0009959936
0.00074124336
0.0013765097
0.0006656647
0.0014829636
0.00084352493
0.0013372898
0.0013482571
0.00027823448
0.0010535717
0.0005277395
0.0010334253
0.0014027357
0.0012978315
0.00010120869
0.00036513805
0.00043284893
0.0011755228
0.0014249086
0.0013583899
0.00066924095
0.00029337406
0.0010780096
0.0010353327
0.00050854683
0.0006198883
5.8054924e-05
0.00014412403
0.0016223192
0.00052797794
0.00092339516
9.1671944e-05
0.00019836426
0.00083887577
0.0006945133
0.0012165308
0.0008363724
0.0012106895
0.0005235672
5.38826e-05
0.0005879402
0.00059247017
0.0013315678
0.0012388229
0.00022566319
0.0009988546
0.00065898895
0.00035476685
0.00063836575
0.00069093704
0.00075769424
0.00074481964
0.0017285347
0.0005277395
3.182888e-05
0.0009723902
1.2993813e-05
0.00094616413
0.0013766289
0.0009794235
0.00024807453
0.00041651726
0.00012636185
0.00042033195
0.0010499954
0.0007635355
0.0008918047
0.0004235506
0.0012464523
0.00066816807
0.00037515163
0.0007863045
0.0010198355
0.0013365746
0.0020002127
0.00076293945
0.00027763844
0.00037562847
0.0009790659
2.4557114e-05
0.0007625818
0.0016491413
0.00033569336
0.00036871433
0.0015645027
0.0010334253
0.0010050535
0.0012272596
0.0013030767
0.0011464357
0.00028026104
0.0007941723
0.0005084276
0.00023245811
0.00073313713
0.00020599365
0.0010145903
0.0011600256
0.0022667646
0.0010647774
0.0006392002
0.00037491322
0.00022232533
0.0008007288
0.0005528927
0.0010123253
0.0006363392
0.0004506111
0.00031733513
0.0010752678
0.0015714169
0.0007544756
0.00065755844
0.0017385483
0.00090777874
0.0012004375
0.0008510351
0.0001616478
0.00076818466
0.0011199713
0.0007644892
0.00013780594
1.9907951e-05
0.0004645586
0.0012001991
0.00067281723
0.0006875992
0.0012464523
0.0009787083
0.0007827282
0.0008175373
0.00036513805
9.119511e-05
0.00012040138
0.0013428926
0.0010813475
0.0005340576
0.00076806545
0.00033724308
0.0015439987
0.0010596514
0.00083613396
0.001221776
0.0008022785
0.00096690655
0.00065493584
0.00018322468
0.0003941059
0.0012887716
0.002163291
0.0007301569
0.00031530857
0.0013391972
0.0007419586
0.0016255379
1.5258789e-05
0.0010356903
0.001316905
0.00092589855
0.0011709929
0.0010398626
0.00042438507
0.00048041344
0.0005520582
0.00015926361
0.0012837648
0.0016702414
0.0016335249
0.0015281439
0.0012873411
0.0009471178
0.00059735775
0.00101161
0.0003607273
0.00020492077
0.0011062622
0.0011144876
0.0014941692
0.0003629923
3.194809e-05
0.0010484457
0.00028061867
3.5762787e-05
0.0016767979
0.0010784864
0.00041401386
0.00066900253
0.0012711287
0.00083100796
0.0007477999
0.00024080276
0.000289917
3.8266182e-05
0.001060605
0.00047707558
0.000364542
0.0010350943
0.0015554428
0.0010038614
0.0011427402
0.0008597374
0.00027680397
0.0004003048
0.0004967451
0.00081014633
0.0003412962
0.00074243546
0.0003851652
0.0007468462
0.0010488033
0.001110673
0.00060915947
0.000492692
0.001150012
0.00085139275
0.0007864237
0.00041913986
0.0009894371
0.00038719177
0.00086188316
0.0010102987
0.0006197691
0.00088346004
0.0013641119
0.00016009808
0.0013660192
0.0008111
5.555153e-05
0.001324892
0.0005611181
0.001003027
0.00019574165
0.0006173849
0.001775384
0.0004080534
0.00082337856
0.0009044409
0.0011187792
0.000101327896
0.00039339066
0.0012303591
0.00054097176
0.0007838011
0.0013538599
0.0004339218
0.001809001
0.00071823597
0.00033724308
3.5762787e-06
0.0009434223
0.0004388094
0.0009545088
0.0013689995
0.00072813034
0.00068581104
0.0018465519
0.0008364916
0.0012754202
0.00032615662
8.535385e-05
0.00074255466
0.0001142025
0.00075137615
0.00087046623
0.00065374374
0.0010752678
0.00048446655
0.0011816025
0.0013061762
0.000310421
0.0013568401
0.0009622574
0.0007611513
-1.847744e-05
0.0010813475
0.0012733936
0.0020612478
0.0011914968
0.00047016144
0.000962615
0.00013840199
0.00085163116
0.00089907646
0.001591444
0.00126338
-7.867813e-06
0.00066125393
0.00077342987
0.0002747774
0.0010939837
0.00039589405
0.0013110638
0.0006374121
0.001483798
0.0013659
0.00091314316
0.0011422634
0.000975132
0.0014127493
0.00013387203
0.00045919418
0.00036036968
0.0002822876
0.00096321106
0.00010180473
0.001437664
0.0011945963
0.00093507767
0.00075256824
0.00014972687
0.0013811588
0.0018258095
0.0012040138
1.4781952e-05
0.0019382238
0.0015368462
0.0010050535
0.0007469654
0.0013935566
0.00033402443
0.0011410713
0.0002529621
0.0003631115
0.00079882145
0.0005567074
0.0013278723
0.0006875992
0.00096058846
0.0010495186
0.00040400028
0.00095307827
0.00085651875
0.00047290325
0.00063347816
0.00071656704
0.0012674332
0.0015915632
0.0005789995
8.749962e-05
0.0014078617
0.0006479025
0.0017778873
0.0015109777
0.0009869337
0.00049829483
0.0017720461
0.0014151335
0.002308488
0.00019454956
0.0016889572
0.0002938509
4.0650368e-05
0.0011911392
0.001795888
0.0012110472
0.0009862185
0.00101614
6.055832e-05
0.0010590553
0.0007648468
0.0005726814
0.00034427643

0.00059723854
0.0012247562
0.0006264448
0.0010410547
0.00089251995
0.00079119205
0.00046265125
0.0012009144
0.0013363361
0.00052785873
0.0006455183
0.00093996525
0.00011229515
0.0010839701
0.00068998337
0.0008084774
0.0007086992
0.00067925453
0.00061917305
0.00085127354
0.0005888939
0.0005093813
6.508827e-05
0.00061678886
0.0009793043
0.000875473
0.0008339882
0.0002528429
0.00078082085
0.0002629757
0.0008280277
0.00072324276
0.000718832
0.00096285343
0.00066041946
0.00074732304
0.0013580322
0.00083208084
0.00046682358
0.0006865263
0.0014516115
0.00032126904
0.0011365414
0.00016570091
0.0016194582
0.00089371204
0.0004917383
0.0015258789
0.0007441044
0.0006160736
0.0012124777
0.001013279
0.00084137917
0.0012769699
6.568432e-05
0.00032138824
0.0010720491
0.000898242
0.00104177
0.0013047457
0.00038909912
8.511543e-05
0.0014163256
0.0012575388
0.0005426407
0.0012075901
0.00071656704
0.000490427
0.0008533001
0.0008621216
0.000523448
3.71933e-05
0.001232028
0.00029325485
0.0005350113
0.0009109974
0.0010137558
0.0006774664
0.0010316372
0.0012021065
0.00023531914
0.00023829937
0.0013638735
0.0013272762
0.0011928082
0.0005277395
3.4809113e-05
0.000999093
0.0014511347
0.00061392784
0.0009971857
0.0005789995
0.0009365082
0.00028669834
0.0013170242
0.0011987686
0.0016056299
0.00022768974
0.0009293556
0.00071656704
0.0006483793
0.0004054308
8.738041e-05
0.00070786476
0.00052547455
0.0005617142
0.0007100105
0.0002861023
0.0010914803
0.00062680244
0.0012351274
0.00040209293
0.0011173487
0.0009690523
0.00054752827
0.0011546612
0.0008929968
0.0006933212
0.0011435747
0.0016241074
0.00097572803
0.00056040287
0.00010955334
0.00072705746
0.00034594536
0.001091361
0.0017743111
0.0010954142
0.0003181696
0.0014160872
0.0009980202
0.0008058548
0.0005159378
0.00037372112
0.0010612011
0.0005093813
0.0010243654
0.0005532503
0.0002487898
0.0009863377
7.1525574e-05
0.0014468431
0.0011453629
0.0008840561
0.00048315525
0.0014822483
0.00095021725
0.0012692213
0.0011439323
0.00052523613
0.0008511543
0.0008428097
0.00062704086
0.0011390448
0.00016069412
0.0008431673
0.0005675554
0.0005213022
0.0005033016
0.0014281273
0.0004069805
0.0008215904
0.00071787834
0.0011131763
0.00059616566
0.0008867979
0.0008686781
0.001065731
0.0009486675
6.8068504e-05
0.0012803078
0.00078725815
0.0009112358
0.0011632442
0.0010256767
0.0009473562
0.0015611649
0.0006775856
0.00064241886
0.00077307224
0.0016218424
0.0013399124
0.0006866455
0.00034177303
0.00010025501
0.000323534
0.00069379807
0.0012688637
0.0004478693
0.000410676
0.00031924248
0.001907587
0.0010845661
0.0010157824
0.00044119358
0.0004092455
0.001326561
0.00030386448
0.00050246716
0.00017905235
0.0006443262
0.0011299849
0.0012077093
0.0006467104
0.00018298626
0.0008753538
0.0006058216
0.0010008812
0.00037920475
0.00073075294
0.00026500225
0.0013073683
0.0005046129
0.00096297264
1.3113022e-05
0.0008049011
0.00057709217
0.0007737875
0.00042819977
0.00054728985
0.0018657446
0.0015165806
0.0010830164
0.0012091398
0.00057303905
0.000880003
0.00031363964
0.0017832518
0.00019621849
0.00047945976
0.0002834797
0.0010470152
0.00017344952
0.0010482073
0.00066530704
0.0011337996
0.00032424927
0.00089240074
0.000857234
0.0007882118
0.0010957718
0.0009211302
0.0006122589
0.0009948015
0.00044965744
4.053116e-06
0.0012226105
0.00092315674
0.00039696693
0.0005415678
0.0011715889
0.00023365021
0.00043439865
0.001136899
0.0012388229
0.0012099743
0.00078582764
0.00035703182
0.0008788109
0.00073087215
0.00021719933
0.00030374527
0.00046765804
0.0008766651
0.00041162968
0.000315547
0.00085937977
0.00083100796
0.0011793375
0.0005899668
0.00077462196
0.0004247427
0.0010517836
0.0010863543
0.0017793179
0.0008827448
0.00093746185
0.0001385212
0.00021111965
0.00032520294
0.00012910366
0.00020051003
0.0017368793
0.000106692314
0.0008845329
0.00055909157
0.0008416176
0.000628829
0.00027656555
0.0006173849
0.00030624866
0.00038039684
9.047985e-05
0.0011385679
0.0013767481
0.00029742718
0.0014147758
0.000962615
0.0015279055
0.0007176399
0.001930356
0.001535058
0.00034570694
0.00096929073
0.00069463253
0.00048470497
0.00045597553
5.4359436e-05
0.00044703484
0.0011312962
0.00021183491
0.0012722015
0.0006761551
0.000213027
0.0005649328
0.00083744526
0.00014579296
0.0005559921
0.00067031384
0.00077962875
0.0004119873
0.0006982088
0.0009498596
0.0009430647
0.00016820431
0.000872612
0.0010653734
0.0006802082
0.0016605854
0.0008511543
0.0012456179
0.0012104511
0.000672698
0.0013478994
0.0013759136
7.236004e-05
0.0018742085
0.00059115887
0.0009877682
0.00060355663
8.106232e-06
0.0014089346
0.0015457869
0.0004234314
0.00011920929
0.0018012524
0.0012937784
0.0003296137
0.0008119345
0.001049161
5.2332878e-05
0.00057041645
0.0009806156
4.87566e-05
0.0002964735
0.00062835217
0.00016188622
0.0013798475
0.00083625317
0.0002462864
0.00071406364
0.0013735294
0.0012657642
2.2649765e-06
0.0010638237
0.0012456179
0.0006150007
0.00042533875
0.0012433529
0.0006684065
0.00021457672
0.0007455349
0.0004491806
0.0011683702
0.0015683174
0.0013780594
0.0013988018
0.0016958714
0.00101161
0.000803113
0.0017203093
0.0010511875
0.0013561249
0.0011991262
0.00039815903
0.0009703636
0.0011507273
0.0002706051
0.00049364567
0.0008802414
0.0017069578
0.00038707256
0.0017154217
0.00082182884
0.00025498867
0.0009008646
0.00022149086
0.00087702274
0.0015450716
0.0013149977
0.00020349026
0.0005389452
0.0005582571
0.0009329319
0.0005322695
0.00025773048
0.000824213
0.0011523962
0.00019824505
0.00039303303
0.0012975931
0.001180172
0.0014276505
0.00021457672
0.0013879538
0.0010796785
0.00076949596
0.0005418062
0.0009133816
0.0012300014
4.184246e-05
0.00144279
0.0001783371
0.0006173849
0.0005197525
0.00042247772
0.0012820959
0.0009406805
0.0003259182
0.00057160854
0.0022263527
0.0009827614
0.0018188953
0.0004464388
0.0015332699
0.000890851
0.00047051907
0.0013278723
6.1392784e-05
0.002022028
0.00066435337
0.00045919418
0.0011099577
0.000313282
0.00011205673
0.00028824806
0.0014740229
0.0005992651
0.0016981363
0.00064611435
0.00046396255
0.0017898083
0.0006426573
0.00084912777
0.0010160208
0.00080144405
0.00065255165
0.0009647608
0.0017008781
0.00030720234
0.00041258335
0.0009133816
0.0012159348
0.0012716055
0.000351429
0.0009586811
0.0011104345
0.00032365322
0.00045847893
0.001509428
0.0009691715
0.00082957745
0.0007480383
0.0010769367
0.00027406216
0.0010997057
0.0011069775
0.00096309185
0.0007138252
0.0017151833
0.0010683537
0.000906229
0.0014265776
0.0017818213
0.0010719299
0.0010565519
0.00052952766
0.0009636879
0.0005078316
0.0006760359
0.0015782118
0.00012123585
0.0012129545
0.00050616264
0.0011607409
0.0010802746
0.001196146
0.0008364916
0.0010524988
0.0013365746
0.00012218952
0.0008792877
0.0013560057
0.0011078119
0.0005902052
0.00083100796
0.0003811121
0.0018137693
0.00090813637
0.0012505054
0.0015714169
0.0013302565

0.00053334236
0.0010464191
0.00017619133
5.9247017e-05
0.0002682209
0.00026476383
0.0016254187
0.0002514124
0.00027489662
0.00045597553
7.176399e-05
0.0013511181
0.0003823042
0.0005276203
0.0031573772
8.034706e-05
0.0006085634
0.0013264418
0.0011690855
2.3007393e-05
0.00084233284
0.001803875
0.0004081726
0.00032806396
0.00022101402
0.0012718439
0.00043797493
0.0010920763
0.0007368326
0.00093376637
0.0008596182
0.0018588305
0.000436306
4.4703484e-05
0.000104784966
0.0012216568
0.00094771385
0.00018823147
0.0006489754
0.0013270378
0.00078856945
0.000813961
0.0004364252
0.00036609173
0.002338171
0.00037503242
0.0017105341
0.0013948679
0.00018274784
0.00067305565
0.00022745132
0.00036370754
0.00029599667
0.00031733513
0.0010939837
0.00016272068
0.0003426075
0.00070106983
0.0011550188
0.0001758337
0.0003670454
0.0003950596
0.0013443232
0.0013692379
0.0006541014
0.000105023384
0.0013077259
0.001982689
0.0006928444
0.0025808811
0.00042641163
0.002225995
0.00054883957
0.0005555153
0.00076818466
0.0010756254
0.00027823448
0.00076949596
0.00061905384
0.0002925396
0.0011757612
0.00061655045
0.0006817579
0.00028038025
7.2836876e-05
0.0007932186
0.00031089783
0.0014761686
0.00010383129
0.00047147274
0.0006685257
0.0007145405
0.00017786026
0.0002990961
0.00084257126
5.3167343e-05
0.0020862818
0.0012073517
0.0004826784
0.0010869503
0.00052285194
0.0006432533
0.0022963285
0.0008239746
0.0022484064
0.0003669262
0.001974821
0.0022349358
0.0002900362
0.0003259182
0.00026154518
0.0027097464
0.0003427267
0.0012778044
0.00048458576
0.0005296469
0.0003029108
0.0013004541
0.0010583401
0.0013170242
0.0006070137
0.00027155876
0.0010130405
6.842613e-05
7.7843666e-05
0.0004798174
6.234646e-05
0.0013045073
0.00020384789
0.00077688694
0.0007710457
0.0003734827
0.0005043745
0.00050222874
0.0008999109
0.0005515814
0.0009622574
0.0009162426
0.00035238266
0.0002259016
0.0014599562
0.0017049313
0.000338912
1.2278557e-05
0.00063824654
0.00083363056
0.00051772594
0.001380086
0.00066661835
0.00022494793
5.6743622e-05
0.0011535883
0.00039803982
0.0004632473
0.00061273575
0.00035250187
0.00063574314
0.00075888634
0.00141716
0.0037839413
0.0002976656
0.0014606714
0.0021438599
0.00086402893
0.0004121065
0.00033032894
0.00021111965
0.0012075901
0.00068748
0.0011286736
0.00096714497
0.0006071329
0.00064611435
0.00090384483
0.002184391
0.0005527735
0.0011028051
0.00020313263
0.0005813837
0.0029193163
4.4584274e-05
0.00052785873
0.00016915798
6.532669e-05
0.0009572506
5.6028366e-06
0.00017774105
0.00024843216
0.0006093979
0.00025331974
0.0013616085
0.00018501282
0.0009329319
0.0010075569
0.00063955784
0.00017166138
0.00049459934
0.00062191486
0.00035226345
7.510185e-05
0.000451684
0.0021739006
0.0006723404
0.0016144514
0.0004658699
0.00035262108
0.00052547455
0.0001887083
0.00077056885
0.0003079176
0.002229929
9.8109245e-05
6.520748e-05
0.00048017502
0.0003875494
0.0022696257
0.0026073456
0.001251936
0.00071156025
0.00066411495
0.0006483793
0.0012813807
0.00020682812
0.00017225742
0.0010083914
0.0006722212
0.0010383129
0.00068187714
0.0002989769
0.0011655092
0.00051546097
0.0014497042
0.0024238825
0.005330682
0.001206994
0.0026797056
0.00039982796
0.00048816204
4.2915344e-05
0.00025081635
0.0004169941
0.0011873245
0.0016313791
0.0002464056
0.00018310547
0.003770709
0.0008075237
0.00069379807
0.0002039671
0.00030863285
0.0009046793
0.0015583038
0.0010120869
0.0016784668
6.4611435e-05
0.0010715723
0.00033795834
0.0005863905
0.0008279085
0.0011093616
8.249283e-05
8.9764595e-05
0.0015393496
0.0012705326
0.00012099743
0.0017380714
2.2888184e-05
0.00031471252
0.00041925907
0.0009120703
6.246567e-05
0.0009138584
0.0042927265
0.0027638674
0.00038266182
0.0052480698
0.0009429455
0.0039076805
2.3007393e-05
0.00027370453
0.00038921833
0.00073421
0.00022089481
0.00019085407
0.0005723238
0.0016731024
0.0014562607
0.0019481182
0.00040090084
0.0006747246
0.00054740906
0.000351429
0.0004208088
0.00095260143
6.902218e-05
0.00034809113
0.0018039942
0.0004118681
0.0019049644
0.0013282299
0.00024592876
0.00064599514
0.0003516674
3.9696693e-05
7.9631805e-05
3.325939e-05
0.000385046
0.0005904436
0.000526309
0.0003091097
0.00027120113
0.0005700588
0.00069725513
0.00054728985
0.0012757778
0.0010774136
0.0007611513
0.0031044483
0.001998663
0.00010919571
0.0006182194
0.0016109943
0.0022087097
0.0011122227
0.00042438507
0.002965808
0.0008789301
0.0004864931
0.00013136864
0.0034012794
0.002178669
0.001162529
0.00042808056
0.0003002882
0.00028574467
0.00039291382
0.00019145012
6.3061714e-05
0.00077438354
0.00029551983
-6.0796738e-06
0.00053191185
0.00010204315
0.000816226
3.5762787e-06
0.0014950037
0.0006786585
0.0014203787
0.00030887127
7.05719e-05
0.00057804585
0.0017179251
0.00044322014
9.36985e-05
0.0009191036
0.00029063225
0.0005697012
0.00073981285
0.001401782
0.0005573034
0.0008356571
0.0003004074
0.0031522512
0.0006812811
0.000101327896
0.0006788969
0.00050091743
0.0005699396
0.00095021725
0.00023913383
0.0004336834
0.0008274317
0.0005068779
0.001034975
2.5391579e-05
0.0011357069
5.1498413e-05
0.0021045208
9.298325e-06
0.00038540363
0.001105547
0.0007238388
0.0006301403
0.0004849434
0.00066804886
0.0010473728
0.00035226345
0.0009576082
0.0007493496
0.00023663044
0.000772357
0.0002808571
0.0004723072
0.0013597012
0.00025951862
0.0033198595
0.00049209595
0.0014462471
-2.2649765e-06
0.00041913986
0.0010331869
0.0007432699
0.00028443336
0.00053691864
0.00030493736
0.0026586056
0.0005720854
0.00082325935
8.2850456e-05
0.00057065487
0.00014352798
0.0033152103
0.00043940544
0.00024688244
0.00065743923
0.0010251999
0.0023516417
0.000666976
7.510185e-05
0.00035464764
4.541874e-05
2.7537346e-05
0.0017259121
0.00043976307
0.00025868416
0.00014615059
0.0005031824
0.0015677214
0.0005954504
0.00022637844
0.0014430285
0.0009857416
0.001365304
0.0001090765
0.00028944016
0.00037574768
0.00062322617
0.0018489361
0.0010492802
0.00062179565
0.0015075207
0.0025075674
0.0010154247
2.2292137e-05
0.00040495396
0.00046789646
0.0010844469
0.0014796257
0.00033938885
0.000934124
0.00017738342
0.0002552271
0.0004386902
0.0018105507
0.001819849
4.4107437e-06
0.0021437407
0.00027740002
0.00012469292
0.00021231174
0.00048398972
0.00033462048
0.00013172626
0.0012183189
9.691715e-05
0.0016433
0.0013873577
0.00054192543
0.002489686
0.0021197796
0.00017797947
0.00082588196
4.708767e-05
0.0010124445
9.739399e-05
0.00025856495
0.0005937815
0.0004273653
0.0031251907
0.0024027824
0.00029671192
0.00026905537
1.8715858e-05
0.001372695
0.0013622046
9.846687e-05
0.0011829138
4.7802925e-05
0.00066137314
0.00064718723
0.0007401705
0.00037670135
5.4836273e-06
5.8174133e-05
0.00072455406
0.0005787611
0.0016460419
0.0005247593
0.00025093555
0.0011680126
0.0008957386
0.00010561943
2.2768974e-05
0.00021457672
0.0005836487
0.00019168854
0.0012528896
0.00019621849
0.000582695
0.00039196014
0.0003336668
0.0006227493

0.00017881393
0.00021827221
0.00058066845
0.00051403046
0.00042545795
0.0003285408
0.0009561777
0.00050616264
0.0011271238
4.7683716e-07
0.0003733635
0.00035655499
0.0005327463
0.00027906895
0.00011456013
0.0011074543
0.0004069805
0.00016105175
0.0017963648
0.00038301945
0.0019234419
0.0010406971
0.00017392635
0.002093196
0.00017917156
0.0009974241
0.00031805038
0.0005248785
0.0011413097
0.0010788441
0.0018372536
0.0011752844
0.00049579144
0.0021665096
-1.1920929e-06
0.0010876656
0.0008761883
0.00053048134
0.00027787685
0.00038790703
0.0028357506
-2.6226044e-06
0.0014096498
0.0013076067
0.0024020672
0.00039613247
0.00017976761
0.0008176565
2.2292137e-05
0.0007419586
5.00679e-06
0.0021585226
0.0004105568
0.0009986162
0.0005737543
0.0008841753
0.0010687113
0.00087177753
0.0015821457
0.00028717518
0.0013703108
0.00014472008
0.0007635355
0.0003324747
0.00066268444
0.00024318695
0.00047063828
0.00030350685
4.887581e-05
0.0013455153
5.4955482e-05
0.0024641752
0.001582861
0.0007965565
0.0002670288
7.176399e-05
1.835823e-05
4.2915344e-06
0.0009949207
0.00035595894
0.0011000633
0.0005557537
1.347065e-05
0.00064086914
0.00064623356
0.0006842613
0.0015149117
0.000315547
0.0013902187
0.00028574467
0.0023860931
0.00014734268
0.0010192394
0.0013561249
0.0013897419
0.00023126602
0.0010613203
0.0008019209
0.00085520744
0.0009249449
0.0013753176
0.0010678768
0.00038933754
0.0016853809
4.720688e-05
9.536743e-06
0.000659585
0.002050519
0.0007339716
0.001865983
7.927418e-05
0.0013742447
1.4305115e-06
0.001855135
0.0016659498
2.2649765e-06
0.0008915663
0.00097596645
0.0010091066
2.3841858e-07
0.0034451485
0.0011122227
0.00017142296
1.7881393e-06
0.0008224249
0.0006762743
0.0008083582
0.00045621395
9.393692e-05
0.0006517172
0.0001565218
0.00031030178
0.0005865097
0.00026118755
0.0023100376
0.00030636787
0.0015912056
5.698204e-05
1.7642975e-05
0.00030624866
0.0006034374
0.00027358532
2.6345253e-05
0.0014677048
0.0008070469
0.00033330917
0.0010105371
0.002460122
0.00071918964
0.00074732304
0.0011222363
0.0018600225
0.00074899197
0.0027657747
0.00046551228
0.00033044815
0.0005797148
0.00060486794
0.0007573366
0.00034368038
0.00064885616
0.0002965927
1.1920929e-07
0.0015618801
5.9723854e-05
0.0019315481
0.0026381016
5.543232e-05
3.9339066e-06
0.0017089844
0.00036275387
0.0004130602
6.92606e-05
0.0018255711
0.00013029575
0.000118136406
0.00045466423
0.0007148981
0.00023400784
0.0023329258
0.0017261505
0.00026488304
0.0010914803
2.8014183e-05
0.00035440922
0.0006518364
0.00071823597
0.00017356873
0.001778841
0.00067198277
0.00061786175
0.00044727325
0.0006481409
0.00067305565
0.0013275146
2.3126602e-05
0.0028223991
0.000620842
0.0003222227
0.001589179
0.0007109642
0.00077319145
3.0994415e-06
0.00054073334
0.0039914846
0.00024068356
0.0002424717
0.0004644394
0.0010620356
0.0014630556
0.00086164474
0.00021922588
0.0004696846
7.748604e-05
0.00074470043
0.0003004074
0.0006787777
0.0022559166
0.00031995773
0.0001398325
-2.3841858e-06
0.0018229485
0.00019323826
0.0017007589
0.0009639263
0.0013149977
0.0017622709
0.00029075146
0.00049078465
0.00037992
0.000538826
0.0007648468
0.0008698702
0.00027894974
0.0008882284
7.1525574e-07
0.00051665306
0.0016828775
0.00014841557
0.00031471252
0.0020514727
0.0021141768
0.0004172325
0.0003926754
0.0002580881
0.0011981726
-2.861023e-06
0.0006247759
0.00083875656
0.0016686916
0.0002566576
0.0011589527
0.0014463663
0.0017074347
0.00025749207
3.671646e-05
0.00034582615
0.00060486794
0.00077939034
0.00088214874
0.00026738644
0.00048983097
0.00023388863
0.0010927916
4.5895576e-05
0.00011539459
5.2928925e-05
0.00026798248
5.054474e-05
0.0005966425
0.0014431477
3.5762787e-07
0.00039076805
0.00069093704
0.0005940199
0.00011563301
0.00032877922
0.00037431717
0.0014081001
0.0018566847
0.0008084774
0.00033771992
0.0016653538
0.00014638901
0.0011053085
0.0019561052
0.0002808571
0.00021445751
0.0022518635
0.00027632713
0.002156496
0.000106573105
0.00019979477
0.0009211302
0.0012577772
0.00021743774
0.001060605
0.00018846989
-1.4305115e-06
0.0009778738
0.0014089346
0.0011441708
0.0004069805
0.000654459
0.0016152859
1.2874603e-05
0.00086677074
0.0005146265
0.0003836155
6.0915947e-05
0.00087702274
0.0006815195
8.714199e-05
0.00029730797
2.861023e-06
4.9352646e-05
0.0004196167
0.0017776489
7.998943e-05
0.00088632107
0.001662612
0.0008903742
0.00023829937
0.0007892847
0.0012282133
0.0009021759
0.00026750565
1.7762184e-05
0.00092458725
0.001070261
0.001175046
0.0009964705
0.00016224384
0.0019581318
-1.1920929e-07
6.914139e-06
0.00056135654
0.0011711121
0.0022830963
0.00014686584
0.0006817579
0.00063574314
4.053116e-06
0.00048732758
0.00039613247
0.0018327236
0.0007786751
0.00051009655
1.835823e-05
1.1920929e-07
0.00084757805
0.0008996725
0.00023293495
0.00038933754
0.0006713867
0.0007574558
0.0016300678
0.00050902367
0.0019003153
5.4836273e-05
0.0013092756
0.00021731853
0.0014084578
0.00014853477
0.0008238554
0.0017850399
0.0025619268
5.710125e-05
0.0006738901
0.0001373291
0.000562191
0.0006881952
0.00067710876
0.0014685392
0.00090539455
4.506111e-05
4.7683716e-06
0.00043034554
0.00015735626
-2.2649765e-06
-2.6226044e-06
0.0012446642
0.0013643503
0.0024505854
0.0026460886
0.000108003616
9.059906e-06
0.0007637739
0.0020982027
0.0009391308
1.4662743e-05
7.70092e-05
0.0034040213
0.00028765202
4.696846e-05
9.6440315e-05
0.0003733635
0.00056028366
0.002170205
0.00072717667
9.536743e-07
0.00047445297
0.0018570423
0.0005148649
0.00021791458
0.0016428232
0.000795722
0.00077939034
0.00018239021
0.00035095215
0.0011041164
0.0014533997
0.0018318892
0.0010885
0.0018006563
0.0009061098
0.00077974796
0.00039720535
0.0014970303
0.00072681904
7.915497e-05
0.00029826164
0.00035095215
0.0015305281
4.5895576e-05
9.453297e-05
0.000864625
0.0013166666
0.0016835928
0.00022518635
0.00063729286
0.0016745329
0.00071525574
5.1259995e-05
0.0020655394
0.00048279762
0.00031495094
0.00022566319
0.0014346838
0.00094103813
7.355213e-05
0.00014865398
0.0022797585
3.170967e-05
0.00096845627
0.00088119507
0.00047516823
0.00078368187
0.0006226301
0.0009957552
0.0014007092
0.0015795231
0.0003900528
0.0010683537
0.00012338161
0.00091028214
0.0015360117
0.002849698
2.1338463e-05
0.0013537407
0.0003732443
0.0008327961
8.702278e-06
0.0021857023
0.00063991547
0.00096440315
0.0005940199
0.0007330179
7.915497e-05
6.198883e-06
0.00081920624
0.00208807
0.0017318726
0.0019327402
0.0015801191
0.00014400482
0.0016692877
0.00013077259
7.987022e-06
0.001959443
0.001865983
0.00060236454
0.0023450851
0.00023543835
0.0022271872
0.00011456013
0.0013126135
7.4625015e-05
0.0005233288
0.0016121864
0.00068223476
0.0002168417
0.0005800724
0.0014407635
0.0019462109
0.00064098835
0.00011014938
0.0009858608
0.00034463406
0.00028455257
0.00034570694
0.00038349628
1.1920929e-07
0.0004899502
2.4795532e-05
0.0009987354
0.0012421608
0.0013712645
0.00057685375
5.1259995e-06
0.0012083054
0.00050520897

0.00050365925
0.00088489056
0.0007356405
0.0020936728
0.00090026855
0.0011764765
0.0008146763
0.0010564327
0.0007472038
0.00040984154
0.00087845325
0.0015735626
0.0004966259
0.000330925
0.0005503893
2.9087067e-05
0.000770092
0.00056529045
0.00090420246
0.00042414665
0.00084757805
0.0008896589
0.0009371042
0.0003992319
0.0009987354
0.0006531477
0.00042414665
0.0012568235
0.0004248619
2.1457672e-06
9.3102455e-05
0.00030565262
0.001116991
0.0006957054
9.059906e-06
0.00037288666
0.0008920431
0.0006132126
0.0003130436
0.0005220175
0.0006533861
0.0010054111
0.00032496452
0.0009880066
0.0012183189
0.0010676384
0.0010358095
0.00055861473
0.00095939636
0.0010306835
0.00021851063
0.001060605
0.0007084608
0.0009974241
0.001154542
0.0012446642
0.00028455257
0.0016450882
1.0728836e-06
0.0011857748
9.536743e-07
0.0014010668
0.00050604343
0.0003669262
2.9563904e-05
0.0013058186
0.0007016659
0.0010923147
9.691715e-05
0.0014635324
0.0011819601
0.0008261204
0.00026845932
0.0008121729
0.0013744831
0.00094139576
0.0016251802
0.00063347816
0.0007917881
0.00077307224
0.0013040304
0.0013520718
0.0009595156
0.0013848543
0.0005902052
0.0006893873
0.00014066696
0.0019379854
0.0015121698
0.0005197525
0.0011435747
0.00069248676
0.0005393028
0.00028955936
0.0006452799
0.0007238388
0.00075781345
2.3841858e-07
0.00018501282
0.00032269955
5.567074e-05
0.00079131126
0.0012273788
0.0006957054
0.0011006594
0.00074982643
0.0013326406
0.0010175705
0.00044441223
0.0006278753
0.0008111
0.00031614304
0.001359582
0.0011821985
0.0004911423
0.0008716583
0.0006799698
0.0004864931
0.0008624792
0.00042951107
0.00011134148
0.0007299185
0.001324892
0.00086426735
0.0003131628
0.00050485134
0.00010704994
0.001580596
0.000254035
0.00020945072
0.00017559528
0.0009459257
0.00059330463
0.0020269156
0.001086235
0.00026726723
0.002370119
0.00048065186
0.000797987
-4.7683716e-07
0.00091695786
0.00012266636
0.0009098053
0.0020952225
0.0001155138
0.001064539
0.00031411648
0.0020959377
2.9444695e-05
0.00056016445
0.0014865398
0.00047445297
0.00088632107
0.000369668
4.7683716e-07
0.00067830086
0.0006374121
0.0005030632
0.001553297
0.00020301342
0.00046098232
0.00042831898
0.0008176565
0.0005027056
3.2186508e-06
0.00060129166
0.00042796135
0.0015150309
0.0007710457
0.0012332201
0.00089228153
1.5497208e-06
0.0012328625
0.00049221516
0.00018513203
0.0010582209
0.0
0.0007612705
0.000962615
0.0011302233
0.00031006336
0.000315547
0.00030493736
0.0014110804
0.001304388
0.0014560223
7.6413155e-05
0.00026285648
0.0017337799
0.00078618526
0.0017627478
0.00021004677
0.0007698536
0.0019273758
0.00068831444
0.00039994717
0.0007278919
0.00078332424
0.0019466877
0.0007789135
0.0005841255
0.00016510487
0.00020778179
0.00021862984
0.0003298521
0.00082719326
0.0
0.0010370016
0.00013816357
0.0005121231
0.00058460236
0.001465559
0.0018632412
0.0006415844
5.6266785e-05
0.0004967451
0.0007022619
0.00064086914
5.9604645e-07
0.0008957386
0.00077688694
0.0010626316
0.00063169
0.0013902187
0.0015388727
0.0001963377
0.000710845
0.00095129013
0.0017796755
0.0012419224
0.0008107424
0.00093984604
0.0001436472
0.00060260296
0.000762105
0.00082182884
0.001416564
0.0009880066
0.0006558895
0.0006824732
0.0014599562
0.00073742867
0.0009813309
0.00029718876
0.0004054308
0.0014727116
0.0007594824
0.00070130825
0.0013484955
0.0005828142
0.0017493963
0.0018663406
0.0010282993
1.0609627e-05
0.0005865097
0.0002670288
0.0007882118
0.0017977953
0.0007953644
0.00030887127
0.0012398958
0.00028181076
0.00037896633
0.0009783506
0.0016385317
0.0016784668
0.00087082386
0.0022348166
0.001278758
0.0006438494
0.0008226633
1.5497208e-05
0.0010278225
0.0011650324
8.1539154e-05
0.00059998035
0.0007625818
0.00064730644
0.0007184744
0.0015875101
0.00041782856
0.00067281723
0.0006325245
0.00034809113
0.00011885166
0.00036609173
0.00089514256
0.00065755844
0.00047147274
0.00020825863
0.0015704632
0.000813961
0.0012294054
0.00042426586
0.001142025
2.1457672e-06
0.00084114075
0.0002809763
0.0023397207
0.0006532669
0.00057709217
0.00020444393
0.00067973137
0.00091183186
0.0013018847
0.00025451183
0.00080931187
0.0017417669
0.000865221
0.0006324053
6.425381e-05
0.0008713007
0.00048172474
0.0011686087
0.0013254881
0.0009447336
0.0011552572
0.0013968945
0.00092947483
0.00099051
5.2452087e-06
0.0006406307
0.00017261505
0.0001039505
0.0007765293
0.00074255466
0.001544714
0.00039839745
0.0011960268
0.0008215904
0.00087344646
0.00043797493
0.0016440153
0.0016174316
0.0017644167
0.0011775494
0.0004646778
0.001432538
0.00066924095
0.00071918964
0.0013659
0.0003181696
0.0
0.001105547
0.0008596182
0.0013149977
0.0007646084
0.0015877485
0.001331687
9.10759e-05
0.0009738207
0.00055873394
6.759167e-05
0.00020170212
0.001052022
0.00026118755
0.0006188154
0.0012949705
0.0011271238
0.00026023388
4.4226646e-05
0.000415802
0.00075113773
1.7881393e-06
4.2676926e-05
0.0003039837
0.0023312569
0.00039219856
0.001026392
3.5643578e-05
0.0016502142
0.0016008615
0.00041115284
7.4625015e-05
0.0005558729
0.00011253357
0.00044500828
0.0003875494
0.00084996223
0.00060915947
0.0010290146
0.00083744526
0.0026109219
0.0011290312
0.00045323372
0.0009279251
3.6001205e-05
2.3126602e-05
0.00039625168
0.0018285513
7.4505806e-05
0.00021028519
0.00037550926
0.000744462
0.0005209446
0.00019490719
0.0014008284
0.001134634
0.0010205507
0.0013730526
0.0016666651
0.00023949146
0.0006260872
0.001236558
0.0007301569
0.0010373592
0.00017106533
0.00056004524
0.0010715723
0.00040555
0.0006246567
0.0006786585
3.695488e-06
3.5762787e-06
0.00012099743
0.0005196333
0.0005592108
0.00066649914
0.0011111498
0.0013642311
0.0013302565
0.0003976822
0.0012457371
0.00039732456
0.00070023537
0.00064611435
7.092953e-05
0.0017652512
0.0013819933
0.0010048151
0.0011030436
0.00074756145
0.0021848679
0.0006389618
0.0009274483
0.0003825426
0.002278328
0.0013235807
0.0011082888
0.0007251501
0.00013506413
0.00057411194
0.0006353855
-2.026558e-06
5.030632e-05
0.00057065487
0.0013996363
0.0013024807
0.00024986267
0.0009943247
0.00096285343
0.0007542372
0.0011802912
0.00024175644
0.0006920099
0.0009872913
0.000305295
0.0020500422
0.0012005568
0.0003721714
0.001204133
6.580353e-05
0.0011377335
0.0008274317
0.0015275478
0.00069105625
0.00043070316
0.00030207634
0.0003566742
0.0003529787
0.00071549416
0.00019145012
0.0003246069
0.00034940243
0.00044608116
0.00059068203
0.00092446804
0.0010551214
0.00073742867
0.00057673454
0.0013383627
0.00035834312
0.0012161732
0.0008337498
0.0007427931
0.0008877516
0.0007625818
0.000959754
0.0006326437
0.00021994114
0.00042963028
0.00092089176
0.00072205067
0.0012458563
0.001013875
1.3709068e-05
0.0013713837
0.0009998083
0.00091040134
0.0015095472
0.000762105
0.0014204979
0.00041294098
0.0006415844
-2.3841858e-07
0.00055778027
0.0013221502
0.0006752014
2.527237e-05
0.0010328293
0.0009833574
0.00026774406

0.00047683716
0.0012338161
0.00054466724
0.00055754185
0.001163125
0.000611186
0.00060129166
0.0010775328
0.00051760674
0.0014202595
0.0010477304
0.0007966757
0.00081408024
0.0008639097
0.00094151497
0.0011943579
0.00071692467
6.580353e-05
0.0007728338
0.00027239323
0.00018334389
0.000991106
0.00023305416
0.0005353689
0.00038313866
0.00095272064
0.00023412704
0.0008574724
0.00046873093
0.000787735
0.0011255741
0.00090515614
0.0005172491
3.6358833e-05
0.0005543232
0.00053191185
0.0014158487
0.0014092922
0.0013514757
0.00060737133
0.00042247772
0.00088739395
0.00078344345
0.0008034706
0.0012961626
0.0018900633
0.00058341026
0.00045251846
0.0005559921
0.0012141466
0.00031507015
0.00036644936
0.00071692467
0.00034582615
0.0010837317
0.00016021729
0.0005785227
0.0011366606
0.00066769123
0.0020263195
0.00043165684
0.0005406141
0.00085520744
0.0009418726
0.00088882446
0.0010715723
0.00053334236
0.0013258457
0.0009008646
0.000315547
0.0009930134
0.0011968613
0.00069081783
0.00018632412
0.0005514622
0.0028719902
0.0007817745
0.0003437996
0.0010858774
0.0013010502
0.0009874105
0.0013085604
0.00031852722
0.0012339354
0.0020729303
0.00055515766
0.0032625198
0.00043523312
0.0007354021
0.00043821335
0.0003707409
0.00045239925
0.00084006786
7.43866e-05
0.00083243847
0.0014021397
0.0009071827
0.00065255165
0.0008021593
0.0007644892
0.00080776215
0.0010074377
0.0007703304
0.00050985813
0.0006740093
0.0010185242
0.00058317184
0.0008057356
9.536743e-07
0.0005956888
0.0
0.0011495352
0.0006059408
0.00031733513
0.00059998035
0.0027382374
0.00030875206
0.0010612011
0.0006098747
0.00094795227
0.0004119873
0.0021734238
0.0006277561
0.0018774271
0.000870347
0.00039446354
0.00093722343
0.00025606155
0.0006183386
0.00038397312
0.00038039684
0.0009952784
0.0014214516
0.0014747381
0.00073444843
0.0010690689
0.00035703182
0.00080418587
0.0017980337
0.00051641464
0.0007200241
0.00022947788
0.0010085106
0.0011072159
0.00025975704
0.00036489964
0.00079512596
0.0005156994
-1.1920929e-07
0.0006289482
0.0003039837
0.00036787987
0.000121593475
0.00095260143
0.0005135536
0.0004736185
0.0010650158
0.0018720627
0.00040447712
0.0011715889
0.00077342987
0.0013047457
0.0014954805
0.00055491924
0.00051403046
0.0015500784
0.00058841705
0.0008947849
0.0010448694
0.00020515919
0.001008153
0.0005104542
0.00076043606
0.0014238358
0.000782609
0.000395298
0.00062155724
0.00073480606
0.00013720989
0.0002951622
0.0009796619
0.0001591444
0.0006238222
0.00042164326
0.0009588003
0.00030755997
0.0013543367
0.0012434721
0.0007337332
0.00015962124
0.00080788136
0.0003951788
0.0007259846
0.0009912252
0.0002938509
0.001103878
0.0014737844
0.00041651726
0.00043022633
0.0002462864
0.0016053915
0.0012973547
0.00056278706
0.00062060356
0.001595974
0.002120018
0.0018182993
0.0024461746
0.00041508675
0.0005633831
0.000338912
0.001906395
0.00064086914
0.00048661232
0.0024813414
0.00096952915
0.00015413761
0.0005842447
0.0021768808
0.00070798397
0.00085914135
0.0002681017
0.0013245344
0.0004734993
0.0007362366
0.00052285194
0.000518322
0.00093472004
0.00038349628
0.0010938644
0.0010912418
0.0012141466
0.00059342384
0.0010669231
0.0015590191
0.00036346912
0.000187397
0.00066816807
0.0008969307
0.0005366802
0.0011897087
0.0006828308
0.0007187128
0.0009961128
0.0013016462
0.00088739395
0.00095415115
0.0022906065
0.0014579296
0.0012969971
0.00062179565
0.00033724308
0.0012636185
0.00086796284
0.0010385513
0.000749588
0.00064885616
0.0012333393
0.0008598566
0.00081562996
0.00045514107
0.0011458397
0.0014916658
0.0012962818
0.00037491322
0.00086021423
0.0012534857
0.0003376007
0.00052571297
0.0013287067
0.0012762547
0.0010050535
0.0007380247
0.00080013275
0.0015983582
0.00013709068
0.0005326271
0.00044751167
9.7990036e-05
0.000693202
0.0003824234
2.2053719e-05
0.0003427267
0.00041091442
0.000546813
0.0010859966
0.00089108944
0.00015902519
0.0014760494
0.00027287006
0.00024998188
0.00016534328
0.00018513203
0.00075244904
6.41346e-05
0.00039708614
0.0008890629
0.001303792
0.0012441874
0.0003682375
0.00014460087
0.00070488453
0.0005068779
0.00049579144
0.0013022423
0.001049161
0.00088202953
0.00020587444
0.00053942204
0.0009688139
0.00045406818
0.0011302233
0.00032496452
0.0009571314
0.0018894672
0.0012778044
0.00051116943
0.0009613037
0.00021922588
0.00077307224
0.0015192032
0.0004464388
0.0008016825
0.0016784668
0.0
0.0015259981
0.0009844303
0.0008585453
0.00096440315
0.00025701523
0.00015044212
0.0011206865
0.0014072657
0.0006518364
0.0009940863
0.000541687
7.1525574e-07
0.00014078617
0.0007494688
0.0016645193
0.0010608435
0.0011520386
0.00030601025
0.0003246069
0.000682354
0.0013102293
0.0010051727
0.0009377003
0.00093078613
0.00054192543
0.00051546097
0.0006055832
0.0012238026
0.0010682344
0.00035762787
0.0009403229
0.0015873909
0.0016303062
0.00038683414
0.0007748604
0.0003761053
0.0012667179
0.0013666153
0.00030350685
0.0010355711
0.00056660175
6.0796738e-05
0.00048661232
0.0015137196
0.000666976
0.0007340908
0.00069212914
0.00044894218
0.001335144
0.0008701086
0.00038325787
0.00025844574
0.0012050867
0.00035452843
0.0008624792
0.0014966726
0.00078201294
0.0010716915
7.1525574e-07
0.0010608435
0.00081944466
0.0011316538
0.0010142326
0.00035834312
0.000523448
0.0011556149
-1.1920929e-07
0.00063848495
0.0018157959
0.00056803226
0.0010410547
0.00061535835
0.0013606548
0.00021326542
0.0017170906
0.0017226934
0.0009660721
0.0017626286
0.00045466423
0.00052821636
0.0007953644
0.00019335747
0.0012750626
2.2888184e-05
0.0003989935
0.00049471855
0.00066292286
0.00027430058
0.0015544891
9.346008e-05
0.00078845024
0.0015271902
0.00046646595
0.00020551682
0.0010193586
0.0007971525
0.0011595488
0.00035119057
0.00074112415
0.00043737888
0.0005763769
0.00068461895
0.00077319145
0.00075757504
0.00067317486
0.0008701086
9.536743e-05
0.00014173985
0.0011688471
0.0014930964
0.0011241436
0.00049448013
0.0013375282
0.0019745827
0.0009589195
0.0013042688
0.0004975796
0.0011246204
0.0019899607
0.0013458729
0.0005129576
0.0006251335
8.070469e-05
0.0020020008
0.0010191202
0.00092732906
0.00030851364
0.0004671812
0.0006432533
0.0020090342
0.00040745735
0.0008610487
0.00073862076
0.0008454323
9.1433525e-05
0.0007699728
0.00082838535
0.00034368038
0.000839591
0.00021505356
0.0008535385
0.0005311966
0.0005092621
0.00025963783
0.00013029575
0.0004297495
0.0007504225
0.0012410879
0.00046539307
0.0008329153
0.00050234795
0.0006005764
0.00077462196
0.0010207891
0.00088620186
0.0005501509
0.00096714497
0.0009601116
0.00048303604
0.00040864944
0.00017893314
0.00094652176
0.0003695488
0.0010616779
0.00066125393
0.0007343292
0.0019470453
0.0015313625
0.00092697144
0.0009522438
8.356571e-05
0.00093352795
0.0008292198
0.0003900528
0.0009775162
3.6120415e-05
0.00040650368
0.0009275675
0.00016760826
0.0015159845
0.00071299076
0.00094020367
0.00081801414
0.00024580956
0.00064623356
0.00097596645
0.00055229664

0.0376395
0.026150346
0.04811001
0.052538157
0.03697312
0.04652548
0.0295403
0.02511859
0.028591275
0.02805698

