1.0190483
1.3909686
1.3808467
1.374327
1.5768538
1.5750387
1.5695024
1.1386753
1.6871612
1.4620055
1.341716
1.6666781
1.4594936
1.122082
1.8109088
1.5714359
1.2467756
1.4104322
1.9596875
1.2502744
1.5400023
1.4392285
1.5124186
1.6838663
1.5926138
1.6354711
1.5471777
1.2719368
1.6560241
1.4090835
1.3881385
1.411994
1.6913866
1.5439683
1.5704409
1.5144458
1.3804998
1.4602388
1.2026585
1.6789943
1.4949129
1.6619202
1.4044244
1.79787
1.479999
1.4498012
1.6239166
1.5437113
1.5873358
1.3352758
1.4758017
1.4729897
1.3464375
1.696437
1.3872923
1.5851804
1.7790958
1.6973516
1.7488431
1.3698298
1.4120215
1.4890327
1.1710817
1.8271068

1.37843
1.6932479
1.4477232
1.5748807
1.5565133
1.5307509
1.6367139
1.4472387
1.4711285
1.4366814
1.5216306
1.6243804
1.628464
1.4949768
1.5412449
1.6501744
1.6427072
1.5371432
1.45387
1.5072192
1.5188661
1.7209339
1.496676
1.5293734
1.5720696
1.5365701
1.5357063
1.4856641
1.7483217
1.509862
1.5879719
1.6444241
1.520106
1.5807256
1.632609
1.5723729
1.6041707
1.4393365
1.5403167
1.5695299
1.7153606
1.5446165
1.4145603
1.6670272
1.6321055
1.543459
1.577739
1.4637196
1.7676628
1.9741321
1.5608405
1.4729275
1.4738382
1.645573
1.6056433
1.5280155
1.5680695
1.9308469
1.4384277
1.6897373
1.6560711
1.5425708
1.5876436
1.6458127

1.4771303
1.4276886
1.4468552
1.4687736
1.4771336
1.4966068
1.5313048
1.4783202
1.4699585
1.4525274
1.4609778
1.4113233
1.5903494
1.5213708
1.464001
1.5527692
1.5303149
1.4935313
1.5069362
1.3939712
1.5465524
1.4710925
1.4857147
1.5496787
1.482268
1.5474327
1.5083078
1.5989714
1.5353625
1.5036638
1.5578706
1.5243767
1.3953948
1.5349799
1.4466199
1.4437661
1.446083
1.5295397
1.5124791
1.4795766
1.4325776
1.4893271
1.5691592
1.4578063
1.4829516
1.3666426
1.4958615
1.4553157
1.4687684
1.3707589
1.4297093
1.4349416
1.5841755
1.5763592
1.4515773
1.5262259
1.4973863
1.5074226
1.4426552
1.4820886
1.5245711
1.5117438
1.472863
1.5048493
1.4425179
1.3868562
1.5063132
1.4641782
1.3413572
1.5554004
1.5722646
1.5753248
1.4125419
1.4682593
1.4055794
1.5513661
1.4886303
1.5979172
1.5779493
1.4922851
1.5462605
1.4887614
1.4214673
1.5036184
1.4389952
1.4359037
1.4473327
1.4884143
1.379164
1.4988263
1.4035596
1.5057212
1.4786474
1.4390317
1.5396401
1.540411
1.5211192
1.4863654
1.5205245
1.432972
1.4372156
1.4749224
1.4810338
1.4735794
1.5351379
1.502946
1.4725765
1.4267228
1.4434348
1.5458653
1.3887342
1.4899317
1.5556117
1.4914324
1.4351778
1.38295
1.4782188
1.5104802
1.5531472
1.4546516
1.4554242
1.4943092
1.4668771
1.3513118
1.4459926
1.4221449
1.4901223
1.5480669

1.596041
1.5615886
1.4061594
1.5429252
1.5475985
1.5171814
1.548934
1.515104
1.4280905
1.5650955
1.5918823
1.5134677
1.5539889
1.5594022
1.4194294
1.4127276
1.5213133
1.5480652
1.5578034
1.529456
1.506796
1.5727363
1.5338671
1.479002
1.5729948
1.5223341
1.5356334
1.5388238
1.4272168
1.5510747
1.5653074
1.546382
1.4692068
1.4716349
1.4825512
1.4792204
1.502747
1.4961127
1.500448
1.5410233
1.5150334
1.491927
1.5853443
1.5305263
1.5216428
1.507985
1.4509674
1.5582552
1.5317861
1.4303651
1.517682
1.496389
1.4367898
1.4439315
1.5244206
1.4822601
1.5432597
1.5141422
1.5136983
1.4468353
1.4820721
1.560607
1.552598
1.5445596
1.5590308
1.5042043
1.4313402
1.6631721
1.4838839
1.6014956
1.5201466
1.6449969
1.4749757
1.4647074
1.4965376
1.4835427
1.4609691
1.5205957
1.5728023
1.4825039
1.450889
1.5388275
1.5708613
1.4801416
1.5419242
1.4714998
1.5858713
1.4584473
1.5476031
1.4427913
1.5187243
1.5039101
1.5093334
1.488225
1.5294964
1.441915
1.5477273
1.4740909
1.6152753
1.540464
1.6263671
1.4805999
1.4251742
1.5964772
1.4611157
1.4501351
1.53355
1.470424
1.5261495
1.5557961
1.5579357
1.4724896
1.6160448
1.4855236
1.5584893
1.4115047
1.5285654
1.4652297
1.5303959
1.4061358
1.429459
1.4403838
1.415109
1.490182
1.5812882
1.6084245
1.4118087
1.5910316

1.4401568
1.5854274
1.4519538
1.4344171
1.4751158
1.446097
1.5107226
1.4804748
1.4911846
1.4230965
1.4533398
1.4595454
1.437165
1.4447527
1.4394728
1.3978971
1.4142607
1.5140796
1.4864942
1.4348707
1.4065096
1.4416406
1.5229161
1.4716367
1.4597278
1.4769913
1.516107
1.381623
1.536214
1.5207473
1.4094012
1.5193695
1.4809899
1.5242847
1.5197167
1.5254012
1.4745184
1.3878103
1.3905363
1.3996599
1.528205
1.530139
1.5172741
1.4190531
1.4031911
1.5341272
1.5045518
1.4496362
1.461958
1.443474
1.4688009
1.504858
1.4109707
1.5314002
1.4614482
1.4527757
1.4546676
1.45625
1.4246438
1.443242
1.499335
1.3984838
1.4482188
1.5774223
1.5318964
1.4222318
1.515054
1.5443894
1.4536003
1.4819283
1.5166025
1.4687353
1.5225134
1.4666897
1.5380958
1.4597893
1.4598734
1.4535582
1.4370772
1.4303396
1.5041848
1.4708033
1.561919
1.4943867
1.4504387
1.555771
1.5034604
1.4536031
1.4318025
1.5048343
1.3912898
1.5084109
1.4997157
1.5521514
1.4684032
1.5006099
1.5296129
1.4914176
1.463699
1.4817661
1.4708782
1.5277117
1.5571103
1.5071028
1.4937401
1.5018754
1.4060996
1.4702672
1.5402291
1.5171857
1.4773283
1.5091492
1.3960423
1.4757024
1.4965248
1.4826195
1.43521
1.4756862
1.4596592
1.4754856
1.4590311
1.4861708
1.4927808
1.364966
1.4736094
1.5345306
1.4625931
1.3843893
1.4704318
1.4758338
1.4948434
1.4483739
1.4289037
1.4183404
1.5111057
1.4152114
1.4388336
1.5119287
1.4537644
1.4446923
1.4279661
1.4804224
1.4472638
1.5108879
1.4766471
1.5229418
1.5147371
1.5193204
1.5348694
1.5214461
1.4391841
1.480713
1.3882207
1.4886875
1.3611188
1.465874
1.4632069
1.4547826
1.4483469
1.502456
1.4680183
1.4868952
1.4350806
1.4892796
1.4845506
1.4911014
1.4218441
1.4915551
1.450455
1.4502877
1.4764448
1.502217
1.5306491
1.5028918
1.4495721
1.4759917
1.5311381
1.5279378
1.4552978
1.5091771
1.4463527
1.4655684
1.5348544
1.4465743
1.4904523
1.5392156
1.4819562
1.5211028
1.4354538
1.3728065
1.4887631
1.4880596
1.4873176
1.4935999
1.5252218
1.5178927
1.4753246
1.4760026
1.4412172
1.5645689
1.5227277
1.4660037
1.4647164
1.4618386
1.4605
1.4919803
1.4255497
1.4463544
1.475461
1.525757
1.4632397
1.4550235
1.4616001
1.5389715
1.4398121
1.4787012
1.4442115
1.4085898
1.5103601
1.4701205
1.5199995
1.4744979
1.4963615
1.4119421
1.4730682
1.4884212
1.5683748
1.4291627
1.5207391
1.5211312
1.476281
1.4395587
1.3735087
1.579766
1.45525
1.5158653
1.3833089
1.5224862
1.3970999
1.5476063
1.558456
1.4817798
1.5103658
1.4781251
1.4483594
1.5032058
1.5338148
1.4432212
1.4436765
1.4788618
1.4541408
1.4947577
1.4646015
1.4461056
1.4655544
1.5110263

1.4850836
1.5771718
1.4459134
1.5513102
1.5322127
1.5637976
1.4735631
1.5420606
1.5552436
1.4305553
1.4899777
1.4464536
1.4751137
1.5208265
1.524069
1.4219986
1.469797
1.5366778
1.489034
1.5127296
1.5621156
1.5374535
1.5117261
1.4549387
1.4948062
1.5463153
1.431625
1.4913704
1.5587199
1.4530706
1.5136621
1.5768348
1.3983647
1.433214
1.5398396
1.5110803
1.5649052
1.498484
1.4572406
1.4094129
1.5293549
1.5660936
1.4997642
1.553375
1.5216607
1.4290999
1.5563955
1.5374922
1.5425023
1.5499144
1.4185818
1.5594513
1.5266622
1.4805506
1.4070525
1.4373705
1.446915
1.5219752
1.596606
1.4872382
1.4937943
1.4034222
1.5622447
1.540936
1.4771378
1.5423261
1.5453901
1.4201653
1.5200069
1.4622384
1.4878286
1.4186119
1.483468
1.41294
1.4840925
1.448181
1.5107075
1.5100188
1.534167
1.5357218
1.5500627
1.4473363
1.5478977
1.4055128
1.5288538
1.511965
1.5834146
1.5323149
1.5231386
1.5480878
1.468377
1.4595078
1.5141546
1.5512265
1.4840865
1.4954973
1.489587
1.4515126
1.5798743
1.5911145
1.4987079
1.4389769
1.4673785
1.4830889
1.5482846
1.5561744
1.4487947
1.3771613
1.5721573
1.4330928
1.5150621
1.4701256
1.5648457
1.5346525
1.55324
1.5255286
1.4776075
1.4146682
1.5563437
1.5385764
1.6072955
1.5017165
1.5228895
1.5566839
1.5049582
1.5062015
1.4412129
1.5021398
1.5299449
1.3993305
1.4890785
1.5071986
1.5416163
1.4510136
1.4963847
1.5295202
1.5922508
1.5503845
1.5195509
1.4814517
1.4925598
1.5003349
1.5745933
1.3940502
1.4068586
1.4971681
1.4515709
1.5376912
1.5513326
1.5268303
1.461795
1.4955243
1.5385861
1.5441848
1.4424846
1.52253
1.4831381
1.5225856
1.4905465
1.420506
1.4427594
1.4645905
1.5174081
1.4874822
1.5348613
1.531158
1.4739326
1.5607487
1.560661
1.4947349
1.5081627
1.5227431
1.5032531
1.5152607
1.561206
1.455826
1.5945519
1.5576665
1.5343777
1.48599
1.5479783
1.5490748
1.5786207
1.4910825
1.5592582
1.5592186
1.4535202
1.4291179
1.4828422
1.4908736
1.523698
1.4742634
1.4738547
1.3983405
1.498478
1.55118
1.4814732
1.4904251
1.4347993
1.4656893
1.4136249
1.5700617
1.5307012
1.444539
1.527709
1.4456273
1.5512013
1.5394536
1.4982154
1.5005219
1.546071
1.4363924
1.4510481
1.4655639
1.5587558
1.4790459
1.442815
1.5284364
1.5176342
1.5676249
1.5431429
1.4906417
1.4543965
1.4658312
1.5470166
1.4352183
1.5206788
1.4052566
1.497299
1.5342073
1.4877164
1.4522768
1.5519012
1.4129872
1.5480769
1.4380634
1.5144283
1.4880228
1.4344858
1.5238023
1.5744268
1.5187826
1.5260403
1.4807479
1.4667475
1.601911
1.4855036
1.5408214
1.5101987
1.5264754
1.4302746
1.5103462
1.5009626
1.5602427
1.4198983
1.4129654

1.4790877
1.5900751
1.5039649
1.5899972
1.4941969
1.6410435
1.5076126
1.5256557
1.5703397
1.5229284
1.5512149
1.5776392
1.587363
1.487532
1.5787327
1.5918795
1.4527799
1.5435817
1.4227649
1.4840807
1.5378835
1.5773445
1.5229983
1.4492074
1.5166088
1.4686453
1.5733693
1.4903011
1.408873
1.5024365
1.4945021
1.5087079
1.4260992
1.5500475
1.5842783
1.5099989
1.5380464
1.4301004
1.4969237
1.5061752
1.505384
1.5510771
1.5728251
1.5122851
1.5718493
1.419366
1.5055889
1.5286502
1.5153741
1.5074631
1.5087162
1.4987433
1.5833381
1.4504024
1.4468204
1.5224801
1.5323169
1.5241514
1.4419497
1.6024611
1.542016
1.5046649
1.5329037
1.5065337
1.6143777
1.5491751
1.526533
1.5366781
1.557188
1.4858941
1.5231698
1.4291868
1.4101902
1.4752395
1.5481999
1.524556
1.5498853
1.4854432
1.601047
1.4971805
1.5373056
1.536973
1.571975
1.4832425
1.5373272
1.5016847
1.4956614
1.4911648
1.5338807
1.5553205
1.5214703
1.5688024
1.4635377
1.5839236
1.3928003
1.5252069
1.4434327
1.4845809
1.5536275
1.4646287
1.5789167
1.5508201
1.4665538
1.5273746
1.5272433
1.5181693
1.528986
1.4641271
1.4847014
1.4403497
1.5091547
1.4177086
1.4531021
1.5284357
1.5482017
1.5685858
1.4470066
1.4319092
1.5391992
1.4880403
1.5477244
1.527585
1.5779943
1.434965
1.5152892
1.5279032
1.4620122
1.499175
1.5266173
1.4992977
1.5554684
1.4925249
1.5511199
1.4206297
1.465143
1.5592608
1.5019237
1.5360448
1.5744796
1.5280712
1.499953
1.5796328
1.6384509
1.5898007
1.4937407
1.5195941
1.4977634
1.4225496
1.4345002
1.5957756
1.480922
1.4671768
1.5905138
1.4972972
1.5903658
1.4976418
1.4933448
1.5415223
1.5660993
1.5543131
1.5685602
1.4000098
1.5330927
1.5668511
1.5563534
1.4649572
1.5072339
1.5283962
1.5403098
1.4844145
1.4625403
1.5543765
1.572666
1.5123656
1.53974
1.483221
1.5326412
1.537344
1.5017211
1.4759915
1.574748
1.4980785
1.5077231
1.533197
1.4898652
1.4908057
1.5096107
1.4640568
1.5686117
1.550352
1.5541142
1.5250872
1.5236994
1.5118369
1.549564
1.5505313
1.5548156
1.4608026
1.5719954
1.5279038
1.5129344
1.44905
1.5379205
1.4852666
1.5394253
1.5070382
1.5225778
1.5547701
1.4909751
1.4823009
1.5348938
1.4789207
1.465806
1.4453707
1.4589854
1.5160441
1.5598284
1.465945
1.5300936
1.5516553
1.5649251
1.5746757
1.5117408
1.4770737
1.5526787
1.55205
1.5385116
1.6360595
1.5423696
1.4414109
1.4513795
1.5291373
1.5522029
1.4294144
1.576826
1.54208
1.446344
1.5489165
1.5029706
1.4918735
1.5286592
1.5216411
1.5139474
1.5578514
1.5018648
1.582717
1.4582901
1.540651
1.5519682
1.477202
1.5491754
1.4856195
1.5314654
1.5578039
1.5818673
1.4824411

1.4799652
1.4462552
1.468204
1.4838881
1.4816096
1.4396632
1.3921615
1.5578514
1.5148913
1.4794233
1.4834085
1.4648255
1.4539219
1.4670709
1.430332
1.4549417
1.4671464
1.5335302
1.4392343
1.4407204
1.4519935
1.4771364
1.4364506
1.448098
1.4356227
1.4758743
1.4163886
1.473416
1.4424335
1.4288527
1.506392
1.4520808
1.4957731
1.5049493
1.4698082
1.4762661
1.5144057
1.4558213
1.5134082
1.4833949
1.4824392
1.5045213
1.4932417
1.4502954
1.4514738
1.5061833
1.4745114
1.4949573
1.4570329
1.4185361
1.4024919
1.5350894
1.4303371
1.5435055
1.449893
1.4871646
1.5539643
1.4550292
1.3958564
1.4799308
1.4914416
1.4692514
1.4684687
1.5097325
1.510093
1.5173211
1.4946405
1.4425733
1.4341482
1.4527223
1.4699806
1.4671584
1.4849217
1.532417
1.3928728
1.4987134
1.4213771
1.4729414
1.4531785
1.4783425
1.4899744
1.4901551
1.4979552
1.4590226
1.4959778
1.4778907
1.4821466
1.3605174
1.4801936
1.460972
1.4653198
1.4105875
1.494038
1.475641
1.5021639
1.5055753
1.4757084
1.506182
1.4578424
1.5099008
1.5251627
1.4559757
1.5006062
1.4769242
1.4167396
1.45669
1.4464658
1.5132303
1.4994147
1.4546349
1.4695723
1.4722533
1.4994951
1.5540816
1.5179061
1.5109283
1.4600426
1.5412629
1.4594451
1.4633932
1.4830859
1.4470472
1.4666584
1.5000904
1.4491324
1.4427012
1.4715607
1.4626937
1.53005
1.4734381
1.4411513
1.4852206
1.5469149
1.4551091
1.5060225
1.4185282
1.4895612
1.5483541
1.5046264
1.4043581
1.5621207
1.3958822
1.437751
1.4687674
1.4913855
1.4676152
1.4718451
1.4301397
1.4503824
1.4362328
1.4538268
1.4605461
1.4123149
1.4519897
1.4821843
1.4957728
1.4400573
1.3923461
1.5326536
1.4738635
1.513054
1.4739434
1.4289075
1.4318058
1.4702897
1.5199221
1.3989922
1.4007727
1.4938589
1.4494851
1.429362
1.4696937
1.4810653
1.4247949
1.4142978
1.487393
1.4088898
1.4459739
1.5077889
1.4548622
1.455046
1.4525646
1.492612
1.4642966
1.5146565
1.4634258
1.4863306
1.4694947
1.5236108
1.5345502
1.4076029
1.4441583
1.471434
1.4497416
1.4706738
1.3971794
1.4501657
1.4388403
1.4883342
1.4555935
1.488911
1.4126313
1.4439706
1.4974179
1.4974113
1.4663393
1.447302
1.4395846
1.4916999
1.4975573
1.4891449
1.5428636
1.43685
1.5201371
1.4699324
1.4708045
1.5178387
1.530093
1.4461132
1.479027
1.5117078
1.5274361
1.4470271
1.4231082
1.4214131
1.453734
1.4832006
1.4510483
1.5222485
1.4869225
1.4499234
1.4671818
1.4884582
1.4871529
1.4789432
1.4920175
1.4852209
1.5153877
1.4346826
1.5428066
1.4442544
1.4480239
1.4586902
1.5271332
1.3532
1.5346184
1.5411487
1.4780593
1.5203129
1.4730949
1.5145807
1.4596908
1.4962105
1.4306971
1.4649358
1.4451753
1.4630114
1.464874
1.5245852
1.4506977
1.4125426
1.4756682
1.4409888
1.4050603
1.4211448
1.4792631
1.4550089
1.4548751
1.4735833
1.441673
1.4465345
1.4977489
1.4566518
1.4618667
1.4114165
1.4480909
1.5506753
1.4922917
1.4567657
1.4691536
1.5124705
1.4375019
1.4814466
1.4502057
1.4680561
1.5260144
1.4895518
1.5104129
1.4166187
1.4752853
1.4929581
1.4506729
1.5246412
1.4589626
1.4449443
1.4671057
1.5165919
1.4681885
1.4914612
1.4619114
1.4989568
1.4275177
1.4385766
1.500143
1.4707181
1.4076505
1.4946765
1.5168091
1.43253
1.5310943
1.5009146
1.5539016
1.5108192
1.4752666
1.4689578
1.4844155
1.4327635
1.4451023
1.4762667
1.4814144
1.4692427
1.4929736
1.4727346
1.514754
1.4763305
1.486312
1.4812526
1.5652932
1.421995
1.5212464
1.5151124
1.4635191
1.476176
1.4872056
1.5172846
1.482951
1.5202115
1.4540942
1.4605637
1.4541389
1.4545211
1.4894843
1.5006238
1.4675019
1.4592437
1.4496083
1.4787186
1.480738
1.4015164
1.4750327
1.4349519
1.4799439
1.4090724
1.4368017
1.5210704
1.4724536
1.4503155
1.4628285
1.513248
1.4965806
1.5796393
1.4389421
1.4447975
1.4699436
1.4831116
1.4701588
1.4085304
1.4622562
1.5057379
1.4674114
1.4210005
1.4840788
1.4662691
1.3894219
1.497367
1.4390273
1.5142325
1.4408776
1.435686
1.4553865
1.5176928
1.5042206
1.4419116
1.4531279
1.505853
1.4650806
1.4076365
1.3921964
1.4962107
1.4423298
1.500466
1.4735153
1.417278
1.424035
1.5146072
1.5260267
1.4725906
1.4463679
1.4928241
1.4694833
1.5080754
1.4336174
1.4438615
1.4912905
1.4538896
1.5017898
1.4936932
1.466736
1.4711018
1.5373951
1.5258592
1.4306672
1.4901735
1.4972973
1.4929003
1.4096835
1.4944674
1.4613786
1.4842665
1.4695048
1.485775
1.3855448
1.4887145
1.4766726
1.5140104
1.4881355
1.4060708
1.4731036
1.4988992
1.4391321
1.3939677
1.4565338
1.4274869
1.4676458
1.4099625
1.5010993
1.4257954
1.5202476
1.4886489
1.4389282
1.4458164
1.4601691
1.5015211
1.412562
1.4840642
1.4680309
1.4994204
1.4720447
1.4278678
1.510847
1.4214069
1.4744995
1.4119682
1.5211992
1.4086386
1.5210131
1.4626738
1.4438337
1.4748309
1.4665406
1.4986266
1.5128025
1.4780718
1.4915702
1.4379975
1.4754517
1.4824932
1.5147535
1.4629772
1.5713617
1.4539253
1.4652021
1.457817
1.4370145
1.4926524
1.4982449
1.4678057
1.5017219
1.4372588
1.433578
1.4687243
1.4758302
1.5301425
1.4842776
1.4551506
1.5150293
1.4254259
1.4164374
1.4746182
1.4403397
1.5233234
1.4391147
1.444174
1.4650723
1.4512948
1.4115593
1.4774802
1.4544766
1.4900496
1.5008006
1.4856924
1.5274941
1.5199729
1.4416667
1.4735049
1.4909991
1.460158
1.474326
1.412875
1.4783463
1.5256275
1.5082035

1.5027606
1.4963473
1.4653898
1.4612507
1.4800115
1.4547254
1.5251373
1.5265293
1.4786607
1.4513472
1.4811456
1.4845167
1.4729819
1.438029
1.537845
1.4966291
1.5408188
1.5123763
1.4936835
1.4702379
1.4805591
1.5048538
1.4419229
1.4480672
1.5419078
1.4955789
1.4635926
1.4305298
1.5360245
1.4809028
1.4292518
1.4602082
1.4927795
1.4725282
1.5089453
1.4662753
1.4429346
1.4493234
1.5278131
1.4804599
1.484083
1.485773
1.479258
1.444055
1.5015904
1.5509193
1.4440361
1.5022174
1.4560319
1.49567
1.4302427
1.47418
1.489049
1.4989388
1.523936
1.5068203
1.5306395
1.4864914
1.4689574
1.4961486
1.4708261
1.488457
1.4949224
1.4373341
1.4073743
1.4504086
1.5291436
1.4811538
1.3767885
1.4121268
1.4374257
1.4461929
1.498083
1.438884
1.5078121
1.521953
1.4746556
1.4784547
1.5254036
1.5166599
1.4423537
1.4346914
1.4449332
1.48105
1.5001308
1.4323449
1.5406185
1.4913361
1.4530826
1.4949644
1.431359
1.5004104
1.4641223
1.5042113
1.5400507
1.4960278
1.4665288
1.4484214
1.5182462
1.5207965
1.5173191
1.4925296
1.4762067
1.5137855
1.4902319
1.4744482
1.5262586
1.4934988
1.4832437
1.4482716
1.463336
1.4954005
1.4422239
1.4406583
1.5214641
1.5272717
1.5177366
1.5052701
1.4913338
1.4237028
1.4637915
1.472361
1.4745525
1.482874
1.4868442
1.5161761
1.5211194
1.4625967
1.5208242
1.4851377
1.5142287
1.4651326
1.5051222
1.5183125
1.5506096
1.4564624
1.5323963
1.4385991
1.447661
1.5115954
1.5216597
1.4626602
1.491005
1.5104619
1.5211899
1.5216109
1.4493197
1.4745097
1.5313314
1.4547352
1.5123379
1.4626786
1.5685836
1.4871783
1.4811732
1.5248988
1.4646153
1.4707912
1.4554734
1.4863628
1.512318
1.4505155
1.4706687
1.5246338
1.501935
1.5080215
1.4670129
1.3973345
1.4544811
1.4681922
1.5070858
1.4627175
1.4845732
1.4320713
1.548648
1.5361546
1.472508
1.4509108
1.4531496
1.515477
1.5386748
1.5140176
1.4591547
1.462595
1.4955602
1.4935216
1.4407154
1.4730238
1.4581575
1.5115125
1.501663
1.4983337
1.471839
1.487642
1.4596978
1.481346
1.4809929
1.5082221
1.5372646
1.4074677
1.5070593
1.5313427
1.5097601
1.5000869
1.4725417
1.4788129
1.4935076
1.5293095
1.5226175
1.5268865
1.4810853
1.4172099
1.4322926
1.4915967
1.440814
1.5119994
1.4650992
1.5137097
1.4958022
1.5225744
1.4563359
1.4987646
1.4598904
1.4962826
1.4950272
1.5524266
1.4495473
1.5013384
1.4919842
1.4232327
1.4939842
1.4811076
1.4265934
1.4296277
1.4758084
1.5103977
1.4494137
1.5028955
1.4703838
1.5153412
1.4914954
1.4305049
1.4892037
1.474653
1.4436933
1.5258802
1.4670552
1.4814991
1.5134822
1.5158111
1.5068156
1.5003325
1.5529274
1.4959266
1.5082823
1.5516571
1.4739962
1.4742416
1.4407691
1.5029098
1.4863813
1.524575
1.4253564
1.4568352
1.4334832
1.4956768
1.5384248
1.4233798
1.4551008
1.5239309
1.4789629
1.4789445
1.4509759
1.5003622
1.5088428
1.4906437
1.437828
1.4809391
1.4589447
1.4548374
1.4524679
1.4909797
1.5140595
1.4399855
1.4717151
1.472956
1.466626
1.4505053
1.4370297
1.4859085
1.4325373
1.3978281
1.4882839
1.4556639
1.4596506
1.4343041
1.515565
1.4546854
1.4578724
1.4383154
1.5373231
1.5014457
1.49755
1.526501
1.4362154
1.4587421
1.4708033
1.4334512
1.4535701
1.5263377
1.5323757
1.5058664
1.500368
1.4563948
1.4494747
1.4107009
1.5009587
1.4607909
1.5111225
1.5499394
1.4639894
1.4405015
1.503314
1.4790711
1.4485657
1.4413737
1.4450387
1.5037332
1.5278106
1.4254217
1.5592769
1.4998132
1.472143
1.4253263
1.47913
1.5266467
1.445055
1.5171655
1.5202897
1.4424844
1.5197309
1.4489625
1.5377738
1.4774369
1.4984255
1.4662192
1.4911175
1.5212548
1.4675994
1.5262057
1.4826888
1.4856992
1.5256788
1.4754297
1.4404159
1.5285398
1.4110656
1.5187236
1.488192
1.4983522
1.4832841
1.5237193
1.4490424
1.5034816
1.5185596
1.4376198
1.4501791
1.4992406
1.4907988
1.5218576
1.423449
1.4844888
1.4888588
1.5068086
1.5168701
1.5466343
1.4570372
1.4952328
1.4380462
1.4147522
1.4671444
1.4747168
1.4370403
1.5361193
1.5163455
1.433624
1.4250069
1.5090661
1.455036
1.4764827
1.5372691
1.446083
1.4643275
1.4635803
1.4209441
1.5013387
1.4488468
1.4739532
1.4926693
1.5434458
1.5015806
1.4951801
1.5146649
1.5097828
1.5006487
1.4841881
1.4364474
1.5244153
1.5039165
1.4580599
1.5064403
1.4628434
1.5215942
1.4655806
1.504386
1.5176438
1.4098604
1.4868536
1.4192302
1.4678693
1.5139487
1.5109538
1.4406896
1.4737847
1.4396582
1.4425431
1.4876482
1.5515473
1.4431748
1.5175
1.455039
1.4599963
1.4341464
1.5074605
1.4803689
1.508736
1.4442809
1.521888
1.4466393
1.5305822
1.5139297
1.5354838
1.4736707
1.4625565
1.5354125
1.4416199
1.4871105
1.4498013
1.4564608
1.4407167
1.5154591
1.4926178
1.472428
1.4657658
1.5048914
1.4869946
1.5029244
1.4979572
1.4660357
1.5046788
1.5041658
1.5015426
1.416591
1.5068599
1.4527441
1.4243801
1.4614998
1.5171901
1.4660981
1.4597137
1.4631736
1.4564277
1.4881041
1.3886733
1.5169382
1.5075786
1.4929234
1.4509814
1.4997975
1.5384314
1.4813535
1.5159972
1.5084655
1.5244982
1.5177946
1.4859312
1.4650424
1.5162563
1.4424481
1.4237041
1.4699872
1.5360686
1.462601
1.4924947
1.5085163
1.550699
1.5112487
1.5233421
1.454662
1.4280279
1.5664591
1.5151328
1.5247878
1.4632254
1.5068961
1.488415
1.4486642
1.4747283
1.4904593
1.5266749
1.5202464
1.5088522

1.4574081
1.5292385
1.525539
1.4183372
1.4682764
1.4031733
1.4512076
1.4707874
1.431456
1.5099409
1.4383461
1.4783709
1.487475
1.453812
1.5443277
1.6128228
1.4341044
1.5023228
1.4292885
1.4983348
1.518901
1.4803684
1.4867646
1.4021653
1.4303076
1.4850243
1.4648407
1.4868312
1.4663715
1.5763273
1.445363
1.4453481
1.4909322
1.498447
1.5252099
1.456037
1.4490854
1.482487
1.475785
1.4803449
1.4722114
1.4375068
1.5724872
1.4487305
1.4816675
1.4646903
1.4630702
1.5125269
1.4811001
1.4559985
1.45661
1.5723146
1.4680082
1.5711536
1.4817865
1.4511148
1.4222093
1.4401891
1.4466491
1.4197649
1.481466
1.5087101
1.5265073
1.4173363
1.4785113
1.4650127
1.5274739
1.4205539
1.4640539
1.4723835
1.4432073
1.5159675
1.4976819
1.4810354
1.4382184
1.4841453
1.4231429
1.4874805
1.486445
1.5098597
1.440352
1.4259799
1.4479609
1.4746795
1.5616049
1.4710778
1.4536557
1.4223988
1.4866809
1.4819574
1.532912
1.455826
1.4616266
1.4438374
1.4987195
1.5210104
1.5288891
1.5056238
1.5094805
1.4880887
1.4396961
1.4578526
1.6015238
1.4594831
1.511788
1.4482595
1.4383495
1.4480075
1.4365244
1.4315397
1.4337744
1.4883605
1.425493
1.4917594
1.4391775
1.4311349
1.4791969
1.4785793
1.4795047
1.465983
1.4875058
1.4627918
1.4978716
1.4581956
1.466388
1.5455078
1.5405132
1.4561741
1.4691409
1.5578744
1.4941949
1.4786271
1.4978234
1.4995162
1.5745869
1.4678386
1.4434949
1.4549805
1.5332553
1.4681429
1.4285383
1.5360416
1.5025954
1.5069593
1.434653
1.4520671
1.4745294
1.4427077
1.5146986
1.4618641
1.4418502
1.4434619
1.4620101
1.4595317
1.4334512
1.3995463
1.4220177
1.478673
1.467542
1.5092016
1.4931144
1.4564967
1.5029017
1.4452353
1.4800949
1.457264
1.5523558
1.4841329
1.5469204
1.4724517
1.4128301
1.4328998
1.4547367
1.4543371
1.44527
1.445485
1.4770979
1.4880525
1.4441135
1.4971232
1.4569315
1.4533643
1.4553934
1.4967192
1.4146539
1.4347404
1.4892308
1.4573921
1.5212194
1.4418619
1.4872526
1.4427513
1.4876904
1.437381
1.4857979
1.4628205
1.441369
1.429578
1.4805459
1.5152771
1.4244744
1.4453906
1.4626797
1.4662087
1.4310367
1.4686056
1.4568502
1.4576072
1.4831134
1.5197378
1.5272074
1.4222885
1.4657918
1.4354475
1.4698498
1.4568986
1.4331933
1.4425193
1.4407331
1.4585812
1.4599057
1.4584705
1.4102498
1.4671221
1.4724483
1.4812688
1.516621
1.5910238
1.43521
1.5095907
1.5272931
1.4562294
1.4580119
1.4747214
1.4402698
1.4263185
1.6214895
1.4895202
1.4374081
1.529735
1.4427639
1.4849434
1.5101542
1.4439065
1.4432873
1.4340131
1.4372435
1.4346744
1.4441456
1.4793707
1.4905225
1.4402841
1.4790528
1.483938
1.4293473
1.4401416
1.4976194
1.4461929
1.4248153
1.5048902
1.4267201
1.4311132
1.5531622
1.4651515
1.4309441
1.4945139
1.5029595
1.4512138
1.4240435
1.4265082
1.4627843
1.4558902
1.4716338
1.5236726
1.4425837
1.4242694
1.5033333
1.4326233
1.4565086
1.4656314
1.5088447
1.5139929
1.472899
1.4843227
1.5115795
1.4236339
1.4754808
1.4531734
1.4899056
1.4581739
1.463293
1.5998203
1.5113153
1.4510398
1.4575889
1.4244385
1.5653776
1.4094466
1.5002064
1.5135744
1.4391998
1.4869441
1.4411803
1.4611348
1.4407276
1.4517311
1.5220244
1.5552776
1.4631326
1.4548205
1.4728051
1.5049814
1.4616143
1.4867811
1.4102042
1.4479804
1.4832166
1.4196118
1.4565097
1.449613
1.4446511
1.4233433
1.4274513
1.3830065
1.5184547
1.4543183
1.506996
1.5050852
1.5070807
1.4658221
1.5261078
1.4321656
1.4943517
1.4183986
1.4628187
1.4724884
1.4655946
1.4712998
1.4549065
1.4349271
1.5461606
1.4532329
1.516526
1.5019941
1.5044827
1.4964571
1.4141455
1.5019362
1.4309555
1.4402484
1.4269847
1.4591854
1.4796671
1.606704
1.4331262
1.4486403
1.4815073
1.5300301
1.4545722
1.4795121
1.4324101
1.5162482
1.5236565
1.6263609
1.5590024
1.4627038
1.4787065
1.4020993
1.4587172
1.5357069
1.47189
1.4734527
1.4226731
1.4243588
1.4993482
1.4621632
1.4415601
1.5108566
1.4714003
1.48685
1.5445627
1.4837211
1.4149743
1.4996814
1.4466202
1.4381379
1.5015796
1.526584
1.4842526
1.5196772
1.4161589
1.4522872
1.4578735
1.4756991
1.4923816
1.4788437
1.4269576
1.4903668
1.4492654
1.4874117
1.4768064
1.4797493
1.4442121
1.5286937
1.5259621
1.4533892
1.4603962
1.4287847
1.4660882
1.4522761
1.5033859
1.4690154
1.469367
1.5118842
1.5012035
1.479491
1.4370494
1.4303081
1.4329492
1.542581
1.4341846
1.4863238
1.5414752
1.522057
1.5445325
1.5132674
1.5108055
1.4800143
1.4315389
1.4811423
1.4604585
1.4729218
1.4883978
1.5308228
1.4582553
1.4629115
1.4462562
1.4643025
1.4798671
1.473453
1.5307509
1.4314401
1.4776921
1.516637
1.4558626
1.4176861
1.4819316
1.4570875
1.464248
1.4411145
1.4669381
1.465204
1.4465817
1.489718
1.4902816
1.4579489
1.4823947
1.4640887
1.5463161
1.4725254
1.4152385
1.4966284
1.4566302
1.471189
1.416455
1.4209311
1.4739234
1.4720155
1.4524549
1.4926085
1.4851329
1.4402024
1.5275959
1.5444108
1.4630257
1.4666336
1.4577786
1.4878942
1.4804803
1.4552332
1.4178766
1.4532664
1.444497
1.4529783
1.4574362
1.4789138
1.484212
1.4752641
1.4479933
1.4706627
1.4415209
1.4556648
1.4363797
1.5067445
1.4476814
1.4228107
1.4158721
1.4696296
1.4610794
1.4376445
1.4769734
1.4912628
1.4593736
1.4688972
1.5160873
1.4110737
1.4249761
1.4163532
1.4713182
1.5008798
1.4939251
1.529044

1.3754128
1.4422685
1.4013144
1.4624332
1.4393442
1.4285657
1.4125235
1.4078767
1.4223269
1.4072437
1.4625436
1.4317358
1.4530457
1.4173839
1.4434615
1.4273043
1.4269379
1.4429101
1.4578848
1.4352678
1.4440507
1.4521576
1.439727
1.4346352
1.4412705
1.4249313
1.4448047
1.4252719
1.4718558
1.4246819
1.4286389
1.4385524
1.4285514
1.437415
1.4059961
1.4262165
1.4765669
1.4518855
1.4277155
1.4292425
1.4335494
1.4342687
1.4547728
1.4023781
1.4300619
1.4100968
1.4264534
1.4077462
1.4436499
1.4283267
1.4456921
1.464228
1.4382539
1.4392154
1.4426926
1.4133024
1.4428738
1.4818419
1.4522538
1.4632819
1.4427385
1.4615576
1.447146
1.4595059
1.4788055
1.4045331
1.4245431
1.4434624
1.4461236
1.5158628
1.4516551
1.4103724
1.4661688
1.454192
1.46011
1.4395858
1.4274614
1.4388928
1.4398472
1.4142933
1.498331
1.4329938
1.4358873
1.4732945
1.4348735
1.3963789
1.434437
1.445162
1.4285278
1.4350682
1.4512211
1.4548428
1.4473903
1.4256524
1.4315671
1.4306812
1.4866699
1.4944869
1.4112417
1.4267478
1.442288
1.4722941
1.4575076
1.4566238
1.4359552
1.4283923
1.4400002
1.4624112
1.4366179
1.4113698
1.4257957
1.4451147
1.4292703
1.4152176
1.4079461
1.4298054
1.4241527
1.4588703
1.4326217
1.4512498
1.4595176
1.4674381
1.4651208
1.4192444
1.4154599
1.4701713
1.4822937
1.4415817
1.4678148
1.4783223
1.4836389
1.4317803
1.4688768
1.4159737
1.4109186
1.4277114
1.3977737
1.4591206
1.4472665
1.4488928
1.447913
1.4588352
1.443796
1.4437517
1.4067205
1.430475
1.4840622
1.4229182
1.4160538
1.4483194
1.4148908
1.4715978
1.4462906
1.4250665
1.4564604
1.4517118
1.4575148
1.4202995
1.4674157
1.4332451
1.435455
1.4246002
1.4168702
1.4577168
1.4320842
1.4631615
1.4382465
1.448675
1.4774264
1.428995
1.4331065
1.4469097
1.463256
1.4531858
1.4671305
1.4417984
1.4944478
1.439423
1.4766234
1.46026
1.4631156
1.4182583
1.4985331
1.4301888
1.4494336
1.4096602
1.4717889
1.4201533
1.4581879
1.4506577
1.4259559
1.4161613
1.4041027
1.4634942
1.434699
1.419654
1.4268618
1.4480516
1.4473116
1.411123
1.4320208
1.4491998
1.4319904
1.5115309
1.4272081
1.4279628
1.4290042
1.4457042
1.4319284
1.4417207
1.4056764
1.4048195
1.452309
1.4790639
1.4496602
1.4041108
1.4242289
1.4131956
1.442976
1.4353173
1.4526109
1.4692216
1.4592843
1.4074959
1.4273949
1.4661304
1.4563099
1.4132557
1.42295
1.4365557
1.472672
1.3907568
1.4585043
1.4438137
1.4541407
1.4030373
1.4502269
1.4323924
1.4017453
1.4894596
1.4313217
1.4683596
1.4194387
1.4105878
1.4858328
1.4527464
1.443311
1.4689006
1.4654487
1.4241859
1.476378
1.4665525
1.4990901
1.4399605
1.4251156
1.4427328
1.4362987
1.4389129
1.4474144
1.428409
1.4514556
1.4076809
1.4255446
1.4368179
1.4046173
1.4152614
1.4608189
1.4333278
1.4463155
1.4045547
1.4542112
1.4516771
1.4133859
1.4451329
1.4295655
1.4635586
1.4602207
1.4253565
1.4228904
1.4345849
1.4561545
1.4462692
1.4442744
1.4079176
1.4204078
1.4506649
1.4490545
1.4158659
1.4267566
1.4456962
1.4323039
1.4363272
1.4441794
1.4392564
1.4460225
1.406872
1.4471852
1.4163883
1.4377316
1.4200838
1.4285036
1.4065075
1.4204022
1.4375124
1.4278569
1.4365313
1.4261187
1.4136404
1.4041342
1.4046669
1.4482414
1.4409665
1.424877
1.4372665
1.4809192
1.4159672
1.4003131
1.4526787
1.4673055
1.3804785
1.4860965
1.419283
1.4068384
1.4320141
1.4590123
1.42245
1.4139618
1.4499912
1.4850732
1.4738387
1.4678712
1.4322822
1.4786195
1.4810537
1.4389217
1.4182491
1.41498
1.4371638
1.4558339
1.4610149
1.436886
1.4524827
1.447626
1.4660219
1.4426095
1.4119931
1.4640162
1.4455907
1.4513642
1.4513623
1.4425476
1.4615172
1.4314089
1.4402843
1.4644042
1.4391364
1.4544494
1.4448681
1.4412886
1.4235203
1.4185021
1.4690647
1.4052699
1.4247342
1.4235027
1.4026804
1.4612718
1.430673
1.4607615
1.4136593
1.4253514
1.4528495
1.4436486
1.4539483
1.4257407
1.4203551
1.4764163
1.4287199
1.4202332
1.4220877
1.4691082
1.3991419
1.4458964
1.4516689
1.4579617
1.437684
1.4066219
1.4098828
1.4445916
1.4900652
1.4434834
1.4282161
1.4340878
1.4694171
1.4659624
1.4835764
1.4234861
1.4248202
1.465246
1.4261975
1.43112
1.453404
1.4475596
1.4225332
1.4241638
1.4208604
1.4882559
1.4463398
1.4302868
1.4369351
1.4184372
1.4597033
1.4290072
1.3945434
1.421577
1.4086905
1.4298632
1.4103607
1.4329993
1.4764894
1.4880252
1.4536331
1.4538486
1.4038285
1.4699842
1.443729
1.4291624
1.4534719
1.4209853
1.4271163
1.4316876
1.43293
1.4511114
1.4069935
1.4152988
1.4442
1.4718105
1.4784236
1.484578
1.4658564
1.4564997
1.4063191
1.4408514
1.4398592
1.420674
1.4237294
1.4346131
1.4738384
1.4693655
1.5259465
1.4628332
1.4301108
1.4222156
1.4102067
1.4410888
1.4355326
1.4553517
1.4603195
1.4626217
1.4491421
1.4439282
1.457912
1.4753029
1.4413985
1.4050474
1.4538271
1.4129813
1.4206358
1.419175
1.427595
1.456766
1.483049
1.4129561
1.4353386
1.4249581
1.4341362
1.4364406
1.4334488
1.4506747
1.4441317
1.4237442
1.42697
1.4456155
1.4083164
1.4005517
1.4465312
1.4551321
1.4308708
1.4462492
1.4742515
1.4238138
1.5080703
1.4675249
1.4211959
1.4321218
1.4528134
1.4307876
1.4027979
1.4189565
1.4461545
1.4461064
1.4413399
1.4456816
1.4451371
1.4503582
1.437616
1.4536625
1.4479947
1.4295043
1.40482
1.3929789
1.4411963

1.4015821
1.4252218
1.4314555
1.3910474
1.4556806
1.4608961
1.4244753
1.4327723
1.4482175
1.4460195
1.433926
1.4001541
1.4808853
1.411773
1.4042922
1.4213707
1.4232633
1.4226214
1.4397943
1.4539418
1.4131452
1.4774404
1.4177543
1.4480443
1.4488504
1.429896
1.4454243
1.4662293
1.456532
1.4294136
1.4315377
1.4641744
1.4319099
1.427484
1.4605533
1.4460734
1.4582967
1.4318062
1.4419678
1.4429952
1.3991793
1.4501257
1.4341673
1.3909191
1.4253355
1.4766353
1.4548955
1.4325063
1.4315422
1.4685102
1.4749801
1.407336
1.4267304
1.4083235
1.4208174
1.4444369
1.4219497
1.4284834
1.421457
1.4507549
1.4256691
1.4542215
1.4622207
1.4294127
1.4107219
1.3972504
1.4182913
1.4284233
1.4271424
1.3848085
1.4151893
1.4465834
1.4139521
1.4371766
1.4197994
1.4491167
1.4303356
1.4401466
1.4536426
1.4213163
1.4482054
1.4321834
1.4293079
1.4161913
1.4168315
1.4180257
1.4480352
1.4280946
1.4182748
1.4513595
1.44074
1.4172769
1.4285637
1.460794
1.4213723
1.4389249
1.4257262
1.4565171
1.4422901
1.4247086
1.3882278
1.4115219
1.4179616
1.4147173
1.4533324
1.4457806
1.455741
1.419277
1.4394916
1.4214706
1.4315953
1.4021646
1.4151912
1.4666501
1.4214139
1.4111813
1.4240144
1.4464183
1.4379443
1.4426855
1.4377913
1.4115859
1.4032217
1.4107879
1.41262
1.3844203
1.4417151
1.4502106
1.4626275
1.4145533
1.4207629
1.4315903
1.437826
1.4490416
1.4109367
1.4476675
1.4794666
1.4115523
1.397963
1.4571035
1.4526124
1.4330323
1.4273406
1.4224596
1.4339967
1.4262103
1.4299852
1.4062102
1.4277279
1.4300268
1.431717
1.4558154
1.4282148
1.436907
1.4439962
1.4481624
1.4272225
1.4335997
1.4130646
1.4431795
1.42869
1.4477828
1.4356979
1.4184275
1.4283624
1.4063781
1.4281723
1.3993293
1.4399258
1.4270443
1.4604329
1.4572399
1.4372478
1.4140707
1.4322041
1.416594
1.4128008
1.447912
1.4112977
1.4259607
1.4074453
1.4300098
1.4233131
1.4340587
1.4376131
1.4335583
1.432028
1.4070228
1.4468862
1.4442112
1.481842
1.441739
1.44411
1.4372162
1.4438053
1.4444939
1.4641404
1.4545125
1.4138627
1.4517611
1.440392
1.4205631
1.4395114
1.4354165
1.4107697
1.4264457
1.4137068
1.4094224
1.4197311
1.4452672
1.478824
1.4320556
1.4299164
1.4206173
1.4139632
1.454544
1.4400176
1.4170876
1.4320141
1.4311268
1.4391097
1.4165274
1.4084476
1.4336363
1.4166445
1.4234349
1.3960701
1.4627509
1.4362609
1.4348915
1.4244275
1.468629
1.4070708
1.4033298
1.4231067
1.4297632
1.4260559
1.4494962
1.4553332
1.4059952
1.4444093
1.4399621
1.4429958
1.418324
1.4006096
1.4513766
1.4338492
1.4294735
1.4175723
1.4238106
1.4533309
1.4166602
1.4167285
1.4483621
1.4325932
1.4286941
1.4185205
1.4191904
1.4504291
1.4274175
1.4136968
1.4250494
1.4201137
1.402767
1.4076208
1.4287888
1.4502739
1.4295018
1.4077152
1.4603503
1.4086891
1.410101
1.4732181
1.4258395
1.4319748
1.434106
1.4682761
1.3970199
1.4300516
1.4280282
1.4331985
1.4339547
1.4341894
1.4134779
1.4135984
1.4283608
1.4132923
1.4167979
1.4416937
1.4059767
1.439389
1.4253966
1.4455577
1.4184513
1.4575336
1.4265559
1.4345878
1.4219574
1.4136041
1.3929114
1.4242871
1.3951634
1.4146031
1.4229012
1.4490062
1.4228027
1.4557314
1.4087561
1.4337171
1.4348373
1.4181209
1.4161478
1.449405
1.4354286
1.415563
1.4372784
1.402644
1.4303088
1.4125314
1.4051963
1.4271106
1.3841605
1.4267616
1.4494472
1.4253833
1.4147401
1.4316034
1.4219205
1.4102267
1.447743
1.4419299
1.4000936
1.4338937
1.430373
1.4550998
1.4583496
1.4406639
1.4174526
1.4026817
1.4409753
1.455061
1.4326291
1.4446175
1.4385086
1.4403524
1.4517965
1.4336762
1.4154444
1.428219
1.4452658
1.4383806
1.4097301
1.4251561
1.4315575
1.428946
1.4225358
1.4265039
1.420379
1.4376646
1.44189
1.4290665
1.4372243
1.4613097
1.4046834
1.4343604
1.4326975
1.4431634
1.4241692
1.4193956
1.4311179
1.4283594
1.4160427
1.4570161
1.4097307
1.4252255
1.417701
1.4221411
1.4184088
1.4133012
1.4343886
1.4470527
1.4045174
1.4291325
1.446324
1.4303339
1.4088318
1.4613929
1.4292833
1.4227779
1.3976274
1.4422749
1.4361899
1.4424739
1.4123545
1.4328524
1.4702857
1.4014163
1.4322888
1.4335177
1.4263628
1.4136465
1.421617
1.4663715
1.440005
1.4236478
1.4305042
1.4507129
1.3991437
1.4027057
1.4124254
1.4279853
1.4374394
1.4240173
1.4187841
1.4367545
1.4192212
1.4288473
1.4072142
1.4259288
1.4170055
1.417256
1.4397337
1.4424222
1.4258115
1.4143965
1.4221964
1.4103553
1.4435921
1.4558833
1.4572182
1.4366959
1.4335428
1.4326786
1.4226042
1.4071062
1.4654613
1.3862503
1.4246739
1.4473504
1.4186535
1.4588733
1.4387997
1.4624981
1.4203119
1.4408255
1.4026141
1.4278967
1.4397188
1.5017961
1.4083685
1.4228108
1.4443085
1.410535
1.425396
1.4444079
1.4545137
1.465372
1.4221681
1.4192923
1.4229354
1.4388213
1.4368924
1.4660646
1.4328542
1.4276925
1.4249139
1.4353826
1.4519641
1.409187
1.4316692
1.443751
1.4399091
1.4367794
1.4432336
1.4264402
1.4448658
1.4082737
1.427994
1.4362626
1.4017241
1.4377639
1.4072157
1.4170527
1.4526615
1.4287757
1.4121615
1.4258547
1.4006588
1.4341277
1.4462587
1.4112153
1.4388213
1.4243852
1.4208176
1.4351646
1.3996061
1.450866
1.4266173
1.4506766
1.4178951
1.4554808
1.4330014
1.4142493
1.4445555
1.4188495
1.4561104
1.3990508
1.4487597
1.4455947
1.4241389
1.4476708
1.4202435

1.4528247
1.4309572
1.4302285
1.4448702
1.4589993
1.4018359
1.4336203
1.4198551
1.3975301
1.4194446
1.4346988
1.4307303
1.4229518
1.4329642
1.4194113
1.45747
1.4472579
1.3913844
1.4298757
1.4549547
1.4696031
1.413385
1.4441746
1.4391295
1.4398295
1.4410477
1.422792
1.4184428
1.4493415
1.444069
1.435021
1.4414308
1.4206505
1.434328
1.3960087
1.3999705
1.4262623
1.4170663
1.4170581
1.4215957
1.4358505
1.4245813
1.464269
1.4501255
1.3983525
1.4154338
1.4442347
1.4340919
1.3937256
1.4527363
1.4171264
1.4278474
1.4045429
1.4414754
1.4430137
1.4324325
1.4178109
1.4268496
1.431646
1.4095362
1.4111139
1.4119455
1.3891355
1.4131883
1.4261134
1.4219201
1.4260782
1.4253829
1.4467314
1.4049715
1.4380008
1.4254054
1.4284489
1.4157054
1.4200946
1.412619
1.412327
1.460993
1.4325686
1.4291352
1.4360439
1.4173265
1.4358
1.4286389
1.4323092
1.4133899
1.4150633
1.4638442
1.4006249
1.4323317
1.4508511
1.4133279
1.4296153
1.4226452
1.4165969
1.4214091
1.466317
1.4305723
1.4256661
1.4074398
1.4133444
1.4019051
1.4262857
1.4357824
1.4546305
1.4220281
1.4321779
1.4354118
1.4368244
1.4387656
1.4354991
1.3925555
1.437022
1.4384993
1.446109
1.432164
1.4327879
1.4258984
1.4348181
1.4420434
1.4264137
1.4215736
1.4278712
1.4395964
1.3997587
1.447921
1.4438565
1.4336507
1.4488723
1.4387844
1.4428071
1.4639094
1.4359964
1.4257641
1.4507496
1.4221686
1.3979928
1.4206198
1.4475913
1.4340354
1.4501328
1.417681
1.4312409
1.4302505
1.4201132
1.4345143
1.4530897
1.4376024
1.4330243
1.4465808
1.4338319
1.4226999
1.4311738
1.4447744
1.4623693
1.4235791
1.4203937
1.4434733
1.4349802
1.4417859
1.4421632
1.4126871
1.4415057
1.4520149
1.424283
1.427298
1.4275945
1.4601269
1.4483191
1.4121306
1.4778985
1.4185987
1.469687
1.4078746
1.4470894
1.4412607
1.4025302
1.4697115
1.4231799
1.4289064
1.3968563
1.4113544
1.4136941
1.4534842
1.4276114
1.3931054
1.419971
1.4198594
1.4476146
1.4215946
1.4385552
1.4352521
1.4430816
1.4375458
1.4133778
1.4370847
1.446358
1.4703635
1.4161869
1.417983
1.4409858
1.4497157
1.4219232
1.4296747
1.4138995
1.4451998
1.4175165
1.4225863
1.420131
1.4137598
1.4137485
1.4289396
1.4265585
1.4540726
1.4482176
1.4371582
1.4618384
1.4350865
1.4321752
1.4216375
1.4431686
1.4380282
1.4014281
1.4248459
1.4607235
1.4360682
1.416643
1.4157765
1.4084293
1.4348369
1.4644209
1.4572582
1.4215804
1.4029863
1.420805
1.410604
1.455304
1.4155223
1.4010901
1.4446592
1.4542139
1.451086
1.4574847
1.4296135
1.4240979
1.4359101
1.4312891
1.4110197
1.4426838
1.4368361
1.4283997
1.4072413
1.4296678
1.4903351
1.423636
1.416653
1.4554206
1.4063799
1.4237684
1.4406714
1.4442939
1.4723567
1.4070305
1.4217578
1.4133198
1.4281461
1.4422939
1.4482057
1.4227898
1.4717426
1.4394678
1.4260664
1.4031458
1.4092135
1.413681
1.4270965
1.4306719
1.4498732
1.4151932
1.4766003
1.4375333
1.4132409
1.4484229
1.4042519
1.4154407
1.4333506
1.4133773
1.4486082
1.4248788
1.4216543
1.4413476
1.4206929
1.4066434
1.4289123
1.4100342
1.4044598
1.4267652
1.4208558
1.4269964
1.4669385
1.4257759
1.4154987
1.4254327
1.4260324
1.4186727
1.4447559
1.4064778
1.4165201
1.4050285
1.4239341
1.4319876
1.4081095
1.4280981
1.4404045
1.4282457
1.4323714
1.4326392
1.4497706
1.4435813
1.4239472
1.4395579
1.4117126
1.4306004
1.4132911
1.4532009
1.4440911
1.4644374
1.4242603
1.445548
1.4508959
1.433394
1.4323502
1.4251175
1.4337794
1.4303433
1.4328644
1.4415066
1.4186242
1.4225991
1.4164674
1.4252236
1.429772
1.4091239
1.4405602
1.4596378
1.4298241
1.4216185
1.4432999
1.4349179
1.4175731
1.4223965
1.3997871
1.4200041
1.4134473
1.4454123
1.4285837
1.428183
1.4337234
1.4453253
1.4068034
1.4131951
1.4458852
1.4169832
1.4326988
1.4280478
1.4230964
1.4234259
1.4290688
1.3787698
1.4729196
1.452482
1.399608
1.414077
1.44383
1.4107069
1.4455256
1.440299
1.4030356
1.4386563
1.4367537
1.4357415
1.4420458
1.4484986
1.4493573
1.436067
1.4372625
1.4257632
1.4531602
1.4180255
1.406677
1.4341239
1.4322206
1.4079332
1.3997371
1.4193388
1.4374149
1.4232002
1.4099842
1.4303521
1.4213808
1.4387224
1.423211
1.4230072
1.4137415
1.4255481
1.444545
1.4336697
1.438926
1.4043688
1.4358438
1.3982068
1.4400744
1.4022671
1.4310296
1.4222963
1.4342886
1.4123838
1.425082
1.4192009
1.4284831
1.4222403
1.4301302
1.3954287
1.4153734
1.4345007
1.4264964
1.4333465
1.4010807
1.4315144
1.4231147
1.4122143
1.4366783
1.442604
1.4153452
1.4090593
1.4250269
1.4344506
1.4414313
1.4482824
1.4396005
1.4325953
1.4340961
1.4370601
1.3896717
1.4202087
1.4078698
1.4355229
1.4413044
1.4204948
1.4032866
1.4474392
1.4676614
1.4317083
1.4569479
1.4000504
1.4357554
1.4596072
1.4380739
1.4123597
1.4473525
1.4579058
1.4388082
1.3969485
1.454781
1.4239298
1.4076804
1.434409
1.4134343
1.4199978
1.4431393
1.4141377
1.4334346
1.4293749
1.4392446
1.420385
1.4418341
1.4408371
1.4670719
1.4136449
1.4308479
1.4285525
1.427207
1.4429637
1.434672
1.4295053
1.4331338
1.4349443
1.4234939
1.4130815
1.4070735
1.4238129
1.434933
1.4237064
1.4230956
1.4040306
1.4076227
1.4276413
1.4259864
1.4278057
1.4463257
1.439186
1.426893
1.4440951
1.4330435
1.4284368
1.4274601
1.3909675
1.4025891
1.4146997
1.4092926
1.4519796
1.408336

1.9190307
1.882227
1.8820084
1.8607011
1.9733272
1.8913376
1.8852692
1.864044
1.8638464
1.8042313

