1.6287161
1.5668051
1.4494541
1.086709
1.7695335
1.311081
1.3790244
1.235379
1.6691498
1.4121683
1.5651635
1.6685333
1.4440552
1.3125465
1.6144211
1.7223271
1.4410678
1.3660754
1.5966634
1.7585701
1.3695046
1.6644433
1.454635
1.4514743
1.3430493
1.3035864
1.2324338
1.6193246
1.3193071
1.8899914
1.3138767
1.4837747
1.5059017
1.5300034
1.5412233
1.7394662
1.3595841
1.4479549
1.2558521
1.7059754
1.3832716
1.1075315
1.881644
1.9420662
1.4085099
1.3895783
1.1929559
1.5039742
1.497152
1.7402688
1.1818933
1.6095147
1.6626587
1.1602243
1.1388265
1.2010194
1.5297368
1.2894901
1.0989562
1.5289248
1.3096823
1.4834245
1.7000335
1.4983104

1.8575212
1.7348692
1.5411339
1.496904
1.6252764
2.137532
1.6870698
1.3747492
1.5961214
1.6030676
1.4899955
1.7184651
1.6857758
1.4513938
1.5122243
2.0759804
1.4854753
1.6738069
1.6486704
1.6864222
1.7048906
1.6454593
1.4720998
1.5281786
1.5265267
1.5553757
1.6359322
1.5139807
1.4466915
1.9748296
1.576785
1.4964192
1.6110547
1.685947
1.5459721
1.5499719
1.5791782
1.8009382
1.5404419
1.71915
1.3410764
1.5957345
1.5307628
1.4927729
1.4674727
1.6897403
1.638838
1.7126267
1.6898968
1.525872
1.5228968
1.6266291
1.5352309
1.6156259
1.6179254
1.5223362
1.480198
1.5711776
1.6494149
1.6379029
1.5791123
1.5610158
1.473269
1.7980893

1.7028518
1.4877048
1.504869
1.5766231
1.5894625
1.4409522
1.4272175
1.4911989
1.6248784
1.6306728
1.4982631
1.4887655
1.5697287
1.5150499
1.6135375
1.5677842
1.499199
1.523632
1.6688788
1.5531898
1.567035
1.5001667
1.4513137
1.494464
1.4345685
1.430486
1.4464133
1.4240052
1.5574512
1.5262142
1.4635304
1.577663
1.5346044
1.4660718
1.6116511
1.4701214
1.5649526
1.6281104
1.4536399
1.5072285
1.4561836
1.6064454
1.5447379
1.5951946
1.6431166
1.5107267
1.4980625
1.5306869
1.589402
1.512316
1.5056301
1.581261
1.597237
1.4421057
1.5353197
1.5218198
1.5885959
1.568754
1.4660368
1.5189347
1.5440998
1.4867392
1.4489907
1.536509
1.5383474
1.4806172
1.5501648
1.4808801
1.479918
1.5818089
1.5550525
1.4322163
1.604871
1.4740626
1.5485425
1.5037361
1.474789
1.5418519
1.4752998
1.4609705
1.619411
1.4883592
1.53196
1.5817033
1.4886516
1.4628525
1.5583376
1.443012
1.5387943
1.4811451
1.493268
1.5355817
1.4606345
1.434626
1.5534731
1.6067238
1.5376192
1.4575577
1.5187179
1.5533948
1.4705856
1.4899428
1.4590373
1.5407037
1.5336872
1.5156224
1.4370756
1.4622449
1.528954
1.4304413
1.4691625
1.495473
1.5611824
1.5455015
1.4856274
1.4687699
1.5382371
1.4162225
1.5243522
1.5197443
1.4714677
1.4652071
1.6344253
1.4863194
1.3992682
1.5183738
1.5421404
1.5672823

1.6143805
1.5267024
1.5875423
1.5237864
1.5689718
1.5372359
1.5656422
1.6446115
1.5169677
1.5634993
1.6596326
1.5106347
1.7193484
1.5542184
1.6040744
1.53887
1.573512
1.6061088
1.6575438
1.482173
1.5566211
1.5158701
1.457484
1.6576653
1.5962874
1.4990464
1.5635153
1.5117779
1.56829
1.6162326
1.569488
1.4139409
1.5266361
1.423456
1.6622423
1.512716
1.5068079
1.5304637
1.5472649
1.6616447
1.620117
1.5569249
1.5697343
1.5332139
1.5364498
1.6321927
1.6143408
1.566834
1.5540264
1.4466004
1.5699183
1.6043748
1.560645
1.4954396
1.5393428
1.6000338
1.5487356
1.4506205
1.5810874
1.4082239
1.5442209
1.5061822
1.5651404
1.4000535
1.6087759
1.6004491
1.5669765
1.4498208
1.6041143
1.6121548
1.5128686
1.4146992
1.5140214
1.5693506
1.5243808
1.5333643
1.4214305
1.575729
1.4643528
1.5722575
1.5151365
1.5225827
1.6358181
1.4764323
1.5597088
1.5661675
1.5151232
1.5477705
1.5321553
1.449742
1.6292071
1.6694955
1.5014557
1.5982081
1.5132645
1.5773712
1.5996447
1.495906
1.703928
1.4874934
1.5339471
1.6778296
1.5453305
1.4235212
1.5819672
1.6237122
1.5558609
1.3960286
1.5673712
1.5916713
1.4082414
1.5958385
1.5279226
1.5433599
1.5527805
1.5539417
1.5972894
1.4972018
1.5539997
1.6632377
1.5192798
1.541788
1.4003735
1.6112113
1.6291012
1.5427238
1.565975
1.4253529

1.5440311
1.5051944
1.5290227
1.5395802
1.4751551
1.5279264
1.4331964
1.390545
1.5398734
1.4944167
1.5157537
1.4380393
1.5082949
1.5333818
1.5509744
1.5133926
1.4185952
1.5249376
1.5606333
1.3988862
1.5399159
1.5721439
1.4516585
1.5056505
1.4200284
1.4834561
1.5159898
1.5231344
1.6004997
1.4562851
1.4231502
1.5586554
1.6030494
1.4154757
1.4319481
1.6007817
1.4840381
1.4643819
1.43727
1.4846166
1.5286388
1.5645664
1.5331919
1.510038
1.4664184
1.4372768
1.4553244
1.5292182
1.4875681
1.5237639
1.5069944
1.5463094
1.4084744
1.4096893
1.562587
1.5440341
1.4369652
1.573717
1.4794023
1.5902807
1.455452
1.472922
1.4209387
1.5031884
1.4032254
1.4901437
1.5337002
1.4986372
1.4584404
1.4058546
1.5090483
1.5368667
1.3762923
1.4710627
1.4637024
1.5175124
1.521463
1.5285944
1.4728925
1.5388315
1.5107147
1.5393593
1.4008172
1.5698355
1.5170138
1.5582552
1.4494526
1.5054556
1.4727297
1.5717825
1.483877
1.5122766
1.5421262
1.5404418
1.5024034
1.5415729
1.4697187
1.5021265
1.5009068
1.4884661
1.417859
1.5137695
1.4820586
1.5093573
1.5235455
1.4811486
1.4790021
1.5681951
1.4909297
1.4381922
1.5423589
1.3998165
1.4126002
1.4157912
1.4743565
1.5277542
1.5432215
1.4133117
1.4841275
1.4809297
1.4197584
1.4833168
1.482588
1.4584764
1.5776443
1.5399529
1.4113169
1.4792985
1.5100489
1.487325
1.524212
1.5394284
1.5669062
1.5634855
1.5241989
1.4944968
1.4732866
1.580862
1.5225515
1.5411278
1.4896967
1.5438294
1.4481727
1.3833647
1.5657899
1.4241328
1.4741417
1.5230643
1.4090798
1.5820856
1.4819113
1.5596691
1.5103245
1.5134994
1.5196472
1.4905859
1.5518218
1.4424027
1.4959232
1.5627576
1.4444684
1.4438277
1.5263755
1.5633347
1.4897895
1.5425959
1.5205562
1.4754101
1.491291
1.4786642
1.529154
1.5315784
1.4931302
1.430209
1.6361843
1.4510906
1.6172317
1.4706954
1.4318932
1.5469795
1.5179118
1.4954674
1.5316678
1.5670863
1.4665998
1.5244168
1.4032884
1.5339187
1.5383037
1.5208852
1.45056
1.4909018
1.528894
1.4678196
1.4052644
1.4912286
1.5115454
1.471814
1.4883822
1.4216657
1.474862
1.521404
1.4386301
1.47593
1.5120665
1.5713558
1.4868345
1.6053667
1.390851
1.4902714
1.574589
1.6129863
1.4285117
1.4955667
1.506665
1.5111156
1.6159005
1.5815785
1.425847
1.5392344
1.4523138
1.5360657
1.5190432
1.5441535
1.495361
1.5069543
1.4667395
1.5213547
1.4126464
1.5477697
1.544549
1.5701116
1.5296756
1.5719566
1.6069807
1.5951128
1.5379137
1.4773808
1.5212433
1.5737107
1.4869151
1.4923382
1.4707811
1.4994915
1.4175494
1.4857429
1.6141957
1.5705857
1.5141507
1.5070944
1.5602483
1.5523444
1.5605019
1.4511336
1.553657
1.5552791

1.4682074
1.5796199
1.589172
1.5781847
1.6061186
1.6352772
1.5406818
1.5651304
1.5316064
1.4197521
1.5306398
1.5789472
1.4246372
1.4593991
1.5672065
1.464486
1.4633957
1.5401747
1.5901262
1.5207567
1.4525716
1.5221623
1.4452877
1.5742482
1.5016233
1.5976392
1.6449219
1.5993111
1.5871692
1.5770427
1.5582044
1.5077891
1.5650483
1.6733465
1.5659889
1.5815939
1.4684546
1.5002506
1.6011865
1.4635271
1.3923193
1.5633589
1.5939511
1.5009587
1.5288054
1.4754702
1.4936657
1.4655201
1.5444709
1.5747874
1.54639
1.558573
1.3900442
1.6343229
1.6512218
1.5432254
1.5119498
1.4706546
1.6157472
1.656049
1.5079064
1.661039
1.5948248
1.4674617
1.5716767
1.425557
1.6021906
1.5516063
1.5325866
1.5970309
1.5726374
1.5844467
1.4397182
1.4376856
1.4385636
1.4713415
1.6062214
1.60923
1.4544995
1.5638845
1.5849988
1.4305758
1.5633695
1.5785455
1.4154532
1.5869257
1.5373484
1.5813584
1.4559962
1.6307886
1.6566072
1.5372416
1.5594635
1.579644
1.4881295
1.6241167
1.5855777
1.5607363
1.6083659
1.5410751
1.4826612
1.5923611
1.4689902
1.6574404
1.5759869
1.4841624
1.5482242
1.4980521
1.6120114
1.5698262
1.4731562
1.5327482
1.5732172
1.4300737
1.5496701
1.5138829
1.4617435
1.5531275
1.5845813
1.5961032
1.5277407
1.4368159
1.5156491
1.4863306
1.5149997
1.6360427
1.4233323
1.473996
1.5230392
1.504596
1.5805483
1.5595385
1.4951206
1.6226526
1.4643085
1.505361
1.5075171
1.517742
1.5468283
1.5326667
1.4930372
1.566839
1.5179427
1.4970485
1.6123028
1.5975529
1.5980101
1.5052081
1.604433
1.6502697
1.5330697
1.6209533
1.5508168
1.5616477
1.503235
1.6147872
1.5282196
1.3871741
1.5379165
1.5910914
1.5974299
1.5565065
1.5376858
1.6279421
1.5943441
1.6071216
1.4315041
1.5254772
1.5568134
1.5661575
1.582335
1.4922724
1.5839397
1.5706334
1.4873483
1.567437
1.5304444
1.6051497
1.5698597
1.5862776
1.5706325
1.5783832
1.5788778
1.5058175
1.5727786
1.5497193
1.5892535
1.506977
1.5772831
1.4360062
1.452754
1.573268
1.5813035
1.4548646
1.5687608
1.5988442
1.5070757
1.5274037
1.583433
1.6597077
1.4929982
1.5422246
1.5891385
1.4906524
1.4926307
1.4555836
1.5238836
1.4575028
1.5636964
1.5762807
1.6368033
1.4856983
1.5690807
1.5713584
1.4969926
1.4289361
1.5310347
1.5612134
1.4620714
1.5656431
1.5924641
1.4902118
1.5112755
1.5993598
1.595896
1.6241885
1.5133755
1.6223835
1.541582
1.5648078
1.4708319
1.4795027
1.6152704
1.5912131
1.4544836
1.56585
1.5671127
1.421833
1.5657297
1.5754285
1.4367722
1.5149444
1.4235483
1.4516231
1.4412956
1.6058284
1.5043935
1.4796959
1.4993924
1.5497355
1.5782382
1.473923
1.5389792
1.6021789
1.4516351
1.5607154

1.5927317
1.4760295
1.6558733
1.4668432
1.6374652
1.5807297
1.5993863
1.5796806
1.632133
1.5300554
1.5633729
1.6396984
1.7181132
1.5009754
1.5846779
1.5969036
1.5188172
1.5461559
1.6386635
1.6009786
1.4734434
1.6063521
1.6526616
1.6451432
1.5719663
1.622847
1.5358925
1.6767505
1.6204454
1.5625689
1.6324604
1.4574076
1.5060511
1.5973175
1.6298373
1.5278105
1.4725091
1.6621808
1.6075362
1.6309174
1.5384078
1.4916703
1.6680642
1.5614398
1.7076993
1.6518896
1.6045372
1.5066153
1.5839453
1.5418063
1.5557208
1.6000737
1.497138
1.556734
1.5840979
1.4796518
1.6045551
1.7142695
1.6471313
1.6141053
1.5495796
1.4577795
1.6380551
1.5591713
1.5163394
1.4403462
1.6213238
1.4809445
1.423742
1.656134
1.5991943
1.5869554
1.4232396
1.5623394
1.4184682
1.60913
1.600672
1.5269268
1.5431122
1.5989192
1.6538509
1.5395921
1.5766001
1.4552089
1.5198524
1.6265601
1.4889634
1.4565814
1.6250563
1.5439863
1.7015135
1.5715625
1.6283116
1.6263609
1.6105955
1.5716298
1.6193856
1.4687341
1.4549248
1.631696
1.6394168
1.5247713
1.5065147
1.5729827
1.5822747
1.6280229
1.663191
1.6070971
1.4660904
1.428315
1.537665
1.6360463
1.49085
1.5470662
1.5388029
1.5758544
1.4797289
1.5319762
1.5319676
1.5775857
1.4474609
1.6112458
1.6808558
1.6644014
1.5758133
1.4909642
1.4771588
1.4909754
1.5923324
1.4846995
1.5198247
1.6923031
1.6065866
1.6516943
1.6125364
1.6181681
1.560729
1.6399597
1.6666571
1.542531
1.614327
1.4724979
1.5439999
1.4889449
1.6307131
1.5285906
1.6811095
1.5622033
1.561915
1.5530916
1.4809997
1.4255573
1.4370228
1.6257777
1.6641942
1.6147939
1.5428965
1.6604654
1.5006082
1.4522699
1.5999496
1.4703456
1.563945
1.5562165
1.6771402
1.6817728
1.4649682
1.6331283
1.6300707
1.4305316
1.5634165
1.553021
1.5769093
1.6049827
1.4500031
1.5756435
1.5253179
1.6056226
1.443862
1.5400262
1.5708838
1.5448459
1.5312243
1.5844399
1.6372882
1.634706
1.5592138
1.4857206
1.6040788
1.6438303
1.5000626
1.596727
1.6083479
1.4826245
1.6071267
1.4659868
1.600615
1.5968816
1.6146653
1.6302742
1.623614
1.4735266
1.6628902
1.5698191
1.7354434
1.5199931
1.6059057
1.5984414
1.4877886
1.4652665
1.5853816
1.6344715
1.6219388
1.6099204
1.6357485
1.5522836
1.4966966
1.5433652
1.6060658
1.5545113
1.4681848
1.538332
1.5896102
1.6122135
1.6187651
1.4448345
1.4936386
1.6005622
1.543579
1.6269811
1.4682304
1.5141329
1.5586503
1.6298462
1.6250453
1.5232011
1.5343171
1.5424216
1.6302245
1.6803832
1.6389492
1.6122309
1.6336783
1.5867473
1.4460766
1.496357
1.6278011
1.5727731
1.4786221
1.4884652
1.739562
1.447942
1.5274528
1.4514121
1.580402
1.4571735

1.4621677
1.5098706
1.457696
1.5373595
1.4561017
1.4921426
1.4708818
1.488375
1.5425951
1.582963
1.5402869
1.5546333
1.5399637
1.4471067
1.55354
1.4547079
1.5258547
1.4421234
1.440463
1.479573
1.4597166
1.512615
1.5759372
1.5423484
1.5560622
1.493653
1.5385427
1.5192513
1.4987012
1.5481898
1.4339813
1.4142383
1.522953
1.4855278
1.4771754
1.4186625
1.5052247
1.4057637
1.4791828
1.4555253
1.4910095
1.5211486
1.5609323
1.5312178
1.4701409
1.4512094
1.4858584
1.5090144
1.4301167
1.5683316
1.5226369
1.5053821
1.4544407
1.5297923
1.5328705
1.5667566
1.5157338
1.5300022
1.4333748
1.5474328
1.5551276
1.5189111
1.531238
1.5532
1.5764536
1.4509137
1.4701827
1.581167
1.4925002
1.503162
1.5551469
1.5419042
1.581981
1.5304502
1.5822009
1.442397
1.5119152
1.487487
1.471282
1.4748416
1.5504404
1.4391594
1.5682418
1.4478775
1.5528376
1.4139888
1.508698
1.4230583
1.5397662
1.5565206
1.4502084
1.4328134
1.550444
1.42094
1.4777638
1.578779
1.5203164
1.5435607
1.5240254
1.4252021
1.4705956
1.4793867
1.4566158
1.4878091
1.5219041
1.4930698
1.5203351
1.442244
1.5399706
1.5361784
1.5263574
1.4918047
1.5102096
1.5011204
1.5453204
1.5190755
1.4975147
1.4615026
1.4243131
1.4364228
1.4066495
1.5292422
1.5607852
1.4837035
1.4651474
1.571916
1.4824101
1.5136585
1.4638659
1.5171716
1.4919739
1.5131748
1.4512069
1.5337498
1.5525029
1.479416
1.4974798
1.4719119
1.4775833
1.5076234
1.5349164
1.5205729
1.5482574
1.4791101
1.5252086
1.5031807
1.5394247
1.5758283
1.5157278
1.4933332
1.4467475
1.4772329
1.490324
1.4956915
1.4094039
1.4792184
1.5655786
1.4454175
1.5027059
1.4546622
1.4626701
1.4750217
1.4873252
1.5135939
1.4532797
1.4837064
1.4875194
1.5336224
1.6055543
1.4036869
1.4709977
1.44321
1.4322574
1.4692332
1.4527885
1.5243934
1.4543337
1.4482735
1.4649875
1.4042128
1.4884156
1.5492444
1.5188229
1.5291244
1.4816267
1.434137
1.4338449
1.5041183
1.4813722
1.46704
1.5429885
1.3796287
1.4910817
1.4449279
1.5071791
1.4689878
1.422342
1.5277432
1.5524783
1.5308791
1.5006274
1.4467667
1.5263168
1.5050696
1.4759786
1.5454423
1.5514417
1.5074883
1.5248218
1.5331811
1.493176
1.5157181
1.4951501
1.4730479
1.5090095
1.491952
1.5362742
1.446925
1.4842682
1.506575
1.4516262
1.4750664
1.4788367
1.5036316
1.4337671
1.5614319
1.4589949
1.465727
1.4747876
1.4812562
1.5216842
1.4639698
1.5242715
1.5072957
1.4465191
1.5243531
1.5068873
1.5154505
1.5398707
1.5159141
1.4802669
1.5464735
1.5322427
1.507524
1.485346
1.4587506
1.5360546
1.4551618
1.4800969
1.5096279
1.5460479
1.4770557
1.5659859
1.4681821
1.5229781
1.569853
1.5403997
1.4273506
1.4700272
1.4542692
1.5493295
1.451067
1.5203024
1.5357052
1.4416841
1.4636803
1.5265788
1.5218136
1.4008371
1.5397892
1.4933187
1.496355
1.538159
1.4924312
1.5584593
1.5597016
1.4752604
1.4756783
1.5121976
1.5420771
1.5437247
1.5447673
1.5562638
1.4963732
1.5390941
1.5858642
1.5264446
1.5321304
1.566699
1.573904
1.5480219
1.5250301
1.5594451
1.4811697
1.5196654
1.5145652
1.5452521
1.5322218
1.5415956
1.4567368
1.5109625
1.5116785
1.4472218
1.4664068
1.4539882
1.4490926
1.4488486
1.4821262
1.4963081
1.5365671
1.5454141
1.5106895
1.5554005
1.5216894
1.4265624
1.4760731
1.5131704
1.4203789
1.5473119
1.5693681
1.5701878
1.4801412
1.4369693
1.4201167
1.542253
1.5666053
1.4241577
1.568716
1.5489954
1.5327985
1.5273699
1.4481612
1.4841795
1.5482446
1.55243
1.4427202
1.4094743
1.5115727
1.3914536
1.561022
1.4053655
1.4447904
1.5334706
1.5344323
1.4474424
1.4902793
1.4541461
1.4253029
1.5402867
1.5341274
1.4656676
1.4946401
1.5089715
1.4839536
1.5768552
1.5003326
1.44088
1.4701263
1.4228559
1.4502728
1.5433701
1.4675332
1.5072944
1.5121433
1.5542316
1.589082
1.4749217
1.4638752
1.4565533
1.5274673
1.4774859
1.5259198
1.5690323
1.4802047
1.5451965
1.6099944
1.4981667
1.5273043
1.5345545
1.4421041
1.5158093
1.4585232
1.5081707
1.517671
1.52627
1.5635337
1.5684988
1.4240432
1.4966203
1.5615991
1.5174931
1.5607975
1.4990917
1.4721113
1.4965276
1.5097054
1.4893672
1.5057548
1.5066918
1.4529483
1.5199242
1.4973898
1.4558086
1.5762837
1.4748724
1.5345904
1.5316763
1.5914456
1.5940598
1.5462931
1.4839425
1.5153342
1.4832375
1.4981674
1.4904101
1.5209247
1.5685791
1.5171412
1.4325624
1.5253153
1.5198293
1.5315512
1.5643679
1.5115008
1.4081923
1.5601209
1.5581791
1.6037133
1.5722303
1.44333
1.5550092
1.5128303
1.4125526
1.4796504
1.5712612
1.4617586
1.4895828
1.4479774
1.5676093
1.4187243
1.5077223
1.4800886
1.5091215
1.5175667
1.4880822
1.5256723
1.5415326
1.5529414
1.5085269
1.4736626
1.4629707
1.552518
1.5888672
1.5246485
1.5134985
1.42843
1.5241544
1.4616789
1.3747848
1.5780813
1.4547718
1.53009
1.5501058
1.5830905
1.4730525
1.4514234
1.4649477
1.523849
1.4890388
1.4183182
1.4776635
1.579089
1.5452013
1.5460569
1.4786237
1.4674836
1.5532477
1.4533137
1.4171163
1.4893095
1.5396773
1.453867
1.5637891
1.467715
1.4672109
1.4989314
1.4953898
1.5422012
1.5621426
1.4556494
1.4920576
1.530418
1.4349834
1.5582501
1.4504043
1.4558039
1.5394298
1.4848912
1.5227528
1.565788
1.5568234
1.4647611
1.4716644
1.5838808
1.5244634
1.4638728
1.5655673
1.568207
1.5145471
1.5289328
1.5534542
1.5056306

1.5760291
1.560518
1.5572128
1.5914272
1.4037439
1.4356521
1.4607109
1.5043658
1.5979172
1.4878508
1.4890807
1.5564572
1.5175797
1.5322384
1.5151585
1.522786
1.5240598
1.5403951
1.569007
1.5013728
1.5254172
1.5010207
1.5446593
1.4432731
1.4381108
1.5429497
1.5067483
1.5653992
1.4810307
1.5550424
1.4609514
1.4983476
1.5344465
1.4920963
1.5923449
1.474857
1.431996
1.5698705
1.4807462
1.5077481
1.4738226
1.4655408
1.5554857
1.4404508
1.5022205
1.5541676
1.5728706
1.5667962
1.5041676
1.5043247
1.5610826
1.4592245
1.4889804
1.5313283
1.5485773
1.5380397
1.5718075
1.5139627
1.4819311
1.5615095
1.504113
1.4263875
1.5752271
1.540974
1.5599062
1.5303111
1.5644475
1.4173987
1.5726284
1.4669627
1.5712463
1.5561926
1.5279145
1.5808744
1.5539346
1.4952837
1.4466699
1.5692155
1.5321097
1.4654768
1.4097557
1.4751718
1.5602641
1.4596918
1.5495722
1.5127294
1.4756702
1.578505
1.5227045
1.4983026
1.5651157
1.4726471
1.5309101
1.5599046
1.4335697
1.5394043
1.5414073
1.5683215
1.5341928
1.5144355
1.5027094
1.5529634
1.5342747
1.5071439
1.52651
1.5586882
1.4792101
1.5316197
1.5345576
1.5561465
1.4616942
1.534389
1.5196172
1.5321147
1.4972458
1.4884558
1.5842447
1.5494645
1.5191879
1.4295439
1.5353402
1.5782232
1.5772896
1.5628667
1.5027912
1.5083957
1.5611354
1.4898423
1.4598927
1.5456946
1.5608157
1.5712991
1.4848211
1.5110571
1.5673554
1.4647001
1.5845573
1.4777458
1.5418923
1.447695
1.5127841
1.5183134
1.4505808
1.5172592
1.5489438
1.495354
1.5168277
1.4782206
1.4803375
1.550242
1.4586804
1.4966512
1.4905063
1.4911687
1.5675312
1.552933
1.4864445
1.5833635
1.5264866
1.5023695
1.5582033
1.5196995
1.5353069
1.5122074
1.5905113
1.4731933
1.444901
1.5150691
1.5633115
1.5395873
1.4848945
1.5515757
1.4436253
1.5336738
1.5914718
1.5439768
1.5864409
1.4423827
1.5026464
1.5938469
1.4539897
1.5158201
1.5231802
1.5428528
1.4837403
1.4607751
1.4336739
1.5281664
1.5092562
1.5282456
1.5616153
1.4376378
1.4757038
1.534773
1.5914551
1.5613314
1.5119032
1.5674491
1.5007474
1.5054475
1.5334036
1.487305
1.539647
1.5119714
1.4884568
1.5335295
1.5222615
1.4310025
1.5799348
1.5313214
1.5314609
1.5263684
1.5622052
1.5625349
1.5691661
1.5560197
1.5647126
1.5856602
1.5014162
1.5857108
1.551756
1.5079272
1.5779423
1.5231252
1.4157043
1.5375578
1.5294784
1.4931743
1.532536
1.5390253
1.4491991
1.5103041
1.4656304
1.4482868
1.5461094
1.4423145
1.5687429
1.4789962
1.527709
1.5265936
1.5486505
1.5406677
1.4983332
1.5929257
1.4905126
1.4540609
1.5879397
1.4405742
1.4470689
1.5421942
1.5118876
1.4565638
1.502902
1.5826361
1.5061572
1.4564767
1.5855341
1.6152418
1.554715
1.5106579
1.5391484
1.5652057
1.4955407
1.4800972
1.4725705
1.5708313
1.4816908
1.458643
1.4663665
1.5078549
1.5619597
1.4991899
1.5146519
1.4532307
1.5976737
1.5230579
1.5474119
1.5011911
1.4876726
1.6088247
1.5235734
1.5174463
1.517286
1.4977438
1.5287224
1.4294648
1.486733
1.5795383
1.4284883
1.6017122
1.5335927
1.5306591
1.5884644
1.4631026
1.549291
1.5602741
1.4888315
1.4999137
1.4526489
1.5864722
1.5373117
1.5582589
1.4717071
1.5356907
1.5463961
1.53783
1.4650371
1.4095117
1.4926356
1.5337292
1.5055317
1.547513
1.519949
1.5252004
1.4764549
1.50537
1.5832701
1.5893654
1.4720117
1.5170848
1.4854032
1.5697414
1.5334971
1.5300876
1.5301781
1.4738368
1.5406111
1.5396312
1.4757808
1.5329024
1.4821237
1.5824317
1.4809915
1.4415426
1.4752345
1.5584434
1.5052086
1.541796
1.5102525
1.5929352
1.516401
1.5988525
1.5381472
1.5595623
1.5191983
1.4450577
1.5331485
1.5083163
1.4046577
1.4404575
1.5041114
1.5878257
1.4751748
1.5458986
1.4508326
1.5368782
1.4977106
1.4475212
1.5718378
1.543106
1.5417616
1.54671
1.5659896
1.5450909
1.5612395
1.5140655
1.544564
1.4853605
1.5640043
1.4091284
1.569287
1.4802039
1.4950122
1.5011107
1.4371412
1.5012538
1.5150974
1.4902925
1.5933521
1.6138275
1.5554702
1.4582196
1.4862151
1.6015247
1.4655265
1.5336657
1.5610464
1.5905119
1.5010902
1.4502468
1.5465686
1.5366745
1.5106906
1.5571562
1.5899886
1.5554712
1.5748862
1.4412965
1.5010145
1.5628251
1.5563818
1.5441071
1.5397478
1.5730722
1.5054237
1.4485565
1.5203189
1.5094187
1.5728178
1.5280492
1.5850972
1.5246165
1.5146669
1.5430266
1.4824716
1.5698974
1.4376259
1.477101
1.4981585
1.5685252
1.4753995
1.5603927
1.4816668
1.5810903
1.5571471
1.4807706
1.5281708
1.476564
1.5197303
1.4814171
1.5564647
1.5973802
1.4293636
1.5493251
1.5078235
1.4834402
1.4845299
1.4714265
1.5939231
1.4957464
1.4910891
1.5421736
1.558962
1.6002444
1.5509666
1.4702315
1.5250491
1.4487544
1.4570764
1.5585612
1.5583786
1.5536784
1.4370221
1.524357
1.5378681
1.4144158
1.4937404
1.546777
1.4869229
1.551999
1.529487
1.5504119
1.4780953
1.4600666
1.5512413
1.5604959
1.4063421
1.5723523
1.5469537
1.5102494
1.552748
1.4824966
1.5084009
1.5131458
1.5657846
1.5024978
1.5615627
1.511806
1.560449
1.5225259
1.4849076
1.5002377
1.5296795
1.4252589
1.5529786
1.4387387
1.4816717
1.6031172
1.5307217
1.5492504
1.4642335
1.4542588
1.4997349
1.5469742
1.4630228
1.5203959
1.4878852
1.5081235
1.5883704
1.4798193
1.4689345
1.4218688
1.5273695
1.532489
1.555417
1.4830992
1.5042284
1.4657309
1.4969078
1.5462637
1.5618045
1.5130622

1.5848894
1.4542652
1.4942328
1.526531
1.5476751
1.4426403
1.4161153
1.4763355
1.661081
1.5984392
1.4239198
1.514195
1.4936026
1.5380414
1.4080309
1.4996223
1.4734036
1.504727
1.4577641
1.4666255
1.5571158
1.5754677
1.5233439
1.4783661
1.565362
1.5090574
1.5642362
1.6116735
1.4526348
1.4160248
1.539242
1.4758033
1.4874359
1.5426219
1.4770731
1.487499
1.5189288
1.5421389
1.509971
1.5950323
1.4663451
1.6219943
1.4689434
1.4458491
1.4939125
1.5053314
1.4604151
1.5722604
1.4568884
1.5131338
1.6260672
1.5070107
1.5063097
1.5190331
1.4861534
1.46683
1.4923601
1.472234
1.4569731
1.6048714
1.531959
1.4509933
1.5184313
1.4299195
1.528034
1.4385297
1.4507186
1.4203308
1.4840246
1.6700842
1.530226
1.4791034
1.5483452
1.5516397
1.4741105
1.4599379
1.5114782
1.6432139
1.4445039
1.5532479
1.4237611
1.450008
1.4899433
1.4744323
1.4564438
1.5114453
1.4657845
1.5185002
1.6054761
1.4612024
1.6325011
1.5068911
1.5501192
1.4401114
1.4295852
1.492688
1.6047953
1.5522717
1.5051308
1.453502
1.5368519
1.4496651
1.4518539
1.4763377
1.5374874
1.4835428
1.5276183
1.419766
1.4644591
1.4577653
1.5753852
1.5346974
1.5410414
1.5500908
1.56357
1.533007
1.6112115
1.5466075
1.4526674
1.445097
1.4549365
1.4486843
1.4655818
1.4459107
1.555247
1.4901415
1.4624804
1.4450209
1.4140633
1.641821
1.6329675
1.5647486
1.4734023
1.4691
1.5580932
1.471773
1.4367238
1.5319629
1.4471118
1.4867018
1.4604429
1.4790894
1.5213937
1.6655614
1.6046649
1.4204808
1.5214448
1.520637
1.5099552
1.5818692
1.5863261
1.5433751
1.4238753
1.4592222
1.4940261
1.4937097
1.4680338
1.5027943
1.4515508
1.4546821
1.5002337
1.5200596
1.6408798
1.5868877
1.410179
1.568335
1.5364332
1.428334
1.4546279
1.473424
1.458682
1.5071337
1.4511949
1.4626367
1.4461567
1.4868786
1.4914274
1.4696486
1.4707141
1.4539645
1.4266597
1.6140331
1.4977467
1.4636661
1.4937444
1.4969212
1.4501232
1.5324485
1.5290504
1.4343816
1.5495218
1.5148789
1.4583902
1.4572707
1.4465332
1.4369065
1.4570315
1.5094532
1.4684025
1.4865464
1.4814633
1.5524695
1.4946077
1.4870056
1.4775263
1.5116066
1.4667095
1.4599961
1.4199903
1.4802436
1.4831345
1.4738458
1.5038978
1.578195
1.524794
1.4689424
1.5105927
1.4448221
1.4135805
1.4586354
1.4275823
1.5458862
1.4668646
1.4652677
1.483496
1.5522555
1.6060911
1.5158634
1.5308197
1.4553511
1.4774691
1.6261848
1.4921468
1.5069401
1.4750419
1.4820107
1.4924349
1.5097724
1.5243063
1.4952712
1.537386
1.5524004
1.4189876
1.438978
1.5220355
1.5636638
1.4863482
1.4663467
1.5860583
1.530642
1.4473213
1.4542775
1.6168925
1.4453335
1.4557084
1.5406526
1.5704405
1.5611389
1.5111332
1.4779984
1.4577719
1.5153345
1.516851
1.5286254
1.4824836
1.4135641
1.4283113
1.5389161
1.5245175
1.5200477
1.5357697
1.4536723
1.4459429
1.5852363
1.4598218
1.4435228
1.5356201
1.483041
1.4946578
1.4986016
1.4581379
1.5319794
1.4638343
1.4589329
1.4829007
1.4603894
1.4428083
1.6143429
1.4595102
1.4859949
1.4482414
1.4299687
1.5015957
1.6030755
1.4880973
1.4142278
1.4713018
1.5333184
1.5085832
1.5179484
1.5370418
1.478838
1.5482072
1.496819
1.4925902
1.44843
1.500548
1.4732747
1.5688858
1.4926822
1.5042952
1.4826244
1.4239439
1.4838756
1.4540422
1.4798061
1.5308923
1.4634508
1.4668063
1.4876326
1.527836
1.4637527
1.4608499
1.5752263
1.457879
1.4667052
1.5656874
1.4587468
1.4731739
1.4705639
1.4695262
1.4871029
1.5277317
1.5147156
1.4528903
1.4946651
1.5614282
1.4608035
1.5374376
1.4419359
1.4388822
1.4739916
1.5571996
1.5075424
1.4619014
1.4890542
1.4435976
1.4605151
1.435317
1.5280527
1.4628185
1.5264637
1.5213469
1.5855883
1.4663712
1.5202776
1.4936131
1.4353876
1.4997257
1.4107044
1.4562483
1.5231588
1.6141019
1.5024776
1.4298142
1.415764
1.5734848
1.6254888
1.4335015
1.515543
1.6311753
1.4706243
1.4455583
1.5058585
1.5232476
1.6712233
1.4842843
1.455893
1.594224
1.4570224
1.5381268
1.4810867
1.5301056
1.4490368
1.5294578
1.5126696
1.4825965
1.4820652
1.4690245
1.4937576
1.5025321
1.5099899
1.532599
1.4197309
1.5042828
1.519782
1.4962264
1.4686155
1.485622
1.4840589
1.4935564
1.4948051
1.4935628
1.5032442
1.4586991
1.5085827
1.4463739
1.4783232
1.5216374
1.4746989
1.4880563
1.4767107
1.5211896
1.5377803
1.4804475
1.4609383
1.4923412
1.4926819
1.5935445
1.5097059
1.4169148
1.5548893
1.5283524
1.5445702
1.455799
1.6485523
1.5704396
1.546483
1.4372965
1.517105
1.4838856
1.4241549
1.45731
1.4738199
1.5263155
1.4712327
1.4777284
1.4663161
1.4444748
1.4867133
1.5570971
1.5088283
1.5029985
1.5023185
1.4567391
1.5986831
1.5633603
1.4390527
1.5443254
1.4419334
1.5147227
1.5358132
1.5481973
1.5068103
1.5421276
1.4618651
1.5722511
1.4879566
1.4362329
1.475887
1.4756916
1.4409382
1.5386659
1.4412909
1.4435618
1.4817582
1.4325036
1.4390885
1.502921
1.4596459
1.4541373
1.5221648
1.4566398
1.5163461
1.4229374
1.4556161
1.6645128
1.5146416
1.4757606
1.4672499
1.4162123
1.5480008
1.4842249
1.4518077
1.4427885
1.5305997
1.4434017
1.4623187
1.4643347
1.4566475
1.5502918
1.490512
1.6018125
1.4363824
1.4829367
1.4522616
1.4579632
1.5694399
1.6529241
1.6427952
1.4932083
1.5075566
1.4821044
1.6789277
1.486258
1.6066687
1.4630907
1.441985
1.4755598
1.6002184
1.4363759
1.5529721

1.4771755
1.4305713
1.4288858
1.4541095
1.4803734
1.4405273
1.5031909
1.4896077
1.4608223
1.4636048
1.4491795
1.4679325
1.4404439
1.4461986
1.4067862
1.4562029
1.4622124
1.4567155
1.4960326
1.4176704
1.4529244
1.4254475
1.4872023
1.4350632
1.4081767
1.4398744
1.4381094
1.4572471
1.4582735
1.4808853
1.4549301
1.4410299
1.4515651
1.4278148
1.443617
1.487993
1.4265478
1.4297913
1.4442881
1.4373606
1.4245875
1.4005991
1.4249703
1.4314823
1.3902725
1.4492512
1.5014644
1.4226018
1.5068133
1.4598379
1.4332947
1.4642437
1.4249583
1.4647316
1.4304649
1.4759146
1.4236113
1.437727
1.474573
1.4696137
1.4258233
1.4138979
1.456417
1.4415188
1.4521284
1.4759306
1.493619
1.401673
1.4769531
1.4235075
1.445905
1.5065894
1.4540378
1.5001076
1.491513
1.4280217
1.4143564
1.4506985
1.4547577
1.4071152
1.469277
1.4736085
1.5110433
1.4530183
1.4037638
1.4655535
1.4343016
1.3772978
1.4517039
1.4395773
1.4736804
1.4310877
1.4680815
1.4491193
1.4422262
1.4216986
1.4380846
1.4152395
1.4462361
1.4359239
1.4840872
1.4091822
1.4347548
1.4128923
1.4200774
1.4823915
1.4760439
1.4364728
1.4992251
1.430594
1.3980832
1.4128327
1.426534
1.4950718
1.4462521
1.4245456
1.4281768
1.4380267
1.452743
1.4459378
1.4553914
1.43208
1.433138
1.414638
1.4359456
1.4327624
1.4637446
1.4533099
1.4327683
1.4174457
1.4471781
1.5121667
1.427408
1.4686273
1.4218665
1.4223181
1.4391966
1.4308413
1.4374977
1.4543926
1.4228836
1.4643347
1.471783
1.454145
1.4661646
1.4052616
1.4271371
1.459901
1.4406571
1.4445988
1.447958
1.452983
1.4251131
1.4716763
1.4039631
1.4526582
1.4536647
1.4357979
1.4823105
1.4010512
1.4682109
1.4263402
1.456474
1.416481
1.4079764
1.4156162
1.4980134
1.4634969
1.4140589
1.3894614
1.4242247
1.440476
1.399736
1.442572
1.4222826
1.4316455
1.4519756
1.4232944
1.4280677
1.4039832
1.4289353
1.4037377
1.4459602
1.488405
1.4401171
1.4700537
1.4589722
1.4513098
1.4528161
1.497404
1.4807622
1.5018203
1.4678676
1.4408255
1.4344131
1.4124944
1.438865
1.4692767
1.4749901
1.4882305
1.4202935
1.4388514
1.4247607
1.4317955
1.4474876
1.4675593
1.4951932
1.4194418
1.4285625
1.4457072
1.4342932
1.4473429
1.4448892
1.429275
1.4886386
1.4970261
1.4331155
1.4501506
1.4307005
1.5078534
1.4609188
1.4253973
1.4663864
1.4278176
1.4340317
1.416946
1.391174
1.4631665
1.399763
1.4454513
1.4223027
1.4977132
1.4593891
1.4822171
1.434894
1.4259356
1.4395211
1.4108609
1.4076251
1.4684635
1.4431952
1.4509345
1.4890764
1.4075785
1.4220934
1.4280614
1.4587809
1.4727135
1.4354519
1.4256704
1.4341702
1.44127
1.4888926
1.4540201
1.4475874
1.4058669
1.4056251
1.4762186
1.4103079
1.4265049
1.5035655
1.3917209
1.4043313
1.4856398
1.4907199
1.4053596
1.44888
1.4448138
1.4667534
1.4366122
1.4553003
1.4337848
1.4571289
1.4315671
1.3951743
1.4584136
1.3976666
1.4560331
1.4393058
1.428143
1.4530786
1.4185952
1.4704113
1.45304
1.467436
1.3749175
1.419886
1.4521629
1.4783354
1.4625186
1.431615
1.4214401
1.4243951
1.4335229
1.4784497
1.4606233
1.4571216
1.4130987
1.4519434
1.460327
1.4281195
1.5269469
1.4542826
1.4607048
1.4498103
1.4416934
1.4609251
1.448366
1.452821
1.4414753
1.4373964
1.4738333
1.4474112
1.4253309
1.440332
1.4694285
1.4748125
1.4923885
1.4267675
1.4257375
1.3944366
1.4348464
1.4584484
1.4450678
1.4645013
1.451302
1.4386896
1.4408438
1.4405444
1.475657
1.4760928
1.4311556
1.4765918
1.4212743
1.4257
1.4619184
1.4412912
1.4213313
1.4136531
1.4321237
1.4354978
1.4809197
1.4661673
1.4514315
1.4409288
1.4588901
1.439342
1.4413608
1.4246609
1.4571427
1.436125
1.4374791
1.4432596
1.4682425
1.4926416
1.4863117
1.4952617
1.5008707
1.4660972
1.4555742
1.4050324
1.4285815
1.4712706
1.4840266
1.4082892
1.449636
1.4737849
1.4518633
1.4089737
1.4385611
1.4240556
1.4334676
1.4616807
1.4934012
1.4488345
1.4429173
1.4872782
1.4353851
1.43691
1.4844263
1.3979955
1.4768298
1.4459066
1.4662149
1.4170803
1.4484211
1.4480733
1.4525675
1.4409198
1.4384159
1.449066
1.4837661
1.4919475
1.4250623
1.4438623
1.4220715
1.4559644
1.4655904
1.4908063
1.4665061
1.4646082
1.438924
1.4587407
1.4746732
1.4729354
1.4353297
1.4638131
1.4425641
1.4356829
1.4371603
1.4596406
1.4461387
1.4538952
1.4417001
1.497482
1.4558768
1.4212402
1.4987785
1.4840424
1.4177517
1.4272076
1.4738001
1.4158583
1.412631
1.4621065
1.4599422
1.4126216
1.4116384
1.4213141
1.4283352
1.4657475
1.4476463
1.4444176
1.4380553
1.4159324
1.4751662
1.4196727
1.4393758
1.4138212
1.4845508
1.4126816
1.4225763
1.4424604
1.4242487
1.4387813
1.4372545
1.4588522
1.4452336
1.4596556
1.4458213
1.4141123
1.424734
1.455318
1.4395304
1.4445596
1.4718095
1.4963584
1.4191338
1.4093332
1.4377364
1.4478766
1.4177476
1.4345381
1.4504343
1.4802624
1.4265329
1.4203335
1.4910963
1.4374176
1.3923358
1.425246
1.4157591
1.4267277
1.429149
1.4290125
1.4601054
1.4201651
1.4722668
1.4323609
1.4186203
1.4495703
1.4616678
1.4491278
1.4403021
1.4426166
1.4407407
1.4511236
1.4240429
1.4467391
1.4631226
1.4658397
1.4390508
1.4395418
1.4307817
1.5033082
1.4613905
1.4604287
1.4828293
1.4329205
1.4750345
1.4182245
1.4007903
1.4725808
1.4611996
1.4763718
1.4158506
1.4374641
1.4956292
1.4441462
1.419134
1.405352
1.4624795

1.4543707
1.4136978
1.444093
1.4593662
1.4655614
1.4185389
1.4124856
1.4181173
1.4247366
1.4347364
1.4170872
1.4130502
1.4291995
1.4533658
1.4546453
1.4426799
1.4379728
1.4246924
1.420519
1.424832
1.4191757
1.4240351
1.4528017
1.4279674
1.4274741
1.4744537
1.4375566
1.4216099
1.448096
1.419511
1.4490763
1.434867
1.4176217
1.4226726
1.457002
1.4425437
1.3976445
1.4129653
1.4136533
1.3909912
1.4298298
1.4822196
1.4225274
1.4224232
1.464733
1.4390382
1.3896353
1.4226676
1.4070319
1.4204012
1.425715
1.4197366
1.4348156
1.4512041
1.4409684
1.4027497
1.424497
1.4557714
1.4283524
1.4516467
1.39416
1.4151165
1.4356638
1.46379
1.4260031
1.442547
1.4406458
1.4209166
1.467667
1.4466244
1.4059576
1.430578
1.4459568
1.4073894
1.393109
1.4240528
1.4427648
1.4278251
1.437633
1.4086039
1.4211149
1.4298232
1.449578
1.4228184
1.4426401
1.421986
1.4354124
1.4333177
1.4351677
1.4285634
1.4579433
1.4263006
1.4312067
1.4496505
1.4435687
1.4681029
1.4024843
1.423849
1.4190335
1.4304005
1.4188746
1.442478
1.4615738
1.4332644
1.4273162
1.405699
1.413097
1.4181532
1.4248948
1.4720788
1.4149579
1.4241267
1.415648
1.4276313
1.4544562
1.4326453
1.414503
1.4409404
1.4329997
1.4575688
1.4290496
1.4150195
1.4307245
1.4471686
1.4287248
1.4537153
1.4298
1.4294287
1.4431174
1.4154681
1.4135635
1.4545524
1.4087632
1.4342663
1.4622948
1.4432898
1.4358176
1.442768
1.4282477
1.4119688
1.4309837
1.4313898
1.4249543
1.4678156
1.4548105
1.452959
1.4105558
1.425903
1.3893905
1.4350393
1.4406711
1.4620744
1.4376827
1.4563738
1.4199606
1.3998033
1.4475697
1.4034553
1.4457161
1.4418973
1.4642704
1.4385386
1.4102355
1.4241745
1.4548063
1.4280455
1.4395286
1.4453155
1.3918581
1.4222881
1.4652936
1.4144628
1.4200723
1.4103864
1.435292
1.4291334
1.4504635
1.4063464
1.4425962
1.4120524
1.4028597
1.4049383
1.4193876
1.4138839
1.4318703
1.4495343
1.4594427
1.424201
1.4252044
1.4235146
1.4385469
1.453612
1.4099674
1.4088508
1.4230783
1.4396796
1.4199005
1.4426762
1.4089106
1.4111885
1.4011382
1.4028322
1.4127024
1.4311522
1.4241745
1.4221554
1.4247909
1.4335865
1.4360554
1.3970395
1.4337885
1.4246697
1.4533254
1.4412633
1.4305965
1.4312015
1.4294362
1.4255655
1.4379727
1.4508716
1.4168197
1.4057472
1.4632729
1.4162953
1.4043707
1.4123793
1.4173352
1.4411147
1.4492885
1.4341553
1.4163358
1.4433358
1.4144825
1.4257286
1.4066436
1.397661
1.4369184
1.4363083
1.4318436
1.4451379
1.4450688
1.4160527
1.4140985
1.4314042
1.4178349
1.442906
1.4250343
1.4325181
1.4286975
1.4310694
1.44183
1.4258884
1.4315475
1.4144741
1.4569421
1.4190688
1.4361289
1.4187269
1.4518416
1.4434683
1.446165
1.4241503
1.4435276
1.430661
1.4326099
1.4414164
1.4136645
1.410324
1.4233055
1.4393401
1.4334579
1.4323837
1.4208409
1.393685
1.4251152
1.4176952
1.3989719
1.4322702
1.4382211
1.4169067
1.455642
1.4203752
1.4036181
1.4296694
1.4354346
1.4435617
1.4047537
1.4079592
1.4457632
1.4112617
1.4213641
1.4330194
1.4340563
1.4510915
1.4348483
1.421618
1.4285363
1.464592
1.4549347
1.4542602
1.4406291
1.4341191
1.444304
1.3866206
1.4257367
1.4274203
1.4663355
1.4566628
1.4252735
1.4285315
1.433202
1.4307528
1.4304072
1.4342372
1.4371794
1.4245292
1.4304109
1.4103146
1.395495
1.4361973
1.4204483
1.4372983
1.429565
1.4170225
1.4299066
1.4157753
1.4577172
1.4112709
1.4447125
1.4459718
1.4272431
1.404499
1.4569135
1.4401582
1.443404
1.43076
1.4162394
1.4529605
1.4330899
1.4155573
1.4257584
1.4432586
1.4403195
1.4061434
1.410034
1.4511671
1.4242721
1.4165761
1.4093829
1.433235
1.459423
1.4470998
1.423119
1.4324373
1.4138484
1.4505459
1.4457628
1.3906937
1.4182603
1.4264072
1.4331954
1.4166223
1.4435437
1.4138042
1.4636176
1.4213862
1.4511801
1.4094543
1.4024842
1.4538369
1.4287438
1.4266288
1.460478
1.4285811
1.4270344
1.4125577
1.4272326
1.4542259
1.4436367
1.4475265
1.4178455
1.4268454
1.4552022
1.4480599
1.4624454
1.4691585
1.4400432
1.4345392
1.4286335
1.4214445
1.4122623
1.4172225
1.4246038
1.4512571
1.4433664
1.4219664
1.4322767
1.4434747
1.4568479
1.4184301
1.4283149
1.4410287
1.4411733
1.4318559
1.4096175
1.396154
1.4488306
1.4373827
1.4122609
1.4405304
1.4388738
1.4231194
1.4370669
1.4320335
1.4060479
1.4194262
1.4104763
1.4019674
1.4191293
1.4433405
1.441216
1.4437106
1.4608831
1.4348993
1.4015294
1.4327908
1.421406
1.3983018
1.4415294
1.4376932
1.4613794
1.423886
1.456004
1.408403
1.4513446
1.4483613
1.4174131
1.4709281
1.435419
1.4518157
1.4207482
1.4157863
1.424283
1.4480909
1.4463652
1.4255592
1.442402
1.4072938
1.3903462
1.40637
1.4605688
1.4349492
1.409487
1.4265304
1.434115
1.4369961
1.4181367
1.421136
1.4361218
1.4327352
1.4345856
1.4062631
1.4196864
1.4392183
1.4246855
1.4143323
1.4441869
1.4534597
1.4338902
1.4465946
1.4260802
1.4085121
1.4238194
1.469518
1.4532399
1.4221662
1.4149512
1.4280634
1.4543695
1.4189051
1.4481555
1.4313351
1.4600083
1.4343172
1.4268761
1.4455464
1.4018333
1.4476967
1.4254239
1.4573541
1.423093
1.4239894
1.429979
1.4708704
1.4802054
1.4207668
1.4452411
1.4387164
1.4335388
1.408842
1.4216996
1.4201353
1.4035796
1.4365196
1.4262185
1.4168807
1.4503319
1.3886569
1.4201243
1.4371401
1.4613506
1.3948785

1.4173714
1.4231008
1.4120845
1.4543277
1.4191726
1.4223099
1.4490995
1.4270339
1.4097712
1.4154246
1.4402642
1.4434103
1.414734
1.3961812
1.4349225
1.4047706
1.4373595
1.4208881
1.4294026
1.4399323
1.4320996
1.415517
1.4386805
1.4386134
1.4380548
1.3938227
1.4343752
1.4442085
1.4236668
1.4120083
1.4115434
1.422969
1.4422781
1.4271648
1.4273938
1.4668777
1.4159116
1.4307281
1.404978
1.4177654
1.4000609
1.4325083
1.4510761
1.4091573
1.4047841
1.4307691
1.4106511
1.4568214
1.4191191
1.4074432
1.4161934
1.4302741
1.4404845
1.4247695
1.421814
1.4416798
1.4444218
1.4600115
1.4130192
1.3972344
1.4218699
1.4143723
1.4414518
1.428115
1.402488
1.4180148
1.4178954
1.4223374
1.4504168
1.4548895
1.4339198
1.4255066
1.4135263
1.4116095
1.4473861
1.4232832
1.4391174
1.417512
1.3888136
1.4249179
1.419256
1.4154903
1.4330188
1.4286007
1.434708
1.4245037
1.4241403
1.428864
1.4523495
1.4334658
1.4286315
1.4269735
1.4578834
1.4196364
1.4345502
1.422969
1.4287857
1.434353
1.4102719
1.4045067
1.4014494
1.4064466
1.4365833
1.4633274
1.413154
1.4128457
1.4380821
1.419669
1.427172
1.470555
1.4548172
1.4268683
1.432726
1.46027
1.4253719
1.4210528
1.4066359
1.4448428
1.4447848
1.434083
1.4343661
1.4431467
1.4541148
1.438961
1.4271969
1.4650052
1.4792712
1.4220878
1.4177238
1.4164186
1.4328933
1.4086239
1.4361658
1.4397522
1.429064
1.4129826
1.4381957
1.4200968
1.4705008
1.4328125
1.4279733
1.4379358
1.4608343
1.4425285
1.4089175
1.4339
1.4428874
1.4444366
1.4695355
1.4405338
1.4317186
1.4057509
1.4311694
1.4202282
1.4164209
1.4335046
1.3945165
1.4024969
1.407584
1.4259565
1.4152286
1.4122397
1.4494773
1.4436955
1.3834124
1.4226528
1.4331102
1.4421545
1.4379219
1.4086044
1.4045479
1.4272536
1.4214692
1.4100407
1.4453942
1.4168608
1.4236981
1.422603
1.4250746
1.4138486
1.4347827
1.4019805
1.4345804
1.4274572
1.4277232
1.4396272
1.4332272
1.4458905
1.441197
1.4326972
1.409593
1.4298854
1.4266104
1.4540452
1.4084845
1.4037318
1.4274002
1.4258753
1.4442992
1.4335417
1.4273818
1.4481213
1.4135116
1.4393595
1.4264116
1.3936912
1.4264342
1.4011781
1.4341809
1.4323643
1.4120681
1.439698
1.4195236
1.4246956
1.4485149
1.410403
1.4343691
1.4360669
1.4266429
1.4345666
1.4586992
1.4211292
1.4390081
1.4124126
1.4434395
1.4288876
1.4473988
1.4222615
1.440139
1.4500066
1.429158
1.386907
1.443628
1.3976868
1.4279839
1.4272819
1.403594
1.4412235
1.4227047
1.4394244
1.4251055
1.4028347
1.4319012
1.422205
1.3953913
1.4407345
1.4567089
1.4537377
1.4277344
1.4362749
1.419506
1.435499
1.443239
1.401919
1.4256328
1.3947982
1.4133034
1.452989
1.3757637
1.4035407
1.4155027
1.4462014
1.438132
1.4368815
1.4175985
1.4368119
1.4320487
1.3904752
1.4511685
1.4303082
1.4163476
1.4726238
1.4330544
1.4378867
1.4158255
1.4511849
1.4291388
1.4138445
1.4352136
1.4114145
1.3931245
1.4353286
1.4288726
1.4386755
1.4196184
1.4043255
1.3865844
1.437594
1.4283057
1.4348971
1.4257088
1.4550171
1.3969557
1.4490081
1.4138842
1.4316789
1.4175835
1.4452296
1.421321
1.4014615
1.4299464
1.4325485
1.4569302
1.4148623
1.4377182
1.4308698
1.4189253
1.4442147
1.4720788
1.4496757
1.4272486
1.4132801
1.464092
1.4215482
1.4388947
1.4585267
1.4407535
1.4486026
1.4219257
1.422595
1.4348323
1.41817
1.4147766
1.4015039
1.4291822
1.4599063
1.4398931
1.4527628
1.4347984
1.4468055
1.4265323
1.4085054
1.4517303
1.4621838
1.416656
1.4277588
1.4327339
1.4477249
1.4070461
1.4457879
1.442362
1.4321573
1.4346812
1.3918041
1.4020195
1.4325542
1.455541
1.4186151
1.4245373
1.3970337
1.4323466
1.4431316
1.3952712
1.4187098
1.4170936
1.4317384
1.4256294
1.4167663
1.4528128
1.4094998
1.442873
1.4496787
1.4177325
1.38432
1.4090617
1.4202635
1.4430834
1.3952194
1.4004959
1.4409057
1.4165843
1.4179672
1.445636
1.4298515
1.4357098
1.4403274
1.4164721
1.4632984
1.4074475
1.441805
1.4551553
1.4345073
1.4494816
1.4403908
1.4376222
1.4294679
1.4442937
1.4446288
1.4629806
1.4415768
1.4360747
1.4402791
1.4296287
1.4215584
1.4274526
1.4290493
1.4219533
1.387119
1.430391
1.4624075
1.4611909
1.4219025
1.4366724
1.4119793
1.4259408
1.4293628
1.437152
1.4137425
1.4169897
1.4038182
1.4594607
1.42399
1.4264138
1.4373655
1.4297869
1.4102305
1.4528081
1.4526712
1.4215274
1.4122617
1.4113711
1.4193133
1.442787
1.4466445
1.4202148
1.4324974
1.4246742
1.448102
1.4221305
1.4316255
1.406409
1.4294746
1.463944
1.4212672
1.4239327
1.4228438
1.4197937
1.4205066
1.4229157
1.4264168
1.4174501
1.4569753
1.4263827
1.4226987
1.4177895
1.4330198
1.4289068
1.4314544
1.4166952
1.4267997
1.4270452
1.4238663
1.4227973
1.4202341
1.4505544
1.4017445
1.4446865
1.4476048
1.4304913
1.4495561
1.406668
1.4435288
1.4330783
1.4465181
1.4399558
1.42701
1.4127538
1.4486032
1.4091994
1.4473562
1.4529908
1.4302778
1.415991
1.4685892
1.4378085
1.4259377
1.4193103
1.4192249
1.4048389
1.4457161
1.444279
1.3961027
1.4143767
1.412861
1.4197205
1.4473468
1.4317923
1.4218767
1.4181274
1.4141463
1.40464
1.4043503
1.4216462
1.4283985
1.4280773
1.4458319
1.44283
1.4113929
1.4446529
1.4314443
1.4035387
1.4223708
1.4578857
1.4385887
1.4494402
1.417277
1.431683
1.4126424
1.408156
1.4166216
1.3943964
1.4054656

1.9264132
1.8487824
1.8654033
1.815348
1.8814715
1.8453995
1.8979037
1.8724223
1.8534288
1.8154956

