0.063593745
0.07810032
0.02394259
0.0004708767
0.023329377
0.0050530434
0.089909434
0.016720176
-0.006300211
0.030952573
0.26489365
0.025294423
0.06409013
-0.01397562
0.04336655
0.021562219
0.02957511
0.04328525
0.07299459
0.04721296
0.12824118
0.045208097
0.040216327
0.015939355
0.0039248466
0.03345239
0.0072699785
0.027741194
0.0692997
0.16108239
0.0944159
0.14203691
0.04432404
0.013905883
0.10033107
-0.007596731
-0.023588657
0.047514796
-0.0141916275
0.060370207
0.04532218
0.070483446
0.0029655695
0.04196489
0.05684662
0.004570365
0.0015053749
0.0483886
0.04253888
0.014698625
0.063975215
0.035867095
0.007687688
0.004894018
0.05039525
0.038748384
0.043308616
0.02331376
0.04042363
0.034514785
0.033246875
0.018271685
0.03715396
0.06383097
-0.0027621984
0.016159296
0.020687103
0.054388285
0.03711319
0.013434529
0.10302961
0.04534161
0.03886807
0.038853526
0.025356293
0.072963595
0.06362486
0.059316516
0.0498451
0.029684663
0.07960796
0.037862897
0.007642746
0.062491775
0.013876915
0.018016338
0.008828759
0.04743731
0.07262492
0.037364602
0.042201757
0.08690715
0.03430128
0.059293985
0.092170715
0.06598747
0.037647605
0.05621302
0.018443584
0.033432364
0.14552152
0.0020998716
0.03767228
0.055230737
-0.0050780773
0.0148586035
0.021387815
0.017905116
0.061154842
0.20305383
0.005430579
0.012252808
0.012906194
0.007946014
0.017431855
0.08332753
0.04399848
-0.0012705326
0.032758832
0.1051811
0.03827119
0.06838477
0.048267722
0.025619864
0.0051959753
0.035875082
0.0626868
0.0066792965
0.007969737
-0.0012341738
0.05087936
0.05706346
0.021704555
0.0031493902
-0.009988546
0.03243661
0.068406105
-0.0079267025
0.035646677
0.06550515
0.009320974
0.08157253
0.055529
0.03626275
0.02626443
0.038903594
0.05778551
0.037195444
0.05668533
0.07730365
0.020829678
0.028253794
0.044199705
0.05441606
-0.0070738792
0.018252015
0.009760141
0.034049273
0.056966424
0.04971385
0.04508245
0.02952528
0.04215169
0.022436619
0.022647738
0.014266491
-0.005777478
-0.010372758
0.083186746
0.081645966
0.017399311
0.0418669
0.033988953
0.11963284
0.06518471
0.08681548
0.030708075
0.1789639
0.029658437
-0.0021842718
0.07606542
0.03594625
0.023624301
0.06552422
0.022857666
0.024971485
0.0289402
0.041843057
0.03791797
0.028910637
0.017673373
0.01020515
0.14786768
0.030264974
0.10079694
0.10416341
0.025984645
0.054427743
0.030159473
0.050614715
0.015925765
0.057311654
0.016361713
0.052342057
0.009839654
0.07701278
0.03698802
0.04248786
0.06014681
0.07960558
0.013038397
0.05553186
0.048718095
0.04866898
0.06448674
-0.0011072159
0.05610144
-0.0059022903
0.042621613
0.08490467
0.008848429
0.009885192
0.03132379
0.0142121315
0.024776101
0.073467016
0.018295765
0.013024688
0.068778515
0.031821728
0.048274636
0.034080744
0.03610611
0.00259614
0.05188501
0.018097758
0.082246184
0.134776
0.014001489
0.097177505
0.049315214
0.036131024
0.05806732
0.032427073
0.017979741
0.032190204
0.055941343
0.11483657
0.02231288
0.08929443
0.03588319
0.064724445
0.080043435
0.07528663
0.023717046
0.035827756
0.068086624
0.029405951
0.109899044
0.039928198
0.034976125
0.037348866
0.081392765
0.0708673
0.040746927
0.09785557
0.0334512
0.03158641
0.05743885
0.03433335
0.033144712
0.030363679
0.08696067
-0.00859797
0.07449937
0.009183764
0.055524588
0.043013096
0.10988045
0.035341978
-0.0015451908
0.043764114
0.03304112
0.13919616
0.029854178
0.01968348
0.07683027
0.028693914
0.03984022
0.00790894
0.020645976
0.046267033
0.041652083
0.022201896
0.047647238
0.029472351
0.062278748
0.08517945
0.04005122
0.016558528
0.062580466
0.03963101
0.07325256
0.026842356
0.0036830902
0.059720278
0.0351094
0.0730114
0.079224706
-0.009780407
0.07626653
0.017456532
0.027499914
0.03377676
0.040534258
0.08380437
0.06446409
0.020274282
0.017763972
0.080860496
0.004273534
0.04050684
0.005441785
0.019510508
0.017040849
0.03485179
0.016155124
0.0042887926
0.011948347
0.038578153
-0.008187771
0.014350295
0.07347691
0.02423966
0.044936776
0.018554688
0.014693618
0.05499351
0.04593706
0.032286763
0.04590559
0.08211374
0.03995657
0.074214935
0.05216348
0.009697795
0.02155757
0.00090396404
0.08459592
0.030834436
0.050116062
0.015936255
0.014784217
0.12680972
0.03837335
0.08114612
-0.008074164
0.07288301
-0.019534945
0.014121175
0.05979812
0.053417444
0.05093074
0.0422374
0.035193563
0.036477804
0.04787159
0.10045469
0.05234456
0.06815815
0.038734913
0.029692054
0.05836487
0.09338641
0.04188299
0.06461656
0.0344944
0.05170381
0.011648655
0.01316905
0.015111089
0.15921164
0.0823288
0.052708745
-0.00462234
-0.00042891502
0.051374793
0.012764573
0.099933624
0.07423818
0.024321437
0.021503806
0.009407282
-0.002272725
0.033729672
0.025400996
0.017845869
0.034940243
0.003614068
0.18207753
0.023019195
0.011239171
0.0072255135
0.06913173
0.03348708
0.08938253
0.08363736
0.012307763
0.030455828
0.01932609
0.007907748
0.042438388
0.039855123
0.007728219
0.017537355
0.022779107
0.06416905
0.031873584
0.020280123
0.07225704
0.01685834
0.035788417
0.0371629
0.0007351637
0.043633223
0.02215755
0.029753685
0.089252114
0.015880823
0.022600055
0.027291417
0.032824993
0.0021241903
0.045233727
0.04931867
0.01579523
0.030839324
0.10007751
0.070048094
0.05265987
0.00034332275
0.04419434
0.0377872
0.034417987
0.06867969
0.016107082
0.0049067736
0.03594351
0.09983897
0.030126572
0.016039252
0.04197979
0.038842916
0.04085982
0.024175763
0.107138395
0.033175945
0.0408473
0.0026870966
0.080061436
0.00873971
0.020614743
0.014105916
0.028747797
-0.0008240938
0.036507964
0.021776676
0.026178122
0.028527856
0.043156862
0.012506366
0.01591885
0.113117814
0.004437208
0.051882267
0.070628285
0.030955195
0.055316687
0.0059964657
0.06146443
0.041264057
0.014932871
0.054920197
0.016181588
0.047621727
0.01650989
0.041645885
0.03382826
0.049310803
0.07740104
0.096835375
0.010330796
0.0081682205
0.052564144
0.01675284
0.040207148
0.028051376
0.017665744
0.10921514
0.024876118
0.017493129
0.038191676
0.021445632
0.017464995
0.035863876
0.40004075
0.057764888
0.020151377
0.016652822
0.09882772
0.024316072
0.042462826
0.046289444
0.017871737
0.027213216
0.034339547
0.03554821
0.15701962
0.06679082
0.09036636
0.023333192
0.04704106
-0.0047734976
0.09716594
0.009282351
0.017549276
0.0005207062
0.0069202185
0.0452348
0.047060966
0.025181651
0.029299974
0.042264104
0.17865145
0.058647275
0.028996468
0.016313672
0.1431979
0.03222561
0.30750287
0.022239447
0.09758806
0.053950667
0.063810945
0.022037864
0.009500265
0.045990586
0.113965034
0.0059171915
0.00827539
0.0066432953
0.007842898
0.07937181
0.07340431
0.08286059
0.0072050095
0.01382041
0.035029054
0.29529107
0.016056418
0.051881075
0.029472351
0.08158362
0.04758823
0.0026892424
-0.0024385452
0.028010607
0.022926211
0.033772588
0.0366956
0.013311863
0.024038434
0.042345047
0.033342123
0.003725171
0.36614072
0.05896914
0.06762457
0.098296046
0.08549082
0.07313883
0.013134599
0.10972142
0.07840085
0.010722876
0.009209275
0.009311676
0.14801884
0.07006693
0.11890006
0.07435429
0.025387526
0.083741784
0.040180683
0.055734634
0.009736657
0.057376742
0.03383231
0.088201046
0.021372795
0.023206592
0.03232515
0.027689695
0.031670213
0.030626655
0.001367569
0.0023306608
0.013179541
0.0679754
0.10875869
0.009104967
0.070371985
0.044896483
0.0038506985
0.018358111
0.06277835
0.05173552
0.013955355
0.07771993
0.013544202
0.019318104
0.081949234
0.026965976
0.06181574
0.040305257
0.013118267
0.05431497
0.046852827
-0.006203294
0.014517307
0.06818259
0.04144156
0.008231521
0.034855366
0.010209084
0.08336294
0.035357594
0.022056103
0.08028817
0.090345144
0.04408121
0.034887195
0.006678462
0.03838682
0.020977736
0.0109654665
0.0030190945
0.013257265
0.019016862
0.010026932
0.04385686
0.059939504
0.023794055
0.04275179
0.14082336
0.0860033
0.02520144
0.15806913
0.03343284
0.00071167946
0.023274899
0.030311704
0.027067423
0.01889956
0.15244019
-0.008841038
0.032375216
0.06477368
0.0485785
0.024030447
0.100117445
0.0030510426
0.007704258
0.04053533
0.01976502
0.016027093
0.0736016
0.09538984
0.007864833
0.015479565
0.0142970085
0.0807513
0.07672417
0.012593865
0.015959024
0.09137213
0.039638996
0.04292977
0.16558945
0.05086577
0.013489246
0.053652167
0.02009666
-0.0059996843
0.020799637
0.030657172
0.00047707558
0.014683604
0.033479333
0.0036923885
0.020941138
0.053115845
-0.008065462
0.04384041
0.071296215
0.08015478
0.03827691
0.002326727
0.021130085
0.011093497
0.042944193
0.013654113
0.022992253
0.028664708
0.043968678
0.00846076
0.001996398
0.05380416
0.073548675
0.021530509
0.011553407
0.15927708
0.04543054
0.012773514
0.04235947
0.041693807
0.051940322
0.04494059
0.070277095
0.11638057
0.05231321
0.09136236
0.022399187
0.19622123
0.02660501
-0.00058341026
0.014061332
0.023896933
0.036010623
0.0065335035
0.015451312
0.04880047
0.042408586
0.0027569532
0.09489155
0.013094425
0.009197712
0.028826237
0.05149567
0.042812467
0.015835285
0.03267145
0.105692506
-0.009786367
-0.011973739
0.08367932
0.06512153
0.03786373
0.044050336
0.022549868
0.028463364
0.04751587
0.06643689
0.00025200844
0.014682412
0.037956
0.032823086
0.018698454
0.02023542
0.028920889
0.07018864
0.028673172
0.008803844
0.017374635
0.06883979
0.052298546
0.015579224
0.021912813
0.025181293
0.010212183
0.022597313
0.02110076
0.022374153
0.0033078194
0.060462594
0.023720145
0.13689494
0.013529897
-0.003841281
0.07696307
0.03123486
0.07308102
0.027280807
0.010010719
0.03347659
0.003853321
0.022446275
0.043486953
0.09220147
0.08042097
0.03854859
0.02489376
0.04102707
0.015732646
0.010137081
0.046316385
0.03134966
0.0665462
0.046954393
0.12470472
0.03623128
0.07750714
0.052170753
0.020051718
0.009032488
0.030261755
0.11443293
0.03295338
0.03524232
0.08801758
0.030394673
0.11305416
0.03291583
0.044885874
0.028349519
0.06799555
0.014190435
0.03215909
0.16045725
0.028183222
0.06530774
0.020893812
0.043174148
0.0127642155
0.04096532
0.02796197
0.020432591
0.031232119
0.0065966845
0.057955384
0.06485224
0.05418408
0.005011201
0.10416031
0.030556083
0.026320696
0.033234954
0.039441347
0.0029569864
0.023645759
0.017928958
0.02901125
0.08473146
0.0325495
0.05599761
0.050364494
0.023126125
0.11051452
0.031056404
0.060123086
0.021062016
0.038390636
0.018862247
0.040615678
0.13482046
0.056462646
0.013890505
0.031729817
0.024059772
0.026389718
0.11944401
0.015459895
0.024901867
0.03734374
0.027176023
0.035631776
0.059004188
0.08005226
0.04340899
0.03967333
0.016783118
0.039450645
0.020062208
0.0458529
0.008299708
0.032800436
0.07486606
0.017999053
0.064116836
0.02040708
0.018672347
0.018402815
0.034956098
0.048443317
0.00040256977
0.045585394
0.02729261
0.029811978
0.040742874
0.04573083
0.014704704
0.103143215
0.013093114
0.017282248
0.11281204
0.014437437
0.004802704
0.040570974
0.015275836
0.104303956
0.030055285
0.01728046
0.025418282
0.023005843
0.047656894
0.06733775
0.022733092
0.017455697
0.018501997
0.05566144
0.07146442
0.030423522
0.010450959
0.024047494
-0.0017808676
0.01837194
0.036686778
0.051164746
0.02167797
0.031233788
0.05471897
0.069440484
-0.017961144
0.07420993
0.07898533
0.06591833
0.052630305
0.04520428
0.031107545
0.034221172
0.07201743
0.16752946
0.055666924
0.018555403
0.024107337
0.07768607
0.14276767
0.067168
0.012993455
0.0046283007
0.015900612
0.05552554
0.06911063
0.015282869
0.052238464
0.10790491
0.047760725
0.01903975
0.0017453432
0.0340147
0.060220838
0.051766157
0.043136954
0.03963554
0.0046328306
0.043672442
0.018474102
0.0059833527
-0.020034075
0.0009834766
0.04174316
0.05860865
0.05267656
0.0834496
-0.00093638897
0.053192854
0.0048292875
0.05708897
0.051051617
0.032410502
-0.0008279085
0.026816487
0.09279716
0.012635827
-0.008304834
0.06104088
0.024778128
0.013481021
-0.001967311
0.04342532
0.06637442
0.026648164
0.02060318
0.05715525
0.065080166
0.069599986
0.037516117
0.054541707
0.05059886
0.09978819
0.046692252
0.04234922
0.07793164
0.030053496
0.033765078
0.044770718
0.049999952
0.0112656355
0.024169803
0.039221764
0.024513721
0.0021659136
0.021502495
0.0462085
0.022004604
0.056005955
0.059340596
0.03720379
-0.029226065
0.0339067
0.017712831
0.00019025803
0.04496622
0.014125943

1.4877716
1.6490045
2.0695717
2.2081168
2.0794377
2.0868406
1.6426291
2.0154617
2.064344
2.3004162

