1.6291327
1.5248832
1.6074238
1.374644
1.4581889
1.3040849
1.4657965
1.4773412
1.1135794
1.5108663
1.521947
1.289655
0.9960299
1.9534732
1.3081762
1.8848834
1.480187
1.5922712
1.8346823
1.2900624
1.2146329
1.0640736
1.5097548
1.6029
1.5627284
1.4766755
1.6896553
2.1474018
1.6382215
1.377469
1.7130017
1.5241802
0.9283923
1.3044769
1.6424992
1.4307555
1.4665284
1.3354676
1.0713671
1.4736861
1.8628808
1.2776859
1.5812505
1.5479392
1.092698
1.5510308
1.5963895
1.6012533
1.4322389
1.5099931
1.3562232
1.4624822
1.4614816
1.5412645
1.29304
1.9584633
1.1967608
1.4522036
1.6131938
1.6385984
2.0289547
1.284751
1.6149055
1.7187842

1.514631
1.4037719
1.440934
1.5955236
1.5401824
1.4505783
1.514396
1.4662395
1.383128
1.5555613
1.4665447
1.5186096
1.4398223
1.4206378
1.4240377
1.6498624
1.4033287
1.360083
1.4610986
1.4747636
1.3299402
1.4642766
1.3506086
1.5118562
1.4685143
1.4788378
1.4998513
1.5016257
1.4089282
1.4439363
1.4864922
1.4442695
1.5925447
1.6964562
1.4769539
1.5023565
1.3705219
1.5363668
1.4649502
1.4167367
1.4462655
1.4921757
1.5453986
1.4867042
1.4460245
1.6660217
1.3992186
1.5870405
1.4800112
1.5680662
1.4058386
1.5375764
1.453091
1.5011652
1.5524639
1.5109085
1.5219185
1.4017763
1.4325724
1.3565264
1.556995
1.6297557
1.4713002
1.4377491

1.434694
1.483682
1.4296275
1.393965
1.3608724
1.4543082
1.473002
1.3658704
1.3513994
1.4600664
1.5080426
1.5154074
1.4014139
1.4437273
1.367529
1.48451
1.3501498
1.4417233
1.377091
1.4553144
1.4866802
1.5095319
1.4445527
1.4715166
1.4190848
1.509876
1.4140127
1.4530206
1.5139326
1.5082628
1.4886304
1.4619735
1.5242466
1.5596555
1.402275
1.3233738
1.3383483
1.4002815
1.4448311
1.4101344
1.4198121
1.5043235
1.485851
1.4287491
1.5111194
1.387665
1.4755471
1.4754208
1.51638
1.4129016
1.3752854
1.481601
1.5029502
1.4261222
1.3991666
1.383918
1.4568894
1.5722611
1.6267185
1.4657912
1.4446725
1.4228454
1.4289603
1.4442503
1.4820113
1.4038599
1.4232998
1.4411474
1.4587451
1.4566593
1.562637
1.490876
1.4942589
1.4981006
1.531194
1.5082619
1.3785875
1.454162
1.4879925
1.4718955
1.4477949
1.4963927
1.380303
1.3816687
1.4293772
1.4640199
1.5127771
1.469467
1.450848
1.401092
1.4314749
1.4652009
1.5648361
1.5306189
1.5663838
1.4632673
1.4085982
1.3719085
1.321967
1.435105
1.4875224
1.4487815
1.4634647
1.4947697
1.4442031
1.467459
1.4099324
1.4622705
1.4902583
1.4393009
1.4502865
1.4667864
1.3641607
1.4272121
1.4203188
1.4150214
1.4661087
1.477199
1.4768705
1.4035505
1.4131836
1.5113908
1.4408833
1.4245373
1.4913436
1.4022301
1.4446257
1.4610757

1.4321748
1.3801732
1.4367845
1.5201907
1.3934776
1.4041183
1.4938195
1.4207383
1.4376181
1.452672
1.5226438
1.4921284
1.472173
1.4779589
1.3979753
1.3639684
1.4782026
1.3895614
1.4243219
1.4029517
1.4657378
1.413266
1.4114192
1.5461055
1.4117484
1.4273797
1.4641036
1.4721005
1.4488773
1.4389358
1.3902366
1.4737061
1.5310519
1.4406476
1.460759
1.4037639
1.3942143
1.4286424
1.4852611
1.4148754
1.4386818
1.425765
1.4592242
1.4882975
1.4389398
1.4498831
1.5574994
1.4558691
1.5407546
1.4552727
1.4800142
1.5040958
1.4363606
1.4543512
1.4286734
1.4487848
1.3818018
1.4602501
1.4942346
1.458029
1.4945339
1.5022435
1.5988643
1.5239418
1.4966378
1.4633037
1.4722539
1.5060459
1.3893324
1.38818
1.4718926
1.5118924
1.5510842
1.4453928
1.5004765
1.4620419
1.4471794
1.421468
1.4756321
1.3906596
1.3920614
1.4233502
1.404393
1.5199771
1.4494991
1.4419049
1.4295971
1.4867717
1.388502
1.4664627
1.4136648
1.4688982
1.4453382
1.4838438
1.4220613
1.408345
1.4540712
1.4202666
1.428789
1.4369829
1.435643
1.3789866
1.4736476
1.3969281
1.4246533
1.4547735
1.4752076
1.4634441
1.4871473
1.4085476
1.4588916
1.4554433
1.3842647
1.3773957
1.507137
1.5236694
1.4516709
1.3835485
1.4910984
1.5153322
1.3780797
1.4313399
1.3943883
1.4524392
1.4310458
1.5007806
1.4372547
1.4577719

1.4379604
1.4646052
1.4533619
1.4788967
1.443517
1.4374404
1.4483147
1.437981
1.4649254
1.4403942
1.4324951
1.4774992
1.364663
1.4730889
1.4104509
1.4311714
1.4489836
1.4717913
1.4945937
1.4328264
1.3927755
1.4307586
1.4227208
1.4004959
1.4464397
1.4536065
1.3803643
1.4672999
1.4397746
1.3964279
1.4306061
1.4929191
1.4994197
1.4250138
1.4013149
1.4463967
1.4747775
1.3939753
1.4921024
1.443557
1.4871273
1.4649401
1.3853103
1.4047354
1.4572434
1.4239591
1.4391916
1.4290264
1.4012735
1.4652975
1.3854544
1.390443
1.4553101
1.4821703
1.4473398
1.4516914
1.4662199
1.3837436
1.4058443
1.3961512
1.457893
1.4282795
1.4180201
1.4171124
1.4926345
1.4659989
1.4411871
1.4118181
1.4086082
1.4013182
1.4867179
1.4227641
1.4158158
1.3423412
1.3826634
1.3687136
1.4324073
1.4338242
1.5057132
1.439113
1.3916234
1.4438258
1.4618989
1.3818209
1.4968889
1.4325258
1.3955073
1.4419606
1.4532396
1.3778678
1.394955
1.4408131
1.4268907
1.4321387
1.4171436
1.3993495
1.4361275
1.4438001
1.4040014
1.4149609
1.433601
1.4331769
1.3992815
1.4205804
1.3161105
1.4554799
1.4160806
1.4366323
1.4281714
1.3578792
1.4393259
1.455671
1.4401423
1.4176664
1.3891985
1.4383103
1.4290566
1.4196842
1.4440564
1.4472061
1.3863796
1.4157914
1.39973
1.4529098
1.4313657
1.4533242
1.4110769
1.4305725
1.4496299
1.4262937
1.4423205
1.3988843
1.414465
1.3965024
1.4733412
1.4076573
1.4295206
1.4573377
1.4106259
1.3939798
1.4024969
1.4414746
1.4793843
1.4075876
1.443526
1.4735266
1.5078744
1.4055622
1.4554664
1.478409
1.4190615
1.3631307
1.5173997
1.4232072
1.4462469
1.4587628
1.4164742
1.4376955
1.439539
1.4555452
1.4420927
1.4395341
1.4278045
1.3967551
1.4506181
1.3955857
1.382573
1.4492701
1.3938568
1.5165102
1.3584107
1.4625332
1.4670928
1.4133312
1.4591845
1.4218553
1.4843992
1.472285
1.4915948
1.4436785
1.3946985
1.4134283
1.4885828
1.4076257
1.4233081
1.4425216
1.4280888
1.4289507
1.4664797
1.4540005
1.4448316
1.4684728
1.4127165
1.422558
1.4154311
1.3978859
1.4193124
1.405086
1.388388
1.3726927
1.4205422
1.4229676
1.4062548
1.4192377
1.4367672
1.4937568
1.415203
1.4136332
1.4517889
1.5121738
1.445151
1.5166601
1.445911
1.444479
1.4316207
1.3718262
1.4157335
1.4596404
1.3857217
1.3935312
1.4544991
1.4514211
1.4620287
1.3982135
1.449527
1.465786
1.411745
1.4518318
1.47179
1.4169621
1.4563203
1.4649861
1.4311323
1.5329379
1.4406157
1.4769508
1.4412062
1.4118519
1.409159
1.421862
1.4612446
1.443541
1.4941107
1.4204727
1.3710872
1.4843405
1.413869
1.4894542
1.4122208
1.4586135
1.4717102
1.3748301
1.4170173
1.4771131
1.4601458
1.4255755

1.4075835
1.42765
1.4466757
1.452269
1.4244779
1.4278485
1.3658466
1.3951153
1.4329292
1.4064252
1.4328872
1.4518142
1.4513648
1.448137
1.4226007
1.4261235
1.3925542
1.4058934
1.423106
1.4279592
1.4229774
1.4381098
1.3994857
1.4101533
1.5125524
1.4382361
1.4057153
1.4385592
1.4424318
1.4232345
1.4886403
1.4324299
1.402058
1.4331136
1.416186
1.4071018
1.4550395
1.4372473
1.3924133
1.3900703
1.4230658
1.430681
1.4542555
1.3940691
1.4465592
1.4467342
1.4334838
1.4126998
1.4332882
1.369949
1.3879235
1.4277704
1.4101899
1.399306
1.4629563
1.4568927
1.4517342
1.4453287
1.5215126
1.4326258
1.4061233
1.4315207
1.3974768
1.4493483
1.442083
1.478162
1.3896384
1.4495194
1.4336643
1.4057866
1.4340343
1.4114449
1.431674
1.4505175
1.4489417
1.4340591
1.4172606
1.4205184
1.5002502
1.3908808
1.433848
1.3909137
1.3966215
1.4384176
1.4460331
1.4051484
1.4402087
1.453734
1.4709058
1.4248899
1.4268912
1.3992051
1.4497771
1.4461516
1.448559
1.4191394
1.4311231
1.4270743
1.4429489
1.4669573
1.4730368
1.4260666
1.448617
1.4680903
1.4406023
1.44197
1.4474707
1.453414
1.4086982
1.4054002
1.5086546
1.4148877
1.4584714
1.428576
1.4447267
1.4520959
1.4204577
1.4274939
1.4250127
1.4177475
1.4247931
1.4614193
1.4129798
1.4711814
1.4373112
1.4422383
1.4252967
1.436462
1.4051434
1.4489942
1.4729525
1.4402624
1.4016149
1.4492558
1.419
1.4410902
1.4180135
1.4013871
1.3912537
1.4532399
1.4122247
1.4487315
1.4389389
1.4043232
1.3937253
1.4592655
1.423492
1.4230855
1.4276462
1.4270511
1.4220802
1.4527665
1.4944917
1.4224175
1.3983164
1.4438835
1.425758
1.4071239
1.4224739
1.4082998
1.4264582
1.4613118
1.4201807
1.4639864
1.455441
1.4162135
1.4503119
1.4102528
1.3984878
1.4060632
1.4264508
1.4431063
1.423596
1.4079896
1.4324515
1.4215143
1.3949935
1.4404726
1.4521478
1.4166136
1.4174895
1.4506918
1.419931
1.4713358
1.453945
1.4702183
1.4456128
1.4273944
1.4534808
1.440446
1.3746713
1.4239149
1.4281107
1.4379985
1.3656827
1.41427
1.42468
1.4310385
1.4009404
1.3912743
1.4720398
1.4544435
1.4259968
1.4018247
1.4206867
1.405345
1.4178331
1.4154384
1.4001439
1.3845245
1.4426875
1.4409409
1.477069
1.4054742
1.4213932
1.4485844
1.4406724
1.4332199
1.4592733
1.4554031
1.4424595
1.4593782
1.4323982
1.4135633
1.4166565
1.4263597
1.4118567
1.4200652
1.3910154
1.4372684
1.3915309
1.4299687
1.4866085
1.4452794
1.4405988
1.4390119
1.40725
1.4423364
1.4822794
1.4515809
1.4672443
1.4634874
1.4162352
1.4246519
1.4192771
1.4248433
1.4466136
1.4233958
1.4066031
1.403855
1.4168137
1.4472672
1.4217526
1.4374245
1.4234079
1.4014629

1.4710419
1.3558332
1.4513505
1.4375889
1.4332705
1.4327582
1.4363033
1.4734812
1.4274663
1.4205862
1.4202636
1.4058748
1.4331992
1.4714117
1.5009947
1.4763696
1.4668467
1.4891411
1.4225625
1.4392053
1.4506394
1.4653746
1.4297359
1.4523426
1.4774809
1.4269574
1.4757254
1.4283913
1.4131821
1.4528725
1.4219726
1.4667531
1.4722713
1.453529
1.4378891
1.396796
1.4502599
1.4250089
1.4629987
1.4292517
1.4814061
1.4448043
1.438218
1.4364429
1.4175982
1.4180857
1.4627466
1.4813244
1.4058233
1.4719684
1.4276282
1.3714613
1.4526643
1.415871
1.4654944
1.4283109
1.4214569
1.4143984
1.3925259
1.3889166
1.3983113
1.4375759
1.4344045
1.478569
1.4116466
1.4069238
1.4528797
1.4893159
1.5007746
1.4751123
1.3999653
1.4877853
1.4709762
1.4559332
1.4545608
1.4301603
1.4422197
1.4140829
1.409909
1.4075421
1.4172983
1.4003967
1.3914015
1.4006361
1.3986362
1.4247757
1.4286053
1.4145944
1.4535159
1.4265311
1.4299754
1.3767117
1.4637729
1.4131684
1.4072922
1.3962303
1.4490767
1.4239072
1.4325906
1.429787
1.423618
1.4633576
1.4077743
1.4291043
1.4672731
1.4428144
1.4682457
1.4701353
1.4275457
1.4673758
1.4603521
1.3936044
1.444063
1.4274695
1.4048932
1.4705794
1.427469
1.4306468
1.4238755
1.4129614
1.4019064
1.4295986
1.4024477
1.4401103
1.3824964
1.4785485
1.5480857
1.4028974
1.4335032
1.4229844
1.3904964
1.442782
1.4190328
1.3815674
1.4455557
1.4297109
1.4456269
1.3882316
1.3944143
1.4983284
1.4401908
1.4353637
1.4252704
1.452355
1.3973199
1.449731
1.3821986
1.4502299
1.4039402
1.4668623
1.3930624
1.4707707
1.391543
1.4405293
1.4556004
1.4467245
1.4397277
1.464196
1.4377539
1.4805741
1.4378656
1.4464841
1.4419142
1.4441592
1.4183031
1.4026136
1.4119338
1.512042
1.4355496
1.3957571
1.4193314
1.4441767
1.4203308
1.4065092
1.4412466
1.4495345
1.4245688
1.3897479
1.4254695
1.4316984
1.4607338
1.4529891
1.3840579
1.4529065
1.4177616
1.4586927
1.4082543
1.4740509
1.4426166
1.4388473
1.3884412
1.4132984
1.4059961
1.4353111
1.4308975
1.4677938
1.4122773
1.3908315
1.412956
1.4057708
1.4225509
1.3769016
1.4618795
1.4795659
1.4653175
1.4521992
1.4374107
1.4442681
1.4162192
1.4307129
1.4751662
1.4517425
1.3975859
1.4088789
1.4325198
1.442713
1.4270782
1.4107152
1.4291431
1.4974504
1.4619604
1.4882784
1.4472449
1.401719
1.4362664
1.4430246
1.4439459
1.3869594
1.4472867
1.4183801
1.4416223
1.4220252
1.4544445
1.4724227
1.4330242
1.4618407
1.4219348
1.4151618
1.4715345
1.4052215
1.4541595
1.4081829
1.4605285
1.4594126
1.4215639
1.412344
1.4272937
1.4804043
1.4039514
1.4595951
1.4097986
1.4416726
1.4232641
1.4045398
1.4803278
1.3970952

1.4574488
1.461038
1.4400568
1.4313508
1.3941996
1.4493096
1.4352933
1.4000429
1.4104116
1.4419708
1.3936348
1.4077271
1.4461377
1.4343741
1.4218391
1.4217716
1.419288
1.372083
1.4456885
1.3937984
1.421477
1.4735346
1.4295228
1.4381472
1.4138688
1.4232613
1.4214598
1.3865815
1.4103311
1.3823206
1.4056948
1.4222027
1.3971096
1.3984177
1.4457873
1.4335635
1.4373754
1.4352158
1.4926356
1.4191431
1.4127748
1.4030337
1.4051589
1.436643
1.449927
1.4375359
1.4467272
1.4497102
1.4389228
1.4194372
1.4322464
1.4241278
1.4275872
1.4355625
1.4100357
1.4151187
1.3796834
1.4115988
1.4087571
1.4212512
1.429659
1.4164376
1.4130558
1.4429456
1.4542956
1.3369279
1.3848433
1.4358068
1.446859
1.4251463
1.4314991
1.4044586
1.4093693
1.4627684
1.4165919
1.4390628
1.4273677
1.4831554
1.4105251
1.4176065
1.4288768
1.3934618
1.3529253
1.3751255
1.407822
1.4245867
1.3918535
1.4086647
1.4067914
1.4241241
1.4000021
1.4265773
1.4436724
1.3996975
1.4257402
1.4428431
1.4599643
1.3928821
1.4387289
1.3977461
1.4089082
1.4253378
1.436014
1.4294679
1.4412968
1.421584
1.4070157
1.4518116
1.4226456
1.4452785
1.399592
1.3897578
1.4424068
1.4115642
1.4798014
1.4264972
1.4184847
1.4728733
1.3993274
1.4013008
1.4238839
1.4074578
1.4275194
1.4477801
1.4412459
1.4138252
1.4071537
1.43677
1.4155153
1.4301966
1.4108541
1.4395924
1.4113415
1.4477226
1.4005585
1.4276247
1.4203166
1.444572
1.4002692
1.438453
1.3904946
1.3986087
1.433385
1.3930495
1.4473199
1.455384
1.4283458
1.4423786
1.4367845
1.4023789
1.4136323
1.443951
1.4703833
1.4083276
1.4316125
1.4319799
1.4154092
1.4013665
1.4034883
1.4387372
1.3640597
1.429822
1.4034967
1.440727
1.4107518
1.4250253
1.3938264
1.467818
1.4052134
1.4108828
1.4340742
1.3756063
1.4052255
1.4201148
1.4435796
1.4408884
1.3785168
1.4109013
1.4246083
1.4414748
1.4211569
1.430334
1.445677
1.4299736
1.3975765
1.4037672
1.3847502
1.4025838
1.440701
1.4204268
1.4137343
1.3828242
1.410045
1.383836
1.3926685
1.4526297
1.3987485
1.4309623
1.4026747
1.4082191
1.4226253
1.4293934
1.4118334
1.4258368
1.4517175
1.4523982
1.4343301
1.4261866
1.4280226
1.4090928
1.4320612
1.4296422
1.4193743
1.3917818
1.4490825
1.4285997
1.3966222
1.4209484
1.4805942
1.4231585
1.4570024
1.4442148
1.4425956
1.4249808
1.4717151
1.4226817
1.3931702
1.4242784
1.4366227
1.4116617
1.4426681
1.4156845
1.427329
1.4404541
1.4764472
1.4380568
1.4250442
1.4108047
1.4708855
1.4301414
1.423543
1.4234198
1.4256274
1.4293092
1.403108
1.4056919
1.4297707
1.3931758
1.4339484
1.4122767
1.3932662
1.4489845
1.4143307
1.430259
1.4092953
1.432335
1.4217771
1.4055071
1.3553938
1.422088
1.4233853
1.4115738
1.4631526
1.4743582
1.4685346
1.4259702
1.4336343
1.3994814
1.4205639
1.3992534
1.4337192
1.4051201
1.4165845
1.4399554
1.4009268
1.4090359
1.4133143
1.4326413
1.4538702
1.4081088
1.3952407
1.4098456
1.427603
1.3828658
1.4229405
1.409858
1.4059769
1.3989072
1.3867077
1.4598908
1.4389571
1.4280993
1.4226569
1.4239969
1.4026119
1.4508792
1.4139575
1.4299049
1.4318999
1.4037901
1.3986256
1.423264
1.4256512
1.4345783
1.4174072
1.4046957
1.437687
1.4315004
1.4165655
1.4049323
1.4239701
1.4014463
1.3997658
1.4296106
1.3833957
1.442831
1.4119146
1.4101351
1.4654062
1.4285963
1.4347291
1.4240372
1.3766588
1.3764422
1.4104244
1.406577
1.4047241
1.449467
1.4198978
1.4318502
1.414151
1.4079478
1.4354182
1.4415436
1.4171288
1.4501791
1.4306278
1.4405549
1.3760918
1.4389733
1.3890113
1.4387367
1.4063876
1.4370385
1.430108
1.4358019
1.4352015
1.4107461
1.4250104
1.4214323
1.4269451
1.4161445
1.4160421
1.4223009
1.4394855
1.4255112
1.4140714
1.4182025
1.4007108
1.4434971
1.4162499
1.3937222
1.4224441
1.4436307
1.3937134
1.4254384
1.4584268
1.4358857
1.4061773
1.3868262
1.4394993
1.3961691
1.4339968
1.4274633
1.4163612
1.4353318
1.4206251
1.4158925
1.4182643
1.4354718
1.4184215
1.3825204
1.4346377
1.4134128
1.4373009
1.4485031
1.4146581
1.4099661
1.4231436
1.4528848
1.4292023
1.4386102
1.4088659
1.4028037
1.401826
1.4650729
1.4222171
1.3965168
1.4001247
1.4332312
1.4250844
1.4149336
1.4327486
1.4319348
1.4202458
1.4492711
1.434499
1.4222232
1.4300493
1.4622281
1.4453984
1.412712
1.4213079
1.4498804
1.4406956
1.4337933
1.4567837
1.4359314
1.3989711
1.4216423
1.413479
1.371668
1.409698
1.4038929
1.4125056
1.4296578
1.4484721
1.4185908
1.4197159
1.3712598
1.4194542
1.4493663
1.461078
1.4359515
1.417987
1.3864353
1.4189185
1.4171273
1.394177
1.4298011
1.447595
1.4054357
1.4096237
1.4673895
1.4540366
1.4359258
1.4154207
1.4503679
1.4304793
1.4137263
1.3940157
1.4007232
1.4060327
1.4343199
1.4187232
1.4112883
1.4691162
1.4315966
1.406141
1.4196212
1.415039
1.4227374
1.4175097
1.4498197
1.4022712
1.4304509
1.3966404
1.4313265
1.439841
1.4249185
1.4454505
1.4348003
1.3718122
1.4046317
1.436271
1.3974589
1.4228611
1.415487
1.4278846
1.4483489
1.4477736
1.3960996
1.429264
1.3979518
1.4535947
1.4432697
1.4124428
1.4462168
1.402127
1.4505659
1.4176004
1.3822764
1.4413882
1.3899071
1.3647132
1.4145074
1.4303036
1.4410075
1.4545565
1.4283795
1.4635168
1.4310409
1.384219
1.402137
1.4464555
1.4414109
1.4667093
1.45594
1.4875352
1.465327
1.4503809
1.4011542

1.4173174
1.4359486
1.4262837
1.45112
1.3969716
1.4513861
1.394524
1.4218347
1.4620957
1.4347727
1.4218615
1.4296696
1.4071162
1.439444
1.4477957
1.4253446
1.4183545
1.4116821
1.3908778
1.4061894
1.406266
1.4226719
1.4076326
1.4143561
1.4296416
1.4105892
1.4180747
1.4184189
1.405078
1.4268258
1.4192982
1.4497083
1.4372
1.396864
1.4170686
1.4242424
1.4240545
1.4295336
1.4321519
1.4231918
1.427546
1.4322231
1.4372418
1.4573293
1.4069681
1.4453573
1.4215006
1.4256283
1.4148288
1.4144807
1.4489549
1.4392568
1.4229743
1.4157006
1.4045547
1.4254506
1.4497218
1.4276452
1.4108052
1.4062529
1.4418098
1.4046218
1.4170592
1.4223433
1.4357151
1.4315093
1.4595891
1.4344823
1.4273255
1.4476093
1.4107987
1.4072576
1.4496938
1.4256563
1.4096061
1.4251751
1.4235834
1.4089696
1.3991021
1.4498088
1.4109969
1.4003675
1.4253887
1.422938
1.3918765
1.4212618
1.4169506
1.4212277
1.4563667
1.4204627
1.4593246
1.4342805
1.4251721
1.4465299
1.4274088
1.4255193
1.436271
1.4314991
1.3895445
1.3921657
1.4406463
1.4022614
1.4152281
1.4187028
1.4310477
1.4391484
1.4210811
1.451954
1.4433007
1.4159232
1.4255943
1.422867
1.4257028
1.413866
1.4204508
1.4339086
1.421533
1.4164387
1.425889
1.4561193
1.411701
1.4057349
1.4281095
1.4067292
1.4325386
1.4133837
1.4276626
1.418608
1.417764
1.4424822
1.4083207
1.4506227
1.4304394
1.3885467
1.4331404
1.4173627
1.4340559
1.4291205
1.409623
1.4537382
1.4203887
1.4393395
1.4155662
1.4462701
1.4077134
1.4446656
1.419841
1.4336903
1.4203812
1.428683
1.4508145
1.4217285
1.4347806
1.4472957
1.3870523
1.4395784
1.4227854
1.4317834
1.44603
1.4074405
1.4230736
1.4193424
1.4188164
1.4020989
1.4488307
1.4331656
1.4518087
1.4042414
1.4037457
1.4096304
1.4342351
1.432457
1.4227161
1.4399223
1.464424
1.4353197
1.433272
1.417587
1.4097246
1.4399292
1.4248579
1.4228513
1.4406847
1.4202878
1.3959318
1.4111499
1.4323982
1.4200417
1.4085029
1.4248585
1.4605978
1.4431813
1.4382235
1.4307498
1.4178826
1.4045233
1.4347581
1.4285847
1.424049
1.4250959
1.4292854
1.4121614
1.4192027
1.4237221
1.421249
1.4314495
1.4230096
1.4563987
1.3767309
1.4196525
1.4461877
1.4395278
1.4326397
1.409892
1.4149194
1.4125111
1.428719
1.4606602
1.4243827
1.4054298
1.4259049
1.4002701
1.4511476
1.4483815
1.4061112
1.3949542
1.4174225
1.419219
1.4086386
1.3995556
1.4451569
1.456232
1.4189965
1.4396569
1.431067
1.455544
1.4228489
1.4036982
1.423998
1.4489053
1.4408703
1.4135506
1.4440917
1.4064633
1.4523565
1.437045
1.424933
1.4209493
1.4432043
1.4171245
1.4293195
1.415502
1.441753
1.4280268
1.4429992
1.3898833
1.4432081
1.4240825
1.4266106
1.3895689
1.4312491
1.4183936
1.4470764
1.4211367
1.4532444
1.4362448
1.4543864
1.451514
1.4393389
1.4111646
1.4020036
1.401653
1.4404218
1.3990543
1.4010535
1.4457256
1.4538738
1.4035927
1.4005725
1.4118339
1.4085896
1.4105041
1.4396213
1.3937901
1.436503
1.4128864
1.4150141
1.4086722
1.4391912
1.4140527
1.4283017
1.404536
1.4155146
1.4229333
1.4444412
1.4363662
1.4492489
1.4252967
1.4073232
1.406812
1.4120405
1.4408716
1.4242506
1.4109962
1.4307885
1.4259189
1.4127706
1.4213088
1.4121261
1.4343432
1.4141098
1.4106055
1.4120544
1.440512
1.415284
1.4085226
1.4095683
1.4135478
1.4295787
1.4217494
1.4528965
1.4069293
1.4410495
1.4159786
1.4140809
1.4230653
1.4146034
1.4370745
1.4462899
1.4080462
1.4203452
1.4226141
1.4328892
1.4305041
1.4411292
1.4073048
1.4616696
1.4490832
1.429965
1.4256201
1.436412
1.4553968
1.4094218
1.4344534
1.4350797
1.4299048
1.4350313
1.4223734
1.432538
1.421856
1.4152074
1.439791
1.4283152
1.4043119
1.4008905
1.4145671
1.402641
1.4269516
1.3953701
1.4383148
1.4316957
1.4369911
1.4375615
1.4181223
1.4277117
1.4394596
1.4015996
1.4152853
1.4318142
1.4275485
1.4160345
1.4234673
1.4103508
1.4173887
1.4364256
1.4076484
1.4317247
1.4321408
1.4495691
1.4361756
1.4403224
1.4214038
1.4172444
1.4235948
1.402455
1.4454819
1.4557449
1.4296913
1.4042073
1.4122082
1.4093963
1.4052335
1.4183204
1.4365587
1.444753
1.4123987
1.4414511
1.4226273
1.4578856
1.4304378
1.4508907
1.4117321
1.4187781
1.4046886
1.4468706
1.4300768
1.416532
1.4316207
1.4080392
1.4283214
1.4034755
1.4475311
1.4294757
1.4308065
1.4372416
1.3991864
1.4036161
1.4115326
1.423631
1.414961
1.4203258
1.4463925
1.4422048
1.414064
1.4190257
1.4337394
1.4477243
1.41918
1.4185485
1.4123029
1.4643295
1.4447321
1.4255401
1.4425049
1.406556
1.4402038
1.3879348
1.462648
1.417521
1.4298569
1.419361
1.4556345
1.4253386
1.4184378
1.4004573
1.4319683
1.4310453
1.4086106
1.4293061
1.4375145
1.4191288
1.4176097
1.4226285
1.4415786
1.4352127
1.4198738
1.4260823
1.4601841
1.4264867
1.4054316
1.4372466
1.4185057
1.417488
1.403484
1.4553142
1.3916119
1.4273094
1.4237456
1.4166601
1.4315662
1.3761389
1.416201
1.385994
1.4366556
1.4428853
1.410593
1.4173251
1.4694357
1.4501143
1.4129469
1.4116852
1.4114058
1.4397078
1.4486278
1.4230005
1.4421177
1.4525421
1.4289173
1.4042741
1.4117919
1.4235677
1.4358554
1.4174997
1.4194602
1.4386729
1.4401624
1.4199338
1.4245393
1.397904
1.4300705
1.4560035
1.4047124
1.4191542
1.4273295
1.4378027
1.4083732
1.4338529
1.4482245
1.4121326
1.4694859
1.439912
1.4324856

1.4333045
1.4378309
1.402867
1.3934166
1.4070019
1.450215
1.4288336
1.4353828
1.4192046
1.4173598
1.4311235
1.4342548
1.4359956
1.4350725
1.4317721
1.4137313
1.423473
1.4107494
1.4099576
1.3953325
1.4425415
1.4384222
1.4054302
1.4115804
1.4264395
1.4209262
1.4408892
1.4543773
1.3987926
1.4434134
1.4132222
1.4611212
1.4005287
1.4159762
1.404021
1.4188272
1.4204011
1.430435
1.4331478
1.4255682
1.390039
1.4288343
1.4004142
1.3965315
1.430537
1.3846879
1.4251634
1.4270986
1.4374225
1.4372785
1.4046226
1.4339626
1.429189
1.4356174
1.4308438
1.4123535
1.4143566
1.4384681
1.4183444
1.4087765
1.4157296
1.4321741
1.4041618
1.4096586
1.4056771
1.4152614
1.412233
1.4088571
1.4297898
1.4582884
1.3887686
1.4434577
1.4313548
1.3958151
1.4479811
1.4173921
1.4022032
1.4401573
1.423417
1.4113148
1.4482284
1.4225831
1.434607
1.4255962
1.4360118
1.4073452
1.4041271
1.4392035
1.403323
1.4147358
1.4353814
1.4246619
1.3985171
1.4310174
1.4020348
1.4149472
1.4263383
1.446331
1.4198412
1.4582955
1.4164732
1.4211562
1.4275184
1.411206
1.4276024
1.4165581
1.4292339
1.4308256
1.4225309
1.4033939
1.4120103
1.424648
1.4409441
1.4247372
1.4232978
1.3950665
1.3917267
1.436526
1.4305981
1.4599605
1.4068476
1.407386
1.4092019
1.4188896
1.4316819
1.4379423
1.4314127
1.4337555
1.4319721
1.4207999
1.4325198
1.4278228
1.4203715
1.4389495
1.4411838
1.4166092
1.4396266
1.4121563
1.4424986
1.3991487
1.4422117
1.4245107
1.4032447
1.4076121
1.4048858
1.3857578
1.441809
1.417801
1.4085189
1.4182599
1.4242475
1.4480888
1.4465891
1.4311479
1.4247752
1.4339787
1.429474
1.4459485
1.4116954
1.428881
1.4213552
1.4548568
1.4400219
1.4269407
1.4416572
1.411262
1.4424766
1.4245516
1.4399943
1.4405272
1.4150928
1.4301301
1.4284441
1.4186482
1.393624
1.4246833
1.4182781
1.4261491
1.4304492
1.439518
1.4140044
1.4328051
1.4144921
1.4148015
1.4279767
1.4161234
1.3941396
1.4181001
1.4042946
1.4078337
1.4436797
1.4374816
1.4477731
1.4264477
1.4230835
1.4325696
1.4376403
1.4181007
1.4056426
1.4048332
1.423426
1.4694941
1.4275918
1.4404106
1.4086349
1.4231101
1.4443665
1.4230582
1.4097829
1.4361284
1.4187322
1.407213
1.4098576
1.4440154
1.4206605
1.4376379
1.4256456
1.4114301
1.4204357
1.4493412
1.4379851
1.3929279
1.4041948
1.4406141
1.4163005
1.4019442
1.4193717
1.4274384
1.4147217
1.4349934
1.4270195
1.4254869
1.4670154
1.424842
1.4386262
1.4506273
1.4308387
1.4268159
1.4225186
1.4181185
1.4311733
1.4023491
1.4402303
1.4240412
1.420973
1.4408659
1.425899
1.4157346
1.425387
1.4133481
1.4668705
1.4595295
1.44312
1.3998828
1.416834
1.4510299
1.4188024
1.4370514
1.4567121
1.4200088
1.4273216
1.4064978
1.4418353
1.4385433
1.4313793
1.446155
1.4010059
1.4263316
1.4242513
1.4393331
1.3989803
1.4117155
1.413816
1.405349
1.4084277
1.4652172
1.4187468
1.4444629
1.3982149
1.4273251
1.4004239
1.4157455
1.422266
1.3786548
1.4098443
1.4135909
1.3982515
1.4256161
1.4324938
1.434936
1.4623162
1.4138246
1.4204375
1.425311
1.4229743
1.4096239
1.4475007
1.4122618
1.395495
1.4324136
1.4013964
1.4409328
1.3892301
1.4399939
1.4177073
1.4202584
1.4230875
1.3997124
1.4104471
1.4445844
1.4323475
1.432599
1.4048219
1.4251839
1.425315
1.4156334
1.4398687
1.405434
1.4197497
1.3979503
1.3824354
1.4233261
1.4435844
1.4184904
1.4445013
1.4495833
1.4056343
1.4389576
1.4164236
1.4519279
1.4640197
1.407691
1.3963943
1.4231291
1.4255775
1.4597139
1.4344285
1.4307802
1.4165285
1.4258759
1.4176393
1.4219812
1.427958
1.4361058
1.431089
1.4387683
1.4509475
1.415166
1.4221177
1.4163876
1.460479
1.4150144
1.4332868
1.4186686
1.4275614
1.3986118
1.4329748
1.4006141
1.4272747
1.4056522
1.4372206
1.4172724
1.4464655
1.4282168
1.4022114
1.4216518
1.4145836
1.4342369
1.4636198
1.4065176
1.4365162
1.4472603
1.4346038
1.4330188
1.3991015
1.4475324
1.3930817
1.4607157
1.422514
1.4211046
1.4281495
1.4021423
1.4125881
1.4155817
1.4098388
1.4384289
1.4182086
1.4155182
1.4145199
1.448596
1.4348218
1.4203502
1.4531908
1.4293861
1.4393933
1.4320339
1.4170927
1.4036669
1.4194275
1.4122794
1.4357034
1.4451251
1.4208989
1.4262894
1.4324048
1.4366332
1.4301453
1.4453081
1.4272692
1.4241097
1.4067924
1.4126451
1.3965386
1.4113617
1.4303011
1.4093696
1.4663293
1.4193681
1.4092878
1.4024124
1.4118807
1.4241251
1.4643372
1.44977
1.4374197
1.4356759
1.4112947
1.4238307
1.415639
1.4085138
1.4053246
1.4235315
1.4522749
1.4125656
1.4306784
1.4076159
1.4454786
1.4433237
1.4111084
1.4262952
1.4255226
1.4182963
1.4311684
1.4154005
1.4241556
1.4159114
1.4155253
1.3787752
1.4222431
1.4151748
1.4143374
1.4418656
1.4297163
1.4095024
1.4197236
1.4187524
1.4188149
1.4113578
1.4029851
1.443145
1.4114319
1.4024525
1.4169161
1.4351078
1.3952147
1.4202732
1.4354665
1.4307274
1.4132042
1.455402
1.4118996
1.4064515
1.4189572
1.4270896
1.4463819
1.4312122
1.431565
1.4307488
1.4212009
1.4382659
1.408913
1.4216212
1.4233496
1.4383093
1.4148655
1.3937129
1.4199005
1.3952217
1.4254514
1.4162432
1.415465
1.4177105
1.420744
1.4029406
1.422531
1.4297811
1.435771
1.4201882
1.4117576
1.4459605
1.4469771
1.4200073
1.4204923
1.4216359
1.4206376
1.4310455
1.4206607
1.4432752
1.4382061
1.4260907
1.4291732
1.4132146

1.4216887
1.4244196
1.4137174
1.4356494
1.4198047
1.4179832
1.4378451
1.4172808
1.4080174
1.3909069
1.4163154
1.4022148
1.4112693
1.4054769
1.4237227
1.44647
1.3976003
1.4204419
1.4231454
1.416562
1.432975
1.4020858
1.392976
1.3890254
1.4284418
1.4441643
1.390656
1.43833
1.4534626
1.4195662
1.4346911
1.4242419
1.3976095
1.4359883
1.4297392
1.4312625
1.4080197
1.4180862
1.39233
1.4137089
1.468667
1.4094942
1.4488686
1.4259278
1.422349
1.4268717
1.3658116
1.4294595
1.4170382
1.4155159
1.4598714
1.4571344
1.4080642
1.438836
1.4397854
1.4317299
1.3980541
1.4041904
1.4507896
1.4255052
1.4562689
1.422864
1.411358
1.4235376
1.4193798
1.4257351
1.4124451
1.3844962
1.4008449
1.4528791
1.4218808
1.4743153
1.4232644
1.3936322
1.4302937
1.3994577
1.4269302
1.4319658
1.4345769
1.4232993
1.439755
1.4135069
1.3944036
1.4009922
1.412585
1.4225098
1.4427351
1.4240644
1.4329894
1.4418865
1.4516668
1.4091357
1.4506559
1.4154369
1.422152
1.4130068
1.3901643
1.4756094
1.4079314
1.4028183
1.4336954
1.4322029
1.4153757
1.4186152
1.4112141
1.4123771
1.4377522
1.4312896
1.4037126
1.4356414
1.4094425
1.4203045
1.4157158
1.4233708
1.421717
1.3987919
1.4318327
1.4113574
1.4102486
1.4113175
1.4380153
1.4532951
1.3891084
1.4015803
1.4525303
1.37889
1.3932976
1.4073498
1.4193608
1.4081804
1.3915137
1.4226065
1.4363943
1.4097426
1.4109365
1.4058613
1.4257475
1.4195523
1.3967397
1.4149734
1.4189824
1.4017785
1.432262
1.4468305
1.4310106
1.4284674
1.4225714
1.4137883
1.4548982
1.4244659
1.4331249
1.4357569
1.44407
1.4512788
1.4207859
1.425421
1.4017713
1.4226103
1.4276925
1.4121641
1.4315594
1.4089284
1.419577
1.4404068
1.4054822
1.4406565
1.4781469
1.4388558
1.4098612
1.4215827
1.4073291
1.4179149
1.4174501
1.430673
1.4116039
1.4141221
1.4286916
1.3918556
1.3935795
1.4790326
1.4210583
1.4338876
1.4213086
1.426061
1.4170182
1.4228947
1.4194227
1.4016646
1.394977
1.4266384
1.4013956
1.4244596
1.4184185
1.4014405
1.4208272
1.413748
1.4366164
1.4284834
1.4134465
1.4197378
1.4229656
1.4313315
1.413338
1.3998221
1.4563621
1.4319755
1.4304565
1.4047892
1.4325675
1.4252771
1.4282377
1.4450061
1.4418569
1.3954358
1.4242917
1.4304051
1.4180685
1.4485786
1.4267043
1.4356302
1.4095238
1.4074782
1.4211776
1.4225727
1.4329169
1.407981
1.4364622
1.4378898
1.4191527
1.4431547
1.4549593
1.4137428
1.4166021
1.4252375
1.4129753
1.4113101
1.4251693
1.4670515
1.4090693
1.4095008
1.4047723
1.4407648
1.4468832
1.4286376
1.4371219
1.4198622
1.4263088
1.3934455
1.3858422
1.4083242
1.4168189
1.4561292
1.4299994
1.4281812
1.4472207
1.3974577
1.4185987
1.4441277
1.4630165
1.4396701
1.4155748
1.4233612
1.4371887
1.4136581
1.4166424
1.4285364
1.4099057
1.4131678
1.4209045
1.4325628
1.4345353
1.4166929
1.4376726
1.3953658
1.421534
1.4357876
1.4377674
1.3841763
1.4351344
1.4191358
1.4310017
1.4249618
1.4462878
1.410223
1.4145598
1.4305166
1.4312227
1.4340681
1.4635772
1.3952788
1.4677016
1.3958694
1.4165132
1.4222711
1.4216338
1.4382161
1.4122908
1.390404
1.4079884
1.4008539
1.4521003
1.4457312
1.42849
1.4223279
1.4211773
1.4317276
1.4326606
1.4188414
1.4108104
1.3929188
1.4355183
1.4094124
1.4206555
1.3981603
1.4308312
1.4287834
1.4476323
1.4339372
1.4263761
1.4352008
1.4286609
1.4290925
1.4440321
1.4030056
1.4317313
1.4161875
1.3916074
1.3979743
1.4564139
1.4456015
1.4630394
1.4190929
1.4142723
1.4365544
1.3768818
1.3781507
1.4288316
1.4333199
1.4397738
1.4382521
1.4118301
1.4041562
1.4453784
1.4063942
1.4112836
1.4536779
1.4184436
1.4504414
1.4280684
1.4419172
1.4247731
1.4121436
1.4128814
1.4038831
1.4431739
1.411242
1.4012903
1.3936944
1.4539487
1.4215767
1.4081221
1.4279993
1.4402678
1.4100708
1.3889935
1.4480864
1.4301395
1.4041157
1.4295094
1.4320631
1.4147199
1.4079328
1.4302197
1.457103
1.4250249
1.4184476
1.4333336
1.4209474
1.40509
1.3932695
1.4181737
1.4379352
1.4659097
1.4808593
1.4456214
1.4219735
1.413121
1.4252417
1.4276254
1.4281834
1.401182
1.4098755
1.4153311
1.3956484
1.4331402
1.4110851
1.4320881
1.423138
1.4391387
1.4223255
1.4062666
1.4101787
1.4308559
1.4208724
1.4244272
1.4258746
1.4158932
1.4030752
1.3912079
1.4127631
1.443192
1.4206161
1.3859057
1.4425354
1.4222823
1.4277123
1.4575613
1.416853
1.4252552
1.412167
1.4144324
1.4223216
1.3942496
1.4434934
1.4164629
1.4212269
1.4181366
1.4613813
1.4134347
1.4163092
1.422637
1.4492615
1.441805
1.3914732
1.4052544
1.4149781
1.4287264
1.4214929
1.4484965
1.4134797
1.4086148
1.4075962
1.4391814
1.4124621
1.397546
1.4175797
1.4233062
1.4190515
1.4253366
1.432228
1.3967804
1.4045544
1.4176201
1.4361442
1.3845652
1.4083574
1.4689986
1.4178001
1.4409217
1.4015051
1.4307994
1.4516095
1.4023184
1.4289927
1.3979303
1.413527
1.4247595
1.4458187
1.4104587
1.416219
1.4322876
1.4647058
1.3972756
1.4247658
1.4351147
1.4047449
1.4155021
1.4271654
1.4110203
1.4550326
1.4594848
1.3937712
1.4481721
1.4348456
1.4502131
1.4131349
1.4288452
1.4077917
1.4270587
1.4350344
1.4215635
1.4157395
1.420163
1.4182427
1.4479994
1.4089359
1.4314638
1.4393041
1.3910497
1.4542286
1.3979362
1.4483849
1.3876078
1.4233363
1.3722489
1.4210029
1.4567195
1.4273245
1.4209116
1.3898517
1.4487755
1.4148914

1.4346211
1.4042579
1.4366164
1.4480319
1.4229267
1.4630471
1.4441764
1.3754187
1.4327992
1.4366804
1.4231238
1.443625
1.4483081
1.4227959
1.4189831
1.4291501
1.4079983
1.4208401
1.4227331
1.4076492
1.431667
1.4297503
1.4195306
1.4138231
1.420837
1.4374385
1.4125237
1.4229101
1.4106145
1.3991528
1.4425828
1.4145098
1.4466767
1.4111325
1.4332035
1.4007852
1.4228615
1.4010392
1.4342093
1.4290742
1.4341048
1.4381019
1.3946681
1.3952978
1.4389235
1.4408721
1.4094664
1.4320636
1.4018478
1.4622239
1.3977884
1.4365287
1.4480116
1.4320728
1.4460073
1.4272499
1.4004879
1.4199135
1.3985678
1.4160669
1.4093219
1.465445
1.44514
1.4177656
1.4206812
1.4365946
1.4144534
1.4100137
1.4327544
1.449045
1.4277197
1.41311
1.4195164
1.4633421
1.4455856
1.4546375
1.4477186
1.4108747
1.4445258
1.4189627
1.4297141
1.4326975
1.4348692
1.4497035
1.4267017
1.4037341
1.3997066
1.4483865
1.4467041
1.4183624
1.4491224
1.4405926
1.4277295
1.3995104
1.4451758
1.4011431
1.4280165
1.3938161
1.4181087
1.406742
1.4258081
1.4267046
1.4097384
1.3986195
1.4220632
1.4415622
1.4538683
1.4265121
1.3978301
1.4334872
1.4195182
1.3945644
1.4313399
1.4429579
1.4189372
1.4392518
1.4712529
1.4108114
1.42485
1.4255397
1.426239
1.4103936
1.3954009
1.4176232
1.4308136
1.4275647
1.4156975
1.4309477
1.429836
1.41948
1.3960674
1.4155177
1.4331408
1.3999151
1.4226904
1.4487333
1.4463624
1.3904833
1.4191802
1.448317
1.4478974
1.414182
1.424412
1.4555007
1.4122535
1.4162166
1.4337605
1.437969
1.382437
1.4100724
1.4387488
1.4142221
1.4047191
1.4012437
1.4394141
1.4181311
1.4473753
1.4080848
1.4223179
1.411551
1.4191087
1.4275753
1.4104828
1.4095713
1.4133614
1.4086171
1.4031646
1.4420636
1.4203103
1.3993412
1.4100045
1.4102092
1.4222082
1.4447585
1.4099866
1.4304583
1.4328054
1.4027871
1.4291023
1.4352055
1.421576
1.4328895
1.4052236
1.4443982
1.4041255
1.4483072
1.4228555
1.4232906
1.4703474
1.4125112
1.4497215
1.4146096
1.4183387
1.4485611
1.4315021
1.4139941
1.4472835
1.3915904
1.4112121
1.4104729
1.4296147
1.3817071
1.3951386
1.4104292
1.419613
1.4341758
1.4034071
1.4466658
1.4282407
1.3821496
1.4366804
1.4291885
1.398301
1.4116458
1.436747
1.4035618
1.4261763
1.3941749
1.4210664
1.3978288
1.4237902
1.4085661
1.4398218
1.43036
1.4398342
1.4328011
1.4379822
1.4186686
1.4431677
1.430994
1.4284602
1.4001887
1.4315629
1.418721
1.4363475
1.4277446
1.438384
1.4273825
1.4098698
1.4283228
1.4438033
1.4305141
1.4289917
1.4258919
1.4308127
1.4067858
1.4366748
1.4215943
1.4297314
1.4206514
1.4277346
1.4203423
1.4460027
1.4008654
1.4131981
1.4293708
1.4077964
1.392641
1.4234116
1.3960121
1.4234974
1.408043
1.4012313
1.4343143
1.4252484
1.4263724
1.4242269
1.4387842
1.4421786
1.4374125
1.4177681
1.4164336
1.429447
1.4509958
1.427808
1.4188218
1.4254079
1.4166621
1.4241378
1.4264805
1.4315412
1.4290779
1.4171547
1.4124073
1.4543899
1.4410187
1.4195038
1.4305743
1.4134161
1.4042406
1.4126048
1.4340072
1.4418067
1.4423883
1.4247719
1.3875747
1.4203477
1.4590367
1.4293305
1.4072725
1.4162121
1.4181417
1.4208703
1.4264622
1.4293025
1.4131252
1.4010592
1.4292319
1.4657915
1.4332644
1.3938881
1.433887
1.3881245
1.4588357
1.4555764
1.4564707
1.4176784
1.4207709
1.4366759
1.4172928
1.4233695
1.4245101
1.4100732
1.4249382
1.4336675
1.4109197
1.4430784
1.4080219
1.4161134
1.4070417
1.4180095
1.4364016
1.41193
1.4353815
1.4229199
1.4247395
1.4166878
1.4194163
1.4192723
1.4094942
1.4219015
1.4169859
1.4173449
1.4474891
1.4316516
1.4445277
1.4239199
1.4335207
1.4551144
1.4030105
1.4203213
1.4235733
1.4083983
1.427053
1.423608
1.4168874
1.4220777
1.4148947
1.4383876
1.4331325
1.4395772
1.3956198
1.4411659
1.3795509
1.4313487
1.4180242
1.4419405
1.4379821
1.43903
1.4195548
1.4250666
1.4229923
1.4159341
1.4043875
1.4317846
1.4128978
1.418814
1.4169897
1.4235622
1.4003755
1.4396826
1.4244773
1.4298459
1.40624
1.4099474
1.413812
1.3887506
1.3977311
1.4448429
1.4301181
1.4072773
1.4312807
1.416804
1.4011024
1.4274343
1.4194859
1.4139177
1.428224
1.4374746
1.423295
1.4338868
1.4059969
1.4108591
1.4198085
1.3960667
1.4162433
1.4265697
1.3904153
1.4136662
1.4387615
1.4590309
1.4001684
1.4183604
1.3995203
1.4558135
1.441136
1.4333519
1.4280313
1.4479014
1.4389427
1.4133469
1.3991672
1.4045261
1.4054703
1.4516186
1.4218472
1.4249606
1.4430851
1.4281542
1.4209121
1.459243
1.4217577
1.4552146
1.3878903
1.4367409
1.4121248
1.450049
1.4368508
1.4068813
1.4492089
1.4167185
1.4395919
1.4151505
1.4148946
1.428791
1.4122806
1.4424218
1.4339452
1.4431877
1.4080783
1.435845
1.4097359
1.4376371
1.4196867
1.4208794
1.4205952
1.4024409
1.4141897
1.4214028
1.4350288
1.4124577
1.4151001
1.4214582
1.3992306
1.4543083
1.4243335
1.4265611
1.4039086
1.398431
1.435334
1.4181007
1.408322
1.4416965
1.4266719
1.4143555
1.4020786
1.4224229
1.386537
1.4377265
1.4313936
1.4443746
1.4075993
1.4165694
1.4336077
1.4440886
1.4122587
1.4370444
1.3954663
1.4464225
1.4282945
1.4015688
1.4072211
1.4212282
1.4098145
1.4468975
1.3953699
1.428011
1.4394882
1.4189839
1.4485365
1.4400166
1.4379879
1.4305972
1.4105318
1.4127853
1.3965777
1.4361413
1.3857137
1.4361554
1.4013649
1.4078925
1.4415641

1.413231
1.417464
1.4255371
1.4285666
1.3954748
1.4581672
1.4273713
1.4615963
1.4272704
1.436795
1.4353114
1.425128
1.4367033
1.4467726
1.4153584
1.4355289
1.4471908
1.4396925
1.4206085
1.4353842
1.4136692
1.4112115
1.4084657
1.4527717
1.4155014
1.4136157
1.4304732
1.405645
1.4340633
1.4267223
1.4463867
1.4431702
1.4195614
1.4090525
1.4012973
1.4029356
1.4351286
1.4263316
1.4426713
1.4370787
1.4176086
1.4117746
1.432281
1.4302467
1.4287345
1.411472
1.409049
1.4354055
1.4260427
1.4379029
1.4243665
1.4264648
1.4124913
1.4144242
1.395726
1.4167485
1.4372131
1.4189204
1.3972203
1.4516999
1.4111336
1.4300255
1.4107798
1.438511
1.4218726
1.4253501
1.4131793
1.4395492
1.4221041
1.4184865
1.4358263
1.4073344
1.4332315
1.415404
1.411199
1.4278771
1.4193531
1.4265605
1.3737338
1.4432057
1.4207895
1.4046623
1.4183302
1.4412149
1.4053268
1.4144257
1.4533557
1.4356276
1.4323548
1.4165714
1.3913959
1.3935567
1.4249142
1.4182785
1.421344
1.425038
1.4404376
1.4161543
1.4038165
1.4311103
1.4082353
1.4104989
1.4097308
1.4410458
1.4349989
1.4243377
1.4053496
1.4204149
1.4235352
1.4361691
1.4190685
1.4151413
1.421447
1.4204308
1.4019823
1.4388028
1.4143904
1.3987526
1.4116576
1.4123888
1.4400889
1.426756
1.44744
1.4396256
1.4117868
1.413591
1.4096843
1.4274124
1.4214709
1.4423059
1.434871
1.4459175
1.4570382
1.4307315
1.4302118
1.4187486
1.3971293
1.4205979
1.4444152
1.4156005
1.4308556
1.3994946
1.4096167
1.4143223
1.4407672
1.4093088
1.4378257
1.3947641
1.4246861
1.4473624
1.4238251
1.4003621
1.4202553
1.421607
1.4109361
1.4146061
1.3975585
1.4233763
1.4227197
1.4009558
1.4387151
1.4338773
1.4642861
1.4248374
1.3860708
1.404949
1.4491028
1.4553672
1.431516
1.4152248
1.4328547
1.4151274
1.4134134
1.4177021
1.4158497
1.4173205
1.4126333
1.4364978
1.4262449
1.4014711
1.461875
1.4395117
1.4068316
1.4331083
1.4167942
1.4395876
1.4393944
1.4237957
1.4369712
1.4296405
1.4151446
1.3958728
1.4014577
1.4334414
1.4187342
1.4376185
1.4232897
1.4221034
1.4243855
1.4417164
1.4278669
1.4116948
1.3999008
1.4150721
1.4557208
1.4592084
1.4429984
1.41087
1.4286449
1.4002606
1.4115888
1.42225
1.387353
1.4246321
1.4555327
1.4081293
1.4326137
1.4537382
1.4620075
1.4180431
1.4262675
1.3937709
1.4387604
1.4234803
1.400575
1.4313164
1.41291
1.4134536
1.4009117
1.4239018
1.4126778
1.4736907
1.4134686
1.4405713
1.4625176
1.4360366
1.406074
1.4106085
1.4134125
1.4338773
1.4224027
1.4290638
1.4093221
1.4256686
1.4367052
1.3820436
1.4250406
1.4607377
1.427034
1.4333328
1.4122292
1.4193215
1.4329313
1.41416
1.4442838
1.40809
1.4290776
1.4144797
1.4250876
1.4190727
1.4282523
1.4165506
1.4507004
1.4451321
1.408086
1.433952
1.4329754
1.4195175
1.4346982
1.4065703
1.4514986
1.4342653
1.4245038
1.4495357
1.4526751
1.3911142
1.4434779
1.4134881
1.4046018
1.3943224
1.4257214
1.4028847
1.4278332
1.4022292
1.4228544
1.4057763
1.4057031
1.430095
1.4162152
1.4034386
1.4189742
1.4359864
1.422311
1.4279772
1.4263912
1.4330264
1.418444
1.385704
1.403018
1.4057775
1.4121413
1.4597917
1.4573731
1.4227309
1.4337422
1.4308002
1.4461601
1.4297534
1.4305732
1.4104671
1.4194636
1.4030163
1.4447142
1.3908678
1.4548339
1.429619
1.3966804
1.3962777
1.4049982
1.4134318
1.4578868
1.4050237
1.4249353
1.4116814
1.4194912
1.425819
1.396878
1.4275069
1.4157897
1.4313391
1.4091791
1.4274296
1.4309533
1.4085497
1.4291949
1.4175946
1.4338629
1.412891
1.434594
1.4528543
1.4311239
1.406389
1.3956715
1.39861
1.4203892
1.4103508
1.4414333
1.3908299
1.4254024
1.4189005
1.4163247
1.4156104
1.4086821
1.4459953
1.4162922
1.4317951
1.4475166
1.4152595
1.4172108
1.4413855
1.424574
1.4284652
1.4355179
1.4306266
1.4238598
1.4589078
1.4175366
1.3947424
1.3976885
1.4005702
1.4456186
1.4270535
1.4116459
1.4404253
1.4119273
1.4344119
1.4004717
1.4230175
1.4026855
1.4190303
1.426346
1.4127263
1.4246553
1.4018419
1.4203142
1.4394987
1.4490484
1.4628915
1.4030471
1.4221921
1.4101902
1.3758711
1.4132429
1.4347626
1.4298984
1.4244483
1.4081705
1.4051813
1.4030029
1.411542
1.4701086
1.445473
1.4417845
1.4143401
1.4052312
1.4043223
1.40176
1.4151407
1.4083734
1.4184848
1.4436729
1.4398072
1.4323244
1.4281622
1.4101182
1.4126699
1.4440612
1.4195715
1.4163179
1.4135344
1.3886516
1.4328166
1.4154125
1.4529653
1.4035401
1.4180187
1.4547606
1.4730644
1.4107192
1.4161836
1.414494
1.4390333
1.4252874
1.4128212
1.4104145
1.4445311
1.4062871
1.3947074
1.4300431
1.4324889
1.3964024
1.4216642
1.4294088
1.4471143
1.4242908
1.4033693
1.436141
1.4181534
1.4105431
1.4356334
1.4406526
1.4254638
1.4272867
1.3919803
1.4571561
1.4119399
1.4209952
1.4037685
1.4246429
1.4133286
1.4354886
1.4132044
1.4011467
1.436566
1.4407551
1.4276488
1.4239973
1.4206247
1.4127889
1.4224297
1.3986415
1.4306204
1.4444641
1.4252056
1.4243402
1.4207668
1.4214451
1.4126225
1.4563885
1.4210744
1.4235008
1.4271524
1.4191935
1.3915175
1.4043745
1.4199704
1.4220455
1.4192842
1.4421679
1.4264526
1.4191642
1.4212825
1.4462624
1.4338818
1.4025892
1.430343
1.4114645
1.4376644
1.4143807
1.397905
1.3979417
1.4250607
1.4102284
1.425069
1.4284728
1.4343917
1.3923111
1.4169688
1.4296706
1.4373113
1.430935
1.3968936

1.7839034
1.6960723
1.7053552
1.6798818
1.7118089
1.7194924
1.6886646
1.7837921
1.77764
1.7583414

