0.016302824
0.0022212267
0.021097422
0.0088249445
0.007380128
0.007913947
0.006319523
0.01049161
0.004414439
0.008060932
0.011825085
0.0042123795
0.0039452314
0.028042793
0.0073987246
0.02575183
0.002075076
0.003848195
0.017753482
0.0012871027
0.0038036108
0.0034606457
0.021143913
0.003974557
0.0084376335
0.011964083
0.012736917
0.029604197
0.0067919493
0.014780641
0.012109041
0.0032485723
0.0004541874
0.005772233
0.01010108
0.012301683
0.011521697
0.0045286417
0.0031245947
0.01817751
0.010986686
0.009423852
0.011900663
0.024373889
0.006676793
0.0032867193
0.009593725
0.023818016
0.011712313
0.010174632
0.00983429
0.0070562363
0.007605791
0.0037660599
0.008253455
0.023496509
0.0045769215
0.019406319
0.0074718
0.012619138
0.03238249
0.007575035
0.015110016
0.014083147

0.014429688
0.0034747124
0.013509989
0.031906962
0.010931492
0.0067880154
0.0113379955
0.025045753
0.003892064
0.011983991
0.018221378
0.014136791
0.0045152903
0.0008907318
0.016371727
0.020581484
0.0032510757
0.007630706
0.013248324
0.01420486
0.0067715645
0.0044403076
0.0098621845
0.011863589
0.004164934
0.00096070766
0.02206564
0.00665164
0.014587045
0.0050662756
0.00072813034
0.0024770498
0.010700703
0.023342848
0.008919597
0.009950638
0.018135667
0.011493325
0.0059398413
0.01033628
0.009734631
0.006090522
0.01717925
0.0067852736
0.0069047213
0.028071284
0.0151366
0.018944025
0.0036069155
0.012146115
0.0140532255
0.02750194
0.0056325197
0.016442418
0.012340784
0.030697823
0.016631007
0.011202097
0.01053524
-2.503395e-06
0.021505594
0.016483188
0.004216194
0.018584251

0.007177949
0.008772373
0.008104205
0.00030469894
0.009621143
0.0025199652
0.0012973547
0.001016736
0.007610798
0.008648634
0.0045882463
0.013429761
0.008425474
0.0058983564
0.0008357763
0.007936597
0.0050121546
0.0042505264
5.722046e-06
0.0040757656
0.0046480894
0.00837028
0.0020840168
0.0062191486
0.0122538805
0.0069812536
0.0044323206
0.0037190914
0.008521318
0.0021369457
0.010495424
0.0020244122
0.015425801
0.010875344
0.01075232
0.0029646158
0.0016813278
0.004323244
0.00721097
0.0064815283
0.0017336607
0.00880909
0.0032584667
0.005954623
0.0033729076
0.00226295
0.0017248392
0.0056483746
0.0076186657
0.0013436079
0.008592248
0.0014086962
0.008262515
0.0018560886
0.0039117336
0.006722927
0.011040211
0.004540682
0.00918448
0.0067995787
0.006594181
0.0019813776
0.006995797
0.00057935715
0.012278199
0.006340742
0.006364584
0.0029087067
0.004463434
0.004624486
0.008120537
0.02037549
0.0023851395
0.0012146235
0.009350181
0.010230303
0.0032447577
0.012302041
0.0048354864
0.015315175
0.009302974
0.0026853085
0.0059537888
0.002445817
0.003928542
0.002403617
0.0053089857
0.008103132
0.0068495274
0.0004812479
0.0028508902
0.0015766621
0.011981368
0.009475708
0.013822317
0.0070803165
0.0001347065
0.00024473667
0.0030202866
0.0040700436
0.0006965399
9.381771e-05
0.00968802
0.0050070286
0.0055087805
0.008102775
0.0009690523
0.010349512
0.014528036
0.00055134296
1.7046928e-05
0.004222989
0.00089144707
0.0022563934
0.0123877525
0.0026774406
0.0043281317
0.005911827
0.013003826
0.00085639954
0.0055435896
0.010219932
0.00054478645
0.000582695
0.016899347
0.002205968
0.011107802
0.011773229

0.00013244152
0.0027552843
0.0041737556
0.012125254
0.006696224
0.001055479
0.006471634
0.0012546778
0.003999114
0.0085276365
0.022833467
0.01348424
0.005874634
0.005980611
0.0016946793
0.010387778
0.00800097
0.0016479492
0.0034879446
0.0026086569
0.0048241615
0.0022300482
0.0011717081
0.010935664
0.00848937
0.009140015
0.007685423
0.009510994
0.004536152
0.0046470165
0.0014417171
0.0032036304
0.0101566315
0.0005732775
0.0023641586
0.0043691397
0.0049842596
0.002592802
0.004028797
0.0006663799
0.0037404299
0.003757
0.0059717894
0.004387498
0.009123683
0.003391862
0.016632915
0.006250143
0.007565975
0.0049768686
0.0047699213
0.006759882
0.0014601946
0.00462687
0.012609839
0.0057406425
0.00024950504
0.0054736137
0.0115532875
0.008247137
0.007674694
0.00590837
0.016865969
0.0070507526
0.007355571
0.003445983
0.003617406
0.011993885
0.008756161
0.0049363375
0.020362973
0.007148862
0.004737735
0.0038856268
0.0030019283
0.005799532
0.010589957
0.0021597147
0.0055810213
0.00023818016
0.003014803
1.4662743e-05
0.00019598007
0.014320612
0.0042158365
0.0006327629
0.00611794
0.008309722
0.006334424
0.011249065
0.00037443638
0.0067509413
0.006471157
0.004914403
0.004679799
1.9073486e-06
0.011371374
0.009724975
0.0022462606
0.0026009083
0.007771969
0.0065824986
0.006524563
0.0004016161
0.0007338524
0.0070369244
0.005071521
0.0054080486
0.017888427
0.0016220808
0.0023471117
0.0051953793
0.0041702986
0.0048189163
0.011203885
0.004143238
0.006820321
0.001796484
0.0121302605
0.010684729
0.00017786026
0.0048047304
0.004320264
0.0075222254
0.0014218092
0.0057975054
0.0065737963
0.0038026571

0.0029826164
0.0036401749
0.0016051531
0.002756834
0.0039556026
0.0023363829
0.0008969307
0.0009186268
0.0055691004
0.003151536
0.005661845
0.0031138659
0.00068986416
0.0026501417
0.004354596
0.0037226677
0.002893567
0.00303936
0.004636526
9.179115e-06
0.0002105236
0.000828743
0.0012203455
0.0043314695
0.003317356
0.0044311285
0.004608035
0.0036082268
0.0025070906
0.0041555166
0.0037168264
0.0043652058
0.003931999
0.002826333
0.00090777874
0.0025718212
0.003886342
0.000254035
0.0026957989
0.00319767
0.004193425
0.002090335
0.0033841133
0.0014941692
0.0015684366
0.0021044016
0.0024949312
0.0038911104
0.0018253326
0.0043781996
0.00083494186
0.0010185242
0.0013831854
0.0020873547
0.003551364
0.0051101446
0.004595995
0.003227234
0.00031721592
0.002184987
0.006290674
0.004791498
9.23872e-05
0.00030982494
0.006066203
0.0036619902
0.0032343864
0.0014992952
0.0003039837
0.004090905
0.0015244484
0.0011659861
0.0016659498
0.0052381754
0.0014634132
0.0007917881
0.0031062365
0.00067579746
0.0041509867
0.0013883114
0.0038263798
0.00295043
0.0019085407
0.0026533604
0.005341649
0.0030076504
0.0020273924
0.0001257658
0.0033191442
0.0026324987
0.0053157806
0.0025117397
0.0042102337
0.0035146475
0.0009343624
0.004009366
0.0032111406
0.0066577196
0.0025247335
0.0050985813
0.0011489391
0.004024625
0.0020424128
8.3088875e-05
0.0015712976
0.00458169
0.001973033
0.0059034824
1.5974045e-05
0.0018980503
0.004727483
0.003243208
0.0043290854
0.002973795
0.006644249
0.004736066
0.0020041466
0.002100706
0.0033590794
0.0014841557
0.00014555454
0.002811432
0.0045052767
0.0018069744
0.0015171766
0.003135085
0.0029091835
0.0034440756
0.0011839867
0.0027436018
0.0012782812
0.0016008615
0.0043364763
0.0014002323
0.001080513
0.0014868975
0.0014550686
0.0056545734
5.4240227e-05
0.0013142824
0.0045728683
0.002606988
0.0045160055
0.006218195
0.0048925877
0.005759001
0.0045892
0.0024689436
0.0054291487
0.0034382343
0.0031909943
0.0020087957
0.0044420958
0.0034679174
0.0048446655
0.004087329
0.0039012432
0.002552867
0.004238844
0.0032134056
0.00029575825
0.005028367
0.0027674437
0.0051094294
0.002593398
0.0014146566
0.0022000074
0.0043052435
6.747246e-05
0.006359458
4.887581e-05
0.0046429634
0.0056545734
0.0034868717
0.00073444843
0.0031067133
0.0044395924
0.007894158
0.003015399
0.0064843893
0.0015337467
0.003537178
0.0038899183
0.0057843924
0.0007520914
5.841255e-06
0.00062942505
0.0024745464
0.00398767
0.0040352345
0.0024158955
0.0001770258
2.3007393e-05
0.0006508827
0.00075626373
0.0016422272
0.0006403923
1.1920929e-07
0.0010280609
0.0031704903
0.0009405613
0.003991008
0.0037566423
0.0028188229
0.0011533499
0.0044145584
0.00012660027
0.0034998655
0.0048400164
0.0051631927
0.0036469698
0.004779458
0.0024644136
0.0019301176
0.0044231415
0.0028330088
0.0040962696
0.00043404102
0.0013176203
0.00031411648
0.0021208525
0.0046765804
0.0039286613
0.0037312508
0.0019880533
0.0030859709
0.0016698837
0.00413692
0.0030341148
0.0010045767
0.00017356873
0.006419182
0.004431367
0.004091859
0.002034068
0.003345728
0.0028668642
0.0026202202
0.0027749538
0.0019522905
0.0015846491
0.006875515
0.003322363
0.00020074844
0.002235651
0.0050247908
0.0005662441
0.0026078224
0.0016341209
0.004837632
0.0045626163
0.0031950474
0.0018975735
0.001198411
0.0037311316
0.00080549717

0.0013252497
0.003260851
0.0036206245
0.005425215
0.0036808252
0.002748847
0.0025827885
0.0033539534
0.0025513172
0.0033074617
0.000541687
0.0034278631
0.005133629
0.0040818453
0.0026009083
0.0022974014
0.0010950565
0.0014363527
0.0027908087
0.0025186539
0.0028711557
0.0033652782
0.0034275055
0.0030798912
0.0059336424
0.002829671
0.0027047396
0.0041177273
0.0034884214
2.0384789e-05
0.0045843124
0.0010025501
0.0023976564
1.4424324e-05
0.0029946566
0.003096342
0.005996585
0.0014657974
0.0022250414
7.6293945e-06
5.9604645e-07
0.0034046173
0.0036720037
0.0010522604
0.002982378
0.002620101
0.00026392937
0.0020467043
0.0050634146
0.00064241886
0.00011527538
0.0026962757
0.0006707907
0.0027290583
0.003970504
0.003337741
0.00178051
0.004872203
0.0039713383
0.0025866032
0.0043473244
0.0031723976
0.0031596422
0.0034236908
0.0019482374
0.0075131655
0.0030690432
0.0029678345
0.0035413504
0.00114429
0.0016311407
0.0027468204
0.0039052963
0.00062537193
0.0022997856
0.0033948421
0.0012495518
0.0004953146
0.005116105
0.00045144558
0.0021281242
0.00085377693
0.0062942505
0.0010796785
0.0038758516
0.0017472506
0.0054341555
0.0042396784
0.0047391653
0.002248168
0.003604412
6.914139e-05
0.0042853355
0.0027692318
0.004241109
0.0045588017
0.0008429289
0.006737232
0.0022563934
0.00427711
0.004235387
0.001994729
0.0017976761
0.0029492378
0.0010412931
0.0020439625
0.0060794353
0.0040131807
0.001807332
0.0044038296
0.004841447
0.0033932924
0.00050103664
0.0023601055
0.0046395063
0.0018162727
0.002779007
0.0037736893
0.0036401749
0.0013892651
0.0026490688
0.0024427176
0.0046305656
0.0026262999
0.004375577
0.0033519268
0.0027939081
0.0019609928
0.0005068779
0.007328272
0.004992962
0.0052844286
0.0026527643
0.002121091
0.0011535883
0.004731655
0.0032182932
0.0023161173
0.0011386871
0.004465699
0.0027868748
0.0032771826
0.0049511194
0.0009698868
0.0052057505
0.0048145056
0.0027877092
0.0027103424
0.00019216537
0.0028651953
0.0033073425
0.0034821033
0.0040237904
0.00035059452
0.0025959015
0.0044751167
0.0026429892
0.00051391125
0.004674673
0.0007021427
0.0039201975
0.0019898415
0.0006506443
5.9604645e-06
0.0040990114
0.0051345825
0.0031758547
0.0055929422
0.00140059
0.0028579235
0.0038194656
0.0032387972
0.0003976822
0.0005403757
0.0036863089
0.000116586685
0.0004786253
0.004081726
6.651878e-05
0.001714468
0.0024559498
0.0037755966
0.0031234026
0.004662633
0.002296567
0.0031558275
0.0012797117
0.00231874
0.0020003319
0.0022716522
0.00281775
0.0054825544
0.0033340454
0.007205248
0.00046539307
0.0035873652
0.0021636486
0.004164934
0.0037937164
0.0024067163
0.005389929
0.0038655996
0.0036904812
0.0018513203
0.005111456
0.0011140108
0.0018740892
0.0029096603
0.004958391
0.0034025908
0.00033783913
0.004370451
0.0038688183
0.003840804
0.001239419
0.0039936304
0.0028299093
0.00517869
0.0038086176
0.001519084
0.0042989254
0.0035511255
0.0016601086
0.0006803274
0.0008432865
4.2915344e-05
0.0024865866
0.0038028955
0.00083756447
0.002027154
0.0025398731
0.0023360252
0.0027787685
0.003569007
0.0040227175
0.0054266453
0.0020900965
0.0031903982
0.004759431
0.0026950836
0.004868984
0.0039851665
0.004244566
0.0011880398
0.0012623072
0.0022734404
0.0035623312
0.0017380714
0.0017927885
0.00078213215
0.0029593706
0.0040824413
0.001535058
0.0026355982
0.0025603771
0.0004925728

0.004434228
0.0004698038
0.003256917
0.0042188168
0.0016388893
0.0032254457
0.0032571554
0.0051674843
0.0005875826
0.004529953
7.9751015e-05
0.003757
0.0013052225
0.004484296
0.0054279566
0.0017174482
0.00340271
0.0024950504
0.0032992363
0.0030831099
0.0020303726
0.003072977
0.0034965277
0.0013804436
0.003264904
0.0026694536
0.0038431883
0.0026948452
0.003136754
0.0047359467
0.004347563
0.0041639805
0.0037033558
0.001934886
0.00013077259
0.0014412403
0.0029708147
0.0030816793
0.0016269684
0.0024785995
0.003442645
0.0032719374
0.0024561882
0.0027781725
0.0021955967
0.0003387928
0.00341475
0.0048644543
0.0015171766
0.00333786
0.0003566742
0.00035321712
0.0030725002
0.002973795
0.004540086
0.004565716
0.0020840168
0.0043604374
0.0030882359
0.0023097992
0.001884222
0.0036480427
0.00016880035
0.0043097734
0.00083100796
0.0036002398
0.0021568537
0.0034888983
0.0044021606
0.004133582
0.0026198626
0.00554657
0.003975749
0.004814267
0.0026266575
0.0055722
0.0035219193
0.001819253
0.0014284849
0.0042481422
0.00016105175
0.0024356842
0.0025303364
0.0018125772
0.0012490749
0.005186677
0.0010665655
0.003305912
0.0021321774
0.0024178028
0.0016471148
0.0016314983
0.0053551197
0.002084732
0.0016860962
0.0028865337
0.002974391
0.0021930933
0.0037277937
0.0015490055
0.0019079447
0.0030454397
0.004820466
0.00081813335
0.004627228
0.0039441586
0.003339529
0.0031313896
0.0026470423
0.0047130585
0.00319767
0.0008904934
0.0032469034
0.0014392138
0.0026851892
0.003329873
0.00042927265
0.0011119843
0.005597472
0.001478672
0.00051677227
0.0016005039
0.003998399
0.0026717186
4.4584274e-05
0.003988385
0.004547
0.0010756254
0.002837658
0.0033187866
0.0044162273
0.0054415464
0.0035089254
0.0045045614
0.002903223
0.0018193722
0.0024921894
0.0024175644
0.0009795427
0.004434943
0.002085805
0.0041286945
0.0026949644
0.0029592514
0.0029610395
0.0016841888
0.0027029514
0.0012640953
0.00074899197
0.004210353
0.002644658
0.0013377666
0.00050520897
0.0019131899
0.0022952557
0.0044561625
0.002722025
0.0018057823
0.0040307045
0.0038752556
0.004627228
0.0024992228
0.0019863844
0.00121665
0.0016549826
0.0016167164
0.0019356012
0.004554391
0.0039093494
0.0025542974
6.914139e-05
0.0049346685
0.0025035143
0.0017066002
0.002108097
0.0015429258
0.002780199
0.002882123
0.002781868
0.0028910637
0.0046778917
0.004421115
0.0012904406
0.004375696
0.001883626
0.001881957
0.004637599
0.008350849
0.00051522255
0.0035226345
0.0012084246
0.00050807
0.00025868416
0.0007343292
0.0018290281
0.0037629604
0.002606392
0.0015832186
0.002457261
0.003795743
0.0032500029
0.0028108358
0.004274249
0.0035803318
0.0018903017
0.002777934
0.0011589527
0.0038233995
0.003789425
0.0043979883
0.0036501884
0.002027154
0.0030310154
0.0021671057
0.0049256086
0.0010309219
0.004134059
0.0015009642
0.0019176006
0.0051864386
0.002756834
0.0046054125
0.0038149357
0.0003632307
0.0040296316
0.0029181242
0.0054211617
0.00018334389
0.004500389
0.0025707483
0.003187418
0.0027455091
0.0045204163
0.00633502
0.0028742552
0.0050907135
0.0025264025
0.002107501
0.004927993
0.002448678
0.0050070286
0.0027222633
0.004480362
0.00380373
0.0021396875
0.003911495
0.0020974874
0.002424121
0.0033088923
0.0027521849
0.0056031942
0.0031950474
0.003869772
0.002035141
0.0047130585
0.0016957521

0.0027202368
0.0029257536
0.0015751123
0.0015050173
0.0012751818
0.0018450022
0.002067089
0.0019931793
0.00053966045
0.0016549826
0.0016666651
0.0010662079
0.0005325079
0.0011078119
0.0020598173
0.0021636486
0.000829339
0.0013198853
0.00021588802
0.0010949373
0.002531886
0.0025615692
0.00022006035
0.0006928444
0.0011936426
0.0019392967
0.0007125139
0.002919197
0.0006417036
0.00032389164
0.001593709
0.00047671795
0.0018092394
0.00064361095
0.0016698837
0.00040268898
0.0011669397
0.0012142658
0.002099514
0.0005904436
0.0008970499
0.000980854
0.0017840862
0.00048828125
0.0014157295
0.0026664734
0.002012968
0.0011553764
0.0014331341
0.0021482706
0.0014252663
0.0015193224
0.00058054924
0.0011916161
0.0026944876
0.00077581406
0.00059092045
0.0019135475
0.0016950369
0.0010699034
0.0013902187
0.0022826195
0.00048661232
0.0012837648
0.0012741089
0.0015848875
0.0018314123
0.0017157793
0.00086665154
0.0021913052
0.0012642145
0.0003964901
0.0035530329
0.00022006035
0.002077341
0.00022399426
0.00087320805
0.00061547756
0.0007184744
0.0012265444
0.0019088984
0.0003771782
0.001617074
0.0017927885
0.0012512207
0.00066041946
9.4771385e-05
0.0021235943
0.0015360117
0.0017716885
0.000996232
0.0016778708
0.0014131069
0.0012946129
0.00096559525
0.002013564
0.00033986568
0.0018883944
0.0013682842
0.0011495352
0.001062274
0.0021059513
0.0009274483
0.0012778044
0.0027772188
0.0016143322
0.002287984
0.0014101267
0.0021173954
0.0020372868
0.0017338991
0.0019100904
0.00095176697
0.0030874014
0.0009931326
0.0028966665
0.0019658804
0.0015536547
0.0025943518
0.00088977814
0.0020506382
0.0019345284
0.00071179867
0.0021668673
0.0020366907
0.0019712448
0.00057065487
0.0018283129
0.0018702745
0.0007352829
0.00085377693
0.0013927221
0.001333952
0.0016463995
2.5391579e-05
0.0019367933
0.00030755997
0.0009211302
0.0003361702
0.0013091564
0.0018379688
0.0014300346
0.000996232
0.0009473562
0.0025560856
0.00061547756
0.0017228127
0.0013049841
0.00087833405
0.0017749071
0.0018017292
0.0015345812
0.0023881197
0.0010726452
0.0026910305
0.0015383959
0.0017232895
0.0018011332
0.00016117096
0.0021413565
0.00079500675
0.0023608208
0.0018612146
0.0019720793
0.0005251169
0.0012398958
0.00060141087
0.001642108
0.0017457008
0.0015176535
0.0018392801
0.0008829832
0.0030773878
0.0018835068
0.0011473894
0.0023320913
0.00019800663
0.00013697147
0.002170205
0.0013531446
0.00213027
0.0009483099
0.0004299879
0.0017573833
0.0015550852
0.0015739202
0.0011734962
0.0022761822
0.0006285906
0.00021135807
0.0016622543
0.0007464886
0.001355648
0.0021423101
0.00028395653
0.0013750792
0.0011365414
0.00027620792
0.00078833103
0.0014801025
0.0013625622
0.0015182495
0.0022735596
0.0005738735
0.00019061565
0.002156973
0.0003784895
0.0018405914
0.0027650595
0.0009672642
0.0014054775
0.00126338
0.00018441677
0.0004364252
0.0017871857
0.0018991232
0.0014381409
0.0008326769
0.0032072067
0.0023777485
0.0016210079
0.0012544394
0.0023885965
0.0028119087
0.0022082329
0.001308918
0.00047290325
0.000993967
0.002563119
0.00036621094
0.0018274784
0.0012426376
0.00047409534
0.0008752346
0.0037415028
0.0013884306
0.0018455982
0.001495719
0.00324893
0.0017569065
0.00051510334
0.00037491322
0.00169456
0.00070905685
0.0013600588
0.0006580353
0.0012261868
0.0011886358
0.002396822
0.002220273
0.0022103786
0.00088727474
0.00016963482
0.0010075569
0.0007452965
0.0019507408
0.0016607046
0.00090396404
0.00052154064
0.0018481016
0.0015197992
0.0010341406
0.0020610094
0.0014001131
0.0026085377
0.0023599863
0.0016522408
0.00015234947
0.001631856
0.0012100935
0.0023027658
0.0013029575
0.00017428398
0.000623703
0.0019104481
0.0013314486
0.0005611181
0.0018357038
0.0024564266
0.0015628338
0.0019990206
0.0004760027
9.9897385e-05
0.00021457672
0.0018823147
0.0013865232
0.0015199184
0.0009948015
0.0009357929
0.0020506382
0.0015705824
0.002043724
0.0016556978
0.0009407997
0.0013979673
0.0027258396
0.0005912781
0.0005694628
0.0021835566
0.0030037165
0.0014255047
0.0003350973
0.002632618
0.0011246204
0.002358079
1.513958e-05
0.0027695894
0.0014710426
0.0020112991
0.00192976
0.0010285378
0.00076556206
0.00046896935
0.00049078465
0.0010068417
0.0019927025
0.0031251907
0.0019026995
0.0028141737
0.00057947636
0.0021728277
0.001385808
0.0012209415
0.0003554821
0.00011026859
0.001308918
0.0021072626
0.0024751425
0.0017077923
5.2452087e-05
0.0022780895
0.00013434887
0.00048410892
0.0014928579
0.002308488
0.0008676052
0.0013157129
0.0017794371
0.002366066
0.0015894175
0.00024843216
0.00075244904
0.00052821636
0.0016807318
0.0008776188
0.0009394884
0.0020899773
0.0017735958
0.0016195774
0.0019022226
0.0012190342
0.00072550774
0.00061297417
0.001219511
0.0018670559
0.0009690523
0.00042712688
0.0007542372
0.0011101961
0.0021432638
0.0018752813
0.0005633831
0.0018441677
0.0014910698
0.00041925907
0.0019353628
0.00050628185
0.0017191172
0.0003644228
0.0008177757
0.0023828745
0.0017074347
0.0012880564
0.0020126104
0.00071144104
0.0014625788
0.0016373396
0.0003311634
0.0014624596
0.0007978678
0.0017058849
0.00066792965
0.00049221516
0.0022771358
0.0010272264
0.0014690161
0.0022220612
0.0021156073
0.000279665
0.00071561337
0.002452612
0.0009200573
0.001411438
0.0012693405
0.000259161
0.0026925802
0.0011121035
0.0004823208
0.0002810955
0.0014594793
0.0011029243
0.0015860796
0.0018075705
0.0014810562
0.0010876656
0.0034639835
0.0010159016
0.0021458864
0.0010478497
0.0007485151
0.0016396046
0.0003272295
0.0017212629
0.0016769171
0.0011104345
0.0020378828
0.00128901
0.001987338
0.0013259649
0.0010659695
0.0019141436
0.002125144
0.0011583567
0.00015974045
0.0022393465
0.0020411015
0.0032628775
0.0026162863
0.000875473
0.0015096664
0.0004771948
0.0026675463
0.002409339
0.0017641783
0.0022455454
5.2452087e-06
0.0013775826
0.0016416311
0.00075006485
0.0010477304
0.0010787249
0.002580285
0.00044548512
0.002154708
0.0032416582
0.0017994642
0.0016018152
0.0011463165
0.0014823675
0.0008212328
0.0007791519
0.0015996695
0.0012615919
0.0013025999
0.00010538101
0.0019080639
0.00282979
0.0014536381
0.0012981892
0.00035321712
0.0019215345
0.0019987822
0.0016428232
0.0003529787
0.0022193193
0.0024859905
0.0019404888
0.0010426044
0.0014318228
0.00044989586
0.0019137859
0.0007369518
0.00096821785
0.002318859
0.0011270046
0.001957059
0.0016583204
0.0015347004
0.0017360449
0.0012956858
0.0014432669
0.001627326
0.00062823296
0.0011101961
0.0019454956
0.002512455
0.0020723343
0.0009160042
0.00054216385
0.0022383928
0.0015052557
0.0022974014
0.0024096966
0.0014463663
0.0004348755
0.002171278
0.0022201538
0.0032840967
0.0004785061
0.002611637
0.00044631958
0.0001001358
0.0016963482
0.0022864342
0.0017585754
0.00114429
0.001573205
0.0002439022
0.0022063255
0.0012067556
0.0012722015
3.4213066e-05

0.0012402534
0.0020076036
0.0018008947
0.0028197765
0.001535058
0.0021965504
0.00078201294
0.0034105778
0.001917243
0.0007967949
0.00094747543
0.0007556677
0.00019717216
0.0024852753
0.0020890236
0.0008586645
0.0015667677
0.00095176697
0.00067925453
0.0015393496
0.0013862848
0.0016751289
3.027916e-05
0.0010591745
0.0014843941
0.001965046
0.00088620186
1.8000603e-05
0.00095129013
0.00040233135
0.0017597675
0.0021783113
0.00094366074
0.0017060041
0.00056135654
0.0011035204
0.0021711588
0.0012778044
0.001445055
0.0012665987
0.0020444393
0.001073122
0.001914978
0.0005964041
0.0020219088
0.0003118515
0.0015817881
0.0018004179
0.0014203787
0.0002824068
0.0019440651
0.0023918152
0.001431942
0.0018571615
0.0007792711
0.0006080866
0.0018415451
0.0016858578
0.0019835234
0.0010383129
0.0011912584
0.00041127205
0.0018932819
0.0015134811
0.0018646717
0.0035619736
0.0025666952
0.0006150007
0.0016613007
0.0012515783
0.00054347515
2.3245811e-05
0.0015531778
0.0014423132
0.00086915493
0.0012158155
0.0019444227
0.0012378693
0.0013695955
0.0027643442
0.00045490265
0.00059115887
0.0018950701
0.0025824308
0.001167655
0.0014259815
0.000685215
0.0015046597
0.0014914274
0.0010983944
0.0022671223
0.0014539957
0.002166748
0.00041902065
0.0018237829
0.0028693676
0.0023106337
0.00074732304
0.00074517727
0.0015134811
0.0012472868
0.0005108118
0.00025129318
0.002191186
0.0014595985
0.0009343624
0.0014477968
0.0021609068
0.0022338629
0.0011911392
0.0014209747
0.00049364567
0.002161622
0.0027183294
0.0019843578
0.0027781725
0.0019741058
0.0007388592
0.0023821592
0.0020329952
0.0015331507
0.0008671284
0.000279665
0.0010683537
0.0016932487
0.0014597178
0.0028918982
0.00234437
0.00012099743
0.0030913353
0.0023652315
0.0017654896
0.0014193058
0.0002014637
0.0023152828
0.00054371357
0.0014914274
0.0012625456
0.00067305565
0.0010089874
2.8371811e-05
0.0023735762
0.0019308329
0.0009484291
0.00089776516
0.001650095
0.0019682646
0.0017849207
0.001860857
0.0011105537
0.0014597178
0.0012372732
0.0014756918
0.0010024309
0.00012028217
0.0013780594
0.00068700314
0.00030219555
0.0010336637
0.00190413
0.000903368
0.0011051893
0.0017377138
0.00093245506
0.0014663935
0.0020842552
0.0025203228
0.0009874105
0.0005623102
0.00019311905
0.001609087
0.0021326542
0.0016373396
0.0027364492
0.0022950172
0.0022066832
0.0020240545
0.0017623901
0.0011777878
0.0015274286
0.001801014
0.0019021034
0.0016314983
0.0007430315
0.00019693375
0.000849247
0.0014321804
0.0014669895
0.0018742085
0.0007479191
0.0013301373
0.0024758577
0.0016704798
0.0020514727
0.00061511993
0.00087463856
0.0019614697
0.00018811226
0.0012983084
0.00015377998
0.0013315678
0.0018333197
0.0013424158
0.00090038776
0.00034415722
0.0021139383
0.0008647442
0.0021198988
0.00026261806
0.0013818741
0.00074481964
0.0015164614
0.0011661053
0.0010839701
0.00019359589
0.0013705492
0.001412034
0.0015200377
0.0006548166
0.00071179867
0.0024706125
0.0012234449
0.0011490583
0.0028338432
0.00021076202
0.0010095835
0.0007214546
0.001843214
0.00021767616
0.00076925755
0.0007073879
0.0011358261
0.0008341074
0.002572775
0.00051784515
0.0013233423
0.0008558035
0.0013687611
0.0012491941
0.0021010637
0.0021551847
0.0011825562
0.0012208223
0.00094914436
0.00080275536
0.00037693977
0.0027605295
0.0014944077
0.001568079
0.0010870695
0.0013449192
0.0006660223
0.0006734133
0.0010809898
0.003109336
0.0013246536
0.0012897253
0.0011327267
0.0023181438
0.0014128685
0.0007017851
0.0010517836
0.0013086796
0.0030500889
0.00068950653
0.00085937977
0.001766324
0.0011259317
0.0030456781
0.0004775524
0.0015546083
0.00079262257
0.003057599
0.0016337633
0.0020592213
0.0016876459
0.00043678284
0.00073063374
0.00072681904
0.0005774498
3.7670135e-05
0.00012433529
0.0023927689
0.0005168915
0.0016493797
0.0017620325
0.0010266304
0.0015138388
0.0011847019
0.00070405006
0.001285553
0.00035262108
0.0005130768
0.002053976
0.0017608404
0.0011171103
0.001254797
0.0018340349
0.0026988983
0.0015360117
0.0020272732
0.0025800467
0.0006426573
0.002105713
0.0012215376
0.0010341406
0.00070512295
5.841255e-06
0.0014607906
0.0027513504
0.0015345812
0.0016901493
0.0010188818
0.00072336197
0.0019762516
0.0012426376
0.00027811527
0.00074100494
0.0010377169
0.001884222
0.001331687
0.0021128654
0.0013159513
0.0012739897
0.00034868717
0.0011466742
0.0009367466
0.0014697313
0.0024482012
0.0013371706
0.0020276308
0.0025724173
0.0024547577
0.0017720461
0.0020893812
0.0001538992
0.0023620129
0.0016040802
0.00129354
0.0009492636
2.2053719e-05
0.002615571
0.0018383265
0.0016341209
0.001357913
0.0019266605
0.0025959015
0.0012491941
0.0013848543
0.0016593933
0.00031113625
0.0013465881
0.001488328
0.00039732456
5.507469e-05
0.0011333227
0.00067567825
0.0017129183
0.0005391836
0.0007994175
0.0033003092
0.002536893
0.0010027885
0.0009841919
0.001933217
0.0028033257
0.00046384335
0.0005979538
0.0013180971
0.0011222363
0.00018393993
0.003152132
0.00094914436
0.0016146898
0.0032191277
0.0015228987
0.0025458336
0.0025547743
0.0020753145
0.0021463633
0.0020002127
0.00058722496
0.0017844439
0.0017110109
0.00033640862
0.0013002157
0.0024297237
8.59499e-05
0.00057578087
0.0021173954
0.002754569
0.00030386448
0.00209558
0.0015021563
0.0005605221
0.0012447834
0.00043809414
0.0023852587
0.0027707815
0.0015177727
0.0004798174
0.0007710457
0.0007375479
0.001303792
0.0012930632
0.0009841919
0.0017999411
0.0021669865
0.0009866953
0.0008112192
0.00175035
0.0014306307
0.0023488998
0.00089657307
0.0012660027
0.0011607409
0.0012691021
0.0010185242
0.0016986132
0.0015739202
0.00019311905
0.0024952888
0.00035321712
0.0016702414
0.0011693239
0.00097072124
0.0023401976
0.002040863
0.00045502186
0.0007030964
0.0025385618
0.0021312237
0.002824068
0.00053679943
0.0026367903
0.0023554564
0.0006529093
0.0017541647
0.0005053282
0.0027672052
0.0006363392
0.0020686388
0.0016591549
0.0008108616
0.0009237528
0.0005415678
0.0021504164
0.0026090145
0.0011229515
0.0010819435
0.00079739094
0.0016454458
0.0010737181
0.00221622
0.0022238493
0.0017851591
0.0012478828
0.002376914
0.0020455122
0.00029826164
0.0012025833
0.0033493042
0.001406908
0.0014634132
0.0010457039
0.00213027
0.0025449991
0.001080513
0.000541687
0.0030776262
0.0015773773
0.0007966757
0.0009952784
0.0017743111
0.0010364056
0.0009059906
0.001795888
0.0017257929
0.0010706186
0.0018153191
0.0016509295
0.0022969246
0.0019774437
0.0021272898
0.0005943775
0.0014058352
0.0016946793
0.0017294884
0.0015004873
0.0012511015
0.0031733513
7.772446e-05
0.00089502335
0.00088357925
0.0014532804
0.001791954
0.0020878315
0.0018957853
0.002323866
0.001846075
0.00053727627
0.00094747543
0.0018408298
0.0014628172
0.0012880564
0.0021721125
0.0013190508
0.0021977425
0.0013240576
0.0030771494
0.002272606
0.00154531

0.0009924173
0.001151681
0.00030505657
0.00021338463
0.00054621696
0.0002875328
0.005104184
0.00056767464
0.00053465366
0.001073122
6.246567e-05
0.0012183189
0.00031101704
0.0010838509
0.0019222498
0.0005084276
0.0007585287
0.00092470646
0.0015326738
0.00015699863
0.0024718046
0.0028766394
0.0006041527
0.001024723
0.00052404404
0.0009789467
0.0009319782
0.0028840303
0.003296256
0.0010073185
0.0016101599
0.0060687065
0.0011292696
5.722046e-05
0.00025689602
0.0021208525
0.0024670362
0.0012706518
0.0018939972
0.001175642
5.4121017e-05
0.0015693903
0.00047063828
9.548664e-05
0.008200645
0.00019264221
0.002442956
0.0016598701
0.00065386295
0.0013084412
0.00093460083
0.00039994717
0.0007611513
0.00050902367
0.0012545586
0.00057697296
0.00014019012
0.0005760193
0.0009037256
9.429455e-05
0.0006817579
0.001445651
0.0016857386
0.003651619
0.0012588501
0.00030243397
0.0031930208
0.00079905987
0.00038278103
0.006989479
0.00026929379
0.0036633015
0.00037062168
0.0008161068
0.0050162077
0.0007045269
0.0002487898
0.0018244982
0.0011332035
0.0005787611
0.0037620068
0.0020430088
0.0013184547
0.001350522
0.001473546
0.0019074678
0.0010368824
0.0022517443
0.00051534176
0.0014277697
0.0042432547
0.00021338463
0.0002014637
0.0003541708
0.0015081167
3.4928322e-05
0.0029515028
0.0008966923
0.00069987774
0.002636075
0.0010029078
0.0004030466
0.0025839806
0.0010244846
0.0048878193
0.0002065897
0.0024222136
0.0027258396
0.00046133995
0.00063693523
0.00022852421
0.0025683641
0.00064349174
0.0033460855
0.0010045767
0.00045371056
2.4795532e-05
0.0018615723
0.0034855604
0.00627172
0.0024260283
0.000156641
0.0010780096
0.00071394444
0.0015096664
0.0013866425
0.00017106533
0.0017225742
0.00034368038
0.0012873411
0.00089633465
0.001734376
0.0019903183
0.00080537796
0.004591465
0.0009407997
0.0016392469
0.0016123056
0.0011041164
0.00032007694
0.001990676
0.0029569864
0.0005720854
6.54459e-05
0.00091934204
0.0010809898
0.0006786585
0.0008944273
0.0006223917
0.00038218498
0.00015449524
0.0022616386
0.004188895
0.0007580519
0.0014357567
0.001147151
0.00095033646
0.0008972883
0.0029604435
0.0044896603
0.00019264221
0.0007455349
0.0022439957
0.00057399273
0.0006688833
0.000674963
0.00051677227
0.0010275841
0.000756979
0.0023483038
0.0014550686
0.0018785
0.00053310394
0.0007073879
0.0016435385
0.0011018515
0.0022454262
0.00033557415
0.0014014244
0.005641103
0.00035989285
0.0011848211
0.0008698702
0.00047159195
0.0027509928
0.0001398325
0.0009396076
0.0005208254
0.0010743141
0.0006971359
0.0019814968
0.0005996227
0.002315402
0.0019733906
0.0009738207
0.00021481514
0.0009863377
0.00031208992
0.00035107136
0.0009114742
0.0010139942
0.0031573772
0.002357483
0.0015791655
0.0008240938
0.0007904768
0.0024136305
0.00039100647
0.0014923811
0.00086796284
0.0010712147
8.440018e-05
0.00058984756
0.001396656
0.00077974796
0.003489852
0.004288912
0.0019494295
0.0021408796
0.0004632473
0.0039902925
0.0011541843
0.000177145
0.001249671
0.0018442869
0.00036597252
0.0011649132
0.0008780956
0.00027871132
0.0021224022
0.00092577934
0.0020347834
0.0016433
0.007501602
0.003465891
0.0025162697
0.0013792515
0.001111865
0.00022482872
0.0022941828
0.00065100193
0.00055611134
0.0005950928
0.0002554655
0.00046932697
0.0062298775
0.0012164116
0.0011578798
0.0006262064
0.0001707077
0.0030002594
0.00073730946
0.0019762516
0.0012981892
0.00035345554
0.0017324686
0.00046372414
0.0010085106
0.003811121
0.0016703606
0.0008633137
7.271767e-05
0.0035537481
0.003307104
0.00035369396
0.0023890734
1.4305115e-05
0.00051152706
0.00038444996
0.002714157
0.0001500845
0.0010795593
0.005467057
0.005730152
0.0010122061
0.006011367
0.0021420717
0.0074270964
5.4836273e-06
0.0007663965
0.0003118515
0.0011242628
0.0019085407
0.00020313263
0.0010318756
0.003164053
0.0013518333
0.0029178858
0.0024535656
0.0012540817
0.00363791
0.000536561
0.00041353703
0.00092971325
0.00019407272
0.00070142746
0.0022410154
0.0008248091
0.0012419224
0.0031915903
0.0010100603
0.00073444843
0.00046527386
0.000590086
0.00022137165
0.0001283884
0.00091159344
0.0012282133
0.00019311905
0.0009890795
0.0011318922
0.0018014908
0.0005799532
0.00022685528
0.002811432
0.0014402866
0.0006451607
0.0051335096
0.0033217669
9.346008e-05
0.0008662939
0.0011737347
0.003644228
0.0009622574
0.0018254519
0.0033835173
0.0012027025
0.0005224943
0.00058090687
0.009092212
0.002857089
0.0013737679
0.00086820126
0.0009599924
0.0009716749
0.0017012358
0.0006443262
0.00052022934
0.0022306442
0.00021135807
0.00010561943
0.00048208237
0.00012505054
0.0013215542
1.335144e-05
0.0014908314
0.0021346807
0.0023099184
0.0006508827
7.891655e-05
0.0015012026
0.0016692877
0.0007685423
0.00029957294
0.0018048286
0.0018935204
0.002134204
0.0004376173
0.0007300377
0.00034475327
0.0026420355
0.00050103664
0.0040647984
0.0002812147
0.0007303953
0.0010902882
0.0006532669
0.0017626286
0.0036138296
0.0010511875
0.0012624264
0.0013282299
0.000916481
0.0013314486
0.00014913082
0.0021338463
0.00014781952
0.004424691
0.0002593994
7.510185e-05
0.001398325
0.001021266
0.0004976988
0.0018472672
0.0005624294
0.001735568
0.00070536137
0.0012853146
0.0020672083
0.0009177923
0.0014213324
0.00052535534
0.002842784
0.0025103092
0.00134027
0.0061733723
0.0016688108
0.002525568
5.4836273e-06
0.0011461973
0.0015345812
0.00060391426
0.00027263165
0.00096189976
0.0010086298
0.0023300648
0.0002143383
0.0020296574
0.00042140484
0.0007510185
0.00019347668
0.0037721395
0.0005557537
0.0006790161
0.0019910336
0.00047171116
0.004384756
0.001103878
0.00014793873
0.00048315525
0.0006619692
0.00035250187
0.0043405294
0.0013484955
0.001584053
0.0006195307
0.0002821684
0.0040055513
0.0007325411
0.00047183037
0.00086414814
0.00206244
0.0005004406
5.3286552e-05
0.0008177757
0.0004339218
0.0007019043
0.0021681786
0.0013258457
0.00089275837
0.0020531416
0.0019271374
0.0031211376
0.00020349026
0.0015903711
0.00077962875
0.0064200163
0.0023424625
0.00025117397
0.00065100193
0.00043976307
0.0003335476
0.002022624
0.0035790205
0.0030280352
8.177757e-05
0.0036002398
0.0008701086
0.00022852421
0.00014197826
0.00035774708
0.0001437664
0.00032663345
0.0019812584
0.0003437996
0.00078237057
0.004561186
0.0007635355
0.002387166
0.003328681
0.0006532669
0.00076425076
4.6372414e-05
0.0009382963
8.2850456e-05
0.00084877014
0.0015608072
0.0006495714
0.0026077032
0.0016708374
0.000284791
0.00037622452
0.00021445751
0.0047096014
0.0022497177
0.0003055334
0.0014876127
0.00018692017
0.00087606907
0.0011878014
0.0014506578
0.0005983114
5.8054924e-05
0.00011563301
0.004386425
0.00077307224
0.0012784004
0.0006608963
0.00011456013
0.001526475
0.0022494793
0.0002888441
7.200241e-05
0.00042951107
0.0011022091
8.2850456e-05
0.003049612
0.00055766106
0.0006699562
0.0004671812
0.00047707558
0.0010994673

6.067753e-05
0.0002156496
0.0013965368
0.0016437769
0.0013542175
0.0006657839
0.001360774
0.000315547
0.002905488
1.1920929e-07
8.571148e-05
0.0016944408
0.0005774498
0.0009946823
0.00033009052
0.0020916462
0.00075519085
5.38826e-05
0.0023940802
0.0006572008
0.0035470724
0.00111413
0.0005930662
0.0013512373
0.000284791
0.0010775328
0.0006958246
0.00047671795
0.0023815632
0.0020701885
0.0020885468
0.0020281076
0.0002784729
0.0040016174
7.939339e-05
0.0028795004
0.0019199848
0.00094521046
0.00037252903
0.0014332533
0.0049794912
2.169609e-05
0.0024445057
0.0026004314
0.0018223524
0.0004335642
0.00037157536
0.002077341
0.00037121773
0.0005443096
4.7683716e-07
0.0050131083
0.0005066395
0.0010893345
0.0024693012
0.0016605854
0.003499031
0.0004888773
0.0022349358
0.0010688305
0.0021675825
0.0010018349
0.0012077093
0.00062322617
0.00054848194
0.0012509823
0.00087189674
0.0006235838
0.0001386404
0.0028589964
0.00017130375
0.004379034
0.0019694567
0.0014343262
0.00024425983
0.00036644936
9.012222e-05
0.00034940243
0.0025184155
0.0007690191
0.0041269064
0.00088107586
0.0001475811
0.0022802353
0.0015563965
0.0016258955
0.005087018
0.00033199787
0.0021125078
0.0007840395
0.0031220913
8.428097e-05
0.003983021
0.0026632547
0.0016914606
0.0004492998
0.0007697344
0.004096508
0.0010579824
0.0017933846
0.003031373
0.0029798746
0.0006246567
0.0012396574
0.00029206276
0.00010097027
0.0012898445
0.0030059814
0.000934124
0.0029808283
0.00019180775
0.0011936426
3.170967e-05
0.0027480125
0.0034395456
6.7949295e-06
0.0013756752
0.0009826422
0.0013334751
1.9311905e-05
0.0059731007
0.001868248
0.0007907152
0.0001437664
0.0019315481
0.0008753538
0.0016977787
0.0009394884
0.0004695654
0.0027235746
0.00027251244
0.0001462698
0.0012402534
0.000890851
0.001560688
0.0003607273
0.002599001
0.00037240982
0.00037634373
0.0010455847
0.0012065172
0.00096178055
0.0005298853
0.0029765368
0.0006046295
3.9100647e-05
0.0010157824
0.0027104616
0.0021879673
0.0009368658
0.00235188
0.0014535189
0.0026097298
0.0037534237
0.0009676218
0.00039196014
0.0010929108
0.0010206699
0.0020729303
0.0013970137
0.0011341572
0.0010203123
1.3113022e-06
0.0023190975
0.00042498112
0.003631711
0.0045078993
9.417534e-06
1.4901161e-05
0.0011618137
0.00060641766
0.0016456842
0.0005427599
0.0018188953
0.00028049946
0.0001487732
0.00085270405
0.0013183355
0.0002527237
0.005063176
0.0014097691
0.0006659031
0.0012966394
0.0005725622
0.0003681183
0.002272606
1.9431114e-05
0.00061678886
0.0014371872
0.0007838011
0.00030982494
0.00036275387
0.000702858
0.0010426044
0.0032448769
0.00026535988
0.0039345026
0.0018814802
0.0013438463
0.0018728971
0.0020399094
0.0022886992
1.1920929e-07
0.0013599396
0.006241679
0.001306653
0.0005674362
0.0009492636
0.0013716221
0.0019819736
0.001478672
0.0004361868
0.0012311935
0.00027489662
0.0016802549
0.0005694628
0.0016407967
0.004066944
0.0007869005
0.00093925
0.0
0.0013225079
0.0007189512
0.0027462244
0.0015228987
0.0017160177
0.0030325651
0.0003643036
0.00076138973
0.0009932518
0.0025535822
0.0019536018
0.0021281242
0.0007510185
0.0018069744
1.66893e-05
0.00087952614
0.0030606985
0.00051927567
0.00057053566
0.0019880533
0.004098654
0.00123775
0.0009799004
0.0012429953
0.0016363859
1.3113022e-06
0.0010111332
0.0008581877
0.0025279522
0.00090551376
0.002299428
0.0033560991
0.0020298958
0.0007638931
1.5974045e-05
0.00056922436
0.0020959377
0.0031199455
0.001973033
0.00039613247
0.0013707876
0.0007272959
0.0012471676
2.3841858e-06
0.0001654625
0.00074124336
0.00069880486
0.00034213066
0.0013377666
0.0031391382
2.3841858e-07
0.00067448616
0.00057399273
0.00048291683
0.00028014183
0.0009419918
0.0005611181
0.0036176443
0.0019860268
0.0013496876
0.00021386147
0.0030856133
0.00051796436
0.0026373863
0.0032235384
0.00021457672
0.0018191338
0.004456401
0.00011539459
0.004975915
0.0001757145
0.00029075146
0.0008196831
0.0015739202
0.0014345646
0.001132369
0.0008555651
-5.9604645e-07
0.0015482903
0.003611803
0.0023261309
0.0018332005
0.002182126
0.0016092062
0.0006489754
0.0013054609
0.0021269321
0.00093090534
0.0001219511
0.0024056435
0.0011155605
0.00013124943
0.00055134296
4.708767e-05
0.000446558
0.00091195107
0.0021398067
0.0005811453
0.0014358759
0.002596736
0.0018899441
0.0020427704
0.0023926497
0.0031211376
0.002262473
0.0006175041
0.00010287762
0.002803564
0.0020650625
0.0026631355
0.002022624
0.0009198189
0.002143383
1.1920929e-07
1.9073486e-06
0.0010067225
0.001791358
0.004659295
0.00043654442
0.0013699532
0.0010297298
0.00017404556
0.0004749298
0.0008637905
0.0055431128
0.00079774857
0.0014337301
0.00021612644
1.1920929e-07
0.001783967
0.0010529757
0.00029313564
6.389618e-05
0.0017024279
0.0017575026
0.0023328066
0.00017940998
0.001452446
0.00013780594
0.0017105341
9.596348e-05
0.0024186373
0.00027608871
0.0017969608
0.0023745298
0.0018675327
6.318092e-05
0.00060999393
0.00070488453
0.0017391443
0.0011240244
0.0008698702
0.00276196
0.0019496679
0.00019872189
5.1259995e-06
0.0008111
0.00054872036
0.00016903877
3.5762787e-07
0.003997922
0.0022681952
0.0054496527
0.0034371614
7.069111e-05
1.4305115e-06
0.002470851
0.004013896
0.0020096302
6.592274e-05
0.00028061867
0.0024473667
0.00068855286
0.00075507164
0.0020861626
0.0020275116
0.0007394552
0.003039956
0.001345396
1.1444092e-05
0.00026345253
0.0024869442
0.0011510849
0.0004068613
0.0014380217
0.0027372837
0.0017143488
0.0011212826
0.000554204
0.0029031038
0.0011332035
0.0015624762
0.0029160976
0.0023770332
0.0015847683
0.002474308
0.0017137527
0.0015598536
0.0016388893
2.7775764e-05
0.0009583235
0.0009999275
0.0021734238
4.7445297e-05
0.0006787777
0.001555562
0.003046751
0.0007055998
0.00020194054
0.0007830858
0.00490129
0.0011781454
0.00024533272
0.0015233755
0.0005580187
0.00046658516
0.00045216084
0.0028196573
0.0014599562
0.00024962425
0.00038063526
0.003895402
-2.3841858e-07
0.002064228
0.000987649
0.0008175373
0.0011674166
0.00076520443
0.0021320581
0.0019568205
0.0020513535
0.0007869005
0.0008354187
9.918213e-05
0.0014672279
0.0036194324
0.0026489496
0.00029325485
0.0014526844
0.0011407137
0.0013084412
1.9192696e-05
0.003406763
0.0012060404
0.0012831688
0.0024677515
0.0036281347
0.00013935566
2.026558e-05
0.0028375387
0.004026413
0.0010663271
0.0018126965
0.0030938387
0.00040197372
0.002545476
0.0002478361
0.00013542175
0.004612565
0.0022188425
0.00084400177
0.004295945
0.00042450428
0.0035175085
0.00022268295
0.0018513203
9.453297e-05
0.0005340576
0.0013563633
0.0004878044
7.4744225e-05
0.0018261671
0.0015189648
0.002238512
0.0012325048
0.0003809929
0.0040068626
0.0008443594
0.00064349174
0.0004657507
0.0017133951
2.6106834e-05
0.001106739
1.0848045e-05
0.0020942688
0.0022351742
0.0025544167
0.0009847879
9.930134e-05
0.0019128323
0.0007466078

0.0014679432
0.0013326406
0.0019717216
0.0040193796
0.0009752512
0.003176093
0.0027233362
0.0017315149
0.0011434555
0.0004351139
0.0013735294
0.0028344393
0.0019317865
0.0013010502
0.00014698505
0.0007698536
0.001995802
0.00080156326
0.0011743307
0.00081038475
0.00096178055
0.0018466711
0.001995802
0.0005259514
0.0020047426
0.002216816
0.0010999441
0.0015152693
0.0011487007
0.0006227493
0.00017404556
0.0011210442
0.0022634268
0.0022706985
-1.1920929e-07
0.00094640255
0.0021146536
0.000991106
0.0012573004
0.0012726784
0.0017207861
0.0022574663
0.00046384335
0.0014411211
0.0024888515
0.0010848045
0.0017361641
0.0009325743
0.0022763014
0.0016744137
0.0003348589
0.0015902519
0.0010933876
0.002470374
0.0019840002
0.002475977
0.0007739067
0.0019335747
9.918213e-05
0.0010939837
0.0
0.0027948618
0.00083220005
0.00063335896
2.2888184e-05
0.0010635853
0.0010687113
0.0012323856
0.0012569427
0.0027997494
0.002672553
0.0015052557
0.00028562546
0.0014336109
0.0026630163
0.0020684004
0.0029808283
0.0018795729
0.0018934011
0.001447916
0.0026896
0.0024981499
0.0010821819
0.002388358
0.0014567375
0.0012351274
0.0006144047
0.0048923492
0.0022833347
0.0009007454
0.001637578
0.0016847849
0.0018749237
0.0009906292
0.0018271208
0.0010293722
0.0016863346
2.8014183e-05
0.00026988983
0.0010870695
0.00016617775
0.0014408827
0.0018219948
0.0015670061
0.0018708706
0.0015120506
0.0023258924
0.0013455153
0.0010510683
0.001704812
0.00092732906
0.00080633163
0.002120018
0.0025763512
0.00088584423
0.001457572
0.0017504692
0.0005916357
0.0011614561
0.0011590719
0.0004247427
0.0009214878
0.0024647713
0.0009838343
0.0011578798
0.0011537075
1.4781952e-05
0.0019965172
0.0010309219
0.0007430315
0.0008479357
0.0014016628
0.0012887716
0.0020184517
0.0020792484
0.00043988228
0.0043393373
0.00023829937
0.0013768673
0.0
0.0011014938
0.00026381016
0.0018786192
0.004104018
0.00051760674
0.0016105175
0.00067842007
0.0039283037
0.00030100346
0.0010935068
0.0018779039
0.0010317564
0.0018731356
5.376339e-05
0.00014042854
0.0015913248
0.0010881424
0.000977397
0.0021811724
0.000300169
0.0003950596
0.00056421757
0.00078988075
0.0006002188
0.0004682541
0.0011053085
0.0011343956
0.0031912327
0.0016874075
0.0012581348
0.0017675161
6.4730644e-05
0.0019327402
0.00147295
0.0003708601
0.0013574362
8.034706e-05
0.0013091564
0.0021637678
0.0015081167
0.00054860115
0.0011239052
0.0011539459
0.0018438101
0.0017641783
0.00258708
0.00053215027
0.00054848194
0.0029716492
0.0014033318
0.002341628
0.00017380714
0.0017447472
0.0037770271
0.0017545223
0.0011421442
0.0016409159
0.0011550188
0.002521038
0.0011527538
0.0016297102
0.00061810017
0.00029194355
0.0006477833
0.0013669729
0.0011409521
9.417534e-06
0.0010560751
0.00042653084
0.00045788288
0.0015388727
0.0031597614
0.0016547441
0.00085031986
0.0002913475
0.00063467026
0.0022588968
0.0020576715
0.0008428097
0.0023450851
0.0011893511
0.000993967
0.0014417171
0.0022927523
0.0025211573
0.0012350082
0.0017749071
0.0016684532
0.0027520657
0.0022512674
0.0010019541
0.0010890961
0.00023555756
0.0019495487
0.0012208223
0.000987649
0.0027610064
0.0016515255
0.0006953478
0.0014324188
0.0023533106
0.0010648966
0.001658082
0.0008765459
0.00058841705
0.002914071
0.0020775795
0.0011878014
0.002946496
0.0007003546
0.0025012493
0.0029861927
0.0020326376
7.1525574e-07
0.0010957718
0.00045335293
0.0012499094
0.002080679
0.0014973879
0.00039374828
0.0019817352
0.0006598234
0.0009988546
0.0016845465
0.0032852888
0.002355814
0.0023560524
0.0034521818
0.0022653341
0.0014020205
0.0011717081
4.851818e-05
0.001590848
0.0018748045
0.00021958351
0.0005532503
0.0017846823
0.0008637905
0.0008867979
0.0014908314
0.00058817863
0.0019757748
0.0012079477
4.208088e-05
0.0010260344
0.0013056993
0.0018804073
0.00083601475
0.001021266
0.0009912252
0.0027655363
0.0006787777
0.0025994778
0.0007519722
0.0011658669
4.7683716e-07
0.0015952587
0.00041902065
0.0026522875
0.0010937452
0.0022172928
0.000549078
0.0012332201
0.0015385151
0.0025405884
0.0005978346
0.0012013912
0.0018330812
0.0019913912
0.0013333559
0.0005515814
0.0015488863
0.00094020367
0.0024621487
0.0018696785
0.0013743639
0.0017812252
0.002592206
0.0017982721
0.0028748512
4.6133995e-05
0.0022033453
0.00034093857
0.00028848648
0.0019561052
0.0017358065
0.002245307
0.0006262064
0.0011162758
0.001065731
0.0013145208
0.0014548302
0.0020649433
0.0022548437
0.0023778677
0.002113223
0.00080645084
0.002427578
0.001082778
0.0012776852
0.003061533
0.0008326769
0.0
0.0021699667
0.0012122393
0.0039538145
0.001478076
0.0023201704
0.001679182
0.000320673
0.0010225773
0.0004234314
0.0009729862
0.00029671192
0.0009498596
0.00048971176
0.0019137859
0.0020602942
0.002522707
0.0011427402
0.0
0.0006879568
0.00174582
0.00033426285
7.557869e-05
0.0006443262
0.002814293
0.0008350611
0.0019589663
4.172325e-06
0.0034655333
0.002795577
0.0009213686
9.346008e-05
0.0012637377
0.00017166138
0.0010391474
0.0013478994
0.00095903873
0.0011681318
0.00233531
0.0010085106
0.0026842356
0.00067293644
0.000826478
0.0014525652
0.0004377365
0.00016605854
0.00075268745
0.0027050972
4.2557716e-05
0.0006406307
0.0007840395
0.00064635277
0.0008075237
0.00039100647
0.0029723644
0.0012311935
0.0030949116
0.0014579296
0.0029928684
0.0002887249
0.001896739
0.0026096106
0.0007851124
0.0020819902
0.00082182884
0.0014470816
0.0018671751
0.0011857748
0.0012387037
0.0018088818
-1.1920929e-07
1.3113022e-06
0.000782609
0.0012692213
0.00084769726
0.001057148
0.0026876926
0.0029124022
0.0016582012
0.0006606579
0.001616478
0.001082778
0.0018825531
0.0012785196
0.00046110153
0.0026580095
0.0020495653
0.0023988485
0.0025076866
0.0018820763
0.0027825832
0.0007381439
0.001517415
0.0009974241
0.00238657
0.001899004
0.0021389723
0.0020413399
0.00027763844
0.0011132956
0.00042700768
1.5497208e-06
0.000346303
0.0008164644
0.0024228096
0.0022486448
0.0008944273
0.0019264221
0.0019096136
0.0016481876
0.002693653
0.00041127205
0.0019134283
0.0006920099
0.00040709972
0.0034035444
0.0020571947
0.0003899336
0.00195992
8.46386e-06
0.0022780895
0.0007264614
0.0024539232
0.0015844107
0.0023100376
0.00041365623
0.00030303
0.001590848
0.0010524988
0.00044214725
0.0014209747
0.0014334917
0.0013320446
0.0011788607
0.0014067888
0.0011587143
0.0015292168
0.0007573366
0.0026842356
0.0004390478
0.0018591881
0.0005801916
0.0011928082
0.0022689104
0.0013685226
0.001940012
0.0014896393
0.00023889542
0.00063192844
0.0011351109
0.0024274588
0.001886487
0.0017943382
0.0002219677
0.0033832788
0.0014967918
0.0018347502
0.0032236576
0.001838088
0.0033818483
0.0008202791
0.0012114048
0.00025069714
0.0008485317
0.0018785
0.00057685375
0.0
0.001378417
0.0018376112
0.0008620024

0.0010647774
0.002102971
0.0011407137
0.0007675886
0.0019253492
0.0014021397
0.0016356707
0.0019367933
0.0009018183
0.0030494928
0.0019516945
0.0014404058
0.0012999773
0.002053976
0.001151681
0.0019334555
0.001505971
0.0005580187
0.0012717247
0.0006455183
0.0007606745
0.001868248
0.00041031837
0.00084638596
0.00073361397
0.0021301508
6.1273575e-05
0.0015107393
0.0011885166
0.0016627312
0.0021429062
0.0017014742
0.0008751154
0.00014269352
0.0010017157
0.0011708736
0.0021687746
0.0022064447
0.0023204088
0.0012044907
0.0007067919
0.0010522604
0.00087082386
0.0012290478
0.0026313066
0.0029636621
0.0011227131
0.0010955334
0.0011031628
0.0021586418
0.0010982752
0.00061273575
0.0013859272
0.0006854534
0.0018076897
0.00026750565
0.0013257265
0.0018366575
0.0003362894
0.00420475
0.0005517006
0.00080549717
0.0012062788
0.0020567179
0.001709938
0.0022559166
0.0010393858
0.0020629168
0.001532793
0.00055396557
0.0022888184
0.0022400618
0.0019176006
0.00072801113
0.0010335445
0.0045286417
0.0013346672
0.0013000965
0.001578331
0.0022934675
0.0012515783
0.0021064281
0.0006966591
0.0028675795
0.0032622814
0.00094366074
0.005052924
0.00086557865
0.001347065
0.00073206425
0.00065755844
0.0003272295
0.0014156103
0.00042676926
0.0018754005
0.0018447638
0.0013090372
0.001198411
0.0014122725
0.0012814999
0.0007432699
0.0021090508
0.0012559891
0.0010461807
0.0014345646
0.0015277863
0.00073575974
0.0016822815
0.0016242266
0.0009877682
1.7881393e-06
0.0019277334
0.0009951591
0.00044465065
0.0010489225
0.005019903
0.0008331537
0.0017632246
0.001292944
0.0017291307
0.0013995171
0.0035984516
0.0007932186
0.0036007166
0.001994133
0.00086700916
0.0016914606
0.000880003
0.0013051033
0.0010091066
0.0009559393
0.0022592545
0.002039075
0.0016868114
0.0010385513
0.0017228127
0.0007970333
0.0013848543
0.0027513504
0.00085675716
0.001150012
0.00022268295
0.0017524958
0.0013302565
0.00066280365
0.00062310696
0.0020587444
0.001201868
0.0006376505
0.0011416674
0.00062322617
0.0005507469
0.00017619133
0.0013848543
0.00072455406
0.0009522438
0.0015187263
0.0033798218
0.00095164776
0.0019007921
0.0015645027
0.0012141466
0.0022125244
0.0
0.0011104345
0.0025309324
0.0014394522
0.0017927885
0.0016976595
0.00016403198
0.0017673969
0.0011520386
0.0015220642
0.00206995
0.0012947321
0.0013053417
0.0011694431
0.0010820627
0.00033712387
0.00054323673
0.001803875
0.0004401207
0.001193881
0.0010513067
0.0013711452
0.00077831745
0.0023337603
0.0017877817
0.0015715361
0.00070893764
0.0014010668
0.0007286072
0.00014853477
0.00198102
0.00079619884
0.001655221
0.0025241375
0.000715971
0.0009496212
0.00038862228
0.0028232336
0.0018895864
0.0009019375
0.0007902384
0.0028076172
0.0032678843
0.003111124
0.0041862726
0.0008635521
0.0013307333
0.00052058697
0.002907157
0.0010545254
0.00083088875
0.0044652224
0.001423955
0.00031864643
0.0009915829
0.0046105385
0.0013097525
0.0017368793
0.00057041645
0.0020178556
0.0006337166
0.00078868866
0.0008941889
0.0011914968
0.0013478994
0.0009071827
0.0018962622
0.0018062592
0.0021760464
0.0009559393
0.0019893646
0.0020245314
0.0008248091
0.00063586235
0.0010274649
0.0014048815
0.00093483925
0.0023778677
0.0008506775
0.0011645555
0.00166893
0.0015554428
0.0016524792
0.001644969
0.0042779446
0.0013536215
0.0023413897
0.0010752678
0.000608325
0.0020929575
0.0016311407
0.0025730133
0.0011857748
0.0012345314
0.0019854307
0.0014491081
0.0013103485
0.001059413
0.0019384623
0.0022531748
0.0021805763
0.00082600117
0.0015099049
0.001513958
0.00062036514
0.0010615587
0.0021448135
0.0018774271
0.0016103983
0.0013673306
0.0015753508
0.002939701
0.00012779236
0.0010260344
0.0009909868
0.0003414154
0.0009640455
0.0007636547
2.5391579e-05
0.00051248074
0.0003080368
0.0010722876
0.0009303093
0.0012853146
0.00021827221
0.002288103
0.0005584955
0.0005648136
0.00023388863
0.0005788803
0.0011456013
0.0002490282
0.0008250475
0.0019561052
0.0015673637
0.0013588667
0.00076413155
0.00030899048
0.0009765625
0.001270771
0.0012660027
0.0018931627
0.0016145706
0.0017149448
0.0009981394
0.0009715557
0.0013973713
0.0
0.0017540455
0.0014518499
0.001206994
0.003226161
0.0022559166
0.0009891987
0.0022422075
0.00041222572
0.0014528036
0.0028694868
0.000860095
0.0012625456
0.0031158924
0.00022625923
0.0019067526
0.001984477
0.002147913
0.0016322136
0.00058436394
0.0006684065
0.0016192198
0.0021557808
0.0012629032
0.0017926693
0.0012363195
4.7683716e-07
0.0001538992
0.0014683008
0.0028983355
0.0016554594
0.0019470453
0.00071537495
0.00052940845
0.0010151863
0.0028545856
0.0018210411
0.0012784004
0.0018411875
0.0010113716
0.00070488453
0.0009930134
0.0019501448
0.0019948483
0.0012760162
0.002092719
0.0032242537
0.0019798279
0.0006711483
0.001896143
0.0010273457
0.0022640228
0.002930522
0.0011194944
0.0020438433
0.0010409355
0.00010442734
0.0007112026
0.0017544031
0.0013695955
0.001318574
0.0011403561
0.00049960613
0.0014675856
0.0014332533
0.00082576275
0.0009173155
0.002149582
0.0007597208
0.0016107559
0.002470255
0.00082957745
0.002122879
0.00025224686
0.0020000935
0.0018098354
0.0023012161
0.002185464
0.00070631504
0.001029849
0.0015796423
5.3167343e-05
0.001461029
0.003225565
0.0010695457
0.0014071465
0.0012420416
0.002282858
0.0004799366
0.0018764734
0.0031387806
0.0021983385
0.003918886
0.0011223555
0.0008138418
0.0013936758
0.0014904737
0.0017166138
0.000106573105
0.0010830164
0.0007970333
0.00094139576
0.0008068085
0.0026483536
0.0004386902
0.0012559891
0.0024738312
0.0010383129
0.0004878044
0.0019743443
0.0014231205
0.0017399788
0.0006611347
0.0013757944
0.0008816719
0.0007686615
0.001208663
0.0015672445
0.0012151003
0.0010305643
0.001050353
0.0006147623
0.0002772808
0.0011181831
0.0021858215
0.0016769171
0.00092864037
0.0014102459
0.0040165186
0.0016225576
0.0016396046
0.0008509159
0.0019556284
0.0029535294
0.0022975206
0.0011529922
0.0014299154
0.0003077984
0.0028406382
0.0020179749
0.0023298264
0.0015058517
0.0013036728
0.0011497736
0.0041964054
0.00082731247
0.0012680292
0.0014685392
0.0014121532
0.00043952465
0.0011546612
0.0009430647
0.000828743
0.0012859106
0.0005520582
0.0015923977
0.0011506081
0.0010246038
0.0004428625
0.000336051
0.0008711815
0.0015423298
0.0026062727
0.00082576275
0.001296401
0.00062680244
0.0010861158
0.0016307831
0.001899004
0.001982808
0.00055742264
0.0018082857
0.0017025471
0.00053715706
0.00053465366
0.00032746792
0.000987649
0.0011488199
0.0021615028
0.0013332367
0.0012017488
0.0033394098
0.0029673576
0.001861453
0.0011776686
0.0002812147
0.0017483234
0.001627326
0.00066900253
0.0011978149
0.0005457401
0.00049960613
0.001685977
0.00029921532
0.0035310984
0.0008996725
0.001283884
0.0015507936
0.00035595894
0.001167655
0.0018467903
0.0006377697

0.029876232
0.023935199
0.03774607
0.041369796
0.030221581
0.03425157
0.027525783
0.024425745
0.025698662
0.024387479

