1.5211747
1.5410125
1.3824435
1.0575287
1.6882927
1.2612838
1.345966
1.1277114
1.6332452
1.3528912
1.4800483
1.5983486
1.4188012
1.2186948
1.522661
1.6957846
1.4437217
1.3115097
1.4427975
1.7224123
1.3277305
1.63869
1.4373233
1.4112924
1.2411174
1.2515912
1.1474942
1.4665908
1.2258053
1.7671103
1.2684205
1.3951397
1.4337032
1.4531726
1.4724284
1.6505947
1.2630156
1.4083923
1.2486627
1.6312598
1.3731633
1.0998623
1.8939729
1.7484244
1.3609493
1.334088
1.2106242
1.4203874
1.4553927
1.5721759
1.1725918
1.557595
1.5343988
1.111477
0.96786284
1.1889142
1.4757993
1.21779
1.0726471
1.4409531
1.3175079
1.4462374
1.6428106
1.3713299

1.5015694
1.4283273
1.4670967
1.4200133
1.4521712
1.636476
1.4315876
1.3371013
1.4532462
1.4028277
1.4235455
1.5100874
1.4990743
1.4093003
1.4749424
1.6005831
1.4350182
1.5371138
1.4832541
1.4367391
1.4765712
1.5330749
1.3914795
1.4898387
1.4182047
1.3881729
1.4068587
1.4878391
1.3358068
1.5599663
1.4234147
1.4295152
1.357357
1.432805
1.4244944
1.386208
1.4160913
1.555382
1.3625335
1.5359541
1.3419884
1.4500082
1.3474638
1.430881
1.383606
1.442452
1.4782166
1.4870168
1.4036158
1.4115392
1.4902972
1.4411343
1.3701872
1.3926756
1.5558884
1.4283084
1.3779476
1.4109879
1.4416064
1.4594331
1.3915484
1.5100316
1.3458865
1.5244689

1.5052416
1.3660198
1.4352269
1.3901296
1.4958032
1.3991303
1.4057196
1.4650499
1.4858924
1.5126182
1.4131895
1.4495708
1.4452097
1.4642273
1.4277204
1.4713955
1.4674085
1.4544894
1.5073841
1.4047848
1.3889269
1.4471276
1.4319118
1.3923408
1.4122063
1.4047146
1.3987088
1.4203341
1.4837357
1.4565209
1.39279
1.4137833
1.4280491
1.4554057
1.5013794
1.4536768
1.4585824
1.4367998
1.4272652
1.4149866
1.3708847
1.4478971
1.4954911
1.3717918
1.5496744
1.3988948
1.4402473
1.4549675
1.4743284
1.4274074
1.4415963
1.481164
1.4076089
1.3590536
1.4045005
1.3945527
1.4753281
1.437101
1.4600309
1.4421184
1.4165149
1.4739411
1.397943
1.4799463
1.435846
1.4464852
1.4148843
1.3974597
1.40965
1.4143397
1.4554317
1.3444009
1.3507457
1.3776802
1.4568291
1.4396412
1.3887402
1.5032861
1.4735109
1.3967232
1.5028907
1.3385764
1.3659046
1.4493158
1.4601228
1.4121872
1.443278
1.4223709
1.4054339
1.3111322
1.4309138
1.4132243
1.3575509
1.4092146
1.4079994
1.5127513
1.4777392
1.4443308
1.3808155
1.5047724
1.4274102
1.415521
1.3412783
1.4911983
1.463973
1.3630221
1.4178374
1.4466528
1.4328796
1.4318584
1.4663298
1.4792445
1.4317714
1.4688143
1.3602816
1.4593914
1.4731508
1.4027535
1.4309843
1.392365
1.4625411
1.4012052
1.4528561
1.3862754
1.3954108
1.4189457
1.4110308
1.3977498

1.5028398
1.4394706
1.450203
1.4226818
1.4562949
1.3991411
1.4081863
1.4692385
1.3934597
1.4581522
1.425815
1.4357129
1.5013307
1.4528145
1.4303313
1.3966682
1.3835392
1.4724902
1.4735366
1.4650658
1.3760796
1.4044399
1.4013735
1.4382577
1.4164209
1.4406253
1.4274087
1.4029131
1.3978301
1.4582813
1.3564812
1.382585
1.4186693
1.4000294
1.4473267
1.4116356
1.4355754
1.4371701
1.4386054
1.4358461
1.458117
1.4302566
1.421871
1.4454426
1.3948873
1.4442545
1.4890933
1.4056656
1.483731
1.4352456
1.425917
1.4642504
1.4188093
1.4144256
1.4785428
1.4700443
1.4231666
1.4437059
1.3610957
1.3933947
1.4230103
1.4320014
1.4337715
1.3998284
1.4487404
1.4109306
1.4138315
1.4223753
1.4379833
1.4178402
1.4105644
1.3983649
1.4045017
1.4844699
1.4334582
1.4545656
1.4178016
1.4007702
1.3750257
1.4263301
1.4463738
1.3603325
1.4610165
1.3777041
1.3936166
1.4021035
1.3807012
1.4143664
1.4331453
1.4104004
1.3723683
1.5108807
1.4206555
1.4833988
1.3162324
1.4528213
1.3816619
1.4330516
1.4414498
1.4189034
1.4122748
1.4234114
1.3970531
1.3848083
1.4236549
1.4320778
1.4453411
1.3909054
1.4579877
1.451795
1.3883716
1.4490248
1.467125
1.4017059
1.4015491
1.4398681
1.4625331
1.4270743
1.4524255
1.4922704
1.3708628
1.4281753
1.3851358
1.4603057
1.4449039
1.4041696
1.4564352
1.3789008

1.4438357
1.4699696
1.427822
1.3972739
1.4080654
1.4332939
1.4107246
1.3637362
1.4358828
1.3904877
1.3973521
1.4260439
1.4127332
1.4224086
1.4735596
1.4532615
1.4160742
1.4379148
1.457731
1.3912476
1.3951082
1.4622747
1.3732814
1.4264205
1.3974509
1.4108773
1.4293892
1.4317613
1.4232973
1.3761445
1.3507746
1.4028361
1.4445969
1.405265
1.4284306
1.4651816
1.4537656
1.4407423
1.3578693
1.4191396
1.4141316
1.433275
1.4329671
1.4477412
1.4330586
1.3864448
1.425734
1.4146005
1.4088241
1.3760513
1.337767
1.3856097
1.4023442
1.3692436
1.4367837
1.402742
1.3825854
1.3948072
1.4484891
1.4169929
1.3699156
1.3801876
1.3774276
1.4044968
1.3712415
1.3995166
1.4302907
1.4426844
1.3966407
1.4006442
1.415271
1.4548069
1.3630273
1.4185029
1.3989298
1.3660519
1.4448875
1.4017334
1.4484184
1.3741615
1.4082383
1.4711684
1.3940437
1.4631948
1.3656288
1.439534
1.4174119
1.4778993
1.4412156
1.3883506
1.4226027
1.4197398
1.439838
1.3892641
1.4242439
1.3958507
1.4068602
1.4011807
1.3720362
1.4406142
1.4059871
1.4218314
1.4528276
1.4343354
1.4107473
1.3998116
1.3787936
1.4448301
1.4250841
1.3712937
1.4323747
1.3971788
1.3823206
1.381697
1.3829213
1.4062835
1.4852283
1.4033064
1.4056864
1.4619795
1.4137961
1.4323595
1.4044487
1.3769385
1.460565
1.404903
1.4065958
1.4611896
1.4099252
1.4262377
1.4018036
1.3859037
1.4424386
1.4692717
1.4100574
1.3840091
1.3795798
1.4136109
1.4474072
1.4247028
1.412494
1.44829
1.4268024
1.3832709
1.4692059
1.4192964
1.4469548
1.4414093
1.3778714
1.454084
1.4386349
1.4583545
1.4202863
1.4065479
1.419042
1.4104613
1.4290724
1.4366916
1.4385464
1.4481882
1.3725325
1.4227612
1.4378875
1.4650681
1.4709698
1.4106228
1.435867
1.4529068
1.4229425
1.4376241
1.4355594
1.4114494
1.4125909
1.394964
1.4749738
1.4203025
1.4562818
1.3653091
1.4181932
1.4254591
1.3789481
1.3872964
1.4091693
1.4382948
1.4409794
1.3715603
1.4018859
1.4207727
1.409815
1.4020098
1.383549
1.3602263
1.3938557
1.4534975
1.4016553
1.3799528
1.3800582
1.384215
1.4047542
1.3822261
1.3793715
1.4194925
1.4290667
1.4233247
1.4425327
1.4677988
1.4298992
1.4266218
1.386529
1.4466021
1.4309285
1.4379451
1.3955768
1.387544
1.4646705
1.4060369
1.4796937
1.4236587
1.4243003
1.4182892
1.3883599
1.4260645
1.4693899
1.4016502
1.4389806
1.4532325
1.3862771
1.3754208
1.410905
1.4401741
1.4630101
1.442285
1.4398638
1.4647254
1.4994409
1.4943581
1.4386265
1.4106859
1.438279
1.4565283
1.3737032
1.3914258
1.4392747
1.4406085
1.4136518
1.4291168
1.4721621
1.3759854
1.4152223
1.4159212
1.4428542
1.4456241
1.469927
1.3743554
1.449191
1.4636914

1.4153341
1.4254751
1.4076587
1.4478933
1.4132327
1.4283106
1.3756132
1.4239044
1.3929017
1.4091961
1.3957399
1.4184365
1.4036729
1.4102402
1.4208522
1.4102676
1.4375147
1.418581
1.4585829
1.4122862
1.4313556
1.4213443
1.4268936
1.409063
1.4072968
1.4454536
1.4816792
1.4155116
1.4174392
1.4361957
1.4149894
1.4554781
1.4238379
1.4269552
1.4106985
1.4465119
1.4321998
1.3803235
1.4439553
1.4537021
1.3554507
1.4254395
1.4202377
1.4175919
1.4011778
1.4319898
1.4298081
1.420972
1.3926265
1.3866885
1.4002407
1.400135
1.3835903
1.4437387
1.4589432
1.4030186
1.4378518
1.3706995
1.4304388
1.439517
1.4251364
1.4491811
1.4237143
1.4039471
1.4255589
1.4107143
1.4207203
1.3929589
1.3875846
1.4572003
1.3924707
1.414611
1.4015474
1.3924661
1.4006904
1.4433782
1.4189929
1.5013471
1.4037108
1.3961875
1.435347
1.4290376
1.4441445
1.4395429
1.4049026
1.4262407
1.4164393
1.4213519
1.4109023
1.4452835
1.4407716
1.4114366
1.4045304
1.40431
1.405663
1.4238034
1.4292287
1.407186
1.4405986
1.4120737
1.4391488
1.4547658
1.4418308
1.430698
1.4261619
1.4483529
1.4397078
1.4090339
1.4242752
1.4118065
1.4385476
1.4508852
1.4008352
1.4151406
1.4125633
1.4475895
1.4234115
1.4285302
1.4108164
1.4350474
1.4583288
1.4217708
1.4108577
1.4156306
1.4063574
1.4424624
1.4063734
1.3935863
1.4001466
1.4213654
1.4370271
1.411676
1.4035488
1.4494785
1.4371799
1.3878089
1.4319577
1.3686658
1.3898772
1.4294496
1.3816577
1.3870642
1.4471802
1.4462944
1.439991
1.4706999
1.4574178
1.4413838
1.4595568
1.4648136
1.4022797
1.429725
1.4238576
1.37177
1.364808
1.4220845
1.4185231
1.3829547
1.3761951
1.4111719
1.3978066
1.3911289
1.43812
1.4218975
1.3968079
1.4202756
1.4309089
1.4479613
1.441083
1.4000716
1.4203662
1.405376
1.4540023
1.4341974
1.4038656
1.3997762
1.4269695
1.4493861
1.4260269
1.4249862
1.4321766
1.3879901
1.4118061
1.3848051
1.419462
1.4236109
1.4433234
1.3967568
1.421246
1.4254569
1.4104701
1.3889717
1.4199425
1.4148545
1.3960377
1.4452918
1.40689
1.4264694
1.431688
1.4605507
1.4211075
1.417079
1.4504179
1.3700756
1.3868455
1.4318715
1.39869
1.4399198
1.416294
1.4394964
1.4141785
1.4299384
1.430671
1.4307189
1.4211439
1.3993609
1.4250746
1.4148312
1.4201803
1.4299952
1.4234927
1.4206169
1.4477075
1.4392573
1.4029535
1.4151616
1.4072891
1.3891095
1.4332654
1.4158987
1.3907194
1.43504
1.4187483
1.4414977
1.4438198
1.4354508
1.4297261
1.4050249
1.4242028
1.413919
1.4254491
1.4055586
1.4137715
1.4206527
1.3881302
1.4436166
1.4218343
1.4491025
1.4249779
1.4157592
1.4087301
1.4258121
1.4383736
1.4528145
1.4007008
1.4143478

1.4228386
1.4358242
1.4458098
1.3930118
1.4441572
1.4306394
1.3699961
1.4456019
1.3946012
1.3937101
1.4131762
1.4226426
1.430406
1.4488335
1.393494
1.4333247
1.4339387
1.3775083
1.3953896
1.4728826
1.4057791
1.4074159
1.4623458
1.4599851
1.4074404
1.399452
1.4322723
1.4464363
1.4183477
1.4244535
1.4404917
1.4329909
1.380905
1.4469243
1.3812287
1.4045078
1.4075255
1.4594768
1.4032989
1.4025123
1.4283682
1.4253708
1.4513545
1.4737263
1.3431698
1.4003259
1.4391792
1.4008498
1.4546546
1.3641945
1.4249122
1.3972907
1.4192116
1.4100988
1.4208823
1.4106644
1.423969
1.407849
1.4513457
1.4385617
1.3999016
1.4148823
1.4461571
1.3889962
1.4477992
1.4105197
1.4753282
1.4026912
1.3857968
1.4301736
1.4690957
1.4096951
1.3907075
1.4004164
1.3870599
1.3983588
1.4177606
1.3855554
1.3896706
1.4545592
1.4459507
1.4064565
1.4188075
1.4171585
1.4237506
1.4072562
1.3878177
1.4238884
1.4816494
1.3955122
1.452398
1.393843
1.4302477
1.4117578
1.4221783
1.4272937
1.4372314
1.4207304
1.4022536
1.3901109
1.4354665
1.4213358
1.4072025
1.4004724
1.4328743
1.4081556
1.4256594
1.4447446
1.4073611
1.3916689
1.4137293
1.40308
1.4167843
1.443419
1.4258931
1.4335333
1.4349897
1.3977983
1.408449
1.3865693
1.4102693
1.4355078
1.4166604
1.4128324
1.4494206
1.4024019
1.4142946
1.4352384
1.3759127
1.4453455
1.4484841
1.4428498
1.4470928
1.4285892
1.410133
1.4382745
1.4148768
1.4178317
1.4193767
1.3936633
1.4430791
1.4077569
1.3984157
1.438569
1.4335785
1.4260038
1.4439081
1.4161109
1.3906281
1.4252903
1.4395057
1.4007906
1.3957541
1.4279494
1.4415585
1.4458683
1.4035487
1.4179451
1.423423
1.432748
1.4429741
1.4225836
1.4123331
1.4155005
1.4399002
1.4275483
1.4430449
1.4474461
1.4333684
1.4137859
1.4271071
1.4106963
1.3996222
1.412316
1.4137006
1.4124324
1.4398162
1.426824
1.3934397
1.3991318
1.4091421
1.4234625
1.4430399
1.4466919
1.4405138
1.4485728
1.3891811
1.4300492
1.4153692
1.4755225
1.4106879
1.4559592
1.4649118
1.4470946
1.4204242
1.4186362
1.4141852
1.4183279
1.4302222
1.4246503
1.4321526
1.3796469
1.3918344
1.4121473
1.3627669
1.4208714
1.4201852
1.4465705
1.3842664
1.4168223
1.430574
1.4379764
1.4303049
1.445472
1.4376291
1.4116598
1.4161171
1.4100672
1.4035459
1.4245273
1.415662
1.4210894
1.3961161
1.4165497
1.4318924
1.3842853
1.3555846
1.421729
1.4160117
1.4193847
1.4065344
1.4244562
1.4105144
1.4466237
1.3929491
1.4355626
1.4107498
1.4543309
1.4534018
1.4151465
1.3923702
1.4073687
1.4378494
1.4136035
1.4147313
1.3885785
1.4359788
1.4232181
1.4462506
1.4275227
1.4464366
1.4281164
1.427317
1.3862923
1.4259812
1.4280634

1.4017109
1.4106632
1.4264557
1.4531308
1.3973215
1.4022533
1.3934823
1.4239335
1.4095047
1.4478858
1.4059324
1.4366748
1.42608
1.422908
1.4243275
1.3874725
1.4200337
1.3960034
1.421647
1.4513633
1.3935466
1.4280676
1.4710189
1.4365134
1.4291023
1.4212211
1.4608685
1.4306245
1.4116492
1.4110601
1.3872349
1.4065369
1.3739336
1.4241724
1.4481753
1.3911701
1.4746512
1.38676
1.418375
1.4042677
1.434825
1.405704
1.4421406
1.423363
1.4060029
1.3947707
1.3920636
1.4364465
1.4172589
1.4157633
1.4131751
1.4195564
1.4024626
1.4217365
1.4048127
1.4264443
1.4310151
1.4215678
1.4139358
1.4447753
1.4144467
1.4301877
1.4047761
1.4332646
1.4319999
1.4027413
1.379847
1.4212785
1.4075074
1.4393642
1.4396793
1.4619843
1.4875503
1.4165478
1.4159181
1.4177948
1.4274125
1.4479809
1.406944
1.4069978
1.4395028
1.4036478
1.4467095
1.4387411
1.4187329
1.3907548
1.4105028
1.4035342
1.4168705
1.4125324
1.4000176
1.4235233
1.4366913
1.4190053
1.3981282
1.4407438
1.3973536
1.3984703
1.4042871
1.4009097
1.3827229
1.4098034
1.4282956
1.396461
1.4279051
1.4058995
1.3923202
1.4330803
1.4127569
1.443395
1.4250225
1.399568
1.3679295
1.4287957
1.3970898
1.4114201
1.3981699
1.3862107
1.4210997
1.3973461
1.3899105
1.4074723
1.4504957
1.4083132
1.4075804
1.4399276
1.4490298
1.3914505
1.4256442
1.4128265
1.4413635
1.411912
1.4228199
1.4107665
1.4054557
1.4217576
1.4059327
1.402249
1.3774986
1.4092762
1.4201639
1.383917
1.4059554
1.4205205
1.3922607
1.4483294
1.4190215
1.4564818
1.4061967
1.437293
1.4276323
1.4190848
1.430472
1.4284967
1.405467
1.3873073
1.4176433
1.4306954
1.3875952
1.3994526
1.4023662
1.3912865
1.4045355
1.421419
1.4198586
1.398636
1.4010593
1.4439218
1.4378403
1.3803387
1.4148762
1.400513
1.403174
1.3974934
1.4074477
1.4150581
1.4180949
1.4294093
1.4167085
1.3823487
1.3716239
1.4182012
1.4125925
1.4122342
1.4353815
1.4253181
1.4030098
1.4076307
1.4107518
1.3870424
1.406793
1.368567
1.3964634
1.3894601
1.4356542
1.4027786
1.4085437
1.4173125
1.4219272
1.4116282
1.4132541
1.4078739
1.4344374
1.4488512
1.4235752
1.4260844
1.4660873
1.3824134
1.4181831
1.4418559
1.4213015
1.4530623
1.4077742
1.4234563
1.442209
1.4247301
1.4301566
1.4110504
1.4135436
1.4342049
1.3940176
1.4370841
1.3699911
1.4565309
1.3966529
1.4581535
1.4351901
1.3880352
1.4449215
1.385378
1.4391512
1.4353951
1.4256219
1.3896447
1.3953831
1.4328986
1.4299306
1.4109594
1.4150412
1.4278873
1.3866402
1.416445
1.4077849
1.4118266
1.4216168
1.4248446
1.4467561
1.3842041
1.3821847
1.368605
1.4245998
1.4306238
1.451029
1.4139336
1.389692
1.4650825
1.4150357
1.3884532
1.4042884
1.3626261
1.4154469
1.4097298
1.4365547
1.41714
1.3729174
1.3999009
1.3818854
1.4296213
1.3985032
1.4314629
1.3977478
1.3921083
1.4321469
1.4082648
1.413069
1.4059513
1.4340112
1.3986408
1.4200562
1.3950356
1.4461721
1.453495
1.4218954
1.4443754
1.4520812
1.4366013
1.4437714
1.426598
1.4250648
1.4297414
1.4074333
1.437969
1.455869
1.3761679
1.4571824
1.4116386
1.4251537
1.4271138
1.4055445
1.3791472
1.414818
1.4044911
1.4140908
1.4306775
1.4292723
1.383845
1.394146
1.4041544
1.4373459
1.4072995
1.4372902
1.4179593
1.4199446
1.4261701
1.404135
1.4193753
1.392589
1.412681
1.4323568
1.4649136
1.4523793
1.4626836
1.3765817
1.4130807
1.4230059
1.448946
1.4170033
1.4451959
1.4031421
1.4391819
1.4071188
1.3992646
1.3790282
1.4065793
1.4011636
1.4132346
1.3899858
1.4186931
1.3869226
1.4441785
1.402513
1.4389588
1.4258969
1.4023231
1.4094917
1.4258544
1.4204514
1.4090976
1.3983804
1.4205283
1.4154276
1.425639
1.426043
1.3798962
1.4494938
1.3792299
1.4217674
1.413418
1.4126774
1.4149102
1.4154661
1.4394232
1.4003726
1.4088908
1.4682251
1.4473768
1.434671
1.4016854
1.3820169
1.4316667
1.4269166
1.3699423
1.43296
1.4096327
1.4164381
1.445609
1.4160815
1.4206074
1.4185113
1.3842158
1.4327312
1.4379066
1.4091402
1.4151278
1.3931522
1.4025648
1.4608403
1.4128051
1.3945727
1.443535
1.4474238
1.430538
1.4326869
1.4222765
1.4251652
1.4121593
1.4131624
1.4166093
1.3916088
1.4178038
1.4044425
1.4279219
1.4085665
1.4662564
1.3907208
1.4254053
1.4201224
1.4395539
1.4433033
1.400555
1.4043813
1.410176
1.4057728
1.3855444
1.3784024
1.4315192
1.4280151
1.414297
1.3998241
1.4279538
1.4243279
1.4423101
1.4082019
1.4108672
1.3945816
1.4345995
1.405344
1.4538002
1.4369761
1.4039401
1.4572203
1.4407108
1.4088471
1.3991934
1.4751755
1.3830631
1.4175745
1.3990971
1.4306104
1.3965417
1.4115067
1.4045991
1.4279877
1.4086318
1.3898705
1.4270544
1.4165679
1.4544711
1.4647962
1.3827897
1.4091765
1.4299314
1.4336431
1.4310716
1.3987348
1.394029
1.3989762
1.4011081
1.3695014
1.4205761
1.4286569
1.3961282
1.4142665
1.45886
1.4280326
1.3983202
1.4138772
1.4460133
1.395245
1.4140139
1.424403
1.4327574
1.4058036
1.4379432
1.4069749
1.4333805
1.4142095
1.3934411
1.4110835
1.4537375
1.4259838
1.4160483
1.4462197
1.3758806
1.3969241
1.440243
1.4132935
1.3926154
1.4299092
1.450628
1.4448819
1.4398568
1.4239132
1.4493283
1.4186206
1.3962234
1.4370385
1.4445534
1.4426514
1.4291472
1.4071747
1.4104719
1.443204
1.4546386
1.435991
1.4077952
1.4084693
1.4656825
1.4268633
1.4224167
1.4170984
1.3872567

1.407858
1.4106282
1.4034446
1.4187303
1.3641392
1.4006021
1.4310083
1.4303464
1.4277667
1.4031992
1.4009368
1.4327953
1.3981662
1.430326
1.4243008
1.4133257
1.4092383
1.4190565
1.4046153
1.3884832
1.4043641
1.4293916
1.4186984
1.4240406
1.402062
1.4169205
1.4087259
1.4522892
1.4180028
1.4323103
1.4107733
1.4423404
1.4159459
1.416743
1.429317
1.4044685
1.4126153
1.420959
1.3877023
1.4061018
1.4091202
1.4253657
1.4241079
1.4026104
1.4169905
1.3945881
1.4339403
1.4088671
1.3990827
1.4100546
1.402643
1.4170777
1.396625
1.4107405
1.432622
1.3985816
1.4064572
1.427866
1.4284633
1.4068966
1.3996269
1.4006857
1.460863
1.370369
1.441721
1.4085112
1.4267863
1.3901507
1.4181019
1.4076756
1.4126644
1.4277085
1.4282992
1.41714
1.4485203
1.412604
1.4314736
1.4261477
1.4137669
1.4280158
1.4035985
1.4068636
1.3958147
1.4351276
1.4114546
1.4131764
1.419228
1.4046112
1.4166095
1.3992729
1.4294939
1.3925225
1.4289794
1.4302431
1.4167724
1.4101868
1.4130151
1.4200431
1.4053783
1.3946179
1.3930657
1.4286064
1.4151943
1.3967792
1.4383011
1.4265186
1.4301862
1.4109954
1.4311727
1.4178884
1.3913255
1.4017805
1.4220881
1.4172862
1.3925716
1.4193002
1.4268795
1.4137461
1.4085965
1.4068594
1.3967887
1.4201876
1.4290985
1.4310064
1.4139922
1.410621
1.4324225
1.4273788
1.409758
1.4204135
1.4045173
1.4187416
1.4389904
1.4199849
1.4124068
1.3976815
1.4362769
1.4274136
1.4238037
1.4146792
1.4277462
1.4060321
1.400457
1.4149861
1.4106377
1.4069973
1.4195113
1.4126807
1.4127121
1.3836571
1.3935196
1.4067777
1.4021869
1.3972385
1.4043978
1.430244
1.4283316
1.4284331
1.4237292
1.4171232
1.4170878
1.4146906
1.4430597
1.4134479
1.419194
1.4327446
1.3997866
1.4147893
1.4118692
1.4365654
1.4268781
1.4407682
1.412257
1.4538548
1.4231113
1.4119884
1.4235615
1.3992296
1.3983787
1.415398
1.3985242
1.4165496
1.4154135
1.4062165
1.4259132
1.3979377
1.4204503
1.4248735
1.4018646
1.4388319
1.4313112
1.4077353
1.4200612
1.4094949
1.4306664
1.4612806
1.4373484
1.4335971
1.4111001
1.4355553
1.4385979
1.4317564
1.3899376
1.4266081
1.408698
1.4063736
1.4342325
1.4111223
1.4059902
1.4083787
1.4155025
1.3896285
1.4139954
1.4153951
1.4145141
1.4202183
1.4288636
1.4344455
1.4252573
1.4153104
1.4145132
1.3877805
1.4327674
1.4125184
1.3989074
1.3984227
1.3916512
1.4070568
1.4106495
1.408771
1.4034525
1.4009844
1.4133928
1.4298131
1.4043608
1.3870467
1.4442807
1.4164373
1.4088211
1.4385923
1.4292072
1.4112972
1.4182537
1.4186713
1.4103061
1.4404526
1.406525
1.3935105
1.4171855
1.417943
1.4355342
1.3979121
1.4276215
1.4086211
1.4378521
1.4049703
1.4168289
1.4022436
1.4097066
1.4077846
1.4301898
1.4257485
1.3930806
1.4400574
1.4196137
1.4252249
1.412754
1.4283881
1.4004494
1.415062
1.420465
1.408704
1.3886153
1.3784629
1.3933839
1.4306833
1.4252971
1.3983821
1.422394
1.4360766
1.4479007
1.4218705
1.412846
1.4180266
1.4127452
1.4198439
1.4177552
1.45296
1.3939997
1.428894
1.4224261
1.4090153
1.4523176
1.4187384
1.4300425
1.4321159
1.4280287
1.4253985
1.4047927
1.4216578
1.4382676
1.3986825
1.4050279
1.425251
1.4196327
1.4345645
1.4121412
1.4050878
1.3940843
1.4198724
1.4048538
1.4320086
1.4240104
1.43089
1.4246206
1.4155912
1.4018203
1.4197611
1.4428822
1.4147041
1.4021537
1.4303105
1.4146101
1.4026904
1.413921
1.4272937
1.4069443
1.4244854
1.4163
1.4105846
1.4030718
1.4351057
1.436675
1.3973845
1.3948716
1.4377214
1.3678154
1.40076
1.4190487
1.4436923
1.4174856
1.4344927
1.4155358
1.3979238
1.4158254
1.4309548
1.3988506
1.4047277
1.385911
1.422025
1.4095663
1.4367008
1.4215567
1.4220941
1.3844191
1.4012145
1.38687
1.4075149
1.4242616
1.4343807
1.43183
1.431344
1.4099205
1.4092132
1.4251474
1.4166871
1.404189
1.4311794
1.4100791
1.3878396
1.4112853
1.3923169
1.4111608
1.3888396
1.4096076
1.4251055
1.4259428
1.4234543
1.4467801
1.4384909
1.4145259
1.3800325
1.4044896
1.439317
1.4109613
1.4280871
1.4196332
1.4506302
1.4269238
1.3899907
1.4153261
1.4197787
1.4068671
1.4044634
1.4079723
1.3945771
1.4255638
1.4050804
1.3893985
1.4215233
1.4477988
1.4414203
1.4212656
1.4304495
1.4283639
1.4113715
1.4284585
1.4404852
1.4048953
1.3958117
1.4180663
1.4292662
1.4011503
1.4762936
1.394984
1.4213547
1.3970149
1.4017546
1.4150641
1.4318966
1.4489055
1.4310946
1.401568
1.4242688
1.4110858
1.4253803
1.4008362
1.4236213
1.4467841
1.4392636
1.4348774
1.4437807
1.4131113
1.3916136
1.3993309
1.3896408
1.4018563
1.3948411
1.4281536
1.3970907
1.4095032
1.4052807
1.4132578
1.439927
1.4261668
1.4230142
1.416556
1.4221894
1.4109975
1.4265032
1.4121628
1.4221289
1.4267586
1.4289107
1.4070784
1.4026214
1.4501264
1.4221399
1.4197845
1.4214209
1.4059931
1.4267555
1.4169898
1.4215938
1.4094527
1.4246598
1.4039098
1.4356236
1.4118032
1.4211094
1.4172271
1.39684
1.4028025
1.4140793
1.4432948
1.4285252
1.4264218
1.3982887
1.4141587
1.426416
1.4248698
1.4042153
1.404342
1.3842994
1.413176
1.418008
1.409522
1.4024364
1.4223015
1.4199436
1.418369
1.4001215
1.4236171
1.4236275
1.4164258
1.424042
1.3903445
1.4275186
1.4425304
1.4182651
1.4089375
1.4050535
1.4080935
1.3902125
1.4225342
1.4218961
1.4238987
1.4064724
1.4007668
1.3846186
1.405632
1.3916403

1.4076195
1.411129
1.4161639
1.4498966
1.4186354
1.4309745
1.3938624
1.4014056
1.4288826
1.4046884
1.399144
1.4184717
1.3935065
1.4027804
1.394622
1.4148197
1.4058818
1.4054114
1.4177002
1.406523
1.4369347
1.4226513
1.4174614
1.4153646
1.4057919
1.4267336
1.416874
1.4234698
1.4096653
1.4007223
1.419948
1.3949667
1.4051682
1.4136783
1.4202106
1.4092612
1.4193823
1.4428927
1.4178106
1.4203386
1.4339789
1.4492623
1.424142
1.4203631
1.4130168
1.4026666
1.4095856
1.4238473
1.4347824
1.4098588
1.4233814
1.4138719
1.4285122
1.4330413
1.4237431
1.414357
1.4032488
1.4134922
1.4059757
1.4011747
1.3993751
1.4373615
1.4298146
1.4007102
1.4456217
1.3915758
1.4186407
1.3942431
1.4278941
1.4207793
1.4276364
1.4137156
1.4114883
1.4208497
1.4242995
1.4047527
1.4009342
1.4325954
1.4217087
1.4329891
1.4096622
1.4012244
1.4381771
1.4036782
1.4070685
1.3955159
1.4102647
1.4027656
1.4072275
1.4018129
1.4236146
1.4059896
1.430405
1.4217075
1.4105473
1.4123918
1.4493612
1.4320532
1.4198347
1.3965586
1.4295712
1.41261
1.4351261
1.4264938
1.42564
1.4439265
1.428958
1.4128711
1.4159976
1.4158984
1.4078243
1.4022715
1.4158654
1.412664
1.4141904
1.3850499
1.440867
1.4239246
1.4064053
1.3977098
1.405441
1.4164059
1.3904955
1.4102179
1.431795
1.4033221
1.4217368
1.4301568
1.3896465
1.4151564
1.4308866
1.4007791
1.4058787
1.4125429
1.4167519
1.4205017
1.4139059
1.4316356
1.3859415
1.4062998
1.4190638
1.4107575
1.4198014
1.4232962
1.4068487
1.3887305
1.3946234
1.4210563
1.4326376
1.4348654
1.3902243
1.3933623
1.3956149
1.4213308
1.428346
1.4378798
1.4131632
1.4245263
1.4216968
1.396349
1.4345157
1.4232502
1.4127502
1.4363931
1.4000419
1.4164236
1.432822
1.4178305
1.4145775
1.415182
1.4142367
1.4208323
1.4040703
1.411397
1.3988485
1.405714
1.3979118
1.411618
1.414926
1.4306886
1.3928635
1.4163169
1.4285257
1.4207582
1.41357
1.4155338
1.4126678
1.4024438
1.4104178
1.4162092
1.3984581
1.4330221
1.4040505
1.4151771
1.4121343
1.4149946
1.4149573
1.4292147
1.4459754
1.4087223
1.4158924
1.4073142
1.4092122
1.4055082
1.4342649
1.4022871
1.4046609
1.413286
1.3878204
1.4262542
1.432515
1.4328171
1.413185
1.4020026
1.4301056
1.4016191
1.3987398
1.4264618
1.4016467
1.425474
1.419961
1.440615
1.4067616
1.4041744
1.4260739
1.4367646
1.4010577
1.4318069
1.4056586
1.4289187
1.4418086
1.426403
1.4183849
1.4290935
1.4019235
1.4352853
1.4263339
1.4153228
1.4264624
1.422885
1.4225544
1.374258
1.3987068
1.4103602
1.4186455
1.4068711
1.4281876
1.415959
1.4156584
1.4081008
1.4009243
1.4238393
1.4240893
1.414616
1.4234726
1.4200085
1.4143996
1.4288982
1.4152846
1.412737
1.4231329
1.413951
1.4131618
1.4126693
1.4112496
1.407873
1.4146528
1.4158777
1.3984317
1.4190838
1.4303604
1.4287206
1.388038
1.4112979
1.433342
1.4226185
1.4323988
1.4207389
1.4192818
1.4221942
1.4238076
1.4107826
1.4240046
1.4127209
1.4054376
1.4315206
1.4130942
1.4557877
1.4046407
1.4201242
1.4215834
1.3912092
1.3995237
1.4514987
1.4316894
1.4004506
1.4184668
1.4263389
1.4281855
1.4310392
1.4290649
1.4090744
1.4421912
1.4208533
1.4297782
1.4252247
1.417145
1.4300853
1.419271
1.4046892
1.4043862
1.406002
1.4025471
1.4144546
1.4158542
1.4055446
1.4284519
1.4056629
1.423046
1.4447497
1.42517
1.4160889
1.4129367
1.4233196
1.4261185
1.3995471
1.4130954
1.4198117
1.4401423
1.4169002
1.4115112
1.427995
1.447802
1.4122877
1.4305617
1.4276289
1.4158218
1.3988388
1.414108
1.3934252
1.3981874
1.4295621
1.425405
1.4209099
1.4331218
1.4064394
1.3984615
1.4338163
1.4049151
1.4190385
1.412127
1.4225448
1.4078141
1.4343387
1.4236064
1.422027
1.432899
1.4051541
1.4085245
1.399256
1.4110736
1.4412587
1.4245383
1.4372779
1.4063603
1.4067183
1.409377
1.4231333
1.4027565
1.4210361
1.4318625
1.3937881
1.4231237
1.4111149
1.4040996
1.4344802
1.4450991
1.4001453
1.4578756
1.4191368
1.4348004
1.4203446
1.4417579
1.4160734
1.4238106
1.3933016
1.4147339
1.3997447
1.4326315
1.408338
1.420762
1.4064553
1.4390008
1.4019573
1.4539316
1.4247396
1.411065
1.4355805
1.4296626
1.418101
1.4079841
1.4113234
1.4109544
1.4098183
1.4099559
1.4129139
1.422239
1.4167212
1.4152555
1.4323486
1.4264345
1.403676
1.4096838
1.429575
1.4254408
1.4371849
1.4162755
1.4002512
1.4289467
1.4364848
1.3947784
1.416809
1.4164168
1.4183868
1.4237868
1.4244922
1.4283072
1.4196874
1.4085702
1.4170889
1.4180552
1.3981855
1.4279313
1.407732
1.4322962
1.3823874
1.416817
1.4091098
1.4258753
1.4145386
1.430536
1.4125106
1.4103901
1.43785
1.4127833
1.4195019
1.4213767
1.4137363
1.4024092
1.3931681
1.3993948
1.4225645
1.4324566
1.4053456
1.407782
1.4081933
1.4071064
1.4226727
1.4077264
1.4253479
1.4087008
1.4126116
1.3897928
1.4174817
1.4255984
1.423693
1.4065406
1.4063306
1.445344
1.3929658
1.4217392
1.4173638
1.4122348
1.4201173
1.3894587
1.3884029
1.4414833
1.432289
1.403213
1.4232793
1.3972833
1.4384435
1.4213138
1.4031341
1.4114226
1.4080687
1.3878443
1.4175249
1.4147502
1.3863226
1.4200939
1.4200219
1.4297968
1.405415
1.4153626
1.4235883
1.4159263
1.4664456
1.3991358
1.4419259
1.4068837
1.4310511
1.4085943
1.4200528
1.4349809
1.4432204
1.4194742
1.4062494
1.4385016
1.4187729
1.3733046
1.4222503

1.4217443
1.4006084
1.4099389
1.4376099
1.4102204
1.4203603
1.4480033
1.4127648
1.4318092
1.3889216
1.4146194
1.4204476
1.4367907
1.4292394
1.3953136
1.4199449
1.4345888
1.4192348
1.4407274
1.4072483
1.4237366
1.4053333
1.4484215
1.4252863
1.3961061
1.394119
1.4312173
1.4159181
1.4130203
1.4324962
1.4303565
1.423848
1.4115272
1.4265813
1.4256411
1.4043208
1.4229023
1.406746
1.4204468
1.4081293
1.413124
1.4008592
1.3982522
1.4049648
1.3682575
1.4349722
1.4430915
1.4109845
1.448604
1.4446168
1.4226801
1.4175442
1.3958083
1.4041845
1.4081755
1.4077312
1.41737
1.4127936
1.4245495
1.4366571
1.4063028
1.3977108
1.4174334
1.412844
1.4353365
1.4333276
1.4320146
1.3969784
1.4163977
1.3947738
1.4249601
1.435504
1.4092495
1.4371278
1.4359537
1.4179736
1.4110136
1.4149848
1.4297652
1.4058715
1.4163052
1.4299154
1.4283893
1.4258173
1.3960346
1.4005536
1.4303483
1.3757114
1.4075855
1.4085023
1.4437226
1.4131589
1.4198842
1.4184325
1.4334123
1.3876095
1.3990088
1.4000357
1.4263388
1.4242752
1.4062636
1.4092889
1.3988904
1.396692
1.4076279
1.4137826
1.414546
1.4087168
1.4436157
1.4289908
1.4006084
1.4099016
1.397316
1.4369885
1.4221107
1.4091614
1.3851422
1.4338657
1.4341333
1.4197953
1.4159812
1.4250557
1.4251167
1.3982967
1.4180471
1.394188
1.4241027
1.4300405
1.4242254
1.412825
1.4236273
1.4556975
1.418871
1.432468
1.4127955
1.4189303
1.433107
1.4123797
1.3952643
1.4422865
1.4037083
1.411041
1.4077471
1.4037133
1.42204
1.3939509
1.4117416
1.4308596
1.4165833
1.4387107
1.4375573
1.4188329
1.4105071
1.429216
1.3889204
1.4147879
1.407721
1.4152204
1.4252417
1.3925894
1.433111
1.4206182
1.4320376
1.4074267
1.4071639
1.4125794
1.4161844
1.4280888
1.4110652
1.3898427
1.3970687
1.4111178
1.395879
1.4263426
1.4060831
1.4163965
1.4350626
1.4119446
1.419555
1.4018295
1.4116575
1.3950887
1.4255147
1.4209977
1.4246498
1.4190753
1.449223
1.439589
1.3862306
1.4393476
1.4275322
1.4266158
1.4538639
1.4187077
1.415365
1.3938737
1.4056457
1.4304484
1.4228613
1.4590477
1.3884888
1.433278
1.4220978
1.3888627
1.4272346
1.4280078
1.4195205
1.4079206
1.4117341
1.4243047
1.4088609
1.4311575
1.4156023
1.4103193
1.4277729
1.436955
1.419816
1.4247978
1.4274508
1.4381114
1.4104633
1.4173138
1.4359845
1.4087402
1.4137169
1.3958302
1.3878449
1.4216443
1.3972205
1.4384084
1.4016706
1.4334286
1.4290823
1.4245733
1.4354821
1.403819
1.4220252
1.4061729
1.4057885
1.424361
1.4315023
1.4253064
1.4228646
1.4002602
1.4180744
1.4200103
1.4259373
1.4124782
1.4200605
1.4101033
1.4068772
1.4229267
1.4155791
1.416945
1.4126636
1.4015739
1.3992157
1.4126139
1.3910263
1.404174
1.4144182
1.390517
1.3949302
1.4138045
1.4474521
1.3960042
1.4179748
1.425318
1.4298753
1.403559
1.4160182
1.4136016
1.4174129
1.4173106
1.3885765
1.420995
1.3817213
1.4248989
1.4204122
1.40728
1.4425893
1.3975574
1.4324768
1.4277626
1.409519
1.3702645
1.419426
1.4270467
1.4089794
1.426902
1.4189849
1.408294
1.4004625
1.3944349
1.4161323
1.411358
1.4265807
1.4107296
1.4164925
1.4247227
1.4031385
1.4210821
1.396436
1.4036236
1.425419
1.4010605
1.4200536
1.4237638
1.4359298
1.4098257
1.4197848
1.3992292
1.4200628
1.4177268
1.4396404
1.401751
1.4133143
1.4302995
1.4263391
1.4044378
1.3771064
1.427443
1.4534634
1.4057858
1.4421964
1.4333166
1.4105483
1.4320959
1.414491
1.4300613
1.4259621
1.4299296
1.4293559
1.4130671
1.4095465
1.4132605
1.4272994
1.4197867
1.3900379
1.4261506
1.41467
1.4315016
1.4039687
1.4123069
1.396695
1.4202971
1.4270467
1.4001007
1.3871443
1.4077884
1.4023166
1.4178205
1.4402945
1.4469541
1.407987
1.4276699
1.4455572
1.408229
1.4336251
1.414894
1.3875351
1.4219025
1.4415076
1.4333777
1.4026921
1.4195759
1.4259706
1.4154778
1.406913
1.4310362
1.4092367
1.4166402
1.4313744
1.4183239
1.4275209
1.4275161
1.4302244
1.4101682
1.4014418
1.4158527
1.3911568
1.442499
1.4144253
1.4385439
1.4064804
1.4171209
1.43341
1.4144859
1.4212465
1.4086794
1.4268858
1.4203281
1.4378176
1.3984245
1.4022275
1.4165645
1.4072334
1.4202765
1.440257
1.4292204
1.4189905
1.4122787
1.4016068
1.4131804
1.4223006
1.4165376
1.4293895
1.4215971
1.4289292
1.4040331
1.4238132
1.4090574
1.4160254
1.414053
1.4379126
1.4106412
1.4148859
1.4308332
1.4186572
1.4102347
1.416416
1.4301515
1.3930869
1.3981209
1.442033
1.4172657
1.4095994
1.4010084
1.4058695
1.4146402
1.4154426
1.4028937
1.417379
1.3955874
1.412209
1.4273034
1.3934304
1.4238825
1.4056772
1.3982017
1.4103082
1.4182115
1.4273902
1.4009838
1.3960314
1.4172523
1.4228631
1.415446
1.4024581
1.4199855
1.4010063
1.4195522
1.4090766
1.419923
1.4219351
1.4398197
1.4418088
1.4200546
1.4074897
1.4256369
1.4182967
1.4095304
1.416163
1.4215376
1.4413859
1.4177454
1.3959467
1.4416947
1.4259003
1.3836505
1.4255209
1.3975511
1.4089664
1.4141283
1.4060898
1.4034957
1.3895388
1.4359379
1.4229896
1.3969128
1.4067421
1.4143296
1.4301419
1.4057232
1.408132
1.4239283
1.4432119
1.4132195
1.4120914
1.4140067
1.4268619
1.4176846
1.4145707
1.418714
1.4363071
1.3883048
1.4159548
1.4331988
1.4065241
1.4187117
1.417149
1.3960862
1.4228597
1.4081583
1.4051602
1.4116352
1.3949243
1.4361284
1.4294286
1.4029452
1.4038675
1.4328943

1.4463727
1.3974733
1.4236735
1.4317346
1.4514171
1.3926067
1.4005647
1.405718
1.4065384
1.4246409
1.4047384
1.3982652
1.4205277
1.425148
1.4447247
1.4317316
1.4080455
1.4203385
1.4048023
1.416398
1.3992875
1.4002669
1.43655
1.4096429
1.4193822
1.4561738
1.4178612
1.3967535
1.4230301
1.4094956
1.4187069
1.406713
1.4136783
1.4178556
1.4223177
1.4249803
1.3793546
1.405555
1.40074
1.3813709
1.4087725
1.4483523
1.4037635
1.4184362
1.4316107
1.4017133
1.3888516
1.4166496
1.405829
1.4111906
1.419043
1.4036108
1.4235704
1.4454832
1.4182115
1.3894627
1.4173005
1.4294785
1.4147931
1.4226953
1.3876997
1.409158
1.430448
1.4261512
1.4163327
1.4192566
1.4245393
1.4171126
1.4375733
1.4200064
1.3894198
1.4147447
1.424442
1.3994427
1.3931946
1.4044737
1.4299484
1.4192815
1.4195415
1.3943568
1.4049768
1.4128393
1.4417208
1.4011555
1.4138069
1.4014426
1.4031241
1.4228697
1.41404
1.4205958
1.439787
1.423578
1.4164631
1.428146
1.4263793
1.4440099
1.3952341
1.4147623
1.415275
1.4140731
1.4086633
1.4360826
1.44298
1.4278083
1.4242353
1.3923216
1.407757
1.4161695
1.4001055
1.4537263
1.3941633
1.4046389
1.406962
1.4169506
1.4482515
1.4180121
1.3920493
1.4291135
1.4162856
1.4214679
1.4121419
1.4128429
1.4266359
1.4371417
1.4110082
1.4414983
1.4185967
1.4146733
1.4271251
1.406977
1.4061116
1.434822
1.3940358
1.4177421
1.4444318
1.4366751
1.4230368
1.4164523
1.4021362
1.39783
1.4206477
1.4134749
1.4039177
1.4325393
1.4197068
1.4295577
1.3991771
1.4067606
1.375969
1.4133732
1.4289827
1.4322937
1.4248121
1.4324687
1.4060272
1.3900228
1.4292388
1.3884069
1.4393163
1.4350684
1.4379169
1.4232485
1.4031993
1.4185137
1.4319352
1.4074774
1.427162
1.4327273
1.3740412
1.3931334
1.4499649
1.41423
1.4081625
1.4019448
1.4145471
1.418845
1.4200194
1.4019021
1.4183986
1.3958514
1.3984858
1.4005252
1.4173409
1.4041034
1.4239146
1.4351885
1.4504404
1.4230647
1.4037312
1.4153076
1.4283625
1.4202684
1.4100299
1.3895664
1.4160391
1.4218851
1.4049045
1.4253576
1.4041345
1.3960378
1.4000556
1.38833
1.4040027
1.4224576
1.4250716
1.3932829
1.4088633
1.4183335
1.4323136
1.3929394
1.4190557
1.4058183
1.4261286
1.4359335
1.4097333
1.4192041
1.419033
1.4092184
1.4324096
1.4288199
1.408871
1.3950051
1.4520108
1.4115466
1.3944734
1.3964943
1.407222
1.4240915
1.4306337
1.4300793
1.4117326
1.4176617
1.3987993
1.4237226
1.3919865
1.3841479
1.415376
1.424098
1.4186089
1.4170047
1.4136901
1.4105263
1.4035953
1.4191053
1.3975492
1.4319774
1.4173927
1.4098431
1.4187286
1.4086796
1.424342
1.4120449
1.4215642
1.4118106
1.4253274
1.3932463
1.4172848
1.4085289
1.4385928
1.4372957
1.4330744
1.4167712
1.4319774
1.4254739
1.4155806
1.4201794
1.3961072
1.407278
1.4121327
1.4085658
1.427498
1.4075449
1.4070898
1.3883691
1.4121201
1.410825
1.3934145
1.4127138
1.4253454
1.4097486
1.4520527
1.4060196
1.3982215
1.4108907
1.4085584
1.4104741
1.3973024
1.402035
1.4285576
1.3989444
1.4193937
1.4217324
1.4235711
1.4377184
1.4154769
1.4004656
1.4113476
1.4406127
1.4542893
1.4200004
1.4217714
1.4309926
1.431395
1.3863449
1.4168535
1.415843
1.4251332
1.4268903
1.4131278
1.4178141
1.4158219
1.4155291
1.4190668
1.417793
1.4123883
1.417707
1.4239216
1.3962512
1.3874264
1.4127879
1.4121828
1.4183185
1.4140302
1.3977332
1.4125143
1.4070443
1.4469469
1.3968519
1.4263288
1.4246472
1.4070514
1.3923692
1.4329277
1.4284991
1.4355435
1.4170324
1.3992327
1.4331784
1.4136691
1.4032747
1.4082984
1.4148561
1.4277189
1.4051658
1.400662
1.4211094
1.4036188
1.4099065
1.4029428
1.4117937
1.4414773
1.4266106
1.4097885
1.4148557
1.406819
1.4121348
1.4409182
1.3839284
1.4080757
1.4154907
1.4152347
1.4127387
1.4241291
1.4085212
1.4461051
1.4158798
1.4325744
1.3985381
1.3933257
1.4278872
1.4276308
1.4211783
1.428641
1.414438
1.421185
1.4061663
1.4124264
1.4345754
1.4256239
1.4256603
1.3951162
1.4092143
1.4365425
1.4367006
1.4470799
1.4440032
1.4215856
1.4121428
1.4089497
1.4119537
1.3968251
1.3985655
1.4241828
1.4441814
1.4283454
1.4174969
1.4085107
1.4350747
1.4439179
1.3983766
1.4095597
1.4331008
1.4353442
1.4149308
1.3927697
1.3850377
1.4293313
1.4209105
1.4011813
1.4273602
1.4015952
1.4142717
1.4162197
1.4327881
1.3942012
1.4059863
1.3941346
1.3977857
1.4062523
1.4388916
1.4234746
1.4274218
1.439893
1.423935
1.3893707
1.4216788
1.3959057
1.3938382
1.4222969
1.4259374
1.444098
1.4211248
1.4354084
1.3971875
1.4314435
1.4423102
1.401229
1.4526414
1.4163984
1.4370097
1.4170041
1.4083419
1.414409
1.4311013
1.4298189
1.4053317
1.4168
1.3963919
1.3866265
1.4008279
1.4501106
1.4123496
1.4034793
1.40005
1.4257185
1.4229386
1.3978106
1.402395
1.4207863
1.4231669
1.4120976
1.3944237
1.4114546
1.4364703
1.4040995
1.4100174
1.4094514
1.4143881
1.4169632
1.4362938
1.4166435
1.4011893
1.4177783
1.4554129
1.4413177
1.4043492
1.4028785
1.4089562
1.4288515
1.4131027
1.4375175
1.4176412
1.4407752
1.4224318
1.4164294
1.4146397
1.3839916
1.4426781
1.4121059
1.4344907
1.4049774
1.4132701
1.4264532
1.4361275
1.4410802
1.4116149
1.4233073
1.4118477
1.4224671
1.4010564
1.4126843
1.4112936
1.3895574
1.4205472
1.4133116
1.4061537
1.4341581
1.3726387
1.4024159
1.4322374
1.4425036
1.388848

1.4085662
1.4186264
1.4052562
1.4344066
1.413158
1.4160753
1.435833
1.4180037
1.3972857
1.4097649
1.4331442
1.4304541
1.4072102
1.3890202
1.4235936
1.3968623
1.4210082
1.4112054
1.4177077
1.4064149
1.4052156
1.4042289
1.4352933
1.4274411
1.4329848
1.3917214
1.4133111
1.4414905
1.4067667
1.4039043
1.4093206
1.4063611
1.4275954
1.4090592
1.4130557
1.4343499
1.3893139
1.4191841
1.3936872
1.4102457
1.3839941
1.4114817
1.4372014
1.4059252
1.4021245
1.4172276
1.4001371
1.4461368
1.4062043
1.3919748
1.4105573
1.4242781
1.4316813
1.4039339
1.4138924
1.4170326
1.4344097
1.4487656
1.406393
1.3760808
1.4136891
1.407426
1.4301143
1.4066707
1.400984
1.4123821
1.4126825
1.4042382
1.4266604
1.4440582
1.4291935
1.4218284
1.4006335
1.4069512
1.4256699
1.4126513
1.4235798
1.4084077
1.3861471
1.4178404
1.4094607
1.4109135
1.4183561
1.4093434
1.4276085
1.4126817
1.4164087
1.4115093
1.428122
1.419234
1.4137583
1.4130348
1.449318
1.4079903
1.4195588
1.4160721
1.419125
1.4092754
1.4042368
1.3998787
1.3991343
1.3941842
1.4245261
1.4447931
1.4066254
1.398189
1.4202762
1.4050236
1.409621
1.424381
1.4327784
1.4176742
1.4187973
1.4468886
1.4125932
1.4070659
1.402064
1.4309753
1.3947469
1.4160216
1.4137743
1.4329437
1.4361677
1.4143972
1.4138502
1.4623693
1.4597908
1.4027275
1.4128277
1.4097149
1.4178119
1.3981527
1.4150176
1.4234618
1.4108216
1.3967551
1.4293826
1.4137657
1.4447476
1.4162177
1.4184426
1.4303579
1.4369158
1.4195024
1.39849
1.417526
1.4332186
1.432338
1.451038
1.4313974
1.4194928
1.4003105
1.4191108
1.4098059
1.4056048
1.4199159
1.3917812
1.3909659
1.3974916
1.4225897
1.4056598
1.4003195
1.4279252
1.4362128
1.380343
1.4154528
1.4261699
1.4282514
1.4314008
1.3966564
1.3973536
1.4073509
1.4170085
1.4005268
1.4304831
1.4042814
1.4193304
1.4154438
1.4159656
1.3941398
1.4276581
1.3953356
1.4259784
1.4171481
1.4160966
1.4274747
1.4198285
1.4387108
1.4355963
1.4157559
1.4033688
1.4249256
1.4150332
1.4225181
1.3990993
1.3993919
1.4065275
1.4075339
1.4382045
1.4235219
1.4185774
1.4215245
1.4059511
1.4174417
1.4169959
1.3818383
1.4153783
1.402902
1.4247558
1.4237932
1.4068251
1.4243281
1.4050901
1.4185921
1.4133695
1.3985722
1.4261456
1.4132727
1.409965
1.4263635
1.4508336
1.4098111
1.4225124
1.4034274
1.4271338
1.4184755
1.4399047
1.413419
1.4226093
1.4365004
1.4151956
1.3867921
1.4170274
1.3926655
1.4169946
1.4069004
1.4007686
1.4311674
1.4212065
1.4221361
1.4162552
1.3917178
1.4123685
1.4177909
1.3924872
1.4301347
1.4341105
1.4439173
1.4212106
1.4226581
1.3971641
1.4240454
1.4306645
1.3831834
1.4187968
1.3896415
1.4089221
1.4466031
1.3645782
1.3873885
1.4063737
1.4354883
1.4263213
1.4238983
1.3973695
1.409765
1.4145535
1.3885136
1.4441308
1.4159377
1.4077221
1.4413295
1.4142874
1.4282293
1.4144485
1.4315103
1.424136
1.406794
1.4246268
1.3992997
1.381953
1.4147203
1.4159273
1.4346792
1.4027193
1.403794
1.3818895
1.4238021
1.4109076
1.422001
1.4208758
1.4411662
1.388235
1.4370451
1.4131187
1.4031984
1.3894053
1.4367613
1.4104283
1.3981776
1.4176935
1.4111813
1.4419993
1.4056299
1.4292248
1.4165304
1.4143896
1.4336187
1.4353342
1.436823
1.4128914
1.40324
1.4559969
1.4121528
1.429323
1.4507235
1.4115565
1.4342895
1.4147297
1.4146657
1.419063
1.4093664
1.4058018
1.3806546
1.3954091
1.4353952
1.4313642
1.4436473
1.423288
1.4227875
1.403126
1.3956387
1.4398308
1.4536186
1.4127616
1.4265015
1.4203962
1.4368552
1.4019235
1.4340309
1.4176791
1.4264808
1.4221667
1.3901803
1.388829
1.4214519
1.4396874
1.4123162
1.4045042
1.3884932
1.4191552
1.4238489
1.3923594
1.4181459
1.408552
1.4214076
1.4163808
1.4050944
1.4352912
1.4048129
1.4223509
1.4157647
1.4065521
1.3810866
1.3972547
1.4158727
1.4267019
1.3881471
1.3924365
1.4389564
1.4048263
1.4060433
1.4219667
1.4272287
1.425021
1.4187086
1.4120572
1.4454689
1.39464
1.4291664
1.4308069
1.4121878
1.4314786
1.4301367
1.430473
1.4074148
1.429042
1.4291857
1.4445328
1.4165527
1.400684
1.4296534
1.4122652
1.4076225
1.4256289
1.4093548
1.3970505
1.3866391
1.4282838
1.4424154
1.4336433
1.4130849
1.4237117
1.3969753
1.4153192
1.4188226
1.4286128
1.4076675
1.4027426
1.3978797
1.4330724
1.4131337
1.4209921
1.4150846
1.4232802
1.4029213
1.4349577
1.4148746
1.4127294
1.3960112
1.4042124
1.4090649
1.43232
1.4322398
1.4094753
1.4053468
1.4068134
1.4315324
1.4089067
1.4273695
1.3970373
1.4158387
1.4366872
1.4130177
1.4064434
1.4029816
1.4159396
1.3976967
1.4034405
1.4083333
1.4150193
1.4401367
1.4220307
1.4088514
1.4091107
1.4244301
1.4207385
1.4202236
1.3922356
1.4214516
1.4141914
1.4251539
1.414224
1.4063662
1.4335105
1.3928628
1.4316257
1.436976
1.4192843
1.4280924
1.3959694
1.4331923
1.4145002
1.4294394
1.4268101
1.403997
1.4056591
1.4297838
1.4042848
1.4197315
1.4094275
1.3976156
1.411848
1.4627384
1.4292984
1.4004921
1.4108181
1.4119325
1.4014746
1.4360858
1.4286802
1.388753
1.4128187
1.3935578
1.4158392
1.4283816
1.4188942
1.4186171
1.4110512
1.4143323
1.3914413
1.3990004
1.41868
1.417326
1.4136043
1.4386126
1.4260868
1.4066855
1.4344124
1.424792
1.3964535
1.4126167
1.4418398
1.4312738
1.4318935
1.3950781
1.427019
1.4108466
1.3984925
1.4135872
1.3908195
1.386475

1.7705824
1.7478563
1.6910127
1.6310811
1.7156514
1.6838531
1.7609936
1.7505381
1.7351722
1.6996893

