1.1914865
1.2440834
1.4305062
1.1873277
1.2473116
2.020639
1.052766
1.3211942
1.7014498
1.2462889
1.0579761
1.6063317
1.5583423
1.8497213
1.2599522
1.4070499
1.6271796
1.236686
1.4170372
1.4703826
1.4570423
1.1191715
1.4964783
1.9515412
1.1893727
1.2848357
1.4988332
1.3152839
1.2844692
1.4219562
1.1896098
1.8044217
1.5113543
1.3330733
1.2655294
1.0340667
1.1269119
1.5958226
1.3426937
1.2344398
1.2738662
1.4559352
1.7253155
1.1537756
1.7075064
1.3438216
1.4056858
1.1931992
1.3613718
1.2666771
1.5985655
1.3719834
1.4380856
1.2864618
0.9554001
1.3207035
1.4549912
1.5484564
1.8785242
1.2565274
1.3808926
1.7181749
1.6464505
1.6329404

1.4557242
1.4343076
1.3072301
1.4273611
1.3704913
1.3631591
1.4829892
1.4589393
1.271705
1.6525987
1.5128648
1.3772075
1.393076
1.2898016
1.3930702
1.4416342
1.4478617
1.252699
1.4785172
1.4371971
1.2918831
1.4259913
1.4209886
1.3842231
1.436278
1.0270561
1.4827158
1.4063271
1.3940094
1.5447526
1.096407
1.5925874
1.4213134
1.1982856
1.5926683
1.409284
1.5207276
1.3073763
1.3450522
1.7861793
1.4511919
1.3985382
1.4534296
1.4924123
1.4887905
1.6571536
1.330082
1.298525
1.1875546
1.5043353
1.6195514
1.4722288
1.5815113
1.5181464
1.4604279
1.4057866
1.364464
1.3284433
1.3642992
1.6069589
1.3067169
1.2874129
1.3323996
1.2168087

1.3920367
1.5467869
1.432364
1.4325272
1.3611895
1.4677246
1.347335
1.4929569
1.3438385
1.4404327
1.4361538
1.3656753
1.4063905
1.4612749
1.3711934
1.5031298
1.5252922
1.4905254
1.4405351
1.4423175
1.5650939
1.4717824
1.2252499
1.3120451
1.2224805
1.3848306
1.3741783
1.4393694
1.3860627
1.4401021
1.4240725
1.4304283
1.4961122
1.3661661
1.4578162
1.4601017
1.430363
1.4907624
1.4518591
1.4676428
1.5038165
1.4193511
1.3926189
1.4157234
1.4421566
1.4044046
1.4656852
1.431883
1.4080439
1.4768201
1.3063937
1.4325187
1.4255548
1.5063785
1.4057791
1.3558743
1.3699245
1.2928884
1.3543993
1.4297407
1.424542
1.4604074
1.415526
1.3058811
1.4876206
1.4506598
1.305305
1.4067253
1.4889686
1.3474172
1.4272579
1.5210552
1.4229817
1.3815025
1.5029777
1.4254326
1.3947246
1.3216761
1.4082801
1.4496757
1.3361195
1.3449733
1.3745439
1.5416771
1.3615395
1.4370775
1.4389963
1.267501
1.3187828
1.3862414
1.4871769
1.3207697
1.5699736
1.3855926
1.4659963
1.282644
1.4255503
1.3134444
1.3688722
1.3996778
1.3433915
1.509956
1.6640111
1.5060694
1.4852272
1.3850372
1.5741006
1.3884958
1.4952966
1.5053279
1.2964095
1.375879
1.4407636
1.5045823
1.4893669
1.3885708
1.5964077
1.3643572
1.4240261
1.2902945
1.2247349
1.4818189
1.4830753
1.5094635
1.2745023
1.4536043
1.4717638
1.5220236

1.4233353
1.4915437
1.3453453
1.1975888
1.4224962
1.3925433
1.3638875
1.3869929
1.454751
1.3764657
1.4058474
1.3878644
1.3622226
1.5273381
1.3551714
1.4511266
1.2991459
1.4288759
1.469994
1.410688
1.4653679
1.3855711
1.3731803
1.3137114
1.3163884
1.4351249
1.4268669
1.3828483
1.4843047
1.4920176
1.4730101
1.4493846
1.4748654
1.5305284
1.152168
1.3956023
1.4507664
1.2610549
1.409517
1.4435196
1.4277605
1.494152
1.4916689
1.4305595
1.4336808
1.4181737
1.3744442
1.3810817
1.4177666
1.3360778
1.4574981
1.3503478
1.3998137
1.3725811
1.5545399
1.408855
1.4466982
1.3814757
1.4292612
1.3414675
1.3259133
1.4252586
1.434508
1.402322
1.4366313
1.3969247
1.3678892
1.4600867
1.3835813
1.4309499
1.4242628
1.497326
1.3392715
1.3544531
1.4699757
1.4888254
1.4285723
1.4296674
1.4113418
1.4153212
1.4550472
1.4663633
1.4127941
1.4222051
1.4259351
1.4174908
1.3957889
1.3339025
1.4626855
1.3460859
1.4400688
1.42769
1.4519091
1.5021733
1.419891
1.3939087
1.395731
1.4217982
1.4335372
1.3944257
1.4410449
1.2460829
1.3793716
1.4008888
1.3435955
1.4135562
1.4731762
1.3316501
1.3947339
1.4379408
1.3886214
1.5319177
1.3820769
1.426701
1.3506826
1.3187796
1.5062774
1.4697521
1.343906
1.4733561
1.2843311
1.3192375
1.4086326
1.523744
1.4601129
1.3885179
1.4699256
1.307054

1.4201049
1.4305526
1.3557152
1.3841873
1.3403125
1.4415821
1.3567168
1.4782611
1.4299903
1.371675
1.3303714
1.395681
1.4478397
1.3945167
1.4172915
1.4557334
1.4159603
1.4986126
1.4689195
1.4683539
1.3568736
1.3937919
1.3577389
1.3190289
1.4183683
1.403576
1.4036762
1.3714727
1.3487333
1.3811343
1.4995992
1.4398148
1.4382827
1.427311
1.4043831
1.438037
1.4234973
1.38323
1.413186
1.3649962
1.4411031
1.4376262
1.465998
1.4236943
1.4912897
1.4290812
1.3125188
1.446253
1.388417
1.4750019
1.4622339
1.4605727
1.3975036
1.4064125
1.4093504
1.4846678
1.3815229
1.376806
1.4515233
1.4746567
1.4639254
1.4363077
1.4581081
1.3849065
1.4810836
1.4515699
1.3752576
1.4734986
1.4167207
1.3855926
1.3655332
1.3204477
1.3945942
1.3986955
1.4006294
1.4407852
1.4509065
1.4821337
1.3458819
1.438618
1.499669
1.3470753
1.3803947
1.4034623
1.356269
1.3834786
1.4401777
1.4678072
1.4305241
1.4227449
1.3777645
1.4579197
1.4778222
1.4494596
1.4732009
1.346089
1.4209223
1.4469705
1.3814305
1.4169288
1.4831402
1.4450259
1.4065722
1.4170128
1.403558
1.3548715
1.39476
1.4435732
1.4074332
1.4351187
1.3874195
1.4348265
1.4119676
1.4056908
1.3987063
1.4546665
1.4271481
1.3618749
1.3373129
1.4189577
1.3679891
1.3246347
1.3495088
1.4661393
1.4426652
1.4312452
1.4028069
1.415265
1.3340538
1.4080621
1.3814938
1.4568872
1.3540281
1.4167176
1.4081616
1.4300001
1.4640764
1.449476
1.4475282
1.452114
1.3963634
1.4321482
1.3649126
1.4293511
1.4048235
1.3801951
1.448113
1.4147408
1.4516896
1.4554749
1.3884835
1.3206607
1.4484893
1.3956614
1.4018395
1.3661366
1.4309967
1.467098
1.4135221
1.4232703
1.3758878
1.414329
1.3623017
1.3831823
1.3992885
1.3908703
1.409086
1.3918215
1.447318
1.4574902
1.4287802
1.4659802
1.3710221
1.4261308
1.3974636
1.4668405
1.473351
1.3770438
1.4123684
1.3902389
1.4305489
1.4525523
1.4582964
1.3628545
1.3760067
1.3765299
1.3885498
1.3325915
1.4210497
1.3874544
1.4494296
1.450195
1.4821326
1.4301926
1.4313154
1.3968223
1.410824
1.3531682
1.3184252
1.4312642
1.4623855
1.4014635
1.494428
1.4435846
1.3727322
1.3989232
1.4540403
1.3904163
1.4183118
1.3747138
1.3016912
1.3501985
1.4334439
1.3873549
1.4683019
1.4432178
1.3713354
1.395882
1.4167911
1.4377635
1.3788905
1.4326816
1.4197117
1.4554703
1.3691499
1.4167796
1.4776157
1.3954022
1.4902796
1.3856486
1.3338902
1.3735447
1.3939166
1.4612854
1.373868
1.3737968
1.4909029
1.4597924
1.3796147
1.5106227
1.4498055
1.4087185
1.3591932
1.3808686
1.4653298
1.447675
1.3945333
1.3941292
1.4386672
1.4349245
1.4081889
1.3912297
1.4763919
1.3514329
1.3981178
1.4063762

1.410372
1.4632794
1.4163251
1.4307002
1.3867104
1.343121
1.4234964
1.4580526
1.4206351
1.4763654
1.4410613
1.4413179
1.429102
1.4651628
1.3538421
1.3809689
1.3991044
1.3528274
1.3974137
1.4207481
1.4176838
1.4701223
1.4462885
1.4247026
1.4368923
1.411842
1.4719372
1.4246234
1.4065561
1.5685107
1.443642
1.360382
1.3420783
1.4268698
1.4261229
1.3877562
1.4348804
1.3895552
1.3769845
1.4034054
1.3996854
1.4284548
1.429202
1.4023405
1.3906344
1.4471961
1.4921787
1.4113656
1.470211
1.4008467
1.3773835
1.4106501
1.4563336
1.3880808
1.4710538
1.4262264
1.4400654
1.350907
1.3912324
1.3845528
1.4028649
1.2925888
1.4091161
1.4013216
1.4529594
1.4190694
1.4038433
1.4695938
1.418356
1.432099
1.4775901
1.349668
1.4218678
1.3955277
1.4084467
1.4242709
1.411698
1.3365493
1.4554693
1.4043057
1.4133824
1.4207709
1.4054874
1.4257939
1.4200627
1.3772575
1.4009013
1.4207735
1.4661872
1.3787148
1.4221426
1.412783
1.3777941
1.4475076
1.4014717
1.4031646
1.4467056
1.3916306
1.4179446
1.4927497
1.4090236
1.3528645
1.4262241
1.3344151
1.3972381
1.3885276
1.4511732
1.3833098
1.3449973
1.3745968
1.4385686
1.4349227
1.3866696
1.4540654
1.4201096
1.4404098
1.360789
1.3957072
1.439853
1.3972597
1.3941089
1.4086416
1.4295337
1.3891273
1.4111881
1.4093981
1.3796183
1.4116069
1.4341761
1.4392959
1.4112751
1.3858829
1.4183471
1.4196169
1.4182388
1.4301937
1.4049288
1.4531752
1.4288738
1.4364561
1.4166334
1.4399081
1.4164373
1.4640286
1.4433913
1.405633
1.4625739
1.4461672
1.3107922
1.4174169
1.45445
1.4182645
1.3712925
1.4006487
1.3798668
1.4178584
1.3781054
1.3954475
1.420703
1.4364423
1.3372332
1.4183255
1.3890761
1.5076253
1.4307784
1.4269303
1.4097753
1.4185519
1.4399867
1.3960079
1.3606056
1.4278635
1.4192452
1.3602225
1.4629172
1.4379637
1.4398041
1.4212371
1.3587998
1.3925295
1.3380362
1.4274141
1.4320836
1.391424
1.3660501
1.4735152
1.3932394
1.428719
1.390694
1.3648406
1.3920166
1.3671732
1.4330742
1.505066
1.4114325
1.4547135
1.345341
1.46556
1.4145178
1.4267628
1.4076267
1.4372534
1.4154524
1.4570515
1.3819388
1.4061046
1.4267033
1.3738579
1.4431483
1.3640263
1.4029999
1.4691391
1.4747894
1.441816
1.377787
1.3803153
1.462005
1.4292662
1.3927891
1.5245185
1.4140431
1.3584069
1.3807746
1.4101442
1.3787198
1.4808174
1.4305145
1.4258288
1.446928
1.3766557
1.3801452
1.3919224
1.3920677
1.4335471
1.420266
1.4138066
1.3661659
1.429552
1.4311551
1.4329408
1.4351639
1.4603314
1.3818922
1.4437644
1.430523
1.4302514
1.3902054
1.413657
1.4544966
1.4311221
1.3670968
1.3798122
1.3834227
1.4238038
1.4457407
1.4444371

1.4887497
1.4135792
1.3982546
1.4600619
1.4229523
1.4571388
1.4151045
1.4248941
1.4671996
1.3918161
1.4242715
1.4093634
1.4486431
1.3879113
1.4199957
1.4960759
1.3623154
1.3920137
1.4365351
1.4306248
1.4230069
1.3718207
1.399674
1.4070634
1.4107552
1.3990483
1.3868927
1.4833043
1.3234224
1.4054657
1.4048235
1.400413
1.4255697
1.4195567
1.4130745
1.4483291
1.4847608
1.4347603
1.3711185
1.4150577
1.4753733
1.4462873
1.4056283
1.3857325
1.34562
1.4242529
1.4540576
1.4012349
1.4729055
1.4604185
1.3445559
1.4177029
1.3889577
1.4310122
1.4596835
1.4114896
1.4126831
1.293396
1.4658502
1.4572597
1.4025202
1.4170809
1.3838282
1.4472402
1.4064279
1.4083811
1.4491192
1.3649217
1.4201907
1.4254409
1.3992511
1.4180433
1.3831366
1.4246287
1.4313484
1.4661955
1.4078393
1.3554332
1.3936795
1.4235984
1.4691945
1.4213701
1.4085778
1.4096899
1.3974854
1.396881
1.4117603
1.4212432
1.3814471
1.3436317
1.3805684
1.4309505
1.3659625
1.4253857
1.3693044
1.5007848
1.3670332
1.4560181
1.4581133
1.4088901
1.3555385
1.382724
1.4326304
1.4373736
1.3802341
1.3822174
1.3754373
1.3740845
1.374651
1.413404
1.3920013
1.4677812
1.3987558
1.4348159
1.451667
1.4180075
1.3924881
1.4800324
1.4863006
1.410474
1.3457568
1.4816762
1.4369187
1.4555897
1.3744341
1.405009
1.414362
1.3943176
1.4233674
1.4197406
1.383318
1.3927453
1.3654683
1.4008482
1.4106692
1.4458928
1.4543854
1.4293847
1.4504497
1.4379977
1.4060775
1.4387782
1.4302524
1.3309048
1.322588
1.3990204
1.4199321
1.3525578
1.3964255
1.4093221
1.4506887
1.4066321
1.4323989
1.426531
1.405186
1.4286914
1.4274647
1.3970245
1.3970336
1.4865936
1.454193
1.4142334
1.3766876
1.3415583
1.396293
1.3793103
1.4563317
1.4439663
1.3131374
1.4222858
1.4204019
1.4100623
1.3674028
1.3753724
1.3686705
1.4542838
1.411042
1.4107234
1.3194157
1.4463682
1.4598526
1.403371
1.4203761
1.3491946
1.3659418
1.4187998
1.4277922
1.4056787
1.4131411
1.4313523
1.3892472
1.3772329
1.3666867
1.4255635
1.403077
1.3500226
1.3976845
1.4511739
1.4326193
1.3661665
1.3975964
1.4610945
1.354171
1.411816
1.4446853
1.4375919
1.4404522
1.4085037
1.3909005
1.4243191
1.4655198
1.444896
1.3873341
1.4018542
1.4441935
1.441993
1.3599734
1.3844823
1.4310926
1.3754716
1.4098057
1.4217641
1.4773254
1.4606578
1.3895681
1.4225255
1.4618328
1.4613242
1.4381354
1.407097
1.396443
1.4112613
1.4110874
1.3632331
1.3986272
1.3938078
1.4114347
1.4571129
1.3687389
1.4515806
1.4103855
1.463848
1.5116117
1.3300459
1.4546492
1.4151124
1.4488621
1.4955326
1.3487514
1.3358169
1.4040465
1.4221382
1.3726747
1.4288934
1.3840679
1.4283588

1.4087906
1.4115802
1.3977729
1.3917317
1.4156017
1.4145098
1.4071981
1.4771152
1.4413986
1.4300588
1.4146553
1.448696
1.4358417
1.4431697
1.3622789
1.3327575
1.4300245
1.4255501
1.4264518
1.4028047
1.4077091
1.4055214
1.3729216
1.3902075
1.4540592
1.40936
1.4421178
1.3771136
1.4436445
1.4023237
1.4095962
1.3854542
1.3691651
1.3574765
1.4470611
1.4115866
1.385975
1.4343781
1.4409313
1.4309847
1.395615
1.3930776
1.3940964
1.4225107
1.4055487
1.4189104
1.4150658
1.3690931
1.3820934
1.4365363
1.426027
1.4179949
1.4410304
1.462851
1.397814
1.4460058
1.4067652
1.4075421
1.4903281
1.3860348
1.3996851
1.3440926
1.4273485
1.4137797
1.4439397
1.4482566
1.4333394
1.3673683
1.4799675
1.3773885
1.4127778
1.4260001
1.3684916
1.381992
1.417911
1.4227196
1.4063312
1.4126947
1.401242
1.4340156
1.38555
1.4193082
1.4203732
1.4335865
1.4416757
1.4015597
1.4382573
1.3651559
1.4393055
1.3986006
1.4082649
1.4096366
1.4008031
1.4260639
1.4213401
1.4765501
1.4313039
1.3916717
1.4627106
1.4087975
1.3735619
1.3917313
1.4181297
1.4455222
1.411678
1.4286253
1.3886608
1.4508952
1.3655823
1.4079835
1.3940506
1.4239779
1.4080199
1.4353759
1.4471431
1.3960685
1.4268417
1.4460107
1.4235015
1.4502537
1.4311154
1.3867364
1.4383625
1.4657288
1.4574276
1.3983335
1.4367299
1.4200264
1.4299016
1.4300352
1.5165812
1.3902336
1.3963517
1.3887277
1.4840415
1.388741
1.4716625
1.4232728
1.4203012
1.4362746
1.4301223
1.4495919
1.4373976
1.4109495
1.3865203
1.3821471
1.4231724
1.3605593
1.3725901
1.447605
1.4471557
1.3794016
1.4212079
1.3940052
1.3803443
1.3916031
1.4200089
1.4240903
1.3970697
1.4481469
1.4171472
1.4530731
1.4377705
1.394177
1.4636431
1.3922402
1.4514065
1.4328082
1.4016553
1.4185938
1.4113176
1.4152818
1.3919665
1.4661059
1.3772662
1.3938814
1.4431828
1.4389452
1.3870767
1.4298085
1.4428377
1.3760873
1.4139686
1.3957093
1.4595197
1.343144
1.4236939
1.426129
1.3541254
1.4312234
1.383737
1.3957913
1.4628342
1.431841
1.4233128
1.4034101
1.4340585
1.4586135
1.4338676
1.4132318
1.4195572
1.3750987
1.4328604
1.4267169
1.3894899
1.4175123
1.4386381
1.4157935
1.4120897
1.4183552
1.3377863
1.4086038
1.4257799
1.4204596
1.3910787
1.3955727
1.4252002
1.386444
1.4395324
1.4376374
1.4096466
1.4319835
1.4404619
1.4397137
1.4231201
1.3939445
1.3828605
1.4500483
1.4098619
1.4682183
1.4037187
1.4286369
1.3974549
1.3696406
1.4426627
1.4159467
1.435863
1.4512534
1.455632
1.4254891
1.3836869
1.4453992
1.3789412
1.3327975
1.3754528
1.3977945
1.4522414
1.4249624
1.4133996
1.4129369
1.4652169
1.4303796
1.4121724
1.3678639
1.4277502
1.4395676
1.4196228
1.4142199
1.4023015
1.4804864
1.3899251
1.4180027
1.4341041
1.4176538
1.4048622
1.3419219
1.448821
1.4205978
1.4295747
1.4136165
1.4089642
1.4262424
1.40471
1.4310886
1.4356912
1.415258
1.4398769
1.3929445
1.40677
1.4597334
1.3951411
1.4284377
1.4224347
1.4055752
1.3891301
1.4537189
1.3964304
1.4049046
1.4010826
1.4457297
1.4004638
1.402144
1.4454608
1.439055
1.3894739
1.4663
1.4055853
1.3814346
1.3957705
1.3842454
1.4500104
1.4022251
1.4089668
1.3895415
1.3683455
1.4079239
1.4245462
1.306142
1.4042752
1.439179
1.4058527
1.3633783
1.407075
1.4129008
1.4398181
1.3517543
1.4850624
1.413943
1.4379618
1.3735676
1.4188926
1.4186889
1.4640152
1.3966079
1.4644988
1.4423522
1.4389693
1.3743798
1.3880943
1.3857793
1.432498
1.4626406
1.4399055
1.4196649
1.3547744
1.3975856
1.4203131
1.3882158
1.4190573
1.4468075
1.3747307
1.4161936
1.4326417
1.4237498
1.4546816
1.3531657
1.3977462
1.3997983
1.4470085
1.4243219
1.4069836
1.3785995
1.3908027
1.4330409
1.3904644
1.390751
1.4212023
1.4368336
1.4261402
1.4103863
1.4131662
1.4413983
1.4701779
1.4568248
1.4095904
1.4124005
1.420747
1.4060543
1.4596364
1.4263092
1.3834692
1.3682499
1.4437337
1.4023745
1.3991122
1.4192979
1.3928839
1.4593164
1.419274
1.4556452
1.4256026
1.459564
1.3996086
1.3459439
1.4178634
1.4148555
1.4253811
1.3911854
1.3702247
1.41959
1.4066597
1.3735822
1.4526215
1.4226699
1.4293656
1.3661288
1.4232181
1.4477352
1.4346806
1.4269925
1.4224893
1.3921607
1.4262656
1.4107049
1.4621317
1.3946823
1.4223529
1.3671733
1.4582169
1.4267316
1.4164939
1.4281635
1.4282885
1.4229784
1.4137528
1.4027741
1.3902789
1.4022676
1.4430094
1.4321172
1.4239811
1.4429939
1.4559872
1.4116987
1.4363936
1.4147238
1.3835046
1.4019585
1.3975943
1.3881752
1.3914466
1.3845842
1.4314636
1.3707896
1.4202709
1.3836436
1.4184678
1.3805095
1.3157164
1.4326774
1.3974396
1.4416809
1.412708
1.3453794
1.4665091
1.4690691
1.4373772
1.3743933
1.4526511
1.4053278
1.4468298
1.3850565
1.3966968
1.4722637
1.4113063
1.4348842
1.4269142
1.375754
1.3972644
1.3966262
1.4084384
1.3921907
1.3719625
1.3880266
1.378183
1.3825892
1.4229645
1.4126488
1.4015292
1.3955475
1.4171418
1.4293807
1.4047248
1.3895488
1.4181496
1.3922293
1.4389365
1.4310749
1.4011866
1.4129773
1.42433
1.4045612
1.4290524
1.4125111
1.4352595
1.398741
1.3888047
1.4315943
1.3982973
1.3930999
1.4154273
1.4195418
1.4007392
1.3917353
1.4288809
1.3982929
1.3701133
1.4005919
1.359817
1.4130442
1.4193356
1.4088069
1.4146719
1.4101552
1.3906449
1.437599
1.385081
1.4223132
1.4055398
1.4207617
1.3823972
1.4241837

1.4162811
1.4123557
1.4141691
1.4362862
1.4225196
1.4087096
1.4379871
1.4366168
1.4117465
1.4433233
1.3813962
1.4491092
1.4010978
1.4084762
1.3960459
1.4029244
1.389845
1.4293752
1.4460808
1.3903946
1.3825276
1.4195104
1.4373277
1.433058
1.4302481
1.4408696
1.3574775
1.3731501
1.4185127
1.3949245
1.4122146
1.4013002
1.3669457
1.4202864
1.4077305
1.4045123
1.429264
1.4381808
1.3913281
1.4165497
1.3775017
1.3935019
1.4090406
1.4395049
1.411569
1.4150003
1.4130282
1.4224473
1.3882792
1.4310865
1.4131334
1.4154681
1.3930155
1.4314766
1.4020876
1.4542534
1.4023204
1.387094
1.4239821
1.375272
1.3759382
1.4011282
1.4472942
1.4374924
1.4037418
1.4207686
1.4342372
1.4214272
1.4255946
1.421548
1.3916656
1.3869962
1.4323595
1.4101175
1.3831109
1.3939993
1.4319813
1.4293606
1.3795984
1.4075644
1.4089073
1.3975898
1.4166338
1.3886303
1.4214641
1.4406486
1.4125806
1.4384571
1.4138798
1.4132557
1.3832507
1.4149302
1.4290487
1.4290495
1.3752714
1.3992807
1.3894536
1.4058164
1.441416
1.4130404
1.4383906
1.3618824
1.4540238
1.4405644
1.4002895
1.4352223
1.4184489
1.4220358
1.4228574
1.412286
1.4382386
1.3790783
1.4040458
1.3861127
1.4506912
1.4459649
1.3911937
1.4005439
1.4660654
1.3946368
1.4234354
1.4196008
1.3862993
1.4228972
1.4094605
1.4186596
1.4048072
1.3908817
1.3838538
1.394298
1.4320817
1.3919368
1.4306937
1.3980132
1.4209925
1.4348227
1.3999023
1.3711405
1.4105572
1.4406687
1.4194669
1.4267907
1.441945
1.432921
1.4387574
1.4303714
1.4032145
1.4022185
1.4105672
1.3605886
1.4194993
1.4161519
1.4306297
1.4097378
1.4126042
1.3867885
1.4138446
1.4366276
1.4093479
1.435054
1.4004731
1.3913454
1.4220674
1.3979204
1.4206495
1.4216183
1.4230081
1.4114307
1.415338
1.4352319
1.4151896
1.4202923
1.4248172
1.4055423
1.417024
1.4017301
1.4141804
1.3874209
1.4295326
1.433076
1.3751863
1.4059739
1.3897061
1.4223353
1.4307512
1.415035
1.4390471
1.4225653
1.4164882
1.4271727
1.4132874
1.3957158
1.3733158
1.3831875
1.4542549
1.4145719
1.3882228
1.4507338
1.4171172
1.4047234
1.4260054
1.4387103
1.399163
1.3801548
1.4326987
1.4079697
1.397731
1.4517258
1.3921859
1.4018933
1.3795285
1.4054096
1.3763903
1.4290541
1.4075675
1.4490869
1.4246023
1.4313116
1.4117544
1.3266644
1.4397041
1.4254664
1.4052373
1.4088291
1.4290448
1.4137642
1.4264222
1.4258236
1.4125404
1.3713965
1.3933905
1.4350864
1.4392436
1.4522139
1.4151186
1.4544653
1.4312993
1.466941
1.4380491
1.408576
1.4210566
1.4017361
1.4130267
1.3992229
1.417107
1.3787303
1.401513
1.4168793
1.4066976
1.4635162
1.4131364
1.4242945
1.4038537
1.39642
1.4247794
1.3985261
1.4048045
1.4157003
1.3883162
1.4091597
1.4500889
1.4305373
1.4141251
1.4077078
1.434827
1.4212344
1.4038458
1.4161633
1.4314649
1.3674816
1.4242795
1.4465138
1.4047499
1.41669
1.4241766
1.4296674
1.3893758
1.3821732
1.3910615
1.3950557
1.3996923
1.4787002
1.4521219
1.435435
1.3936377
1.4092493
1.421322
1.4107891
1.4310077
1.3618803
1.4160724
1.4082899
1.4147874
1.3789157
1.4204211
1.4339806
1.4076815
1.4220291
1.42619
1.396895
1.417206
1.3947616
1.4471406
1.4397562
1.4609774
1.4244412
1.4151951
1.3705913
1.4482634
1.3924625
1.4000422
1.4703459
1.4082466
1.3721011
1.4270782
1.4014648
1.4069453
1.4038719
1.3873055
1.4443421
1.4095721
1.4079869
1.4008857
1.3948445
1.390814
1.3846714
1.4463315
1.4063052
1.4168948
1.3918618
1.4157197
1.3939064
1.4384332
1.4639684
1.423675
1.3532611
1.4244958
1.3688544
1.4450959
1.3833032
1.3954839
1.4287549
1.4400429
1.4175317
1.4085556
1.4103941
1.4198649
1.407752
1.4380428
1.3775052
1.4050163
1.4132663
1.4104685
1.4498318
1.3867575
1.4406507
1.4385682
1.4025041
1.4051635
1.422334
1.4563701
1.3799342
1.4153488
1.3823637
1.451829
1.4670321
1.4024819
1.4231063
1.388478
1.3731842
1.4137021
1.4284055
1.4049025
1.4210896
1.4171287
1.400182
1.3714776
1.3922342
1.421563
1.4257765
1.4033248
1.3918865
1.4266224
1.4072012
1.3865628
1.3681217
1.4143949
1.3889036
1.3521345
1.4014927
1.4391376
1.3716587
1.445257
1.4159142
1.3931409
1.3852972
1.4275656
1.4118015
1.4224454
1.3865511
1.4024242
1.4360019
1.3706641
1.4482744
1.4173895
1.3736651
1.4540571
1.4078921
1.422823
1.4297751
1.3976855
1.4517486
1.4281273
1.3638835
1.4253631
1.4203475
1.4225619
1.428572
1.4072605
1.424332
1.4054025
1.3782909
1.4092917
1.3929201
1.4380981
1.3914397
1.4167756
1.420631
1.4235051
1.3863478
1.3833984
1.4101214
1.4157966
1.4449842
1.3796498
1.3756274
1.4007131
1.4107207
1.3991461
1.4132373
1.4354547
1.410235
1.4069883
1.4301943
1.4214345
1.467422
1.4564694
1.4468062
1.4461591
1.4257141
1.4370588
1.4304327
1.4354275
1.4268906
1.4570593
1.4336396
1.4009
1.4446263
1.3852689
1.4147878
1.4213855
1.391128
1.4387103
1.4517169
1.3769939
1.4232639
1.4224265
1.3947897
1.4133337
1.4315004
1.3927786
1.3766994
1.418508
1.3948984
1.3880457
1.3915758
1.4144568
1.3921622
1.3964779
1.4079444
1.4411024
1.4001334
1.417502
1.4100099
1.4318529
1.4277914
1.4177006
1.400983
1.4100033
1.4454361
1.4036295
1.3946475
1.4244213
1.3972805
1.409717
1.4012731
1.3736703
1.4003816
1.4369953
1.3939877
1.4203224
1.4433507
1.4049934
1.4173217
1.4178846
1.4431396
1.3997895
1.4336957
1.4125699
1.417705
1.4028995
1.4368042

1.4020023
1.4024788
1.4204456
1.4261296
1.4094082
1.4374417
1.4061353
1.4188731
1.4076037
1.4070171
1.3911216
1.4157327
1.3803732
1.3903435
1.4207397
1.41922
1.3971901
1.4133918
1.4081421
1.4035734
1.4100033
1.4072083
1.4129581
1.4417801
1.3924737
1.436295
1.4189507
1.4317504
1.4342232
1.4069151
1.3996458
1.4095162
1.378722
1.4085803
1.376613
1.405992
1.4115744
1.4343014
1.4249158
1.4406118
1.4038366
1.4214332
1.3963634
1.4146956
1.4064487
1.4007972
1.4208957
1.3827643
1.4009613
1.4104033
1.3864346
1.4104346
1.4156764
1.4257169
1.4332005
1.3786355
1.4149951
1.4001731
1.4309524
1.4096164
1.4329289
1.4281098
1.4222412
1.3991623
1.4019973
1.4068117
1.4548162
1.4114821
1.3874581
1.4199646
1.4227009
1.3918337
1.3857042
1.40374
1.4427029
1.423886
1.4320183
1.4448113
1.4024714
1.4332216
1.4278157
1.4178634
1.4138587
1.3889532
1.3674757
1.3945413
1.4085659
1.4248815
1.4126165
1.413742
1.4154273
1.4192882
1.4312247
1.4526428
1.4245789
1.4222181
1.4210101
1.3933443
1.4404329
1.4069568
1.426261
1.400542
1.4091632
1.4080486
1.4525603
1.4131813
1.4046459
1.4258155
1.3980672
1.3979359
1.4227248
1.436085
1.4058481
1.4067919
1.4326168
1.4001657
1.4049883
1.3863161
1.4122319
1.446159
1.4080104
1.4156532
1.3987775
1.4184641
1.3927637
1.4500611
1.3874973
1.4569881
1.4044116
1.4167862
1.4155452
1.4384197
1.4093419
1.3977132
1.4445528
1.4013155
1.4455718
1.4113569
1.3937556
1.4319401
1.419212
1.4135369
1.3860139
1.4480171
1.4445665
1.380383
1.3912879
1.4227698
1.4161427
1.4194171
1.3795582
1.4421773
1.3867574
1.4607687
1.4300104
1.406579
1.3993936
1.4263403
1.4355762
1.39354
1.3770658
1.4344203
1.428213
1.4057559
1.4240893
1.3916012
1.4163117
1.3884176
1.4073805
1.423232
1.4439585
1.4069912
1.3969343
1.4131612
1.4356781
1.3973022
1.4056194
1.4072912
1.423966
1.4242784
1.4160048
1.4299651
1.4220049
1.3833171
1.4168173
1.4123201
1.3867264
1.390637
1.4043255
1.4271485
1.3674985
1.4070687
1.3988749
1.4092121
1.4198403
1.454052
1.4121684
1.4278591
1.3866576
1.4439228
1.4013813
1.3843668
1.4431678
1.4427015
1.4107275
1.409324
1.3919398
1.4161307
1.4077291
1.3972993
1.4438566
1.423138
1.3626387
1.4243478
1.4147918
1.4115753
1.429996
1.4011283
1.4209312
1.4168112
1.4028594
1.3866036
1.4204367
1.4066339
1.4124762
1.4248073
1.436248
1.4191521
1.4010309
1.407997
1.430064
1.4266857
1.4058365
1.4350576
1.4380422
1.4396688
1.4401463
1.4105211
1.4419538
1.4354916
1.4119637
1.3777821
1.3917298
1.4057776
1.416346
1.434753
1.3957813
1.4415842
1.3882592
1.4248233
1.3930507
1.392361
1.445827
1.431948
1.4055262
1.4445261
1.406366
1.4045544
1.4167309
1.3762728
1.4264748
1.405248
1.4271917
1.4352139
1.4580308
1.4746538
1.3947586
1.4303958
1.3929466
1.4396979
1.4253591
1.4526798
1.424117
1.4053918
1.4155921
1.4228606
1.4035144
1.4248497
1.4523016
1.4317288
1.4165077
1.4085273
1.4274954
1.3925229
1.4284459
1.424992
1.4179313
1.4595739
1.4313259
1.4051532
1.4061327
1.4552073
1.4170331
1.4194639
1.4335039
1.3922741
1.4211102
1.4352276
1.4232681
1.413135
1.408589
1.400591
1.4003627
1.4208901
1.4475249
1.4424409
1.444011
1.4219446
1.4157718
1.3976127
1.4298427
1.4112861
1.4199684
1.4225254
1.4305863
1.4299581
1.4241254
1.4109281
1.4114524
1.4156078
1.425758
1.410362
1.4000642
1.3773891
1.4109428
1.4102468
1.4276764
1.4428723
1.4214876
1.4854149
1.4082061
1.4134902
1.3750608
1.4358786
1.4162267
1.4370453
1.3907261
1.4076681
1.4122984
1.3697966
1.4209312
1.4503839
1.4192355
1.4157239
1.4055666
1.3801906
1.4061006
1.4089113
1.3876454
1.4046593
1.3909438
1.3747663
1.4144099
1.4210632
1.4067523
1.4116601
1.4140716
1.4095283
1.3970191
1.3776504
1.4068861
1.420194
1.4274675
1.4076004
1.438914
1.4432355
1.4346316
1.4338417
1.4099332
1.406162
1.4198327
1.3356508
1.4161227
1.3697973
1.4193451
1.4076775
1.4059016
1.4046363
1.4298826
1.4129525
1.3941914
1.3920184
1.4001056
1.431035
1.4282781
1.4431528
1.4082506
1.4107754
1.4135575
1.4325284
1.4000764
1.4240092
1.4218374
1.4054862
1.3913053
1.4131153
1.4034635
1.4411302
1.4159433
1.4400878
1.4171494
1.3848726
1.4458939
1.4110907
1.3945196
1.436851
1.4045519
1.4255028
1.3837037
1.3967482
1.3987086
1.4060378
1.4320805
1.4195912
1.4242134
1.411087
1.3839991
1.4150077
1.3671788
1.4151227
1.4310784
1.4308206
1.391928
1.3986102
1.4109379
1.4527566
1.3843464
1.3980298
1.4126585
1.3931829
1.386857
1.4271939
1.3929154
1.3979747
1.4125896
1.4100327
1.4089105
1.4098407
1.4023554
1.3917434
1.3997523
1.3781283
1.439982
1.4205884
1.4151648
1.4069362
1.4198208
1.4250104
1.4313073
1.4549123
1.4060339
1.4134673
1.3956993
1.426365
1.4179481
1.4370426
1.4242846
1.4021585
1.4045582
1.3815424
1.450022
1.3720728
1.396267
1.3937639
1.387868
1.4271506
1.4335723
1.4404367
1.397744
1.4171072
1.4044577
1.4103112
1.4142778
1.3726307
1.4134637
1.4059669
1.423877
1.4111688
1.4163564
1.411852
1.40854
1.4023185
1.4172261
1.3916227
1.4107999
1.3955361
1.4204811
1.4225376
1.4116377
1.3964058
1.3918847
1.3922118
1.4179895
1.4254385
1.4038243
1.3836528
1.4138385
1.4048569
1.4247607
1.3904307
1.4346014
1.4245744
1.4074433
1.385256
1.4313262
1.4298443
1.4165387
1.3807689
1.401592
1.4203174
1.4122062
1.426469

1.4156048
1.4549531
1.4067813
1.4100826
1.4348814
1.4238222
1.4176302
1.4104682
1.4066836
1.420525
1.4024929
1.4299059
1.3812271
1.415443
1.4126025
1.4233247
1.4150451
1.4003016
1.4135685
1.4221171
1.4084734
1.4016325
1.4435472
1.4073352
1.4071383
1.4148172
1.4142407
1.4153165
1.4146112
1.3948145
1.431398
1.4159067
1.4018742
1.4422516
1.4006803
1.3947257
1.416064
1.4163638
1.4463038
1.4144382
1.4047168
1.43651
1.4042584
1.4066398
1.3902423
1.4080046
1.4160026
1.4286062
1.4335866
1.429837
1.4060137
1.4161491
1.4134656
1.4072839
1.3923529
1.4093491
1.4185333
1.395276
1.4423776
1.4110626
1.3847263
1.430686
1.4232
1.4101237
1.4368904
1.4187739
1.4139911
1.424041
1.4144325
1.4120542
1.4040987
1.408611
1.4037925
1.4116201
1.4043148
1.4165318
1.4314089
1.4280021
1.4292741
1.4134009
1.3891754
1.396521
1.4255481
1.391791
1.4289352
1.4230167
1.3810759
1.4282633
1.4218513
1.4139323
1.4123713
1.3880033
1.4049579
1.398379
1.4166164
1.4214537
1.4133633
1.3848494
1.3854966
1.4152929
1.4014056
1.4310148
1.4278145
1.4154562
1.414926
1.3973486
1.4337249
1.4259212
1.4244301
1.4179881
1.4031326
1.4327878
1.4110361
1.4229579
1.4287068
1.4129272
1.4246311
1.4171797
1.4282169
1.4098182
1.3875386
1.421184
1.4201527
1.385929
1.4044057
1.3957161
1.4207606
1.4043947
1.4039918
1.4232749
1.39325
1.3834152
1.3953469
1.4075345
1.3892125
1.403042
1.4450545
1.4224151
1.4134566
1.4329643
1.4056531
1.4279851
1.4045594
1.4292624
1.3857977
1.4048474
1.4080122
1.4186907
1.4051417
1.392122
1.4081819
1.4038463
1.4096739
1.4090025
1.4131736
1.4298981
1.388256
1.4123756
1.4295579
1.43561
1.3869451
1.3921137
1.3998532
1.3883957
1.4317777
1.4097778
1.4091582
1.4170333
1.4103323
1.454312
1.4308218
1.4324251
1.4196714
1.4212134
1.4201356
1.4021546
1.3927826
1.4044354
1.3908372
1.412393
1.3991511
1.422915
1.4018774
1.4217998
1.4241434
1.4090601
1.4340692
1.4331402
1.4184793
1.4103382
1.4276385
1.4417138
1.4016298
1.4059623
1.4079186
1.4081517
1.4101804
1.3961704
1.4214329
1.4344033
1.4142005
1.4261607
1.4243982
1.3950094
1.4006099
1.4229283
1.4106979
1.4040908
1.3987068
1.413142
1.4302633
1.4047406
1.4063146
1.443608
1.4258255
1.4177899
1.4149382
1.4092333
1.4266423
1.3819941
1.4088501
1.4149996
1.4071422
1.4115864
1.4121399
1.4073229
1.4098672
1.4446167
1.3947499
1.3884476
1.4229504
1.3765706
1.3982602
1.39663
1.4297075
1.4359511
1.3990293
1.4237796
1.4073915
1.4120381
1.4334124
1.4060818
1.4126712
1.4004438
1.4133302
1.3987069
1.4048206
1.4023435
1.4129121
1.3855202
1.4329139
1.4359916
1.4288026
1.4102006
1.3915137
1.4235657
1.4177377
1.4099463
1.4045975
1.4165938
1.4148414
1.4523706
1.3980486
1.4093324
1.4129623
1.4053365
1.4071246
1.3781765
1.4290799
1.3894281
1.4173028
1.4162135
1.41358
1.4030187
1.4265248
1.4184535
1.4250687
1.4448069
1.4002925
1.4023963
1.4216056
1.4020139
1.4242198
1.4333476
1.4283177
1.4126638
1.4086448
1.4139743
1.406738
1.430134
1.4113065
1.4236449
1.4169505
1.3955077
1.4278114
1.4267458
1.3958355
1.4110826
1.4067152
1.3995743
1.4347895
1.4139582
1.3984674
1.4201812
1.4239185
1.4208453
1.4117688
1.435736
1.4511054
1.4126766
1.4087492
1.4076586
1.4221816
1.4396619
1.4086406
1.4136423
1.4111308
1.3998204
1.4290922
1.3922045
1.425131
1.3997172
1.4398662
1.414998
1.4228745
1.4127574
1.417541
1.4190638
1.377411
1.4081196
1.4437047
1.4005748
1.4093331
1.4197642
1.4258142
1.4028755
1.4230715
1.4212054
1.3874923
1.3810549
1.4190384
1.416754
1.3959016
1.4127665
1.4277997
1.4084191
1.3929455
1.4110708
1.4048027
1.3994333
1.4251742
1.4116329
1.4199691
1.4128549
1.4190223
1.3941905
1.4046297
1.3787156
1.4262528
1.4115545
1.4061724
1.428765
1.4055028
1.3975421
1.4180124
1.4342313
1.4131162
1.4223754
1.4167448
1.4200134
1.4088012
1.3810495
1.4110113
1.4355718
1.408562
1.4010494
1.4156892
1.4054117
1.4050921
1.4097267
1.4183147
1.4084241
1.4229387
1.3952897
1.4127059
1.4149884
1.4296117
1.414195
1.4078845
1.4078747
1.4284351
1.4164582
1.4251752
1.38992
1.4119743
1.411726
1.4155532
1.4099008
1.422496
1.4496014
1.3906341
1.4294604
1.4073853
1.4110457
1.4125978
1.3937062
1.4243786
1.4253744
1.408584
1.4070736
1.404159
1.4154137
1.3981968
1.4095241
1.4113889
1.4120495
1.3784654
1.411621
1.4047382
1.4033028
1.4172828
1.4046068
1.427258
1.3936223
1.4060326
1.4055338
1.3991969
1.4258741
1.4093758
1.4044619
1.4079103
1.424779
1.4127257
1.4097068
1.4288445
1.3736149
1.4112339
1.4452654
1.409735
1.4207143
1.4151717
1.4423801
1.4053065
1.3979976
1.4404342
1.4000877
1.4232272
1.4192655
1.4118942
1.4164509
1.4196547
1.4165694
1.4234537
1.4024512
1.3909998
1.4067714
1.4023509
1.4509618
1.3794181
1.4047772
1.4039282
1.3985467
1.4189779
1.4220651
1.4030881
1.4310085
1.4160433
1.380161
1.4334123
1.4134792
1.4099476
1.4060504
1.4066867
1.4383252
1.4053019
1.4014329
1.4300861
1.4099467
1.4174359
1.4071614
1.4328228
1.4101851
1.4345874
1.4118985
1.3991593
1.4102596
1.4000548
1.419303
1.4084258
1.4050493
1.3894513
1.4138976
1.4010764
1.4134651
1.4390355
1.41391
1.4007624
1.4158019
1.4206921
1.4038609
1.4087679
1.3985069
1.394064
1.4279777
1.3821254
1.4223378
1.4146036
1.411679
1.4191604
1.4181981
1.3995959
1.4075058

1.4082139
1.4329679
1.3995615
1.4046845
1.4282264
1.3961667
1.3950255
1.3987144
1.4113675
1.4241071
1.4059458
1.4575622
1.3973064
1.4038402
1.4180391
1.392417
1.4216766
1.4247911
1.3819764
1.4282714
1.4353436
1.3711107
1.4263576
1.389941
1.3915366
1.4223484
1.4136065
1.4273567
1.4328364
1.4059031
1.4259888
1.4178158
1.4223112
1.4222683
1.4149363
1.4139786
1.401847
1.3958908
1.3929168
1.3810959
1.3971524
1.431937
1.4387263
1.4119694
1.4002254
1.4416441
1.3984811
1.4237077
1.3991293
1.4251083
1.3845959
1.4087486
1.4189126
1.3807911
1.4241219
1.413876
1.4154278
1.401758
1.4060706
1.4009316
1.4037735
1.3993057
1.4083341
1.413173
1.4201624
1.4255096
1.4049673
1.3979913
1.3885443
1.4141792
1.4222639
1.4067233
1.4125931
1.3982836
1.4208076
1.4103725
1.4036247
1.4059904
1.4276215
1.3860711
1.4279772
1.3738829
1.3988411
1.4136007
1.4162347
1.4232666
1.3812828
1.3916525
1.438718
1.4210805
1.4380342
1.4169084
1.438907
1.3874779
1.4223047
1.4315739
1.4134128
1.4136186
1.4169575
1.4246265
1.4010657
1.4151808
1.3968419
1.4168862
1.4487193
1.390525
1.4133877
1.410569
1.4205841
1.4530578
1.415242
1.4019088
1.4221697
1.4218109
1.381394
1.4147971
1.41215
1.3970314
1.4183785
1.4326212
1.4244126
1.4113823
1.3982942
1.4044657
1.4330955
1.4255685
1.4207152
1.40349
1.4027635
1.4018534
1.4237497
1.4195946
1.397322
1.4179386
1.4405636
1.4235471
1.4174724
1.3924427
1.4124194
1.3863306
1.4123178
1.4105756
1.4213386
1.4260199
1.4115155
1.4261267
1.3995672
1.4269584
1.4286416
1.402065
1.4314824
1.4080964
1.4348323
1.4180263
1.3906626
1.4096689
1.4308205
1.4190409
1.4424762
1.4135326
1.4313334
1.4286157
1.4242926
1.4229584
1.3963441
1.4292574
1.4215906
1.4506309
1.4112089
1.4353954
1.4084592
1.4087061
1.4349865
1.387082
1.4218224
1.3909832
1.4095237
1.4471519
1.385616
1.4220228
1.39941
1.4148157
1.3867577
1.4097252
1.423307
1.4487898
1.435882
1.413902
1.3984134
1.408086
1.4245634
1.4051467
1.4117197
1.4243644
1.4150354
1.4126608
1.4107621
1.4086579
1.4144429
1.3825443
1.4210727
1.4399749
1.4164809
1.4035121
1.441473
1.4228834
1.3968425
1.4122143
1.388765
1.4107796
1.4244022
1.4319692
1.412472
1.4077123
1.4079965
1.3953881
1.4139824
1.4226071
1.417469
1.4062285
1.4105092
1.4066216
1.3925205
1.4078562
1.3942455
1.4173594
1.3829089
1.430676
1.4168715
1.4226116
1.4269156
1.399474
1.4317545
1.4186317
1.4211009
1.3956403
1.409374
1.4017334
1.4112868
1.4243431
1.4408615
1.400817
1.3990772
1.4095162
1.3949149
1.4192942
1.4271598
1.4304688
1.4034761
1.4153229
1.4309593
1.4342963
1.4382048
1.4296244
1.4065007
1.4188169
1.4365528
1.4067335
1.413641
1.4288409
1.4440823
1.4116145
1.3941033
1.4253772
1.4310585
1.4139901
1.4246413
1.4307891
1.4161264
1.4134918
1.4005281
1.421195
1.429607
1.4405344
1.4103017
1.4193016
1.416424
1.4193943
1.4311723
1.4130669
1.436324
1.4065913
1.436736
1.40293
1.4218068
1.4322199
1.4105026
1.4176831
1.4247843
1.4277074
1.4121227
1.4081931
1.4081646
1.4069985
1.4387077
1.4000586
1.3969285
1.4034473
1.3990582
1.3937107
1.39862
1.4343619
1.4345608
1.4175601
1.4413261
1.3975284
1.416381
1.3964264
1.3995895
1.411811
1.4016951
1.4212326
1.432596
1.4268359
1.4298024
1.4079337
1.4147663
1.4263742
1.3987952
1.4106177
1.4039425
1.407605
1.4226913
1.4165642
1.4045931
1.4347717
1.4219158
1.4217327
1.3874009
1.4194639
1.4421078
1.4261122
1.4240681
1.4431881
1.4237808
1.4215144
1.4082291
1.4372065
1.3773628
1.3973503
1.3995706
1.4097784
1.4175085
1.4095815
1.4119642
1.4250613
1.423079
1.3928474
1.4048936
1.4168952
1.4167929
1.3686358
1.3875543
1.4047347
1.4006617
1.4212366
1.4390416
1.3826084
1.4329319
1.4157219
1.4074523
1.4202328
1.416486
1.426559
1.4278615
1.4016823
1.4004645
1.4127849
1.3895584
1.4201162
1.402422
1.4018008
1.3893235
1.397409
1.3752205
1.4072056
1.3852544
1.408994
1.3898686
1.4059203
1.3916941
1.4110816
1.3935028
1.4177331
1.4251122
1.3975538
1.4050797
1.4091618
1.3962692
1.4273733
1.3934205
1.4343063
1.4146923
1.420179
1.4192145
1.4184927
1.4290327
1.4020745
1.4104178
1.4372386
1.3939893
1.390955
1.409843
1.4254842
1.409559
1.4185244
1.4038131
1.381983
1.4264406
1.4225286
1.426784
1.4189186
1.418824
1.4288306
1.4039196
1.3969615
1.3993758
1.4014937
1.4232055
1.4201555
1.3915267
1.4062045
1.4065229
1.4347875
1.4315493
1.4215336
1.4069967
1.4219369
1.4059343
1.4224205
1.4376917
1.4076519
1.4130743
1.4191817
1.4186919
1.4308364
1.41304
1.4115711
1.4151852
1.4032958
1.4317329
1.4050713
1.4080744
1.4309642
1.4252329
1.4325424
1.3737421
1.4072366
1.435413
1.4382318
1.3977281
1.4144355
1.4517108
1.4060038
1.4199064
1.417816
1.4391676
1.4025666
1.3935282
1.3916126
1.3962052
1.4059162
1.4130837
1.4220651
1.4337604
1.4016067
1.4179081
1.4113438
1.4002457
1.4275776
1.3972656
1.4112488
1.4141756
1.4423193
1.4359945
1.4276154
1.4072502
1.4159352
1.4043423
1.423872
1.4290044
1.43011
1.4372032
1.4225127
1.4165494
1.4366634
1.4146053
1.4037834
1.418059
1.4242041
1.4027362
1.4196719
1.4025673
1.4305457
1.4255381
1.4257445
1.406384
1.3981537
1.4146028
1.4225544
1.3957136
1.4077353
1.4341838
1.4057261
1.4411867
1.405176
1.4148118
1.4091008
1.441076
1.4274284
1.4246014
1.402719

1.415305
1.4261792
1.4201014
1.4177296
1.4054877
1.414232
1.4194387
1.4434781
1.4170151
1.4279314
1.418179
1.4173566
1.4091247
1.4090366
1.4261959
1.4105628
1.3678976
1.4152108
1.4031415
1.4158341
1.378606
1.4300575
1.3899522
1.4558054
1.4539164
1.4427338
1.422744
1.425329
1.4214119
1.3987542
1.4012662
1.4525334
1.3820142
1.4129283
1.4042337
1.3968709
1.3933762
1.4023099
1.3925817
1.3838531
1.40415
1.4093941
1.4190799
1.3978664
1.4026864
1.423029
1.4009243
1.4160607
1.4492445
1.4083296
1.4153843
1.4227993
1.4280537
1.408569
1.402874
1.4020056
1.4137158
1.447933
1.4156884
1.419796
1.4407291
1.4245665
1.4103364
1.4392073
1.4156673
1.3926451
1.404157
1.4062381
1.3991753
1.4323523
1.4265122
1.4323641
1.4239359
1.3866227
1.3666685
1.4074383
1.4028783
1.4004049
1.4398035
1.4263438
1.419374
1.38648
1.4177877
1.3930601
1.40606
1.3916807
1.4004874
1.4131955
1.3959527
1.4149876
1.4246274
1.4106215
1.3928365
1.4278543
1.3922126
1.4215503
1.4244288
1.4136537
1.4158691
1.406798
1.3905207
1.4178411
1.4187133
1.4045213
1.3944582
1.420508
1.4047102
1.4194177
1.4064195
1.4300346
1.4273494
1.4177164
1.4301043
1.4160666
1.4010375
1.4134535
1.3906903
1.4123286
1.4421505
1.4244465
1.4031942
1.4150982
1.4076494
1.4144078
1.4079728
1.4072485
1.409719
1.3995746
1.416514
1.4081053
1.4334974
1.4119004
1.3995538
1.4305769
1.4083697
1.410469
1.3823218
1.445155
1.4098103
1.4320354
1.4115771
1.3980582
1.4285518
1.4239748
1.4161638
1.4129283
1.3937807
1.4250286
1.4131233
1.4433875
1.3937057
1.4635416
1.4043392
1.4291912
1.4381758
1.4017454
1.3967203
1.4330014
1.4330592
1.387232
1.399127
1.4218304
1.4199101
1.4308312
1.4103737
1.4133219
1.4298364
1.4117972
1.4370934
1.4057597
1.4236484
1.4032516
1.4067056
1.3915259
1.4509335
1.4425495
1.4257517
1.4198416
1.4269631
1.4185284
1.4179912
1.4107919
1.4134012
1.4032245
1.4189553
1.4103732
1.409747
1.4206237
1.4279292
1.396407
1.4051902
1.4050804
1.4046062
1.4338329
1.3878565
1.3972564
1.3862315
1.4365823
1.4272581
1.4237324
1.4250588
1.39076
1.4352137
1.4334222
1.440403
1.4069576
1.4241924
1.4073719
1.3967326
1.4571201
1.4118419
1.4208776
1.4217379
1.4183422
1.3819941
1.4029434
1.4171587
1.424464
1.4159973
1.418059
1.4161974
1.3907224
1.4229274
1.4218042
1.4202766
1.397804
1.4427017
1.4049306
1.4204957
1.4257274
1.4203908
1.4147394
1.4309449
1.4033332
1.4071753
1.4030974
1.4417105
1.4061455
1.426045
1.4210428
1.4086504
1.4147024
1.3902568
1.4241122
1.4199309
1.4253697
1.4605501
1.3941756
1.3985386
1.4092994
1.4090635
1.419264
1.4087833
1.4266311
1.4217685
1.3959557
1.4569057
1.4153808
1.4357593
1.4074879
1.4617174
1.3944635
1.4186783
1.424734
1.4155262
1.4121866
1.4049436
1.4135239
1.4048138
1.4207877
1.4227992
1.4472599
1.4011717
1.4150769
1.4294593
1.3984522
1.4098732
1.4228134
1.4120495
1.4298536
1.4158832
1.4033048
1.4148042
1.4158572
1.4078356
1.4018037
1.4154087
1.3894337
1.4119139
1.3981028
1.4265368
1.3948076
1.4042064
1.4387716
1.4137093
1.4325234
1.4070444
1.402949
1.4076753
1.3845533
1.4064553
1.4035345
1.4518846
1.4046235
1.410613
1.4138312
1.4429467
1.4234793
1.4325453
1.3832934
1.4209327
1.422962
1.4347663
1.4180984
1.4173001
1.4134792
1.416402
1.4172289
1.399796
1.4201844
1.4281638
1.4166932
1.4086406
1.4237716
1.4233818
1.4054682
1.4087092
1.3959353
1.4012552
1.4369282
1.4205148
1.4026456
1.4047624
1.425806
1.4350803
1.4154974
1.3877791
1.4116423
1.4195534
1.4199654
1.4230746
1.38426
1.4152865
1.40664
1.3988384
1.4108799
1.4289181
1.4296201
1.4120729
1.4011505
1.398022
1.4081925
1.383114
1.4075764
1.414491
1.44423
1.3897904
1.4408579
1.4298327
1.4283109
1.422521
1.4124842
1.4247992
1.401044
1.4062308
1.396623
1.3954524
1.4100252
1.41862
1.3838766
1.4246289
1.4277709
1.4442202
1.3960003
1.431369
1.4253377
1.4028221
1.3998597
1.4053465
1.4047595
1.3950244
1.3972498
1.4247879
1.4345864
1.4082879
1.4220271
1.4191911
1.4174378
1.4075416
1.411303
1.4050128
1.4204175
1.4192628
1.4389708
1.430562
1.4300678
1.4238663
1.4309733
1.4070944
1.3964736
1.4055234
1.4187512
1.4004868
1.4143826
1.4059479
1.4465704
1.3998101
1.3848394
1.4412943
1.4433559
1.4175699
1.4165808
1.4383954
1.4177461
1.4248577
1.413906
1.3836251
1.4121662
1.4045975
1.4337944
1.3956082
1.3981696
1.432987
1.4010719
1.41156
1.4248211
1.4266253
1.4078972
1.4226934
1.4292244
1.4141353
1.3932627
1.4191742
1.414671
1.430215
1.4263988
1.4306194
1.3999879
1.4062182
1.3816295
1.4244617
1.4003041
1.4114093
1.4274306
1.4005742
1.3993366
1.4206482
1.3996598
1.4143733
1.415109
1.4312963
1.4081026
1.4132159
1.4059143
1.4136884
1.4105654
1.4335119
1.4020077
1.4140226
1.3928013
1.43987
1.4120902
1.4188315
1.4242581
1.3886385
1.4086485
1.4041673
1.4107323
1.412852
1.4225742
1.3981504
1.4108762
1.4094616
1.3967959
1.4213756
1.4079585
1.4036648
1.4475003
1.4088383
1.3784586
1.4194925
1.420993
1.3986225
1.3904305
1.4157729
1.411118
1.3919374
1.4216262
1.4092381
1.4133303
1.4037882
1.3923447
1.4096166
1.4198358
1.4182318
1.4073157
1.4182205
1.4185915
1.446453
1.4065269
1.4148148
1.4108
1.4032801
1.4384947
1.4110116
1.4059839
1.4401037
1.4022077
1.4474028
1.402105
1.3925062
1.3976048

1.8552525
1.8246088
1.7373269
1.6889307
1.8194398
1.7333734
1.7130358
1.8118216
1.7999572
1.7368174

