1.5990742
1.5346168
1.5454534
1.3777708
1.4309621
1.3185575
1.4628997
1.4716884
1.1555668
1.5186124
1.5255837
1.2962532
1.0416331
1.7673935
1.2988398
1.7257451
1.4818108
1.5731374
1.7243178
1.2857915
1.2174304
1.0930995
1.6120116
1.5899763
1.5387139
1.596694
1.6456527
2.004031
1.600328
1.4018371
1.6760118
1.5186858
0.94365925
1.2935044
1.6172583
1.4460965
1.4863966
1.3787102
1.1014616
1.4355681
1.8597133
1.2914139
1.6371464
1.7229928
1.1469702
1.535799
1.5905102
1.5516973
1.4083692
1.4586592
1.3801864
1.469007
1.4672846
1.4973354
1.2912469
1.8411709
1.2224772
1.4861373
1.5856159
1.6035326
1.9398501
1.29154
1.5195805
1.6975411

1.5950049
1.4482014
1.4755181
1.65087
1.5823047
1.5574274
1.5868429
1.6149367
1.4371796
1.5965823
1.6252966
1.576932
1.4737446
1.4971234
1.4858296
1.7936926
1.45448
1.3898615
1.5328467
1.5414319
1.4492456
1.4996545
1.4387423
1.6144619
1.5177191
1.4795213
1.616642
1.6150043
1.460681
1.5101746
1.4936733
1.4559294
1.623142
1.753734
1.6149886
1.5926533
1.428284
1.6120013
1.5312514
1.4877405
1.5073797
1.5912894
1.6382982
1.5209535
1.4867237
1.9564186
1.550363
1.6226633
1.4976339
1.6920317
1.4952512
1.618121
1.5384945
1.591172
1.6686021
1.6387204
1.5649418
1.5366285
1.4956135
1.3572179
1.7596619
1.7021867
1.5434315
1.553937

1.5017974
1.5144852
1.5250995
1.4168502
1.4729716
1.4555886
1.470295
1.361124
1.4721628
1.5158643
1.5227712
1.5760734
1.5356078
1.4746003
1.3837143
1.5214953
1.458914
1.4639649
1.3759903
1.4743025
1.4787053
1.5364288
1.4586337
1.5110407
1.4959581
1.5552622
1.4321642
1.4474822
1.580157
1.5254034
1.586039
1.4764829
1.6221495
1.5555626
1.503379
1.3297513
1.3618118
1.4230194
1.4445252
1.4386189
1.434737
1.5651754
1.49651
1.5011222
1.5224222
1.4005998
1.4846859
1.4985722
1.5610015
1.4138559
1.4599895
1.5296531
1.5370944
1.4475895
1.4488945
1.4478915
1.4951038
1.5867654
1.6078023
1.4769512
1.549345
1.4255018
1.485649
1.4550058
1.5538925
1.5296476
1.4663017
1.447124
1.5088155
1.4852629
1.5919611
1.5778812
1.4904809
1.4870238
1.5617254
1.5994806
1.4099393
1.4987814
1.4659901
1.5468122
1.4889529
1.5508914
1.4975055
1.3887014
1.4839044
1.4717181
1.5270981
1.5181568
1.5047673
1.3971536
1.4257588
1.4634004
1.5835056
1.5183748
1.6091657
1.4882228
1.4131516
1.3801081
1.38762
1.487127
1.4927707
1.4468294
1.4951304
1.5645683
1.5262809
1.4982718
1.4253461
1.5410938
1.5754304
1.4351887
1.4519373
1.5095474
1.3765955
1.4580363
1.4966786
1.4708601
1.4918628
1.4948636
1.526264
1.4059874
1.5067201
1.5176389
1.4457319
1.4338837
1.5193027
1.4387897
1.4753451
1.5565614

1.4370406
1.4484098
1.4649588
1.6192087
1.5080432
1.4162322
1.5545254
1.4244565
1.5087163
1.578024
1.6544812
1.5652916
1.5735844
1.5620828
1.4669204
1.497866
1.5906942
1.4620494
1.4645536
1.43745
1.5497855
1.4716969
1.4271346
1.6060619
1.5436375
1.5293491
1.5509492
1.5403029
1.5026724
1.4792337
1.3956321
1.5216951
1.5947431
1.4862677
1.4747584
1.4655582
1.4759643
1.5133549
1.5154562
1.429261
1.4962893
1.5233514
1.5299281
1.5193398
1.5498424
1.4919267
1.6043116
1.4963483
1.5499704
1.5587665
1.5234797
1.5562282
1.460858
1.5378718
1.5778949
1.4959176
1.4065971
1.56626
1.6034222
1.4936252
1.5887935
1.5749224
1.7516288
1.5869936
1.494964
1.5380394
1.5108225
1.6275144
1.5475591
1.5137535
1.6257241
1.561299
1.5659939
1.527865
1.505202
1.5508938
1.5108949
1.4408829
1.5678216
1.3969775
1.4717746
1.4292859
1.4386113
1.6028551
1.5343496
1.4525898
1.5275314
1.6287403
1.4803604
1.57359
1.4222392
1.5489453
1.4506521
1.4857103
1.5045732
1.4063485
1.5897566
1.4928703
1.4736621
1.5098168
1.5016265
1.4555101
1.5440725
1.4234849
1.4392381
1.5074437
1.4913371
1.4196472
1.6240525
1.4427027
1.4916061
1.4907858
1.4822494
1.4852902
1.544681
1.5519656
1.5260054
1.36483
1.5762413
1.5637964
1.381079
1.5074953
1.5031817
1.525254
1.485159
1.5391796
1.513722
1.4856795

1.4977365
1.549328
1.4962722
1.4864256
1.513181
1.4411626
1.4660408
1.4791158
1.5397158
1.5019788
1.5186282
1.5105312
1.3898818
1.4989429
1.5071137
1.4859946
1.4930731
1.5115831
1.5670351
1.4572548
1.4087783
1.484965
1.4446039
1.502277
1.5117344
1.5003521
1.461242
1.5304112
1.4861745
1.4693106
1.5023053
1.5328673
1.5116656
1.4769356
1.4181093
1.4532479
1.5635722
1.3887845
1.518579
1.5158179
1.5911405
1.5121878
1.46874
1.4269534
1.4672945
1.4474266
1.471074
1.4987949
1.445371
1.5170954
1.40372
1.4072417
1.456163
1.5400714
1.494858
1.5090551
1.5134847
1.5003786
1.4142573
1.4293436
1.5198306
1.4698812
1.4258876
1.4275432
1.579113
1.5110863
1.4745773
1.41242
1.4458532
1.490101
1.4760993
1.4293494
1.4198492
1.4847628
1.370351
1.4117932
1.4788483
1.4429034
1.5178347
1.5034788
1.433511
1.4799539
1.4735013
1.429366
1.5484655
1.4874988
1.4667884
1.4418678
1.5138868
1.3955073
1.4446149
1.4552726
1.4972689
1.4945759
1.4329786
1.4837464
1.4597241
1.498174
1.4702742
1.4796301
1.5062603
1.469613
1.4464445
1.4208382
1.390302
1.5287625
1.413186
1.5324067
1.4295858
1.4357748
1.5112442
1.4836227
1.5078033
1.4419091
1.4882556
1.5020294
1.4606978
1.4333347
1.5131294
1.4676107
1.399205
1.4710685
1.5017027
1.471301
1.4571475
1.4914886
1.4731001
1.5002425
1.465833
1.5066838
1.4623502
1.427261
1.4788285
1.3999394
1.4669431
1.4309719
1.5008423
1.5390992
1.4291177
1.4387716
1.5218475
1.4663043
1.5292425
1.562595
1.5209585
1.5158592
1.5705483
1.4688166
1.5302929
1.4992565
1.5139658
1.4065007
1.5785776
1.4750509
1.4887227
1.557816
1.4816601
1.4863043
1.4575899
1.5397499
1.4419822
1.5163349
1.4647629
1.4637582
1.5476625
1.4352626
1.4652429
1.4761515
1.3993771
1.5459129
1.3587269
1.5180411
1.5646547
1.4740844
1.4688617
1.4862484
1.5449604
1.509337
1.4599159
1.5377771
1.4511318
1.4884692
1.5240653
1.452682
1.4276857
1.4484093
1.4567789
1.4333493
1.5178286
1.5269974
1.4814913
1.4677472
1.4148978
1.4220042
1.4514824
1.4406419
1.418875
1.4464544
1.4287206
1.4467554
1.4598266
1.5198497
1.4758145
1.4439383
1.4405267
1.5390835
1.4140979
1.4682645
1.5354915
1.5432659
1.5189365
1.5335298
1.4798508
1.4946775
1.5409122
1.4432826
1.4818186
1.4622898
1.4509051
1.4019587
1.4577659
1.492358
1.5325122
1.4754293
1.5066592
1.4974675
1.4670074
1.5283371
1.5387765
1.4365665
1.4698005
1.5284072
1.5227373
1.5480168
1.4908994
1.5208607
1.4969968
1.4624343
1.4907299
1.4508948
1.4771369
1.4941607
1.5060545
1.4362837
1.3699757
1.5340317
1.4102049
1.5302523
1.4442036
1.5176529
1.5094619
1.4613404
1.4726374
1.5142877
1.5388923
1.4611981

1.4088645
1.4848406
1.5202788
1.5367754
1.5255213
1.4914246
1.4637463
1.5280238
1.5383035
1.5078479
1.4406114
1.4450607
1.5349225
1.4975597
1.4845158
1.5229945
1.43779
1.4145095
1.5003504
1.5013252
1.52904
1.5321175
1.5435545
1.4949111
1.5648938
1.5363277
1.4189944
1.5648016
1.5444361
1.4484867
1.5697974
1.4471921
1.5065601
1.4336324
1.4888
1.4962652
1.5590873
1.4624507
1.4776721
1.4166356
1.4347149
1.550058
1.5164385
1.4462453
1.5225371
1.4967664
1.4385278
1.497891
1.5625808
1.3937984
1.4045901
1.4661608
1.4204166
1.490133
1.5467979
1.5257578
1.4838362
1.5030152
1.6058298
1.5162152
1.4862102
1.528992
1.4994029
1.5259827
1.4930161
1.5811206
1.5105401
1.4945514
1.5694788
1.478479
1.4582115
1.4457802
1.5171193
1.4442037
1.5230042
1.5074215
1.4951162
1.4975848
1.5720483
1.4180841
1.5277791
1.3899554
1.5406189
1.5290024
1.5255827
1.4579146
1.5396123
1.5264074
1.5533981
1.4742842
1.5266685
1.4117049
1.5161763
1.5082064
1.4919561
1.545895
1.5065233
1.5384587
1.509484
1.5528343
1.5692207
1.4932098
1.5302484
1.5003731
1.4491985
1.5154145
1.575452
1.5690117
1.4717798
1.5133749
1.563866
1.513511
1.4703145
1.5038699
1.5521146
1.5235535
1.5143892
1.4994941
1.5167292
1.4831092
1.5180075
1.5189475
1.5035024
1.5274304
1.5704798
1.536216
1.5260305
1.5257083
1.4068562
1.589026
1.5920979
1.5437927
1.4841098
1.5253648
1.4419365
1.5387931
1.5253184
1.4841017
1.4487126
1.5434232
1.4841524
1.4995617
1.5293506
1.4106333
1.5008866
1.5369554
1.4772099
1.5218458
1.4434679
1.4313756
1.4881713
1.5102133
1.5693822
1.438832
1.4845017
1.5482907
1.5292796
1.4401625
1.5296665
1.4215142
1.4940573
1.4948564
1.4587407
1.464373
1.4825274
1.531921
1.5626599
1.5220592
1.4876884
1.4285403
1.5138631
1.5270363
1.4315805
1.4284637
1.5253539
1.4240811
1.4195148
1.5478414
1.4525111
1.4981145
1.502958
1.5479288
1.5148737
1.5570384
1.4257594
1.5591071
1.4552231
1.4930763
1.5298935
1.5266845
1.3864316
1.5586642
1.5437729
1.5729483
1.427016
1.5064402
1.4885463
1.5391067
1.537645
1.5045074
1.5619817
1.5524738
1.4986627
1.4546417
1.5597064
1.3968039
1.4908595
1.4119724
1.5448862
1.4840403
1.4626073
1.5356759
1.5209637
1.4968841
1.4234713
1.5377506
1.5140245
1.544519
1.5401444
1.507361
1.542524
1.5600978
1.4530816
1.4578316
1.4602754
1.4360892
1.4988558
1.5755408
1.4532459
1.5018309
1.4926202
1.4877111
1.5621309
1.5234005
1.5562677
1.5510021
1.4234227
1.5626467
1.583077
1.539126
1.5878718
1.5636802
1.544317
1.5105301
1.4539448
1.4861017
1.5137492
1.4517224
1.4679548
1.4325083
1.5291188
1.5442493
1.4598222
1.4907728
1.4949881
1.4181902

1.5169108
1.4061502
1.5625283
1.5673884
1.4940122
1.5315713
1.5625906
1.5703831
1.4334106
1.5474277
1.4342808
1.502884
1.4545459
1.6030828
1.5956618
1.5387213
1.5707614
1.5253208
1.5393263
1.5278629
1.499782
1.562984
1.5500411
1.5672836
1.54485
1.5473061
1.5317012
1.4983181
1.4913815
1.5524445
1.5454847
1.5342816
1.5652783
1.534966
1.4421304
1.4623836
1.55908
1.5498831
1.4807847
1.5047125
1.5334289
1.5611174
1.4995131
1.5143805
1.5161043
1.427306
1.5591224
1.5382448
1.5509794
1.5670727
1.4646907
1.3948407
1.5338669
1.5047973
1.6058078
1.5772357
1.5707735
1.5440038
1.551322
1.4967759
1.4648752
1.5838668
1.5148379
1.586874
1.48667
1.5136063
1.4987805
1.5746456
1.5931559
1.588999
1.5167714
1.5454973
1.5767468
1.57048
1.5324857
1.6048644
1.5361003
1.5065131
1.4414226
1.5107101
1.4332888
1.5296761
1.5227625
1.4310813
1.4818071
1.5506505
1.4460905
1.5489241
1.534047
1.4112552
1.4807024
1.5423425
1.5460931
1.5043498
1.4197876
1.4823133
1.5866048
1.5260526
1.5353916
1.4912212
1.4652863
1.5528309
1.5477141
1.5052841
1.5576268
1.543274
1.5293207
1.5661957
1.5313258
1.528491
1.5468273
1.4204838
1.5466988
1.4695874
1.5048689
1.519489
1.438458
1.4528142
1.5705674
1.4689543
1.4063333
1.5109333
1.5491631
1.5415571
1.4041594
1.5849061
1.6167018
1.4301904
1.5789498
1.589588
1.5123765
1.5766296
1.5541646
1.5704042
1.5735126
1.5148017
1.481711
1.5075389
1.4675201
1.5952865
1.4802448
1.5817585
1.5538337
1.5563831
1.5122621
1.4494753
1.5062206
1.4955283
1.478972
1.5688609
1.4955635
1.5479645
1.4137092
1.464999
1.5342579
1.5460418
1.4717224
1.5026984
1.475552
1.562199
1.5178053
1.4997214
1.5359442
1.4929622
1.4928311
1.4922129
1.5212489
1.5946226
1.5596849
1.4470738
1.4598434
1.5474318
1.5182909
1.4878803
1.4972875
1.5329992
1.4879506
1.553939
1.4600698
1.5257127
1.5660132
1.5043839
1.4683698
1.5693848
1.4698735
1.5233688
1.5510157
1.6479608
1.459676
1.4956415
1.4310486
1.4273206
1.4149806
1.4500253
1.5364906
1.5557123
1.5118377
1.5202208
1.4667205
1.5358977
1.5581932
1.473544
1.5642308
1.5616454
1.4866751
1.5315706
1.454016
1.598206
1.5386469
1.5495149
1.4891564
1.4899951
1.5100638
1.5148079
1.5858717
1.4931525
1.5403552
1.5385398
1.5196301
1.6409929
1.4808108
1.513616
1.5393144
1.4058671
1.5525305
1.5805389
1.5977306
1.4202052
1.5659847
1.4938166
1.5580525
1.5357223
1.5028461
1.5793666
1.491865
1.573711
1.5582979
1.5130175
1.5484085
1.5104969
1.580254
1.54934
1.617218
1.6033757
1.4346792
1.5483837
1.512937
1.5399836
1.5165623
1.535775
1.5258317
1.5898687
1.5334091
1.5006418
1.6058875
1.513032

1.5429484
1.5052708
1.4931786
1.4858795
1.4884173
1.5146866
1.5017506
1.4936802
1.4794
1.4763372
1.4626857
1.511665
1.479078
1.4981889
1.4800107
1.4939046
1.435219
1.4301273
1.4669243
1.4193512
1.4492007
1.5334687
1.4277934
1.4519252
1.4746367
1.4815538
1.4334972
1.4618531
1.407951
1.3883082
1.4978967
1.458173
1.4611329
1.4200436
1.4882007
1.4527245
1.4825379
1.4969884
1.5478051
1.4395006
1.4498765
1.4614633
1.4720972
1.4479562
1.4954083
1.495814
1.4933536
1.4759108
1.4787434
1.512934
1.490902
1.5004647
1.4295048
1.4741141
1.4952844
1.4112654
1.392611
1.4870045
1.4454756
1.4415089
1.4521681
1.4968722
1.4226441
1.4747864
1.5356315
1.4201213
1.4670746
1.5183874
1.4469543
1.514831
1.4718261
1.4201118
1.505552
1.4636296
1.4860557
1.4497045
1.4522587
1.5086048
1.4063601
1.4455203
1.4728152
1.4123937
1.4218897
1.513068
1.4543462
1.4663157
1.3960906
1.4504478
1.4495401
1.449402
1.4344052
1.5091684
1.4875015
1.4613935
1.4439061
1.5051689
1.4688545
1.4511702
1.4583727
1.4611672
1.4329677
1.5057224
1.4927977
1.4979229
1.4996387
1.4727147
1.4673107
1.4841915
1.4712675
1.5082495
1.4343023
1.4406027
1.4415052
1.467838
1.482515
1.5043381
1.4388026
1.5481462
1.4756165
1.4162256
1.4659365
1.4808946
1.4954696
1.5163571
1.5176675
1.4656698
1.4294292
1.4782293
1.4465932
1.4854019
1.4487743
1.4694674
1.4724569
1.467346
1.40519
1.4938809
1.4394481
1.4644117
1.4223049
1.5022018
1.4308232
1.4786475
1.4947112
1.4034864
1.4705794
1.4658278
1.521501
1.4612182
1.470488
1.4585836
1.4845842
1.5219461
1.5276177
1.4756218
1.4807267
1.4813254
1.4962159
1.4626238
1.4309415
1.5257528
1.3853359
1.5078895
1.4916034
1.4916228
1.4177052
1.4385543
1.4164647
1.567874
1.4770769
1.4720379
1.4327804
1.3803774
1.5048295
1.4499485
1.4749191
1.5040095
1.406068
1.4314691
1.505585
1.4609311
1.5116404
1.4589584
1.4921145
1.4736587
1.4597642
1.4667729
1.4337698
1.5030197
1.4657531
1.4348428
1.4379768
1.404062
1.4755361
1.4531754
1.3972592
1.5035485
1.449951
1.456209
1.4372832
1.4257287
1.4930474
1.4805235
1.5016563
1.4596059
1.4668127
1.4849548
1.4433023
1.4687691
1.5425845
1.4465706
1.4449662
1.4834291
1.4325508
1.4310642
1.4964489
1.4708179
1.4772388
1.4782715
1.5261627
1.4420512
1.5153164
1.4642998
1.489465
1.4838232
1.5052506
1.4772272
1.4243371
1.439515
1.4841887
1.4215146
1.480678
1.4949853
1.4731859
1.4834716
1.5435625
1.4711833
1.4722612
1.4830363
1.5178096
1.4996043
1.4560146
1.444263
1.4864787
1.4334993
1.4580667
1.4281834
1.4541154
1.4654711
1.5566975
1.4535397
1.4358213
1.4958295
1.4279145
1.4447365
1.4610066
1.4785566
1.4864724
1.4564908
1.3581436
1.5047694
1.4846872
1.4827255
1.5144178
1.5118371
1.5111685
1.4915155
1.4619308
1.3994795
1.4764988
1.4977752
1.4953364
1.4155155
1.4244767
1.4367484
1.4444712
1.4465687
1.4593003
1.4979576
1.5088247
1.459395
1.4524388
1.4351922
1.4385985
1.3913684
1.5201104
1.4847738
1.4167745
1.4545959
1.436811
1.5432914
1.4745337
1.4897978
1.4932575
1.4730127
1.5021622
1.4816557
1.4266068
1.4497283
1.5081505
1.4991399
1.475415
1.4452238
1.4664497
1.4586312
1.4753345
1.4070345
1.5087225
1.4619901
1.4982259
1.465325
1.4568819
1.4424423
1.4393865
1.4296161
1.3901311
1.5144721
1.526796
1.5127321
1.5183852
1.5075436
1.4766337
1.4823796
1.4556605
1.4098313
1.4110347
1.4467071
1.4630694
1.5405777
1.4714336
1.4326324
1.4659265
1.4395261
1.4326415
1.5410321
1.427761
1.4408668
1.4501637
1.4918981
1.4680427
1.4778084
1.3991914
1.4495103
1.4093975
1.4931326
1.4710032
1.4440064
1.5134734
1.4963909
1.4748299
1.5166473
1.4573601
1.4215691
1.4259396
1.459619
1.4908783
1.4470791
1.4335244
1.4287145
1.4247818
1.5085486
1.5000075
1.4652318
1.4812951
1.5181109
1.4412485
1.5105175
1.4815183
1.4883184
1.4138925
1.4308472
1.4879074
1.42845
1.4518769
1.5127033
1.4278376
1.4622403
1.4677057
1.4304354
1.4886881
1.4772925
1.4666867
1.3952072
1.4480138
1.4497423
1.4714789
1.5297253
1.4741163
1.463781
1.4210297
1.506417
1.4714266
1.4444231
1.4367702
1.4732466
1.4278791
1.5486009
1.4865534
1.4135702
1.4100453
1.5100609
1.5058838
1.4572651
1.5020353
1.4758385
1.4329023
1.5552074
1.5062114
1.4857838
1.4217825
1.4825228
1.5032868
1.4321343
1.5093527
1.5454787
1.4941431
1.4841869
1.4953337
1.452505
1.4383941
1.4710182
1.489462
1.4903902
1.4490511
1.4114923
1.4890835
1.4856974
1.5094641
1.4845313
1.4500432
1.4411902
1.4312644
1.4792187
1.4785573
1.5177331
1.4943634
1.3953751
1.4847752
1.5070866
1.4044373
1.4962215
1.4879715
1.5098104
1.4325603
1.5770899
1.4964355
1.4873164
1.5039889
1.4973973
1.499411
1.4271886
1.424487
1.4569037
1.3976386
1.5313996
1.4377167
1.5142049
1.5273076
1.4808162
1.4866741
1.4220548
1.5148038
1.4885496
1.4953773
1.4559592
1.4729742
1.530655
1.458045
1.4646406
1.5087924
1.4243234
1.5283453
1.4505464
1.4233862
1.4817249
1.4688636
1.4859204
1.5258813
1.4215792
1.4617256
1.4595956
1.5146472
1.4334215
1.4427851
1.4596014
1.5350934
1.4888471
1.4728274
1.4735367
1.4093835
1.4801328
1.4439093
1.4735832
1.5119201
1.4993517
1.3619285
1.4993513
1.4979107
1.5390677
1.4624368
1.4999639
1.4663064
1.4379482
1.4644915
1.4720821
1.4990128
1.48258
1.5236027
1.4590977
1.5364828
1.4828072
1.4932363
1.4068639

1.464269
1.5260017
1.4768871
1.4919921
1.4184848
1.5163718
1.4210869
1.4859141
1.5327787
1.5047823
1.5004829
1.5007912
1.431059
1.4917817
1.485642
1.4923847
1.4548516
1.4554594
1.4402137
1.4364331
1.4826009
1.4743179
1.415341
1.488949
1.4909892
1.450996
1.464853
1.4283016
1.4246708
1.4420258
1.5071675
1.496705
1.4868664
1.4969505
1.4481926
1.4719849
1.470767
1.5053629
1.4791515
1.4878184
1.5112127
1.4884087
1.504008
1.464955
1.5216937
1.4803096
1.4437466
1.4743017
1.4624307
1.4903712
1.5168242
1.522303
1.4591677
1.5053233
1.4328952
1.4435214
1.5225271
1.4969801
1.5193788
1.482853
1.484153
1.4095117
1.5083098
1.4810574
1.5006237
1.5598869
1.5096326
1.4591451
1.4696593
1.5292082
1.4077412
1.4147503
1.5285027
1.4860172
1.4815717
1.4641129
1.4974912
1.483397
1.5015326
1.5117338
1.4226245
1.4502217
1.5103267
1.5197666
1.517194
1.4419535
1.4479989
1.5138766
1.5204576
1.4642334
1.5053196
1.4950603
1.5158546
1.4838667
1.5118
1.4938499
1.5083984
1.4747307
1.4256506
1.4708285
1.5218197
1.4583212
1.4294026
1.4829171
1.4798635
1.4891628
1.4717826
1.4791211
1.4952024
1.4832623
1.4765638
1.442401
1.4687729
1.5077915
1.5002735
1.5204428
1.5038432
1.465744
1.5199225
1.5663903
1.526962
1.4078326
1.4604064
1.4556516
1.4752626
1.4866958
1.5265915
1.5108308
1.4676721
1.5232391
1.5093501
1.5030223
1.482671
1.4109151
1.5212291
1.455345
1.4454267
1.4809271
1.4326767
1.5001197
1.442428
1.514023
1.4653026
1.4928015
1.4694853
1.5170058
1.4914153
1.5502384
1.4745836
1.4674587
1.4576188
1.4866867
1.5089593
1.5079406
1.4014727
1.478047
1.4716886
1.4596548
1.523566
1.4690946
1.4687779
1.4826156
1.42517
1.4878601
1.4996551
1.499205
1.5335467
1.4979389
1.4845229
1.4352514
1.4872849
1.487884
1.5163556
1.5133902
1.5114607
1.5097258
1.5380247
1.5038166
1.4938112
1.4861103
1.508135
1.5147256
1.4801049
1.4361843
1.4121101
1.4940666
1.4953846
1.5364784
1.4894841
1.444254
1.5040905
1.5336986
1.5033469
1.4913679
1.4595315
1.4624693
1.5252529
1.4753536
1.4284818
1.4341451
1.5016719
1.4697948
1.4844279
1.4816917
1.4399767
1.5323583
1.5208536
1.5282984
1.3850095
1.5022663
1.4631442
1.4885997
1.472277
1.4862124
1.4223094
1.4563584
1.509459
1.5264847
1.5027671
1.4243965
1.4949691
1.4576449
1.5081125
1.5341319
1.4529015
1.4579959
1.4438332
1.4702711
1.436113
1.4353409
1.4694033
1.5129822
1.4591953
1.4945298
1.4712353
1.5316719
1.5048445
1.4501399
1.4844161
1.5141366
1.5276061
1.4655857
1.4592601
1.4923908
1.5383027
1.4578357
1.4958534
1.5123633
1.4876379
1.4753897
1.4980851
1.4573281
1.4641899
1.4977823
1.5233886
1.5155008
1.5032616
1.4359951
1.4812251
1.480675
1.4641771
1.4620559
1.5318795
1.5057833
1.4644454
1.4632279
1.5368793
1.5262957
1.5545062
1.4575154
1.4413242
1.4243556
1.5367562
1.4916182
1.4823763
1.4959337
1.5178773
1.4689878
1.4434812
1.4213215
1.4403229
1.4465312
1.5162795
1.4078743
1.4777821
1.4942496
1.4767216
1.4814385
1.4930862
1.4240513
1.4839087
1.4049771
1.413746
1.5072343
1.5108355
1.4671384
1.4810919
1.4972808
1.5119939
1.4591324
1.4863458
1.4981953
1.4478226
1.4757997
1.4950403
1.4689219
1.440661
1.4266652
1.4844565
1.5129929
1.4672757
1.4646187
1.456422
1.4777746
1.4732229
1.4983337
1.4347094
1.4700229
1.4789988
1.4960786
1.5018322
1.4680692
1.5232362
1.4827611
1.4355378
1.4968879
1.4884863
1.4756789
1.5187564
1.4614059
1.4928019
1.4508895
1.4876076
1.4885436
1.5220602
1.416219
1.5322584
1.5176396
1.5222931
1.4848535
1.483203
1.5168645
1.4734001
1.4947424
1.4479173
1.5073624
1.4769765
1.4804072
1.4545364
1.4731977
1.4242514
1.4783994
1.5088279
1.4306743
1.4116038
1.4507912
1.4565654
1.4832307
1.4545352
1.4537693
1.478704
1.5140098
1.5013268
1.4235777
1.5020819
1.5197376
1.450046
1.4289712
1.5243498
1.4944103
1.4184253
1.4996698
1.442114
1.5126061
1.5205357
1.4885827
1.5103707
1.4928014
1.5266968
1.4963195
1.5610707
1.45015
1.4823244
1.5053312
1.448806
1.4687823
1.518194
1.4639022
1.4320151
1.5099201
1.4623832
1.4082532
1.5097376
1.4860599
1.4957836
1.4957687
1.4442885
1.4523364
1.5084788
1.5052145
1.4784509
1.4406792
1.5022444
1.5191247
1.4887745
1.4348624
1.437199
1.5197134
1.4380984
1.4706533
1.486088
1.5250777
1.4727163
1.4391004
1.5370092
1.500594
1.5044906
1.5056407
1.5001396
1.4943607
1.4422615
1.5578605
1.4612304
1.4599521
1.4980131
1.4393066
1.5043643
1.4546843
1.4939189
1.4611573
1.5303268
1.5362625
1.5219384
1.4920571
1.4653136
1.5207124
1.3971161
1.5293007
1.4340328
1.5184071
1.5060945
1.5184674
1.4834982
1.438208
1.4064895
1.4375424
1.4838506
1.479975
1.5012982
1.4876734
1.4437832
1.4641478
1.4821289
1.5358388
1.482068
1.512461
1.4732394
1.5136437
1.500702
1.4361632
1.4738665
1.4666678
1.5146632
1.4669966
1.4949132
1.4494596
1.5208406
1.4634287
1.4234827
1.4931716
1.4651092
1.4915782
1.4386041
1.5159283
1.4507146
1.484295
1.4877012
1.5225606
1.4907951
1.5299917
1.4909995
1.4876969
1.5146685
1.543286
1.5347269
1.5050002
1.5061667
1.5043212
1.4822704
1.4564545
1.4971408
1.4436502
1.4611223
1.4675918
1.4847546
1.5262055
1.5060278
1.536962
1.4739195
1.5160414
1.4856457
1.4524322
1.4530675
1.519639
1.4748063
1.5055695
1.4384072
1.5256367
1.4573053
1.5578922
1.5026549
1.4629432

1.4394691
1.4947377
1.4395508
1.4417793
1.4238383
1.4676685
1.4836847
1.4492177
1.4433697
1.4692085
1.458729
1.4812479
1.4742275
1.4544293
1.4774199
1.4564211
1.4974285
1.4182489
1.4519604
1.3976563
1.4856848
1.5259434
1.4278932
1.4453676
1.460111
1.4633356
1.4757245
1.4972703
1.4607121
1.4659992
1.4376009
1.5799003
1.4558643
1.4261168
1.4446388
1.473083
1.4455228
1.4664125
1.4688879
1.4669887
1.4259167
1.4769201
1.4865593
1.4353317
1.555208
1.4018415
1.4622657
1.499083
1.4723992
1.481635
1.4234948
1.4579892
1.4916725
1.435394
1.4474275
1.441566
1.4453946
1.4920003
1.4802701
1.4173167
1.4419032
1.4975592
1.4968494
1.4636595
1.4626341
1.4490441
1.4762515
1.5619365
1.4797082
1.6272424
1.4323404
1.538362
1.4417355
1.4094664
1.4494625
1.4682249
1.4436666
1.5137537
1.4909499
1.4286515
1.4843668
1.4870783
1.4515684
1.4455082
1.4364483
1.4441512
1.4639667
1.4802927
1.433334
1.5018972
1.4880128
1.5001472
1.4296473
1.4989576
1.4684758
1.4305769
1.577632
1.4683512
1.4416732
1.453266
1.4974482
1.4418286
1.5072974
1.4285402
1.5897762
1.4344903
1.4444362
1.4503276
1.4488809
1.4256852
1.4155264
1.5151447
1.4566905
1.4596957
1.4500097
1.4085286
1.4146514
1.5082004
1.4494741
1.5166751
1.4745741
1.4207408
1.4937426
1.4413971
1.4572471
1.4542303
1.4481738
1.4788246
1.4967065
1.429877
1.5027288
1.4431813
1.4407107
1.5285584
1.5477375
1.4806502
1.4916835
1.4647901
1.5053946
1.4120853
1.5194525
1.4880426
1.4149721
1.438445
1.4352591
1.4719547
1.466722
1.4531204
1.4181317
1.4453518
1.4686651
1.5105951
1.4618409
1.467179
1.4474291
1.4839451
1.4707496
1.4481214
1.5327599
1.547266
1.4419246
1.5135664
1.5274383
1.5117218
1.4588491
1.4351633
1.4416757
1.5071636
1.4988269
1.4834118
1.4901562
1.4975259
1.5067927
1.4622204
1.4497993
1.4864182
1.4880569
1.4590783
1.4632281
1.5497723
1.4341253
1.4545896
1.4425218
1.4284647
1.4706528
1.4235197
1.433783
1.4357443
1.4777011
1.4406259
1.4586991
1.4685482
1.480481
1.5035858
1.4696761
1.4676024
1.4850745
1.4430001
1.4276967
1.4288062
1.4662514
1.5895696
1.4762559
1.4917091
1.4277306
1.4540851
1.4932332
1.4610968
1.4364368
1.4893955
1.4421138
1.4254786
1.4144149
1.4755571
1.4399571
1.5412437
1.5539584
1.5041777
1.4518862
1.4745848
1.4968487
1.4704164
1.4180006
1.4972855
1.4571527
1.4354454
1.4487798
1.451768
1.4345709
1.4914438
1.4558604
1.5180765
1.5586866
1.592474
1.5251757
1.5320331
1.4562294
1.4224957
1.426876
1.4712752
1.4575458
1.4698038
1.4776617
1.4319606
1.4666581
1.578481
1.4890594
1.4407004
1.5147271
1.4320583
1.4998742
1.5667214
1.5071039
1.5107597
1.437823
1.4855142
1.4489855
1.4731902
1.4988803
1.4961579
1.428029
1.4698144
1.5367297
1.5241548
1.4417944
1.5183827
1.456577
1.4530749
1.4467564
1.500815
1.4089828
1.460522
1.5341499
1.5481579
1.471334
1.5279379
1.4771636
1.4876566
1.4334385
1.4429765
1.422162
1.4584713
1.4623502
1.3903172
1.4495603
1.4594606
1.4348786
1.4739555
1.4537071
1.4603617
1.5238193
1.430152
1.4604764
1.4928566
1.4382813
1.4486217
1.4870061
1.4317443
1.481317
1.522879
1.4767084
1.4481393
1.415709
1.4654858
1.4474945
1.4211605
1.461227
1.4320135
1.4257246
1.4507606
1.4631846
1.4585285
1.4658875
1.4614003
1.5401723
1.4901329
1.4553881
1.5539548
1.4690465
1.4195989
1.4198678
1.5118299
1.4828892
1.5562834
1.4827964
1.5711925
1.4212159
1.4848584
1.4396062
1.5714567
1.536
1.4478914
1.4312588
1.4341022
1.5141811
1.5096002
1.4364227
1.5160004
1.4577104
1.4564885
1.4322867
1.4620638
1.4423319
1.4906839
1.4395726
1.4359955
1.5380257
1.4530969
1.4733317
1.4297969
1.5286956
1.4333055
1.4702568
1.477982
1.4798453
1.4122356
1.5588571
1.4100919
1.4667063
1.4199581
1.5339316
1.4870809
1.5360591
1.4525143
1.4237523
1.5170116
1.4426454
1.5049492
1.4811653
1.4214553
1.475116
1.5058019
1.4506488
1.4469744
1.4170334
1.4738729
1.3977102
1.5984086
1.4329063
1.4359726
1.4589063
1.4598635
1.4137005
1.4862742
1.47141
1.4453901
1.4358925
1.4453058
1.452947
1.4667203
1.4776168
1.4296502
1.4487132
1.4870406
1.5005627
1.6135808
1.4670054
1.4474643
1.4253348
1.4841214
1.4945608
1.4737271
1.4705883
1.4670696
1.4600748
1.5428364
1.465388
1.508261
1.4459066
1.4815929
1.4390466
1.5339566
1.4168918
1.4546714
1.4730109
1.4908373
1.5621831
1.459157
1.4177653
1.413071
1.4237908
1.468025
1.5622258
1.4676366
1.4766247
1.4732019
1.4285076
1.4406703
1.4585906
1.4239216
1.5432762
1.4315711
1.500696
1.4146405
1.4838864
1.4306061
1.4737111
1.4959527
1.4683821
1.4858527
1.4638636
1.4526337
1.5172951
1.4354992
1.4723551
1.4525768
1.4984552
1.411107
1.4313761
1.4533263
1.4446262
1.4615794
1.4611974
1.4870164
1.469943
1.4459951
1.5232232
1.4488735
1.4256251
1.4722799
1.4116284
1.4168684
1.4180452
1.511179
1.4389788
1.5530246
1.456633
1.4734526
1.4469153
1.6426388
1.4343712
1.4810524
1.4254929
1.518501
1.4688016
1.4761891
1.448361
1.4464192
1.5216275
1.5496095
1.4417679
1.44767
1.4356785
1.642065
1.4499301
1.4055218
1.513333
1.4085351
1.4843932
1.4321823
1.4859949
1.4494946
1.4275929
1.4137497
1.4554237
1.4677165
1.48048
1.5000032
1.4392749
1.4899685
1.4698395
1.4271241
1.4410702
1.4415774
1.424788
1.4731444
1.5012417
1.4539073
1.4723275
1.4461564
1.4766532
1.4304216

1.4322541
1.4365667
1.4194622
1.4269125
1.4481161
1.4380506
1.4526173
1.4277369
1.4197377
1.3984842
1.4240401
1.4180839
1.4226356
1.4121592
1.4300451
1.478264
1.4181296
1.4217056
1.4482119
1.4327049
1.4847084
1.4318752
1.3918151
1.4062654
1.4400684
1.451619
1.4098035
1.4732492
1.4755753
1.4468904
1.4377162
1.4458185
1.4026827
1.4569871
1.4339259
1.4414934
1.4296986
1.4326518
1.4048104
1.4157279
1.4703599
1.4101149
1.4584609
1.4586344
1.4450393
1.4298993
1.3766197
1.4590071
1.4174217
1.4178033
1.460286
1.4612991
1.4175502
1.45041
1.451948
1.4455715
1.4126114
1.4070524
1.4751896
1.4255309
1.4787984
1.4275851
1.4466296
1.4347961
1.4199973
1.4306866
1.4218016
1.3987541
1.4049137
1.4832042
1.4366091
1.496879
1.42622
1.432815
1.4398894
1.4033093
1.4353749
1.4449497
1.4456775
1.4348971
1.4374403
1.433993
1.4009893
1.4010005
1.4431274
1.4158895
1.4356924
1.4240776
1.4391792
1.4413685
1.4666677
1.4109592
1.4672025
1.4526315
1.42454
1.4128236
1.4129943
1.4755489
1.4214126
1.4170065
1.4415833
1.4464808
1.428971
1.416767
1.4178487
1.411133
1.443058
1.4357748
1.4118611
1.4465991
1.4187406
1.43808
1.4165593
1.4440818
1.4683588
1.4018961
1.4475368
1.4314067
1.4172249
1.4120089
1.473398
1.4441066
1.4031374
1.4059952
1.4486052
1.3883915
1.3915819
1.4250698
1.4251828
1.4224745
1.406363
1.4418894
1.4609857
1.4161695
1.4658896
1.4095219
1.4305599
1.4414554
1.3980993
1.4335886
1.4505056
1.4154358
1.4281886
1.447417
1.4514223
1.4363698
1.433935
1.445599
1.4619163
1.4380776
1.4418662
1.4694619
1.4816248
1.4584981
1.4455882
1.4310701
1.4216609
1.4260472
1.4526649
1.421572
1.4427615
1.4220355
1.4191496
1.4878743
1.4113303
1.4567941
1.4853207
1.4405322
1.4093602
1.4538971
1.4272522
1.4495885
1.4269171
1.4663345
1.428802
1.4308332
1.4322861
1.4109325
1.3957902
1.4762018
1.4431244
1.4398886
1.4591236
1.4262266
1.4260274
1.4124105
1.441456
1.411009
1.4416337
1.4342563
1.4136397
1.4298944
1.4227068
1.4253535
1.4167953
1.418186
1.4497926
1.4439172
1.4243245
1.4404837
1.4671377
1.4348441
1.4172758
1.3988076
1.5215834
1.451597
1.4420868
1.4094701
1.4405601
1.4499428
1.4585236
1.4571171
1.4564383
1.4047924
1.4502974
1.4551581
1.4225302
1.4909123
1.4529843
1.4489126
1.4116827
1.4235893
1.4309494
1.4535737
1.4355215
1.4274137
1.461706
1.460663
1.4330597
1.4493546
1.469869
1.4275622
1.4299191
1.4382267
1.4093707
1.4120836
1.4394099
1.4756804
1.4411994
1.414095
1.4230682
1.4770403
1.4586273
1.4430257
1.4422547
1.4404048
1.4288427
1.4080546
1.396799
1.4268706
1.4362638
1.4718913
1.4471706
1.441716
1.4526378
1.4097601
1.4178908
1.4534277
1.4870425
1.440411
1.4304101
1.4425162
1.4403288
1.4231042
1.4244435
1.4563289
1.4182969
1.421813
1.4280888
1.4519922
1.4424543
1.4172221
1.4377365
1.4079779
1.4352616
1.4498863
1.4474959
1.4080946
1.4915429
1.4425948
1.4428025
1.4462435
1.4582847
1.4170904
1.4298065
1.4639012
1.4418621
1.4419857
1.4786017
1.4104656
1.5057844
1.3971539
1.4632361
1.4348992
1.4781843
1.4506104
1.4452128
1.3920834
1.4098313
1.4041748
1.4911791
1.4700552
1.4343276
1.4402524
1.4310144
1.4356096
1.4456075
1.4368134
1.4206873
1.3938717
1.4383587
1.4147755
1.427332
1.413928
1.4480708
1.4378016
1.4514138
1.4610244
1.4330541
1.4761593
1.4499317
1.4584985
1.465718
1.423524
1.4485965
1.4361221
1.3991913
1.402451
1.4674157
1.4714042
1.4645127
1.4355505
1.422242
1.4461393
1.3834379
1.378461
1.4375764
1.4355822
1.4672916
1.4444333
1.4435571
1.4257249
1.4548904
1.4313252
1.4218868
1.4578537
1.4243177
1.4532197
1.4534636
1.4425406
1.4306351
1.4197639
1.4300014
1.412311
1.443657
1.4354167
1.4350722
1.4087212
1.472338
1.4230101
1.4245915
1.4349551
1.4552114
1.4078163
1.411324
1.4482416
1.4536777
1.4054644
1.4403675
1.4439408
1.4246174
1.4170097
1.4387072
1.49567
1.4331315
1.4256673
1.444649
1.4216127
1.4240351
1.3922695
1.4242401
1.4597862
1.505641
1.4788266
1.4642183
1.4298425
1.4138962
1.4491335
1.4599596
1.4531678
1.4008831
1.4094889
1.4400766
1.3965633
1.4379966
1.4232086
1.4377351
1.4419831
1.4884739
1.4321505
1.4053555
1.4309481
1.4527034
1.4333344
1.4307002
1.4490867
1.4354093
1.4285161
1.4189864
1.4368833
1.4670585
1.452586
1.4164824
1.4430327
1.4304922
1.4479694
1.4785147
1.4296242
1.4430772
1.4459144
1.4226635
1.4406041
1.4159397
1.4665656
1.4233279
1.4325191
1.4262809
1.4829541
1.4200919
1.4305166
1.4313207
1.4688302
1.4521518
1.3944414
1.4211884
1.4277195
1.4316928
1.4284122
1.446795
1.4193331
1.4267048
1.4118739
1.4583148
1.4155526
1.4120525
1.4539522
1.4343853
1.4352993
1.4492654
1.4242264
1.4218056
1.4323012
1.4238045
1.4675606
1.3931177
1.4414232
1.4886155
1.4368707
1.4374561
1.4303608
1.4356174
1.4583404
1.4038416
1.4398025
1.40143
1.4226934
1.4267029
1.4469678
1.4114393
1.4214523
1.4608153
1.4695803
1.4104286
1.4498718
1.4635767
1.4113133
1.4211093
1.4467729
1.4196063
1.4617803
1.4945477
1.4216429
1.4651713
1.4501476
1.4628092
1.4201782
1.4505101
1.4244136
1.4462265
1.450389
1.4590453
1.4577082
1.436535
1.4312564
1.484365
1.432371
1.4342648
1.4856389
1.4196978
1.4632213
1.4199034
1.4503878
1.3872972
1.4333171
1.3750559
1.4277214
1.4690578
1.437014
1.430807
1.392787
1.4753954
1.4289558

1.4367672
1.4026871
1.4414843
1.4568627
1.4313439
1.4571863
1.439409
1.3741078
1.4397277
1.4426833
1.4361677
1.4452084
1.4502468
1.4234262
1.4308516
1.4355656
1.4205766
1.4255635
1.4227546
1.410244
1.441231
1.432335
1.4121292
1.4187258
1.419836
1.439931
1.4170429
1.4270692
1.4145979
1.4025998
1.4446564
1.4155217
1.4502183
1.4029157
1.4356909
1.3962947
1.4292502
1.4217021
1.4323663
1.4306635
1.4363483
1.4359283
1.3936133
1.3993218
1.4365326
1.4480695
1.415818
1.4388571
1.4096161
1.4625994
1.403006
1.4384134
1.4563769
1.4469539
1.4482491
1.4239086
1.4063392
1.432965
1.4029018
1.4313833
1.4103082
1.4707379
1.4562069
1.4168457
1.4203689
1.4394357
1.4207768
1.418779
1.4348655
1.457487
1.4286634
1.4169385
1.4291652
1.4598879
1.4491153
1.4666064
1.4474742
1.4084029
1.4490267
1.4331437
1.4298625
1.4359715
1.4375348
1.4526565
1.4273903
1.4062871
1.4095539
1.4465324
1.4411523
1.4233694
1.4503158
1.4491171
1.4248216
1.397589
1.4509013
1.4024549
1.436195
1.3957943
1.42351
1.4049833
1.4258854
1.4254619
1.4121702
1.4033908
1.4278861
1.4490553
1.4568467
1.4292084
1.4040424
1.4277512
1.4326009
1.3907063
1.4348965
1.4469801
1.4289701
1.4427881
1.4723432
1.4155204
1.4202251
1.4249341
1.4313918
1.4086362
1.3970883
1.4242971
1.4314278
1.4300997
1.4160686
1.4339422
1.4296087
1.4200838
1.3991399
1.4303459
1.4402009
1.4093846
1.4273136
1.4546865
1.4417788
1.3961221
1.4299475
1.4518251
1.4637164
1.4206196
1.4323957
1.4572238
1.4161842
1.4189671
1.4378935
1.4352516
1.3872446
1.4177921
1.453814
1.4182593
1.411511
1.4026065
1.439058
1.4233501
1.4501861
1.4191016
1.4364164
1.4116532
1.4339482
1.4311645
1.4122055
1.409794
1.4120606
1.4193282
1.4040928
1.4404719
1.4220771
1.410508
1.4142581
1.4113264
1.4288481
1.445628
1.4153332
1.4293852
1.4354509
1.410498
1.4387946
1.4291136
1.4341266
1.4323133
1.4006554
1.4446921
1.4144294
1.4638005
1.4328355
1.4225568
1.4797735
1.4173563
1.4583566
1.4195316
1.4282575
1.4462305
1.4342469
1.4253876
1.456209
1.3937413
1.4149927
1.4159901
1.438095
1.3874965
1.4023046
1.4161704
1.4151626
1.4356115
1.4042778
1.4545062
1.4289249
1.3870522
1.4376552
1.4352167
1.4212481
1.4138643
1.4390478
1.407237
1.4213874
1.3980795
1.4226564
1.4067318
1.422637
1.4166889
1.439876
1.4389257
1.4314911
1.4340932
1.4395068
1.4201195
1.4485235
1.437407
1.4296402
1.4034262
1.4367274
1.4153874
1.45847
1.4407365
1.4422634
1.4290987
1.4189843
1.4382054
1.4574045
1.4389055
1.4335821
1.4377991
1.4298129
1.4147878
1.4335414
1.4285856
1.4280996
1.424332
1.4392966
1.4261132
1.4439855
1.4041358
1.4145697
1.4296211
1.4141427
1.3901021
1.4286659
1.4010589
1.4321796
1.4063371
1.4078897
1.43962
1.417201
1.4362777
1.4321291
1.4402008
1.4445506
1.4348853
1.4256761
1.4164354
1.4276285
1.4556419
1.4319177
1.4288415
1.4263539
1.4249057
1.4399711
1.438178
1.4303569
1.4226862
1.4172341
1.4189253
1.4586015
1.4453418
1.4229199
1.4349903
1.4129089
1.4085933
1.4332935
1.4434186
1.4451377
1.4486458
1.4322512
1.3882338
1.4303607
1.4591708
1.4309751
1.4147257
1.4219196
1.4229636
1.4203653
1.4325845
1.4334815
1.4180524
1.4044634
1.4240017
1.4789102
1.428743
1.4008108
1.441624
1.3931442
1.4632295
1.4680202
1.4631151
1.4157081
1.4220948
1.4412026
1.4075989
1.4268007
1.4220062
1.4129478
1.4298751
1.4225756
1.4118359
1.4472682
1.4157121
1.4330044
1.406694
1.4161152
1.4394524
1.416814
1.456776
1.4299669
1.4376135
1.4201193
1.4125657
1.417797
1.423115
1.4219202
1.4174311
1.420518
1.4455198
1.4345926
1.4387664
1.4306769
1.439056
1.466004
1.4049684
1.4254056
1.4301449
1.4166251
1.4312435
1.4328599
1.4278338
1.4317073
1.4147947
1.4285843
1.4355353
1.4440975
1.3915898
1.438197
1.3834019
1.4327494
1.4224045
1.4545574
1.4387763
1.4495212
1.4215626
1.4270211
1.4228221
1.4199041
1.4090441
1.4368862
1.4139273
1.4325571
1.4189433
1.4238402
1.4086851
1.4337099
1.4339936
1.439203
1.409678
1.4114085
1.4170035
1.3953093
1.4013098
1.4476228
1.439986
1.4075745
1.432064
1.4224997
1.4039252
1.4306235
1.4260994
1.4145548
1.4398155
1.4487216
1.4414849
1.4336406
1.4066815
1.4085261
1.4279966
1.4057882
1.4171206
1.4207793
1.3920014
1.4200896
1.4444039
1.4628493
1.4068488
1.4203345
1.4073005
1.458182
1.4472462
1.4329607
1.441901
1.4598336
1.4459542
1.4170737
1.404712
1.423006
1.4085919
1.4571288
1.4185474
1.4253538
1.4434628
1.4257896
1.4228945
1.4510827
1.4253418
1.464504
1.3902676
1.4488056
1.4182676
1.4643056
1.4504592
1.4054264
1.4490085
1.4161601
1.4460764
1.4246855
1.4172136
1.4278783
1.4169888
1.4519829
1.4486399
1.445978
1.4103829
1.440514
1.4086974
1.4324965
1.4210137
1.4136279
1.4275485
1.4019883
1.4177836
1.4311807
1.4351629
1.4166015
1.416883
1.4276205
1.399731
1.4584523
1.4260811
1.4209548
1.4046397
1.4092407
1.433528
1.4256207
1.4182466
1.4402562
1.4301257
1.409142
1.4101713
1.4392909
1.4049542
1.4420422
1.4299606
1.4483838
1.413348
1.4277688
1.4344536
1.4446976
1.4213436
1.442446
1.4034159
1.4543797
1.4383641
1.407911
1.417811
1.4298614
1.412765
1.4532261
1.3948513
1.4249821
1.4470565
1.4368699
1.4583166
1.4363416
1.4446384
1.4382676
1.4133825
1.412224
1.4064254
1.4397545
1.3912724
1.4392111
1.3996344
1.4196234
1.4516857

1.4149948
1.4200461
1.4224802
1.4277234
1.4007545
1.4580833
1.4294634
1.4645085
1.4276705
1.4424181
1.429708
1.4296725
1.4408407
1.4476689
1.421319
1.4357549
1.4483576
1.4400954
1.4198651
1.435332
1.4159851
1.4101069
1.4108018
1.454622
1.4176773
1.4264413
1.4327428
1.4051846
1.4352624
1.4288951
1.4456275
1.4433765
1.422537
1.4092716
1.4029036
1.4097862
1.4335966
1.4271662
1.4431471
1.4388305
1.4208277
1.4189079
1.4398481
1.4318705
1.4348277
1.4206625
1.4120889
1.4347745
1.4268199
1.4453925
1.4250419
1.4235065
1.4161417
1.4161897
1.4031494
1.4194359
1.4356806
1.4282739
1.4127097
1.4490203
1.4221946
1.4314946
1.4175705
1.4373511
1.4234333
1.431542
1.4190732
1.4354732
1.4195294
1.418152
1.4393007
1.4091706
1.4417526
1.4158678
1.4106563
1.4379789
1.4184494
1.427685
1.3751905
1.4463404
1.4244907
1.4037244
1.4210528
1.4407583
1.4182477
1.4188449
1.4609401
1.436351
1.4318304
1.4190955
1.3930991
1.4000018
1.4304413
1.4183244
1.4235948
1.429781
1.4492385
1.4216176
1.4063206
1.4387797
1.4175974
1.4173265
1.4144307
1.4420391
1.4366268
1.426335
1.4100941
1.4198322
1.435048
1.4387611
1.432642
1.4188904
1.4226112
1.4251115
1.4029318
1.4388263
1.4214923
1.3990953
1.4081755
1.4156679
1.443655
1.4358035
1.4495299
1.4451907
1.4178183
1.4171096
1.4141167
1.4325365
1.4239088
1.4465703
1.4378837
1.4533356
1.4665707
1.4451134
1.4355057
1.4154695
1.4034007
1.4240463
1.4480729
1.4211988
1.4327158
1.4047602
1.4098628
1.4179
1.4452686
1.4146073
1.4468876
1.3969073
1.4354037
1.455702
1.4248886
1.4029735
1.4199617
1.418413
1.4189018
1.4170184
1.4011893
1.4371152
1.4213935
1.4102061
1.4443918
1.4418391
1.4764072
1.4265764
1.3912164
1.4072609
1.4400102
1.4554658
1.4332821
1.4192582
1.433791
1.413338
1.4111314
1.4221052
1.4179527
1.4212081
1.4149219
1.435079
1.4259325
1.4046946
1.4622232
1.439628
1.4075457
1.4349965
1.4204681
1.4367449
1.4390423
1.4305611
1.432213
1.4302125
1.4204268
1.4006953
1.409827
1.4372103
1.4230064
1.438854
1.4275439
1.4212575
1.4248502
1.4425062
1.4293253
1.4215772
1.4019058
1.4179308
1.461528
1.463425
1.4534422
1.4302127
1.4326086
1.4026291
1.413715
1.4213002
1.3910654
1.4253113
1.4559284
1.4196396
1.4332266
1.455684
1.4594374
1.4166441
1.4243981
1.3950976
1.4411764
1.4245709
1.4112111
1.434283
1.4163501
1.4177253
1.4003905
1.4265032
1.4126658
1.4752905
1.4172524
1.4427115
1.4689504
1.4379381
1.4083807
1.4161347
1.415642
1.4328567
1.4249036
1.4281985
1.4068788
1.4287152
1.4398642
1.381817
1.4261129
1.4622117
1.4316036
1.4400562
1.4137135
1.4235312
1.4340328
1.4154426
1.448183
1.4122196
1.4316767
1.4210975
1.4274623
1.4204932
1.4325527
1.4181256
1.4519683
1.4442872
1.4055101
1.431212
1.4425708
1.4229258
1.4366821
1.400919
1.459572
1.43823
1.424508
1.4530517
1.4543425
1.3932747
1.4497666
1.4138119
1.4049368
1.3948208
1.4243159
1.4039087
1.4301026
1.4042473
1.4205574
1.410452
1.4050372
1.4336402
1.4192996
1.4054679
1.4188191
1.4362776
1.4226501
1.4350897
1.4274869
1.4335825
1.4158212
1.4003266
1.413368
1.403372
1.417119
1.4639972
1.4518814
1.4247142
1.4407799
1.4276485
1.4440527
1.4416822
1.4330219
1.4168137
1.4199501
1.4054779
1.4438114
1.4060405
1.4562528
1.4372382
1.4041194
1.4018899
1.4097648
1.4182771
1.46203
1.4044224
1.4269739
1.413971
1.4212055
1.430208
1.3960245
1.4360809
1.416556
1.432848
1.4063653
1.4320189
1.4463675
1.4167484
1.4329768
1.4165943
1.439164
1.4133356
1.432374
1.4517113
1.431561
1.4086382
1.3992895
1.4034096
1.4279904
1.4155586
1.4443868
1.4009194
1.4238777
1.4155562
1.4213333
1.4163047
1.4151775
1.4456649
1.4156733
1.4363891
1.4466001
1.4300667
1.4187045
1.4448245
1.4239348
1.4328899
1.4390136
1.427874
1.4265922
1.4626718
1.4187908
1.394561
1.4087871
1.4124421
1.4452648
1.4288132
1.4165714
1.4480175
1.4164414
1.4368671
1.3984874
1.4222772
1.4047476
1.4194541
1.4223725
1.416546
1.4261976
1.4089423
1.4231485
1.4420409
1.4485528
1.4592409
1.405428
1.4216568
1.4109353
1.3761561
1.4125557
1.4303328
1.4320776
1.4263955
1.412166
1.4125408
1.4030792
1.4190278
1.4694552
1.4455428
1.4465059
1.4149213
1.4108915
1.4097633
1.4008546
1.4224229
1.4074676
1.4142131
1.446236
1.4401506
1.4354601
1.4285305
1.4112817
1.4107146
1.4559405
1.4223796
1.4194763
1.4225794
1.3867785
1.4393592
1.4185115
1.4497873
1.4028132
1.4181329
1.4511825
1.4664899
1.4116132
1.4181459
1.4236474
1.4422827
1.4270196
1.4187627
1.4186951
1.4559531
1.410023
1.4041821
1.439097
1.4301872
1.401038
1.4248163
1.4300345
1.4496444
1.4227114
1.4043419
1.4376843
1.4202218
1.4124804
1.4319402
1.4373986
1.428689
1.431305
1.3925363
1.4611585
1.415147
1.4244796
1.4017354
1.427223
1.4139795
1.4389929
1.425531
1.3998834
1.4356496
1.4438564
1.4351369
1.4222504
1.4222136
1.416108
1.4248021
1.3993345
1.4336555
1.4443669
1.4277071
1.4401876
1.4279944
1.4202218
1.414238
1.4521316
1.4176313
1.4295497
1.4251747
1.4222319
1.3944241
1.4072199
1.4224437
1.4276725
1.4193696
1.4442126
1.428796
1.4253166
1.4308753
1.4488318
1.4370381
1.4058989
1.4303311
1.4148858
1.4397782
1.4133114
1.4007868
1.3981574
1.4321331
1.4155362
1.4260616
1.4286882
1.4404572
1.3943188
1.4118941
1.4289981
1.4436398
1.4290642
1.3989843

1.8470111
1.7318256
1.7295666
1.7085474
1.7583096
1.7571238
1.7347794
1.8695985
1.8395941
1.8147376

