0.0021933317
0.005043745
0.013448596
0.011559725
0.043125868
0.012665153
0.00032532215
-0.001420021
0.012466073
0.012691617
0.006997466
0.012438536
0.017349124
0.002716422
0.023697972
0.018740892
0.004845619
0.011968136
0.05101657
0.007088542
0.0065305233
0.00853169
0.015099764
-0.0030583143
0.004914522
0.020464897
0.008260012
0.006779909
0.023071647
-3.0875206e-05
0.009197116
0.0063893795
0.012963176
0.03396821
0.017915845
0.014775395
0.028067708
0.019769073
0.012108922
0.004208088
0.0010586977
0.01204741
0.014354944
0.0242306
0.004432082
0.014668226
0.010871172
0.008096576
0.0052713156
0.011614442
0.011737227
0.008491635
0.009703279
0.012469411
0.010007858
0.027935743
0.021059513
0.023900509
-4.4465065e-05
0.0033307076
0.0036511421
0.008458018
0.015386581
0.005641103

0.0012544394
0.027109385
0.00354743
0.025234103
0.0069696903
0.01892817
0.027095914
0.0020469427
0.0038973093
0.0056768656
0.0063449144
0.018716216
0.017953515
0.00052189827
0.009956956
0.027831435
0.021451116
0.03368628
0.012118816
0.009598374
0.013427496
0.024098635
0.008822918
0.008738399
0.004764676
0.015223622
0.011121988
0.0084325075
0.034919024
0.011291146
0.012129784
0.013697505
0.0036052465
0.016775131
0.017551899
0.009052873
0.011090994
0.0036058426
0.010601878
0.008855581
0.025596976
0.014230132
0.00053834915
0.015289426
0.017668128
0.017438054
0.024205565
0.016585588
0.025542378
0.03718078
0.015422344
0.0055726767
0.002641797
0.029480577
0.011159062
0.012243509
0.011342764
0.04149103
0.00066792965
0.023096919
0.034867644
0.012577176
0.012111545
0.008762002

0.014379859
0.0022197962
0.0015565157
0.002990365
0.0019743443
0.016257763
0.014461517
0.014061093
0.00956893
0.004933119
0.008908391
0.0019892454
0.010579348
0.013099074
0.005353093
0.0111551285
0.008160114
0.00034701824
0.007815719
0.0033994913
0.0071470737
0.019020677
0.010636568
0.012815118
0.009679556
0.010946512
0.0064439774
0.005860567
0.012851834
0.015342832
0.011727691
0.0010150671
0.005243659
0.010544896
0.0012096167
0.005145073
0.006797552
0.014306903
0.019815922
0.011109829
0.0052531958
0.004319668
0.008678079
0.0058647394
0.010073304
0.0013208389
0.011862874
0.0100774765
0.0060106516
0.00034475327
0.0037117004
0.002844572
0.011119008
0.004230976
0.0042898655
0.010900378
0.019498348
0.00427866
0.0041800737
0.0047590733
0.0125415325
0.0051294565
0.0027189255
0.0067691803
0.0029919147
0.0007619858
0.005424142
0.0028524399
7.4625015e-05
0.009213209
0.016278625
0.008598566
0.0038034916
0.0028421879
0.006906152
0.016591191
0.009649515
0.0043866634
0.009646177
0.012784839
0.010919094
0.004685998
0.003698349
0.0037904978
0.0036648512
5.9604645e-06
0.010452986
0.008164644
0.0036492348
0.010646105
0.0032185316
0.0083251
0.012139082
0.005224824
0.007680893
0.006893873
0.005694747
0.010369539
0.006353855
0.0045660734
0.0018224716
0.0035152435
0.0066589117
0.005923867
0.01129806
0.011209846
0.0143226385
0.009080052
0.0023531914
0.009015083
0.0002514124
0.00862658
0.008249402
0.016578078
0.010585904
0.0031388998
0.002015233
0.02171576
0.00838542
0.0024615526
0.0024206638
0.009908199
0.005782604
0.0024776459
0.011866808
0.003034234
0.005194783
0.012991667

0.008442879
0.013089538
9.191036e-05
0.009834409
0.00768888
0.008494973
0.008933544
0.0055167675
0.00012111664
0.01723814
0.018533945
0.0038604736
0.01051867
0.011136889
0.00013506413
0.002634883
0.0053426027
0.011094451
0.010441184
0.00794363
0.005749345
0.006783843
0.004585266
0.010567188
0.0066896677
0.013284206
0.0060944557
0.006166339
0.0013995171
0.009101868
0.0060486794
0.011057496
0.000510931
0.006707549
0.003911376
0.0059514046
0.006255865
0.0055977106
0.006489873
0.013085842
0.004852891
0.0034656525
0.006875992
0.005941987
0.0065653324
0.0019536018
0.0023231506
0.003343463
0.0097026825
0.013227582
0.011765838
0.010320067
0.0006388426
0.0037608147
0.0078047514
0.014636636
0.005319357
0.006909609
0.007078171
0.002364397
0.0076702833
0.009150982
0.008759737
0.009222627
0.009972572
0.007090211
0.0024815798
0.02827406
0.003982663
0.011139512
0.006353259
0.021808505
0.0023891926
0.00821805
0.015514851
0.0026909113
0.006118536
0.0062464476
0.008437395
0.0050770044
0.0033204556
0.00981307
0.008853078
0.0037528276
0.008659124
0.006692171
0.007574439
0.008321404
0.0187217
0.0003527403
0.0085862875
0.009660959
0.0076112747
0.0058689117
0.018516779
0.0002914667
0.009800315
0.0017387867
0.012942553
0.011457801
0.014586806
0.0027120113
0.0012075901
0.014092088
0.0071952343
0.0024442673
0.012050986
0.0077894926
0.0041359663
0.006090641
0.012932181
0.005953312
0.010176659
0.0012259483
0.0063005686
0.0011860132
0.008840442
0.0024234056
0.0069988966
0.0036346912
0.0041897297
0.0012133121
0.0047159195
0.005937457
0.013085127
0.009092212
0.000523448
0.017064214

0.0015543699
0.010884166
0.0008428097
0.00033664703
0.004307151
0.0031136274
0.0047369003
0.0076071024
0.0046448708
0.005478382
0.0008431673
0.0028721094
0.0038208961
0.00076913834
0.0032469034
0.0007646084
0.0013535023
0.0032383204
0.006564498
0.0009300709
0.00015866756
0.0030611753
0.007125616
0.001885891
0.0026396513
0.004319787
0.0035309792
0.00020492077
0.0056478977
0.0039230585
2.6226044e-06
0.0063863993
0.0013701916
0.0027717352
0.005256295
0.0017206669
0.0029302835
0.002437234
0.0007022619
0.00060641766
0.001502037
0.00477314
0.0056889057
0.0017280579
0.0022923946
0.011257529
0.004171729
0.005232811
0.0044380426
0.003130436
0.006189823
0.002079606
0.0009442568
0.0041662455
0.005703211
0.0018543005
0.0033615828
0.0030590296
0.0014734268
0.0025953054
0.0064044
0.00011706352
1.1920929e-07
0.007163286
0.0045154095
0.0020945072
0.005215645
0.010959864
0.0017119646
0.005129814
0.008246183
0.00661397
0.0035998821
0.0047074556
0.0060237646
0.0022952557
0.0033166409
0.0030362606
4.4822693e-05
0.0016355515
0.0059815645
0.00057566166
0.004425049
0.0035876036
0.0028526783
0.00800097
0.0045552254
0.002770543
0.0049524307
0.004048586
2.849102e-05
0.006619215
0.0036894083
0.005427003
0.0043410063
0.00549376
0.005984068
0.004138112
0.002739668
0.004568219
0.0037816763
0.0061075687
0.0064235926
0.0045734644
0.0036731958
0.0034348965
0.0024795532
0.010889769
0.010208368
0.007876873
0.0036337376
0.0049031973
0.00035846233
0.0034554005
0.0044505596
0.00398612
0.0009726286
0.0036572218
0.0033810139
0.009011507
0.0039930344
0.0030308962
0.003857851
0.0031466484
0.005138159
0.0057629347
0.003293991
0.0012154579
0.005864978
0.0039031506
0.00221622
0.0031484365
0.00031101704
9.417534e-06
0.006346941
0.0012487173
0.002380371
0.0038149357
0.0007637739
0.0017193556
0.005405903
0.0046789646
0.0034023523
0.0049858093
0.0039582253
0.0057837963
0.0029439926
0.003927231
0.0050793886
0.0067465305
0.0004451275
0.0048315525
0.0012031794
0.006443739
0.0015895367
0.0008612871
0.004946351
0.00013911724
0.0018084049
0.005436778
0.0024272203
0.0040374994
0.0009531975
0.003360629
0.0052503347
0.0054522753
0.0006929636
0.0044742823
0.0001436472
0.0010466576
0.003939748
0.002465725
0.0056854486
0.0031089783
0.0038554668
0.0028893948
0.0064718723
0.0032718182
0.004941821
0.0053720474
0.004094243
0.0017725229
0.0061939955
0.0070548058
0.005276203
0.0037506819
0.0044585466
0.007579088
0.0023428202
0.00035440922
0.0036115646
0.0037181377
0.0057337284
0.0034695864
0.0053032637
0.003138423
0.0041941404
2.5749207e-05
0.0033991337
0.0020797253
0.009084463
0.0013986826
0.0015903711
0.0017812252
0.0063472986
0.0046999454
0.00090265274
0.00027608871
0.008159757
0.0031055212
0.0033944845
0.00014042854
0.0052138567
0.008859277
0.0019078255
0.0024608374
0.0024573803
0.00029718876
0.005815983
0.004821062
0.005468607
0.003660202
0.007334113
0.00032687187
0.0024092197
0.008976221
0.004060149
0.00660038
0.0084193945
0.004184127
0.0022568703
0.00032699108
0.0005222559
0.0057686567
0.0035215616
0.006670952
0.0005515814
0.0066287518
3.4689903e-05
0.0016760826
0.0063687563
0.0022045374
0.005397439
0.0039172173
0.00013446808
0.0044181347
0.0043435097
0.0039801598
0.0021506548
0.004286289
0.0006021261
0.0051641464
0.001519084
0.0017515421
0.0061579943
0.0038192272

0.0017052889
0.005132556
-1.4901161e-05
0.008151054
0.0044373274
0.0058496
0.0015920401
0.004993677
0.004098177
0.0014045238
0.0006709099
0.00231874
0.003558278
0.0052144527
0.006367564
0.0017483234
0.0034462214
0.0043432713
0.002703786
0.004234791
0.00944531
0.005421281
0.0029354095
0.000988841
0.0045124292
0.0036661625
0.00071787834
0.0033259392
0.0069453716
0.0028657913
0.006644845
0.0045747757
0.0005584955
0.001983285
0.005592227
0.0040272474
0.0042517185
0.0049318075
0.00024855137
0.0010259151
0.006014228
0.0072665215
6.246567e-05
0.0030421019
0.00376153
0.0005697012
0.004940033
0.006203532
0.005536437
0.007674575
0.0013589859
0.0035859346
0.0036898851
0.002411127
0.0006098747
0.00076949596
0.0019718409
0.0063199997
0.0059349537
0.0041137934
0.0076785088
0.0016897917
0.0022109747
0.0053271055
0.0023466349
0.004222393
0.0038337708
0.00033318996
0.007318616
0.00013673306
0.0032703876
0.0008494854
0.004799366
0.0017582178
0.0032275915
0.0017328262
0.00431931
0.0034462214
0.004737735
0.005942464
0.010027051
0.00024402142
0.00507164
0.0003323555
0.004399061
0.004486203
0.0069338083
0.0037896633
0.0025986433
0.0028971434
0.0019243956
0.00038194656
0.0043441057
0.0046317577
0.0028927326
0.0044310093
0.0021305084
0.00092458725
0.004144907
0.005954027
0.0019761324
0.0011210442
0.0021009445
0.0032353401
0.0058071613
0.0059559345
0.00045752525
0.00027787685
0.009742498
0.0021502972
0.0051540136
0.0015254021
0.0052638054
0.0037019253
0.0061089993
0.0053983927
0.00402987
0.00060129166
0.005289793
0.006349683
0.007257104
0.0036165714
0.005610466
0.008705378
0.0049620867
0.005343318
0.0038993359
0.0048980713
0.0046390295
0.00036752224
0.0030964613
0.0021412373
0.004529357
0.0021477938
0.0030434132
0.005403042
0.005862832
0.0067504644
0.0070011616
0.003879428
0.0047518015
0.005005121
0.0065932274
0.0027062893
0.0016459227
0.0044617653
0.0013334751
0.006131172
0.0056951046
0.0036776066
0.0019600391
0.004317403
0.0042226315
0.003299117
0.0040016174
0.0023101568
0.0039998293
0.007200718
0.004640579
0.0024117231
0.0022491217
0.00218606
0.0046681166
0.0035424232
0.0052187443
0.0061244965
0.003923416
0.0029529333
0.005415082
0.0033365488
0.0038799047
0.0054513216
0.00390625
0.0026028156
0.0056397915
0.00257051
0.0070199966
0.0030925274
0.0035886765
0.001927495
0.0051214695
0.003651023
0.0047500134
0.0032631159
0.007412195
0.0034803152
0.00028443336
0.0011931658
0.00062584877
0.0032978058
0.0035364628
0.0066046715
0.0023428202
0.0017182827
0.0063005686
0.004034281
0.0032287836
0.0012691021
0.0008201599
0.0019260645
0.00072050095
0.0071419477
0.002171278
0.00074481964
0.00475955
0.0005774498
0.003153801
0.004470825
0.005082011
0.007895231
0.0085686445
1.9788742e-05
0.0010429621
6.3061714e-05
0.009222388
0.0014765263
0.00016343594
0.0039851665
0.0031167269
0.005928397
0.004758358
0.002077818
0.0028227568
0.0014597178
0.004160404
0.0004543066
0.0070388317
0.00043666363
0.0012944937
0.004446864
0.0022679567
0.0009964705
0.0031505823
0.003839016
0.00507617
0.0028235912
0.005093336
0.003145814
0.0026222467
0.0032459497
0.006121397
0.0051606894
0.0032570362
0.003332734
0.0039151907
0.0045369864
0.0036563873
0.006520033
0.0074540377
0.0016438961
0.0011051893
0.007892728
0.00369668
0.005438566
0.00058448315
0.0020219088

0.0023542643
0.0046013594
0.0030930042
0.0036107302
0.0029882193
0.0054810047
0.0033855438
0.0027059317
0.0031849146
0.0010222197
0.0035723448
0.0030984879
0.0064567327
0.0020138025
0.0069385767
0.010779619
0.003866315
0.0043427944
0.0009855032
0.0019435883
0.0041404963
0.005625963
0.004390359
0.0011888742
0.005466819
0.0047119856
0.0074614286
0.003089428
0.0015716553
0.0021458864
0.0017399788
0.0033855438
5.7816505e-05
0.0029133558
0.004921198
0.0046647787
0.0043469667
0.001026392
0.00028264523
0.003860116
0.0030727386
0.004086852
0.007923722
0.0018651485
0.003918171
0.0001604557
0.0037289858
0.004614711
0.00581336
0.0023232698
0.0016942024
0.003780365
0.008272171
0.0008352995
0.00043809414
0.003412962
0.0037341118
0.004236698
0.00045609474
0.008892179
0.0032844543
0.004269719
0.0045729876
0.0054751635
0.006473303
0.0040016174
0.0029036999
0.0051897764
0.0016782284
0.004241228
0.0028654337
0.0006660223
0.00026249886
0.0044546127
0.0047346354
0.0073052645
0.003308773
0.001241684
0.010689974
0.003455758
0.003242135
0.00420177
0.006214857
0.002286911
0.0025135279
0.0015925169
0.0046554804
0.0019563437
0.0027651787
0.0047641993
0.0041549206
0.0047420263
0.004606962
0.0042750835
0.00075030327
0.0029724836
0.0010082722
0.00062584877
0.0046612024
0.00017654896
0.00495255
0.0027598143
0.0023560524
0.0038149357
0.0048549175
0.0050052404
0.0035376549
0.0020588636
0.0045702457
0.00043678284
0.0052998066
0.00071048737
0.0005993843
0.0033602715
0.010004878
0.0044027567
6.997585e-05
0.001632452
0.0045564175
0.0048087835
0.005610347
0.004156828
0.005161166
0.0042232275
0.0068050623
0.0014605522
0.00028526783
0.0063459873
0.0028698444
0.0013649464
0.0026056767
0.003177166
0.0033612251
0.0011501312
0.0030492544
0.005410433
0.0026966333
0.0042368174
0.0050914288
0.0058921576
0.004119277
0.005145669
0.006517172
0.008592486
0.0038570166
0.0018535852
0.0029604435
-0.00011920929
0.006230712
0.0050468445
0.0038419962
0.0010612011
0.006178975
0.0028136969
0.0053737164
0.0013794899
0.0030739307
0.006384492
0.0063034296
0.0037198067
0.005973935
0.0009864569
0.0039349794
0.0058751106
0.0046099424
0.0031104088
0.0041207075
0.005874872
0.0051572323
0.0029628277
0.002975583
0.008026242
0.0060483217
0.0056934357
0.0037403107
0.0025856495
0.0044088364
0.0035471916
0.0034731627
0.0030927658
0.0046497583
0.006321311
0.0037958622
0.0024102926
0.00090289116
0.0033694506
0.005743265
0.0008369684
0.003937006
0.0061308146
0.0036855936
0.0029574633
0.0065609217
0.004414797
0.0039482117
0.00401628
0.0051785707
0.0017700195
0.005157709
0.0048481226
0.0063630342
0.0004222393
0.0061309338
0.002581954
0.003020525
0.001724124
0.0014506578
0.004058957
0.0010106564
0.0035083294
0.003395319
0.0064076185
0.00093984604
0.00096189976
0.003109932
0.0036228895
0.0043462515
0.0016469955
0.006017685
0.0053505898
0.0071446896
0.0054866076
0.002153635
0.002784133
0.0029411316
0.0059143305
0.0070575476
0.006272316
0.0031409264
0.0006933212
0.0019862652
0.0037771463
0.006447673
0.00043118
0.0062789917
0.0037407875
0.0016666651
0.0026420355
0.0027143955
0.002454996
0.0071212053
0.0003707409
0.0019643307
0.0063506365
0.0027641058
0.0062913895
0.0022399426
0.0029244423
0.0013757944
0.0014132261
0.0028264523
0.0034885406
0.0021800995
0.0061012506
0.010217547
0.0023589134

0.0028483868
0.0025447607
0.002309084
0.0019085407
0.003617406
0.0005004406
0.0010895729
0.0027130842
0.0022164583
0.0015524626
0.0032566786
0.0027451515
0.0021874905
0.0024420023
0.002008319
0.0011202097
0.0014833212
0.0017001629
0.001491785
0.0005546808
0.0021625757
0.002334118
0.0010710955
0.0010203123
0.0016824007
0.0020440817
0.0012693405
0.0014183521
0.00095295906
0.000108003616
0.0019521713
0.0016547441
0.003923297
0.0024039745
0.0028187037
0.00037562847
0.0031125546
0.003396511
0.0027347803
0.0014190674
0.0025289059
0.0022809505
0.0022404194
0.0006380081
0.0011652708
0.0024838448
0.0019712448
0.001990676
0.0028784275
0.00018596649
0.00049221516
0.002323389
0.000254035
0.0033035278
0.0027723312
0.0038369894
0.0028996468
0.0016348362
0.00068867207
0.0013920069
0.0017281771
0.0024431944
0.0016025305
0.0027512312
0.0035655499
0.001693368
0.0014492273
0.00067198277
0.0016862154
0.0018123388
0.001330018
0.0012909174
0.0022076368
0.0032310486
0.0014801025
0.0016258955
0.0017257929
0.0012637377
0.0016407967
0.0029420853
0.003205657
0.0024653673
0.0028704405
0.0008893013
0.0024456978
0.00022506714
0.0010364056
0.00080549717
0.001768589
0.0017082691
0.0027309656
0.00039231777
0.0015872717
0.0021817684
0.0015392303
0.0021787882
0.0010108948
0.0007711649
0.0034444332
0.0012860298
0.0024102926
0.0004918575
0.0018305779
0.0018087626
0.0012726784
0.0022209883
0.0017591715
0.0021141768
0.00357759
0.002495885
0.0010322332
0.0021184683
0.0047864914
0.003743887
0.0010228157
0.0027247667
0.0026503801
0.002914548
0.0009689331
0.0005784035
0.0013781786
0.0027543306
0.00301826
0.0026192665
0.0014199018
0.0013258457
0.0014228821
0.0016173124
0.0015100241
0.0020110607
0.00090420246
0.0019711256
0.0025820732
0.0012477636
0.002389431
0.0017851591
0.001531601
0.0014584064
0.0011328459
0.0002785921
0.003591299
0.00020551682
0.00093853474
0.0022960901
0.001966238
0.00017237663
0.003938198
0.0019006729
0.0017006397
0.0021026134
0.00079894066
0.0007343292
0.00054883957
0.0016937256
0.0018600225
0.0019670725
0.0022130013
0.0005569458
0.0029844046
0.0009224415
0.0017852783
0.00093114376
0.00017011166
0.0010595322
0.0006226301
0.002425313
0.0005339384
0.00042951107
0.0033347607
0.0011403561
0.00066804886
0.0030927658
0.002334237
0.0014197826
0.00018119812
0.001534462
0.00051021576
0.0006530285
0.001671195
0.0008119345
0.0041931868
0.0012614727
0.001907587
0.0011659861
0.0023406744
0.0006939173
0.0038981438
0.0020157099
0.0020452738
0.0010720491
0.00030243397
0.0015268326
0.00057435036
0.00024318695
0.0019557476
0.0016676188
0.002308607
0.00074744225
0.0032122135
0.0007381439
0.0011290312
0.0004168749
0.0038666725
0.002420783
0.0025748014
0.0025104284
0.0013023615
0.001023531
0.0016437769
0.0030504465
0.0026119947
0.0026991367
0.0010504723
0.0017689466
0.0012533665
0.0020257235
0.0024764538
0.0022360086
0.000895977
0.0025355816
0.0022784472
0.002372861
0.00058972836
0.0020970106
0.0019106865
0.0006700754
0.003256321
0.0017904043
0.0019640923
0.00240767
0.0021580458
0.0016183853
0.0010275841
0.003942013
0.002536416
0.002401948
0.0007209778
0.0017800331
0.000639081
0.0024479628
0.0006428957
0.00058329105
0.0015444756
0.0031319857
0.00017952919
0.0024119616
0.0029097795
0.0025119781
0.0027364492
0.0034886599
0.005069971
0.0010457039
0.0024402142
0.00087976456
0.002841711
0.0013358593
0.0019853115
0.0013523102
0.0038297176
0.00083589554
0.0014150143
0.0026602745
0.0009112358
0.0009316206
0.0006467104
0.002698183
0.0011745691
0.0012539625
0.002801299
0.0007529259
0.0019726753
0.0020062923
0.0020833015
0.002280593
0.0013253689
0.0009940863
0.0030605793
0.0034638643
0.0014536381
0.0012367964
0.0024193525
0.0012793541
0.0018630028
0.00040090084
0.0023682117
0.002980709
0.0020151138
0.0036774874
0.00051665306
0.0022616386
0.001970172
0.0017267466
0.0027178526
0.0025906563
0.0010033846
0.002298355
0.0024057627
0.0024951696
0.0012779236
0.00089776516
0.0028437376
0.002342105
0.0027493238
0.0004943609
0.0022277832
8.106232e-05
0.0015996695
0.002571106
0.0005325079
0.0029133558
0.005515218
0.002056241
0.002765417
0.0024758577
0.0014331341
0.0016422272
0.00037264824
0.0018911362
0.0020329952
0.0023268461
0.0012005568
0.002138853
0.00087070465
0.0022209883
0.0001655817
0.002730608
0.0012141466
0.0034120083
0.0009980202
0.0013767481
0.0019007921
0.0012953281
0.0030658245
0.002036333
0.0017234087
0.0018785
0.0040125847
0.0009012222
0.0013321638
0.0026637316
0.0009492636
0.0027769804
0.0049495697
0.0018452406
0.0014168024
0.0014233589
0.0014344454
0.0017232895
0.0005273819
0.00038349628
0.0006315708
0.0012563467
0.0004093647
0.0017285347
0.0030499697
0.002720356
0.0033557415
0.00053036213
0.0018787384
0.0018538237
0.0035589933
0.00070512295
0.0013712645
0.0014520884
0.0041646957
0.00082039833
0.00028288364
0.001106143
0.0027461052
0.0018709898
0.00075900555
0.0027160645
0.00255239
6.592274e-05
0.0024757385
0.00088989735
0.0029093027
0.0014476776
0.0031584501
0.0020850897
0.002302289
0.003311038
0.00034725666
0.0021719933
0.0025545359
0.0016304255
0.0018519163
0.0011559725
0.0028102398
0.0011496544
0.002923131
0.0015755892
0.001282692
0.0006875992
0.002371788
0.0020711422
0.0024368763
0.0019112825
0.004601598
0.0027102232
0.0028617382
0.0015013218
0.0007983446
0.0012438297
0.0006107092
0.0018689632
0.0034304857
0.0012662411
0.00113976
0.0026267767
0.0025691986
0.00070154667
0.0015463829
0.0021665096
0.0027947426
0.0006489754
0.0038383007
0.0013532639
0.0028107166
0.0021486282
0.0016640425
9.262562e-05
0.0020717382
0.000390172
0.0016322136
0.0026621819
0.00058174133
0.0012595654
0.0026003122
0.0013386011
0.00058221817
0.0005053282
0.0008906126
0.0018467903
0.0017309189
0.0004953146
0.0002616644
0.0009331703
0.0033084154
0.0012898445
0.00116539
0.0018619299
0.0027526617
0.00062191486
0.0039280653
0.0009797812
0.0016052723
0.0020557642
0.00042164326
0.0040591955
0.00037288666
0.0014432669
0.00097584724
0.0016708374
0.00021827221
0.0020674467
0.003124714
0.00023770332
0.0018643141
0.0026988983
0.0028625727
0.0022611618
0.0013922453
0.0017559528
0.00060915947
0.002879858
0.0014106035
0.0009598732
0.0017222166
0.004455924
0.0029853582
0.0028729439
0.0020400286
0.0015175343
0.0022559166
0.0013670921
0.0025817156
0.0036754608
0.0010260344
0.0006387234
0.0018936396
0.002678156
0.0024352074
0.0023326874
0.00041627884
0.003587246
4.1007996e-05
0.00026345253
0.0027298927
0.001816392
0.0034885406
0.0021721125
0.001639843
0.0008277893
0.0017027855
0.0015237331
0.0030519962
0.0012488365
0.0022271872
0.0030857325
0.0025465488
0.0032135248
0.0021932125
0.0012350082
0.0023158789
0.0032669306
0.0007703304
0.0013177395
0.0017124414
0.0043987036
0.0030339956
0.0027680397

0.0029805899
0.0010640621
0.0002809763
0.00023794174
0.0012001991
0.00016486645
0.000970006
0.0030156374
0.0013496876
0.0034048557
0.00093102455
0.00043094158
0.0020132065
0.0022888184
0.0033392906
0.0031698942
0.0030419827
0.0007725954
0.00286901
0.0031641722
0.0006047487
0.0019747019
0.00020837784
0.00077819824
0.0023839474
0.0018041134
0.00094890594
0.0026276112
0.0037029982
0.0016168356
0.0017743111
0.0017665625
0.002001524
0.001005888
0.002641201
0.0012613535
0.00058317184
0.003638029
0.0008985996
0.0019606352
0.0015161037
0.0030754805
0.0018607378
0.0011227131
0.002818942
0.0016465187
0.00089657307
0.00063216686
0.0014531612
0.003099203
0.00054085255
0.0019985437
0.0016644001
0.0011167526
0.003149271
0.0022830963
0.0012962818
0.002105236
0.00074005127
0.0020819902
0.0028808117
0.0012844801
0.002100587
0.0012873411
0.0009189844
0.0008382797
0.0018626451
0.002022624
0.00035905838
0.0002578497
0.001151681
0.00021612644
0.002328515
0.00020039082
0.0050168037
0.0027269125
0.0025542974
0.0013638735
0.0025298595
0.0031706095
0.00013971329
0.00086307526
0.003003478
0.001796484
0.00087964535
0.0003489256
0.0033861399
0.001296401
0.0012865067
0.0017976761
0.0008132458
0.0028190613
0.0011060238
0.0013725758
0.0040448904
0.00344038
0.00051522255
0.00043201447
0.001786828
0.0017570257
0.0019215345
0.0041115284
0.0020656586
0.0019699335
0.002819419
0.0014425516
0.0032213926
0.0020768642
0.0027884245
0.0012922287
0.0007160902
0.0024795532
0.00248909
0.0008672476
0.0025439262
0.0014728308
0.0037486553
0.0037305355
0.0015102625
0.0008889437
0.0013973713
0.0006108284
0.0020364523
0.0009850264
0.003237009
0.003276229
0.002844572
0.0026695728
0.001327157
0.0014400482
0.0014771223
0.0017172098
0.0020159483
0.0038973093
0.0038727522
0.0013006926
0.0033111572
0.0009543896
0.0021374226
0.00035107136
0.0013549328
0.00069212914
0.0019520521
0.0027720928
0.0031745434
0.003455162
0.0007799864
0.002891183
0.0020620823
0.0018751621
0.0015676022
0.0014415979
0.003233552
0.0026569366
0.0030469894
0.0009676218
0.0005726814
0.0008202791
0.0007622242
0.0015273094
0.00321424
0.0031725168
0.0027583838
0.0010074377
0.0012962818
0.0013766289
0.00032496452
0.0001732111
0.0008484125
0.0007402897
0.0017448664
0.0005573034
0.0020471811
0.000882864
0.004907489
0.0023015738
0.0019227266
0.0009044409
0.0013860464
0.0020819902
0.002178073
0.0018491745
0.00097489357
0.001481533
0.0020409822
0.0017313957
0.00095391273
0.0010969639
0.0013332367
0.0031763315
0.0016548634
0.002603054
0.00070261955
0.0009994507
0.0014482737
0.0010758638
0.003083825
0.0026051998
0.0017572641
0.0010588169
0.002829671
0.0015808344
0.0024682283
0.0010899305
0.0017621517
0.0012521744
0.0014669895
0.00205338
0.004409075
0.0029667616
0.0016835928
0.0015106201
0.00090289116
0.0018919706
0.0019854307
0.0019589663
0.0028955936
0.0027198792
0.0031267405
0.0019207001
0.0016516447
0.0016936064
0.00031638145
0.0022308826
0.0022445917
0.0019812584
0.0004912615
0.001834631
0.0022437572
0.0017391443
0.0020779371
0.0033340454
0.0009741783
0.0015194416
0.001547575
0.005146146
0.0012290478
0.0029351711
0.0014511347
0.002609849
0.00087189674
0.00065255165
0.0022802353
0.0012024641
0.0008916855
0.0017980337
0.0015345812
0.003302455
0.00483346
0.0017254353
0.0019289255
0.0029736757
0.0040962696
0.0028594732
0.0029079914
0.00097477436
0.0033566952
0.0033259392
0.001454711
0.0022753477
0.0004042387
0.0010910034
0.00092089176
0.003856659
0.0005286932
0.0011224747
0.0029622316
0.0009572506
0.00022041798
0.0009621382
0.0018150806
0.0018216372
0.0014988184
0.002183795
0.0027580261
0.0021232367
0.00021314621
0.0042665005
0.0017182827
0.0020756721
0.0005081892
0.0017596483
0.005105138
0.0033535957
0.0019489527
0.0009300709
0.001465559
0.0003554821
0.0004912615
0.0014749765
0.001103282
0.0022495985
0.0025696754
0.0005725622
0.0017479658
0.0009419918
0.0017564297
0.0003578663
0.0014890432
0.0015326738
0.0023053885
0.001819849
0.0020253658
0.0022603273
0.0014699697
0.0002348423
0.001457572
0.00022006035
0.004290104
0.0029326677
0.0026682615
0.0015085936
0.0016086102
0.0014488697
0.0013258457
0.0010280609
0.0019242764
0.0022705793
0.0015046597
0.0047416687
0.0010900497
0.0015962124
0.0033128262
0.0012923479
0.00024235249
9.6559525e-05
0.00044858456
0.0045968294
0.001354456
0.00027811527
0.0025663376
0.0011492968
0.003907323
0.0015465021
0.0018968582
0.0034415722
0.0010797977
0.0033994913
0.0030132532
0.0014169216
0.0013560057
0.001295805
0.002869606
0.0042254925
0.001650095
0.0013837814
0.0017803907
0.0014946461
0.0021537542
0.001920104
0.0023567677
0.0021703243
0.0040637255
0.00085008144
0.00040709972
0.002467513
-2.861023e-06
0.0018205643
0.0023937225
0.0041548014
0.0026785135
0.0040102005
0.001565218
0.0018624067
0.0026646852
0.0020287037
0.0029536486
0.0016790628
0.0010609627
0.0025491714
0.0028654337
0.0016336441
0.004116893
0.002094984
0.0048497915
0.0021432638
0.0004506111
0.0012094975
0.0008198023
0.00068748
0.0007944107
0.0011218786
0.0023961067
0.002411604
0.0019124746
0.0006374121
0.00010192394
0.0007274151
0.0013343096
0.0009446144
0.0016334057
0.0004913807
0.0024193525
0.002585888
0.000420928
0.0016305447
0.00037419796
0.0008506775
0.001507163
0.0021153688
0.0013949871
0.0017849207
0.0020002127
0.0023391247
0.0020612478
0.0007199049
0.0011060238
0.0025122166
0.0016636848
0.002731204
0.0020775795
0.001122117
0.002492547
0.002298236
0.0015388727
0.0026718378
0.0017520189
0.002221346
3.8027763e-05
0.00086188316
0.0015832186
0.0028213263
0.0009636879
0.0011224747
0.0013352633
0.0011053085
0.0015096664
0.0022089481
7.581711e-05
0.0021555424
0.0036851168
0.00020825863
0.0013159513
0.0036113262
0.0026539564
0.0012465715
0.00023949146
0.001278758
0.003014803
0.0022052526
0.0038068295
0.0041036606
0.0012667179
0.0009970665
0.0015556812
0.002000451
0.0017478466
0.0009845495
0.0015983582
0.0008337498
0.0011470318
0.0010989904
0.0014692545
0.0014618635
0.0021816492
0.0010050535
0.001691103
0.0012907982
0.0008022785
0.0027695894
0.0023993254
0.0012760162
2.2411346e-05
0.0028951168
0.0014557838
0.00055348873
0.00075912476
0.0020371675
0.0018219948
0.000104665756
0.00140059
0.0004786253
0.0007857084
0.0012300014
0.0032242537
0.003333211
0.0014382601
0.00090157986
0.0030863285
0.002054453
0.0039559603
0.0025750399
0.002245903
0.0020877123
0.0027211905
0.0034499168
0.0011436939
0.002840042
0.00089144707
0.000161767
0.0029636621
0.0022592545
0.0028865337
0.0026450157
0.0010268688
0.0026637316
0.001529336
0.0019737482
0.00052297115
0.0019162893
0.0013940334
0.0044323206
0.0021846294
0.0013282299
0.0031491518
0.0013335943
0.0009082556
0.002619028
0.0017831326
0.00329113
0.001609087
0.001955986

0.0002580881
0.0042364597
0.0011988878
0.002166748
0.0005258322
0.00019705296
6.198883e-05
0.004363179
0.001637578
0.003252983
0.00016725063
0.0020862818
0.0005273819
0.0007673502
0.00810945
0.0037724972
0.0015920401
0.0030421019
0.00036370754
0.0006184578
0.0039032698
0.001206398
0.0035431385
0.0001231432
0.00039970875
0.0014499426
0.0019142628
0.0016220808
0.00044763088
0.0036993027
0.004036069
0.00017035007
0.0029861927
0.009740233
0.0024641752
0.0002590418
0.0022118092
0.0049808025
0.0022433996
0.0035822392
0.00084114075
0.0016881227
0.0015820265
0.0001385212
0.0028102398
0.0022739172
0.0013318062
0.0042972565
0.001493454
0.0031949282
0.0007842779
0.0051310062
0.00072717667
0.0012491941
0.0021544695
0.001206398
0.0012090206
0.00038170815
0.00055217743
0.003935814
0.00033926964
0.0019299984
0.0025600195
0.00034570694
0.00416708
0.00020503998
0.0030504465
-9.775162e-06
0.0007326603
0.0008018017
0.00031971931
0.0005378723
0.0041133165
0.0033112764
0.00067579746
0.00073873997
0.00012207031
0.005969405
0.004309535
0.0015141964
0.00018310547
0.0008407831
0.0013359785
0.0001809597
0.0030429363
0.0024791956
0.00081706047
0.0027201176
0.00729537
0.00042402744
0.0026324987
0.00026273727
0.00071930885
0.0008159876
0.004227042
0.0030765533
0.003967285
0.002069831
0.0005068779
0.00050508976
0.0004338026
0.0013892651
0.008877754
0.0035310984
0.00087463856
0.0008778572
0.00060892105
0.0009152889
0.00053584576
0.0014044046
0.0010355711
0.00046646595
-4.9591064e-05
0.0023139715
9.894371e-06
0.00015926361
0.0019197464
0.00068843365
0.0015668869
0.0015912056
0.00096976757
0.00042915344
0.002671957
0.0020227432
0.0054268837
0.004374504
0.0030101538
0.0007312298
0.0006312132
0.003507018
0.0025037527
0.00077843666
0.0014959574
0.0019789934
0.0018895864
0.001248002
0.000869751
0.00014996529
0.0032303333
0.0011428595
0.00038206577
0.00418818
0.0011377335
0.00036144257
0.010132074
0.00030183792
0.0021628141
0.00040745735
0.009133458
0.004074812
0.0002797842
0.00029802322
0.0027296543
0.00027656555
0.0002975464
0.00023937225
0.0018681288
0.0013022423
0.0018885136
0.0054637194
0.0007619858
7.724762e-05
0.0061463118
0.0039259195
0.0009906292
0.0023663044
0.0067822933
0.0011217594
0.0052683353
0.0005106926
0.0002065897
0.002604127
0.0017151833
0.0060105324
0.0009943247
0.0040700436
0.0008662939
0.0024998188
0.0010895729
0.000954628
0.0034211874
0.0017025471
0.0011818409
0.00050997734
0.0015323162
0.0045297146
0.002829671
0.00076794624
0.0023052692
0.0008301735
0.0030127764
0.0006504059
0.0040551424
0.0011553764
0.0010607243
0.0013940334
8.034706e-05
0.00033450127
0.0016784668
0.0021744967
0.0027785301
0.0007224083
0.0012661219
0.0014002323
0.0013394356
0.002263546
0.00045704842
0.0018376112
0.0024642944
0.002110362
0.0041686296
0.00061011314
0.001691699
0.0003758669
0.0008188486
0.0010317564
0.00047171116
0.0001951456
0.00017118454
0.0028457642
0.00064074993
0.0003633499
0.00063192844
0.0009020567
0.001589179
0.002277732
0.0010052919
0.0027326345
0.001018405
0.006329775
0.0019721985
0.00065016747
0.0018905401
0.0012872219
0.0008627176
0.0010528564
0.0025355816
0.0008136034
0.0010399818
0.0019134283
0.00029695034
0.0031801462
0.0005788803
0.0010957718
0.0002527237
0.00019657612
0.0019886494
0.0011124611
0.001721859
0.00015342236
0.0037286282
0.0018461943
0.0017023087
0.0006787777
0.0011464357
0.0013862848
0.004241228
0.0017179251
0.0007727146
0.00092840195
0.0012201071
0.0014278889
0.003983259
0.0018749237
0.00048577785
0.0041071177
0.0008661747
0.0005466938
0.00037646294
0.0019016266
0.00065100193
0.0016932487
0.00034558773
0.00047588348
0.0014133453
0.00037503242
0.00536561
0.00016713142
0.0027076006
0.002097845
0.0018644333
0.0059850216
0.00079774857
0.0011110306
0.0017646551
5.3167343e-05
0.0025776625
0.000182271
6.854534e-05
0.0008249283
0.0007485151
0.002355814
0.0031292439
0.00048148632
0.00034439564
0.0007736683
0.0034741163
4.351139e-05
0.0008752346
0.0064133406
2.861023e-05
0.002354622
0.0032218695
0.00052165985
0.0001001358
0.0014843941
0.0015957355
0.0052312613
0.00030887127
0.00031137466
0.006274581
0.0005071163
0.0010244846
0.00072193146
0.00027883053
0.001426816
0.0038821697
0.0006583929
0.0008639097
0.0049295425
0.00022268295
0.0010390282
0.000374794
0.00017642975
0.00076794624
0.00011253357
0.00501585
0.0010582209
0.0013155937
0.0042489767
0.0016453266
0.0011128187
0.000579834
0.0006802082
0.00030851364
0.00093853474
0.00043416023
0.0045979023
0.00050497055
0.000567317
0.00047004223
0.00026369095
0.00127244
0.0007365942
0.0031359196
0.0015169382
8.928776e-05
0.0003222227
0.0026501417
0.0012176037
0.00089395046
0.00038802624
0.000926733
0.0040555
0.0010118484
0.00043928623
0.003545165
0.003186226
0.00023913383
0.0009509325
0.00071275234
0.002312541
0.004664421
0.00385499
0.004113555
0.00063586235
0.0016032457
0.0007035732
0.0009832382
0.007543087
0.005682826
0.0039253235
0.0023089647
0.00032567978
0.0017659664
0.0033353567
0.0029484034
0.0033848286
0.007494569
0.0001642704
0.002204299
0.0004682541
0.0028233528
0.00059366226
0.0001642704
0.0021609068
0.0002644062
0.0009946823
0.00018179417
0.0010178089
0.00015699863
0.00039613247
0.004056692
0.0013133287
0.0023025274
0.0027736425
0.000849247
0.0024801493
0.0005745888
0.0015778542
0.0010522604
0.0043104887
0.000592947
0.00024735928
0.0029132366
0.0011550188
0.0012309551
1.680851e-05
0.00066542625
0.00699234
0.0004940033
0.0009253025
0.0005611181
0.0025868416
0.003012538
0.002779603
0.000536561
0.00019812584
0.0010646582
0.0028073788
7.4863434e-05
0.0013481379
0.0017288923
0.00074112415
0.007656336
0.0019013882
0.0010262728
0.0017715693
0.005172968
0.0026979446
0.0013638735
0.0026103258
0.00065374374
0.0036931038
0.00018072128
0.00065255165
0.0029171705
0.0004415512
0.001977086
0.0028824806
0.0043627024
0.0031098127
0.00069880486
0.0018689632
0.0028771162
9.8228455e-05
0.0035356283
0.0010768175
0.0021179914
0.003485322
0.00097358227
0.0011227131
0.0024299622
0.0056028366
4.2438507e-05
0.0019327402
0.00417614
0.0017210245
0.0026173592
0.0012494326
0.00031661987
0.0020213127
0.00043034554
0.0018237829
0.0004698038
9.1552734e-05
0.0042848587
0.0012551546
0.00023806095
0.0033129454
0.00035393238
0.0021520853
0.0018160343
0.0030130148
0.00029206276
0.0039412975
0.00037932396
0.0031124353
0.00275743
0.0014811754
0.0064593554
0.0013779402
0.0018197298
0.0006713867
0.0010910034
0.0007458925
0.0022765398
0.0021486282
0.0002747774
0.0012435913
-0.00012886524
0.001292944
0.0004950762
0.0012723207
0.00091063976
0.00089490414
0.0005789995
0.003306985
0.005599618
0.00017809868
0.003279686
0.002709031
0.00051772594
0.0018752813
0.0030272007
0.00065636635
0.0004942417
0.00042176247
0.0026363134
0.0027251244
0.0044835806
0.0028483868

0.00031149387
0.00073337555
0.00011110306
0.003473878
0.0013049841
0.001236558
0.0023895502
0.00018191338
0.00047659874
0.00087952614
0.003766656
0.00019037724
0.00026202202
0.00033032894
0.0014846325
0.00072956085
0.00059080124
0.0017181635
0.0019578934
0.00021970272
0.0019512177
0.0014795065
0.004155636
8.177757e-05
0.0007312298
0.00059366226
0.00046765804
0.0002579689
0.0018254519
0.0016807318
0.001062274
0.0037646294
4.4822693e-05
0.0011994839
0.0011945963
0.00021874905
0.00337255
0.0067765713
0.00019621849
0.00014901161
0.00020980835
8.106232e-05
0.0026459694
0.00018882751
4.9948692e-05
0.00027537346
0.0011626482
0.0010465384
0.0026803017
0.0010464191
0.0012689829
0.0030468702
0.0008662939
0.0029133558
0.0020766258
0.00069510937
0.000905633
0.0017243624
0.0018023252
0.001578331
0.00055909157
0.0021697283
0.00073981285
0.0038644075
0.0038208961
-1.9073486e-06
0.0009638071
0.006892085
0.0025737286
0.0022577047
0.00025331974
0.0001283884
0.0004912615
0.00041377544
0.0019476414
0.0022494793
0.00017309189
0.00146842
0.0017096996
0.00024080276
0.003214717
0.0027643442
0.00059068203
0.003026247
0.00036001205
0.00047409534
0.00014615059
0.0003427267
0.0032359362
0.0033183098
0.0003042221
0.0007585287
1.0967255e-05
0.0011833906
0.0048971176
0.0018991232
0.0012072325
0.0009279251
0.0012902021
0.00010788441
0.005555153
0.003109932
0.005571842
0.00088334084
0.00035226345
0.004778385
0.0010067225
0.0012028217
0.0019148588
0.00047433376
0.0001705885
0.0020917654
0.001466155
0.00078737736
0.0002630949
6.92606e-05
0.00084376335
0.0009639263
0.0006853342
1.1205673e-05
0.00265944
0.003672123
0.0001500845
0.0011148453
1.4543533e-05
0.0006929636
0.0026262999
0.00091314316
0.0012624264
0.0012681484
0.0033322573
0.0022964478
0.0013370514
0.0006853342
0.0012844801
0.0049842596
0.0007493496
0.0007984638
0.0024290085
6.1392784e-05
0.0029871464
0.0034868717
0.0016394854
0.0021498203
0.0030856133
9.047985e-05
0.0011818409
0.002548933
0.00020301342
0.00052416325
6.067753e-05
0.0011930466
0.00061154366
0.002299428
0.0028678179
0.0013387203
0.0012760162
0.00021839142
0.0025116205
0.0013988018
0.0015342236
0.00052189827
0.0027214289
0.0066816807
0.0007824898
0.0012079477
0.002232194
0.007100463
0.0025726557
0.00051641464
0.0048513412
0.0006928444
0.004237294
2.8252602e-05
0.002945304
0.003636837
0.007835507
0.004153967
0.004014492
0.0015509129
0.0012506247
0.0007263422
0.004258275
0.0016041994
0.0016542673
0.00027036667
0.0028933287
0.0011917353
0.0012243986
0.003705144
0.00015544891
0.0006957054
0.00014197826
0.0028796196
0.00065767765
0.000641346
0.00053834915
0.0013259649
0.0022450686
0.003331542
0.0001001358
0.0016566515
0.00024831295
0.0033391714
0.00041663647
0.006116867
0.0038363934
0.00078988075
0.0039258003
0.0038850307
0.00027394295
0.0008715391
0.0007324219
0.0021264553
0.00096035004
0.004019618
0.0008406639
0.0011841059
0.0009161234
0.00023066998
0.0071564913
0.0020575523
0.00035607815
0.0005751848
0.00055623055
0.0019973516
0.0003527403
0.00030720234
0.0017415285
0.0017386675
0.0008955002
5.7578087e-05
0.0022300482
0.0022451878
0.0008045435
0.00014173985
3.0636787e-05
0.000497818
0.0015952587
0.0051305294
0.0012873411
0.0064091682
0.0008995533
0.002039194
0.0031775236
0.0022788048
0.0038182735
0.0035520792
0.0007112026
0.00024104118
0.0032387972
0.0049341917
0.0027608871
0.0006760359
0.0027916431
0.0006849766
0.0017465353
0.0027557611
0.0015150309
0.0002142191
0.004407048
7.748604e-06
0.0013408661
0.003709197
0.0004544258
0.0003629923
0.002600193
0.0041544437
0.0012000799
0.0
0.0028988123
0.0006701946
0.0008481741
0.001658082
0.00071930885
0.0018472672
0.004784465
0.00039231777
0.0030603409
0.0019090176
0.0015987158
0.002896428
0.0030111074
0.00012934208
0.00022900105
0.0033062696
0.0018604994
0.00081181526
0.0009099245
0.00015413761
0.0016684532
0.003759265
0.0033179522
0.003726244
0.0007253885
0.00013256073
0.0010467768
0.00046932697
0.0025207996
0.0015567541
0.0011638403
0.0015033484
0.0019316673
0.0031477213
0.0012011528
0.0011928082
0.0012520552
0.0012257099
0.0009562969
0.00020670891
0.0024596453
0.00050127506
0.00027751923
0.0006340742
0.004259944
0.00077450275
3.6120415e-05
0.0030440092
0.0025693178
0.0023995638
0.0043867826
0.0005838871
1.0848045e-05
0.00041353703
0.005654335
0.0011423826
0.00041806698
0.0010017157
0.0032246113
0.003558755
0.0033906698
0.0011453629
0.0067709684
0.0009149313
0.00041997433
4.8160553e-05
0.001060009
0.002212286
0.0029660463
0.0015802383
0.005105138
0.0025966167
0.0008522272
0.0022438765
0.0012193918
0.000161767
0.0032000542
7.05719e-05
0.0013979673
0.0017051697
0.0050320625
0.0017248392
1.4662743e-05
0.0017814636
0.0015701056
0.0018872023
0.007799506
0.0022820234
0.0004659891
0.0013375282
0.0010951757
0.0020056963
0.00045382977
0.0010902882
0.002400875
0.001273036
0.0035459995
5.8054924e-05
0.0031018257
0.0024609566
0.0006277561
0.0050435066
0.0018275976
0.0012164116
0.00040507317
1.1563301e-05
0.0028237104
0.00012743473
0.00043118
3.1471252e-05
0.004907131
0.0023884773
0.00093340874
0.0019267797
0.0022383928
0.0017040968
0.0010530949
0.0001553297
0.00032544136
0.001539588
0.0010434389
0.0013765097
0.0045472383
0.004468322
0.0017871857
0.0018318892
0.0010421276
0.0010112524
0.002141118
0.00042057037
0.00042831898
0.0004917383
0.0006736517
-4.6491623e-06
0.00061023235
0.0021470785
0.0027920008
0.0033663511
0.0014691353
0.0007009506
0.00031137466
0.0012843609
0.00025987625
0.0009835958
0.00092613697
0.00027239323
0.008251667
0.00014162064
7.259846e-05
0.0032498837
0.0013061762
0.003764987
0.0017998219
0.00016212463
0.0015598536
0.002036333
0.000931859
0.00029218197
9.4771385e-05
0.003233552
0.002743125
0.0005464554
0.0007817745
0.0010868311
3.5762787e-07
0.0019023418
0.0053749084
0.007324815
0.0009596348
0.0014818907
0.0018129349
0.0011087656
0.00016188622
0.00519073
0.00071287155
0.00093722343
0.0013657808
0.004580617
0.0033487082
0.005939126
0.005339384
0.00023341179
0.0004466772
0.0012215376
0.0031878948
0.00040090084
0.0008215904
0.0009057522
0.0054512024
0.005554676
0.00068604946
0.0029883385
0.0013509989
0.0010561943
2.7418137e-06
0.00089097023
3.4332275e-05
0.003027916
0.0006340742
9.179115e-06
0.00263834
0.0082582235
0.0010797977
0.003345251
0.0017640591
0.0007224083
0.002326727
0.0025895834
0.0056988
0.00013935566
0.00079858303
9.548664e-05
0.0011459589
9.7990036e-05
0.0012820959
0.0014835596
0.0014452934
0.0009070635
0.0072671175
0.0043358803
0.0014549494
0.0038307905
0.0012822151
0.0017012358
0.0027954578
0.0014070272
9.679794e-05
0.0008509159
0.0017100573
0.0022283792
0.0015515089
0.0031551123
0.00087177753
0.0034251213
0.0033963919
4.684925e-05
0.0022871494
0.0037773848
0.0001603365
7.9631805e-05
0.00019001961
0.00052297115

0.00083756447
0.001670599
0.0045175552
0.00047659874
0.0049979687
0.0025999546
0.00074636936
0.0011738539
0.002939105
0.0022907257
0.0003284216
0.0013264418
0.003079772
6.3180923e-06
0.00013267994
0.002816081
0.0012952089
0.0017451048
0.0013058186
0.0020216703
0.0036165714
0.00049316883
0.0015259981
0.0032311678
0.0014337301
0.00090396404
0.00091958046
0.00121665
0.0016200542
0.00072562695
0.0018172264
0.0016374588
0.0016877651
0.0013241768
0.0027588606
0.0028805733
0.0014861822
0.0021140575
0.0018481016
0.0009827614
0.0008007288
0.0029104948
0.0014195442
0.0012112856
0.0022685528
0.0027797222
0.0042700768
0.0013062954
0.000992775
0.004369378
0.0021448135
0.0015958548
0.0014125109
0.0014672279
0.00051784515
0.001683712
0.00042521954
0.0021042824
0.0007824898
0.00065004826
9.536743e-05
0.002717495
0.0016554594
-8.34465e-07
0.0003682375
0.0029712915
0.0011898279
0.002100706
0.0017151833
0.0001975298
0.00033402443
0.0047773123
0.00093853474
0.002722025
0.0027939081
0.0054608583
0.0012134314
0.0010466576
0.0021145344
0.0004029274
0.0017434359
0.0007623434
0.0033671856
0.00047647953
0.0015487671
0.0014441013
0.000988245
0.0045411587
0.0011723042
0.00298357
0.0025746822
0.0002552271
0.002978921
0.0010875463
0.0013587475
0.0003478527
0.0037965775
0.002059102
0.0011329651
3.027916e-05
0.0006594658
0.0011914968
0.002013445
0.00063323975
0.002225995
0.0011194944
0.002052784
0.002996087
0.0026836395
0.002727747
0.0005682707
0.0007362366
0.0008890629
3.159046e-05
0.0016771555
0.0030504465
0.0016009808
0.004732251
0.0025283098
0.0008841753
0.0011205673
0.0009379387
0.0005071163
0.0010180473
0.000116705894
0.0017887354
0.00013303757
0.003610611
0.0019514561
0.0039180517
0.0005288124
0.0020165443
0.0011006594
0.0052472353
0.00010621548
0.0022076368
0.003046751
0.0016393661
0.0031985044
0.0028995275
0.0031551123
0.0005620718
0.000495553
0.0024392605
0.00061416626
0.0008839369
0.00038850307
0.0011268854
0.0029248
0.0018362999
0.0014299154
0.0031126738
0.00131917
1.7166138e-05
0.0014548302
0.0028927326
0.0024980307
0.002241373
0.0021059513
0.0032840967
0.0018333197
0.0022480488
0.00078225136
0.00020599365
0.0027165413
0.0022966862
0.002550602
0.0013737679
0.002105236
0.00011909008
0.0025702715
0.0012074709
0.0018388033
0.0023268461
0.0019382238
0.001393795
0.0016605854
0.003311634
7.247925e-05
0.0021375418
0.0017396212
0.0015985966
0.0009433031
0.002389431
0.00047159195
0.0018018484
0.0026174784
0.0006659031
0.002450943
0.004070401
0.004187584
0.0009890795
0.0038746595
0.0024391413
0.0024091005
0.0023020506
0.0028072596
0.0024704933
0.0020947456
0.0014801025
0.003834486
0.0029160976
0.002601862
0.0038807392
0.0003670454
0.0013232231
0.0011216402
0.0014431477
0.0009422302
0.0021668673
0.002760291
0.0012799501
0.0019733906
0.0014811754
0.0013854504
0.0012353659
0.00092184544
0.0007466078
0.0010640621
0.0013728142
0.0012453794
0.00182271
0.00058448315
0.0017163754
0.0017210245
8.237362e-05
0.0015450716
0.0013906956
0.0030566454
0.00039803982
0.0008121729
0.0011188984
0.0011358261
1.9192696e-05
0.0003527403
0.0007481575
0.00011062622
0.0002719164
0.0008406639
0.00022101402
0.002413869
0.0019382238
0.0036195517
0.00086152554
0.00029718876
0.006762147
0.00037634373
0.0011872053
0.0025565624
0.0019395351
0.0036109686
0.0022894144
0.0021327734
0.0010136366
0.0025032759
0.002232194
0.0030816793
0.0006557703
0.0030448437
0.0027679205
0.0017921925
0.0017701387
0.0031898022
0.0005675554
0.0022175312
0.0012619495
0.0021361113
0.0010613203
0.0020016432
0.00017249584
0.0017563105
0.00038957596
2.2649765e-06
0.0037777424
0.0025972128
0.0025587082
0.0007855892
0.0021466017
0.0013552904
0.0010920763
0.0012363195
0.0015209913
0.0034874678
0.00043547153
0.00031888485
0.0018210411
0.0010812283
0.0016642809
2.0623207e-05
0.00043821335
0.0019302368
0.00010704994
0.0005788803
0.0009729862
0.0025897026
0.0015643835
0.0022628307
0.0021163225
0.0011060238
3.4093857e-05
0.00077581406
0.0004181862
0.00021910667
0.0027056932
0.0004950762
0.00051665306
0.0035299063
0.0022102594
0.0017756224
0.004363656
0.0024034977
0.0012396574
0.00070858
0.00011408329
0.0023868084
0.0037590265
0.0012387037
0.00068712234
0.0001052618
0.00026500225
0.0033773184
0.0
0.0001322031
0.00075662136
0.0026363134
0.0014383793
0.0036696196
0.0008575916
0.001541853
0.0022659302
0.0014430285
0.0006777048
0.00084912777
0.00059592724
0.0019836426
0.0025584698
0.0065014362
0.0012731552
0.0019148588
0.0024061203
0.002301097
0.0009863377
0.001737237
0.00031387806
0.0011789799
0.004037738
0.0020549297
0.0024621487
0.0004068613
0.0017544031
0.0006444454
0.0014436245
0.0014586449
0.00079488754
0.0026551485
0.00018191338
0.0031166077
1.0967255e-05
0.0015830994
0.0039610863
0.0006791353
0.0043793917
0.00031089783
0.0012127161
1.513958e-05
0.0009469986
0.0014693737
0.0014477968
0.001734972
0.00131464
0.0032584667
0.0014551878
0.00074219704
0.00033068657
0.002354622
0.0011003017
1.4305115e-06
0.0023604631
0.00018894672
0.0020430088
0.000864625
0.003468275
0.0012643337
0.0014071465
0.0006085634
0.0015900135
0.002154708
0.0011020899
0.00018763542
-3.695488e-06
0.002865553
0.0017939806
0.00048816204
0.00031208992
0.004113555
0.003047347
0.0020099878
0.0022553205
1.2636185e-05
0.00036740303
0.0019184351
0.0005983114
0.003404379
0.0033117533
3.552437e-05
0.0025473833
0.0040922165
0.0005413294
0.00060260296
0.001740694
0.002658248
0.0040187836
0.0024061203
0.0015892982
0.0017341375
0.0014054775
0.0020654202
0.0014522076
0.0022355318
0.0012185574
0.0010039806
0.0029816628
0.0011336803
0.0025442839
0.001470089
0.0027976036
0.0013865232
0.004250288
0.000980854
0.003261447
6.03199e-05
0.0026361942
0.0027600527
0.0005594492
0.0017054081
0.0031785965
0.00020682812
0.00087583065
0.0020469427
0.00060868263
0.0013325214
0.0017944574
0.003244996
0.002292633
0.0011917353
-1.1920929e-07
0.001744628
0.001996398
0.0070325136
0.0014419556
0.00047326088
0.0029535294
0.0016703606
0.002203226
0.0025224686
0.0012894869
0.0031256676
0.0029338598
0.0011861324
0.0013910532
0.0034452677
0.0011794567
0.005026579
0.0056550503
0.0041872263
0.0014402866
0.0035091639
0.0048862696
0.0012079477
0.0022457838
0.0013568401
0.00048935413
0.00025582314
0.0026556253
0.0012208223
0.0031067133
0.00067973137
0.0017063618
0.0004248619
0.0018427372
0.0019044876
0.0013639927
0.0012176037
0.0024770498
0.0003528595
0.0015473366
0.0011810064
0.0011994839
0.0041781664
0.0022711754
0.001434803
0.00052571297
0.0008751154
0.00092351437
0.0006303787
0.00035822392
0.0031001568
0.0021327734
0.0014051199
0.0020908117
0.0012590885
0.004142642
0.002727747
0.003026247
0.0007777214
0.0017322302
0.0006773472
0.0008610487
0.0015243292
0.001110673
0.003211856
0.0024069548

0.0025351048
0.00027298927
0.0019013882
0.0017290115
0.0018895864
0.00075531006
0.0012500286
0.00089001656
0.0008840561
0.0008016825
0.0012152195
0.0005658865
0.0005464554
0.0017114878
0.0009100437
0.0023334026
0.0023475885
0.00062954426
0.0016140938
0.0031073093
0.0035960674
0.0029206276
0.00037288666
0.0011662245
0.0024687052
0.0009797812
0.0010488033
0.0032097101
0.0040462017
0.0016864538
0.002469778
0.0024389029
0.0023434162
0.002782464
0.00054705143
0.0
0.00299716
0.0024735928
0.0010569096
0.0013912916
0.0015039444
0.0013700724
0.0024795532
0.0013619661
0.00095808506
0.0032457113
0.0016621351
0.002159834
0.00033795834
0.0025068521
0.0012495518
0.0016977787
0.00045275688
0.00038003922
0.0025030375
0.0018754005
0.0019305944
0.00203681
0.0013914108
0.0006837845
0.0005546808
0.0020964146
0.0003966093
0.000541687
0.0020959377
0.003951192
0.0015277863
0.0032765865
0.0022277832
0.0009275675
0.0007266998
0.0012518167
0.00083076954
0.0021322966
0.0022691488
0.0011041164
0.0030105114
0.0031635761
0.0009778738
0.0015318394
0.0023380518
0.0008070469
0.0027662516
0.0018687248
0.0037614107
0.001734376
0.0033689737
0.0038188696
0.0030549765
0.0027332306
0.0015112162
0.0015082359
0.00022792816
0.0022275448
0.0014044046
0.0015450716
0.0034219027
0.0034160614
0.00069081783
0.002532363
0.000846982
0.0013518333
0.002595067
0.0016782284
0.003214717
0.0010387897
0.003722787
0.0016847849
0.0024459362
0.0031211376
0.0004518032
0.00017917156
0.0032638311
0.0010669231
0.0037993193
0.0018818378
0.003195405
0.0027977228
0.001262784
0.0028852224
0.0010557175
0.0021483898
0.0012693405
0.0025907755
0.00084769726
0.0026421547
0.0013189316
0.0013606548
0.0027689934
0.001337409
0.0011389256
0.0009659529
0.001016736
0.003801465
0.0015776157
0.0014770031
0.00051915646
0.003460765
0.0020946264
0.0020496845
0.0023880005
0.0019489527
0.00073730946
0.0002529621
0.0012922287
0.0017715693
0.0040693283
0.0015950203
0.0009883642
0.0021324158
0.0008585453
0.0012791157
0.0010581017
0.0019078255
0.0036289692
0.002269864
0.003368497
0.0014255047
0.001081109
0.0025262833
0.0012856722
0.0023733377
0.0020341873
0.0048359632
0.0020775795
0.00060868263
0.00065517426
0.0023492575
0.0022485256
0.001275301
0.0029911995
0.0010304451
0.0035477877
0.00010418892
0.003494382
0.0025770664
0.0009036064
0.005288601
0.0005309582
0.0013215542
0.0012550354
0.0010515451
0.003729105
0.004012704
0.0029591322
0.0016547441
0.0025342703
0.002539754
0.0024374723
0.0013668537
0.0009074211
0.0002875328
0.0022938251
0.0008928776
0.00039625168
0.0020617247
0.0014364719
0.0038442612
0.0009036064
0.0007945299
0.0017950535
0.0016496181
1.1920929e-05
0.0022302866
0.0035419464
0.0015506744
0.0004943609
0.00095021725
0.0005823374
0.004025936
0.00080788136
0.0019421577
0.0022131205
0.0030378103
0.0007766485
0.0018595457
0.004635215
0.0018882751
0.0019313097
0.0022528172
0.0037938356
0.0021885633
0.0008183718
0.001403451
0.0023041964
0.0022121668
0.0008555651
0.0018122196
0.00068187714
0.002600789
0.003553629
0.0027632713
0.0011808872
0.00052022934
0.0008816719
0.0023696423
0.0031576157
0.0012520552
0.0025538206
0.0021139383
0.003101945
0.0017728806
0.0013102293
0.0019375086
0.0015817881
0.0007227659
0.0011249781
0.0013684034
0.0025672913
0.0019234419
0.0005018711
0.0014584064
0.0008261204
0.0057811737
0.0003170967
0.0018794537
0.0037682056
0.0014097691
0.0027474165
0.002010107
0.0014845133
0.0047547817
0.0010635853
0.001462698
0.0005121231
0.00111413
0.0010889769
0.0012562275
0.001624465
0.002276063
0.0024939775
0.0027221441
0.001616478
0.0019248724
0.0022956133
0.0005327463
0.00081157684
0.0010275841
0.0011513233
0.0062092543
0.0008622408
0.0012472868
0.0022314787
0.0012950897
0.0016121864
0.00013422966
0.0012867451
0.0033648014
0.0012364388
0.0019130707
0.0023053885
0.0007365942
0.0016005039
0.0019670725
0.0015377998
0.00091934204
0.0015100241
0.00071179867
-4.7683716e-07
0.003729105
0.0021525621
0.0014020205
0.00093603134
0.0014154911
0.0010609627
0.004324436
0.0018037558
0.0013004541
7.343292e-05
0.000541687
0.0012089014
0.0022416115
0.0023493767
0.002260089
0.0026447773
0.0034610033
0.0029884577
0.0012592077
0.0063518286
0.0018223524
0.004242301
0.0022678375
0.0006197691
0.0004297495
0.003103137
0.001234293
0.002329111
0.0006186962
0.0016481876
0.0019384623
0.0024790764
0.0025960207
0.00014269352
0.0012186766
0.0022417307
0.0014134645
0.0018240213
0.0004975796
0.0013221502
0.00044107437
0.0002001524
0.001819849
0.0009754896
0.0012497902
0.0027099848
0.0035072565
0.0022634268
0.0041390657
0.0007275343
0.0016863346
0.00067031384
2.503395e-06
0.0013935566
0.00043976307
0.0022588968
0.0009952784
0.0026357174
0.002410531
0.0042927265
0.0017994642
0.0009996891
0.0019638538
0.001431942
0.0017219782
0.0018260479
0.0012481213
0.0015214682
0.00028526783
0.0005903244
0.0037956238
0.0042191744
0.0007843971
0.0027800798
0.003941536
0.0016875267
0.0018514395
0.0019209385
0.001470685
0.00090408325
0.0009790659
0.0037527084
0.0027134418
0.0023126602
0.0014756918
0.0026135445
0.0016139746
0.0010205507
0.001770854
0.0008317232
0.0025924444
0.0023629665
0.0018312931
0.0009863377
0.00072979927
0.0011079311
0.0029996634
0.0020136833
0.002499342
0.0011287928
0.0023171902
0.0030788183
0.0008330345
0.0010249615
0.0017290115
0.0030128956
0.00096929073
0.0016891956
0.0021307468
0.0019913912
0.0005016327
0.0022171736
0.0015798807
0.0005195141
0.00026750565
0.0017246008
0.0013262033
0.0029108524
0.0032299757
0.0013730526
0.0003284216
0.0014082193
0.0013074875
0.0008831024
0.00081276894
0.0018776655
0.00046932697
0.0019418001
0.00045526028
2.169609e-05
0.0024063587
0.0005185604
0.0019272566
0.0015759468
0.0013961792
0.0012036562
0.00021231174
0.0016180277
0.001824379
0.0024518967
0.0024001598
0.00073719025
0.001175642
0.001921773
0.0007699728
0.0011183023
0.0015996695
0.0023988485
0.0018423796
0.0020791292
0.00029969215
0.0014656782
0.0014964342
0.0019683838
0.0041954517
0.00064492226
0.0025542974
0.004570961
0.001021266
0.0011191368
0.004173994
0.0012894869
0.0020929575
0.001090765
0.003062129
0.00059354305
0.0018597841
0.0013519526
9.3102455e-05
0.0017904043
0.00079774857
0.0025599003
0.000338912
0.0021156073
0.00103724
0.0014925003
0.0021470785
0.0015217066
0.003173709
0.0010228157
0.0007480383
0.0005670786
0.0015336275
0.003068924
0.0010994673
0.002003193
0.0032362938
0.0014944077
0.001824975
0.0006581545
0.0023208857
0.0025634766
0.001069665
0.003295064
0.0022028685
0.003370881
0.0019032955
0.0031404495
0.0014458895
0.00036406517
0.0006892681
0.0029079914
0.000864625
0.0024187565
0.0011399984
0.0014696121
0.0016671419
0.0015687943
0.0026122332
0.0002771616
0.0017437935
0.002477765
0.0019015074

0.07794964
0.06289923
0.08596027
0.095497966
0.074840784
0.09157467
0.061254025
0.07066405
0.063712835
0.0735383

