1.6393249
1.748797
1.166104
0.6875086
1.2647731
0.8427782
2.228973
0.63649595
1.114198
0.8048364
2.7648315
1.0911912
1.2553291
0.5595015
1.671886
0.56754935
1.9854774
1.6436884
1.6349643
1.0054557
2.3018281
0.88265
1.4941782
1.0421649
1.1043074
2.1293502
0.20828247
0.75693595
1.4945321
2.2155333
1.835805
2.3464127
1.537016
0.27751613
1.9008331
1.0223203
0.37891984
0.8943511
1.0344739
1.1483142
1.2290239
2.6423087
0.5329411
1.4803777
2.12738
0.99470305
0.43004072
1.3308418
0.8414488
0.70383227
1.8451934
1.2442737
0.8199861
0.5458814
1.3749062
0.95017576
1.7187957
1.3689644
1.1099021
1.4266016
1.5318003
1.003321
1.5843042
2.0432315
1.2539191
0.5714569
1.1876701
1.4359707
1.4824007
1.2248499
2.5588584
1.4116906
1.0041422
1.576359
1.0594791
2.4077797
2.0977776
1.6130877
1.8136168
0.80786884
1.8073921
1.2300777
1.6900694
1.107062
1.14658
0.73648655
0.65765476
0.983595
1.8310629
1.462184
1.1742053
2.2535462
1.036705
1.4279566
1.7579522
1.8230884
1.7573943
1.4743615
0.93222535
1.334884
2.9393892
1.1408842
1.3172472
1.6413456
0.84783125
0.45364082
1.329715
0.82417655
1.3075997
2.5364797
1.1946244
0.5914438
0.5679076
0.31767416
0.22688901
1.3107945
1.622303
1.2569741
0.90764785
1.4671583
1.0977436
1.8037746
1.6393503
0.91592634
0.097348094
1.2434741
2.0350308
1.3823539
0.35745227
0.7147746
1.0980858
2.080698
1.0185882
1.1423874
0.9325409
0.8326545
2.0115743
0.6623162
0.7432722
1.8414552
1.0442888
1.2971251
2.1396956
2.1701932
0.57707155
1.5078201
1.7110677
0.85486364
1.989464
1.6587005
1.014367
1.2943577
1.5016516
1.4299601
0.36152887
1.0634371
1.2444165
1.4691657
1.5031042
1.6716986
2.3249817
1.4818445
1.7205966
1.0430124
1.2995697
0.7174556
0.92703795
0.8286351
2.017111
2.1133137
0.7787888
1.6391977
2.019875
1.9232888
1.6449852
1.3099027
1.7571491
2.3988488
0.6908976
0.62535167
1.8100473
1.4439852
0.698838
1.4954884
1.5107988
0.9973687
0.6786407
1.7343216
1.6470761
1.4269811
1.0315696
0.26553023
2.1789308
1.7765448
1.7018298
1.8885744
1.6162317
2.1611605
0.93507004
2.1418614
0.72525907
1.4585259
0.7301873
1.5695252
0.24669945
1.934478
1.2448792
1.2276096
1.7531989
2.3127108
0.510576
0.99558127
1.0983571
1.3068866
2.5524669
0.37056088
1.6789795
0.65278876
1.9598285
2.1737506
1.1234314
0.91015947
1.0371127
2.0869713
1.6009623
1.2361461
0.6162931
1.2709814
1.6114943
0.91492045
1.1914366
1.3820701
1.4572446
0.79535234
1.1176008
1.4029529
1.7979138
3.1725488
0.41118586
2.1114547
2.548295
0.6535107
2.337175
0.84829235
1.3902558
1.1849965
1.5280571
2.0340443
0.8901373
2.2178473
1.921001
1.7539145
2.2064638
1.2729157
0.91353655
1.248607
2.015233
0.94486225
1.3668208
0.9510108
1.5892721
1.5146424
1.945017
1.5647421
1.1636435
1.9005885
0.79995847
1.5968499
1.9134984
2.1521215
2.0451303
0.74603534
1.475223
0.4549302
1.8471559
0.89937186
0.8669386
1.2626047
2.1136184
1.2779691
1.2678684
1.0851508
1.7244679
2.6095715
1.577872
1.1592615
1.1132526
1.0222608
1.1471938
0.18594337
1.7900822
1.1632013
1.7668215
1.1387355
0.76173306
1.092106
1.3036007
1.3592441
1.2364899
1.1654819
2.0453322
0.8418149
1.6512142
1.2368942
0.4155259
1.2077097
1.3811239
1.4478457
2.305758
0.51096904
1.1589117
0.7992555
0.86485696
1.2334813
1.8472669
2.2950253
1.2224985
0.55152
0.37647796
1.7669474
0.77222025
1.2775993
0.9118581
0.4442315
0.5235323
1.3708416
0.35165405
0.601704
0.4638567
1.4288137
0.7010499
0.7917787
1.8109494
1.0779332
2.2733166
0.90114796
1.875721
1.344855
1.5392812
1.4619527
1.3918082
1.7435001
1.532798
2.3160331
1.4984535
0.8655088
1.783335
0.30242062
1.2567884
0.9671223
1.3279741
1.315099
1.6886507
1.8913263
0.89484966
1.7399778
0.7654437
1.2672657
1.4464195
1.441711
1.7030238
1.3626244
1.2180773
0.9671141
1.2296386
1.5840424
1.1082772
1.5268393
1.5628644
1.5110649
1.0962843
1.3056026
1.4990914
2.8028033
1.7744368
1.5697243
1.3281872
1.1082368
0.9582714
0.8446021
1.528413
2.5078273
2.0190678
1.0212803
0.9892876
1.4981943
1.1386787
0.6676222
1.9643852
1.5250705
0.8919766
1.7530824
0.80484605
0.034313202
0.7252284
1.4252316
0.32680535
0.8354018
0.46624875
3.2804751
0.48434424
1.09338
0.15584731
1.7646574
1.2715871
1.3077536
2.1201801
1.112993
1.417349
0.7230905
0.5802326
1.2156653
1.2242095
0.7999929
0.6930872
1.1258078
1.7338454
1.1867149
1.217651
1.2250861
1.092763
1.3961118
1.3678641
1.7106217
1.5070577
1.6270276
1.9551297
1.5894654
1.4502461
0.9543191
1.4338367
0.9423456
0.43806398
2.1388512
1.3046535
1.7996814
0.9564588
2.607877
1.5020577
1.8731542
0.79455507
0.959537
1.2551857
1.4351429
1.4592758
1.574675
0.56920385
0.9091625
2.9701505
1.2999071
0.6864008
1.1433145
1.0979489
1.0460414
0.95893514
2.3373547
1.351779
1.2448289
0.4249916
1.6158763
0.8849511
1.0414517
1.0771521
1.3851007
1.0687627
1.209621
0.80789113
1.1123159
0.97574544
1.7432166
0.73677444
1.0502996
2.3431544
0.6098319
1.8710531
1.7657838
0.47185874
1.159522
1.3599439
1.7492689
1.1637453
0.92524207
0.8615607
1.4906697
1.570017
0.8093481
1.9123367
1.6737072
1.0233743
2.3184323
1.347675
1.0561491
1.1795604
1.2835109
0.91367245
1.7190626
1.2332287
0.8817214
1.7294871
1.3424952
1.0753077
1.2207477
0.8898616
0.97567225
0.8797703
4.035543
1.8643751
1.3214127
1.2025809
1.6121237
1.5349957
1.4168656
1.528723
1.0329447
0.23836243
0.9904839
0.9190291
2.4518967
1.00702
2.553609
0.7714057
1.8642408
0.95457697
1.6608704
0.70469046
0.85254383
1.20005
0.7905263
0.9592632
1.6665285
0.78476167
1.4407359
1.5468585
2.449035
1.3390234
0.97543657
0.333768
1.9398892
0.9446244
4.051026
1.8431885
2.4174252
1.3427998
1.3540217
1.4188217
0.61252236
1.1294129
1.9070814
0.32683766
0.6231805
1.2641116
0.7964879
3.031465
1.9317099
1.5491524
1.8949518
0.74904704
1.2934904
3.1614366
0.94961464
1.5615922
1.3787533
1.752402
1.7348428
0.49521327
0.62195134
1.7481774
0.6794579
1.4524169
1.4229184
1.583778
1.1863647
0.7440804
0.9189737
0.56268203
3.7287705
1.3424267
1.6398858
2.4141154
1.0185119
1.7061518
0.46607327
2.2899446
1.7768259
1.0089331
0.13278985
0.8974954
2.9652207
2.2092156
2.8262312
1.7165102
1.8548298
1.8407247
1.0043212
1.1657544
0.45710313
1.6599143
1.1668382
1.2384664
1.2119309
0.9797065
2.2645955
1.3722427
1.1743501
2.1516097
0.5693654
1.4001538
1.354404
1.8052567
1.8634987
0.5786698
1.7776514
0.93931544
1.1567688
1.4823862
1.4012176
1.5947021
0.69078207
1.374888
1.0960573
1.1340214
1.8528426
1.0769079
2.5822225
1.2304955
0.77299154
1.5188829
1.2538344
0.6088263
0.57925117
1.995876
2.0826116
0.09789693
1.2673836
0.3187883
1.4874879
1.1766373
0.88958025
1.5036443
2.344286
0.99340355
0.8617488
0.8689307
1.0529621
0.8190652
1.0093818
0.8298261
1.1248143
1.1746552
0.32971072
1.2390853
1.2000928
1.2558218
1.6273144
0.7702855
2.2322779
0.795895
2.6100545
1.4003056
0.22373533
0.80180776
1.0751784
2.0492744
0.9890225
3.1244898
0.7220094
1.2270277
0.97437274
1.2618529
1.0954626
2.840998
0.055374146
0.32074916
2.286076
0.6549208
1.8179686
1.8371117
2.6104136
0.1419965
1.2078409
1.0116694
1.2968942
0.9548929
1.2283537
1.4199958
2.6658728
1.3488182
1.8830111
1.745958
1.6422958
0.99265325
0.88426936
1.4138396
0.5406245
0.9350152
1.8000911
0.39163566
1.3639904
2.186442
0.81853414
1.230871
0.8805126
1.3787057
1.9071755
1.5353394
1.6230322
0.77356863
0.371266
0.7681396
1.2179544
1.6503205
1.5902061
1.3772385
1.2200778
1.2450421
1.4034764
0.7314317
1.1256448
2.6096442
0.9291109
0.92403626
3.0132153
1.2498963
1.0995136
1.5950532
1.451052
1.3491955
1.6902405
1.9485705
2.4458647
1.9111133
2.0159006
1.1720337
3.10919
1.1012824
1.5807188
1.0585142
1.1019492
1.7496592
0.28989327
1.377867
2.1004045
1.0053893
2.0279782
2.1671176
0.84066343
0.8009316
1.1921535
1.626409
2.2684512
0.18907034
1.4107637
2.2304282
0.34866714
0.6108968
1.7152908
1.2588104
1.236476
1.5566909
0.8304516
0.6282824
1.4485844
1.8278753
1.5817288
0.9299638
1.309864
1.9134254
1.1216929
0.6002768
1.8405921
0.59442556
1.3111885
0.5110346
0.87547874
1.9140571
0.96906805
0.7251588
0.5548301
1.3840164
1.1572208
1.4084817
1.0574762
1.0128983
0.45936382
1.7093409
1.3110747
1.7283239
0.48566425
0.98728514
1.101661
0.82395816
2.4088197
0.62856865
1.1251595
0.40508938
0.49285448
1.2630997
1.2209666
2.429357
2.0881393
0.96825266
1.0083208
0.9836936
0.33822763
0.49958527
1.4572895
0.9661056
1.9306245
1.3342389
1.5977813
1.6345501
1.6292422
1.7632045
1.3045729
1.0860717
1.0194532
1.9406354
1.4081072
1.6948004
1.9275051
1.010711
2.5564947
0.89976907
2.449648
0.5179763
1.4910084
0.970284
1.7739284
2.7942295
1.577409
1.3473715
1.1367934
1.4816535
1.2304511
1.373574
0.7512529
1.1618131
1.3020285
0.99269783
1.4391443
1.8851211
1.4182357
0.69190836
1.9879574
0.74366415
1.3572706
0.44340277
1.1938792
0.14705205
0.8112873
0.9862169
0.80276394
1.9312199
0.7477386
1.579729
1.2182894
1.0781014
1.5800009
0.8730465
0.99504447
1.2517302
0.9445524
0.8116343
1.7500185
2.9654489
1.8584812
0.6194092
1.243656
1.3825386
0.9500109
2.6102128
0.88230014
1.7000817
1.1211758
2.0858464
1.3897163
1.399113
1.7464684
1.9824109
1.5389321
1.2575085
1.1799546
1.1406307
2.1293306
0.4313736
0.9201151
1.9643855
0.747013
1.3050046
0.93159366
0.6436318
1.3134075
0.5742804
1.608409
1.7707169
1.1850861
1.1783203
1.4056908
0.8643658
0.93862736
1.0644562
1.6368085
0.5012082
0.87529886
2.4633636
1.0693159
0.80671036
1.5947284
1.0928245
2.0377336
0.9328544
0.6094649
0.92172754
0.78026485
2.201851
1.4455764
1.3322544
0.87526536
1.3506588
1.8326707
1.5212213
1.2518373
1.0995023
0.99129283
0.33562708
2.098167
1.2054225
1.2277666
0.36097538
1.2483584
1.4319682
1.5628735
1.3921697
1.737049
1.5742923
1.7398324
1.7803103
0.98745465
0.804636
1.5974305
1.1168826
2.757012
1.5066224
1.0724893
1.2076439
2.3227267
2.3523111
1.5618613
0.77530885
0.9397317
0.88274455
1.2328045
2.185592
1.472343
1.6602385
2.7712178
2.051547
0.9513432
0.49161744
1.4645214
0.73673904
0.90033495
1.2529852
1.4579365
0.79574907
1.3378403
1.0223104
0.66701007
0.89837694
0.053821445
1.4545914
1.6261985
1.1863676
1.6548358
0.48372543
1.7939043
1.1878402
1.5630362
1.497119
0.8915914
1.3275185
1.1063751
2.921697
1.1677227
0.6048099
1.4983414
0.91218495
1.1925433
1.1949186
0.83823895
1.6891859
0.8979143
1.3521277
1.6406544
1.4182318
1.8227298
1.0729709
2.0505004
2.2261705
2.3177552
1.8239453
1.0573521
1.7435246
1.6689663
1.0925118
1.5647902
1.680235
0.88326156
0.960441
1.4727652
0.9770161
0.5626466
0.99361646
1.6392403
1.3445768
2.1281877
1.6886976
1.7532501
0.9481
0.9406558
1.5606188
1.4195693
1.1846852
1.1996309

15.883909
19.658772
21.552914
22.662685
21.86999
22.018982
18.494148
22.648573
23.331476
25.559866

