0.1962508
0.570552
0.37543046
0.3083936
0.84977865
0.72771215
0.30641317
0.2025392
0.28788114
0.42860448
0.37578452
0.43403745
0.7797911
0.22982836
0.3197472
0.26696455
0.3200339
0.21277213
0.20456696
0.5976362
0.60688794
0.68465173
0.5371263
0.23135841
0.47825027
0.737749
0.5322242
0.4546603
0.6194438
0.16140926
0.64583695
0.33722842
0.41730094
0.10095966
0.25842953
0.15189815
0.33725595
0.37737036
0.4138918
0.67154825
0.5665722
0.2322799
0.602358
0.37619758
0.46992207
0.3803965
0.6206529
0.43318665
0.5269617
0.52650106
0.7401711
0.5343492
0.7404134
0.32200134
0.5574956
0.48636365
0.64571023
0.37647283
0.59565294
0.28520048
0.20228362
0.20202827
0.35648322
0.98544276
0.2839402
0.24953234
0.5113832
0.8784232
0.788329
0.60841835
0.4048773
0.34179568
0.35964227
0.52516985
0.25636184
0.59131694
0.33487678
0.4833312
0.4418199
0.12696028
0.3139814
0.7475263
0.51552474
0.20121181
0.2852844
0.32115066
0.41052806
0.74779034
0.49374104
0.18343687
0.83856547
0.15066493
0.7581997
0.8313209
0.41956532
0.32458687
0.7752392
0.41288662
0.7792672
0.5210898
0.16594386
0.55510473
0.5638304
0.17616904
0.36778414
0.44913518
0.2920822
0.53962433
0.46790683
0.42543602
0.60168624
0.6612376
0.3487413
0.55518293
0.052266717
0.52425516
0.3428042
0.4098456
0.3197428
0.2572558
0.3740815
0.21896148
0.5955522
0.51873314
0.46788263
0.06402171
0.2824248
0.74677193
0.7944665
0.47940683
0.28672504
0.2934153
0.54951906
0.44427264
0.4645927
0.33105016
0.5414094
0.16721737
0.28757012
0.6047746
0.8960148
0.2974136
0.60721517
1.1468369
0.12039268
0.5364413
0.20589519
0.6158308
0.5425521
0.52153087
0.7434355
0.35304022
0.42689013
0.2977568
0.7179415
0.44640768
0.46116185
0.6854223
0.3168099
0.8946675
0.07817638
0.65277576
0.6237304
0.84315157
0.31125975
0.59324
0.8235197
0.44284523
0.25481963
0.31922305
0.523494
0.5083251
0.5903616
0.29774535
0.77421665
0.59223664
0.42976904
0.58353317
0.26039124
0.3482542
0.219756
0.44876444
0.43678308
0.32972193
0.5543386
0.40716565
0.36222363
0.4828906
0.63310015
0.395388
0.73702526
0.63763976
0.64916253
0.06321037
0.44915295
0.20656359
0.35880256
0.8614671
0.63462317
0.4769479
0.5012635
0.2795142
0.50264823
0.20835209
0.6347188
0.62958467
0.3756907
0.8120297
0.7449881
0.3996389
0.40526092
0.5212759
0.31590438
0.92418706
0.057578206
0.11875725
0.5485443
0.34108496
0.1934607
0.40393686
0.34108067
0.47555697
0.00359416
0.5317584
0.33709216
0.4619975
0.2772658
0.28322065
0.49802434
0.53006434
0.421692
0.30454278
0.19074965
0.0817337
1.0632071
0.36145473
0.33838677
0.7466403
0.08914566
0.55664396
0.44856012
0.2709638
0.4454248
0.41784954
0.22834623
0.38783026
0.34544837
0.3150462
0.10531938
0.19146109
0.82654345
0.37309885
0.5472429
0.8083372
0.2336899
0.33931637
0.11487675
0.3306824
0.3314414
0.8126826
0.8460982
0.18058538
0.5369446
0.47938144
0.35948193
0.44529307
0.22532272
0.8069557
0.24903727
0.6911253
0.30175817
0.3690194
0.08834553
0.67159784
0.123457074
0.40268314
0.39928734
0.4405582
0.21237671
0.09555018
0.7024189
0.4389137
0.5489032
0.213117
0.3259641
0.47980273
0.48614705
0.37758887
0.47858775
0.60751367
0.4830581
0.118193746
0.3097844
0.467286
0.4525422
0.4945953
0.310053
0.053734064
0.41885507
0.217139
0.6255094
0.017423868
0.6560055
0.3580129
0.1631695
0.7754077
0.38216925
0.42652392
0.61442864
0.2811432
0.44964027
0.5745244
0.21381378
0.679463
0.5133724
0.42373776
0.41413713
0.5305264
0.2651025
0.913569
0.6078
0.45773196
0.57858896
0.56370616
0.43582022
0.61755705
0.41933823
0.7468965
0.78326106
0.25703037
0.3539964
0.6203767
0.93037474
0.17565048
0.5006975
0.56032634
0.096839786
0.59464085
0.23272097
0.8946568
0.46345687
0.31281853
0.31784117
0.44219148
0.2889967
0.60948074
0.36522317
0.12935674
0.083262324
0.22616494
0.6434839
0.5633607
0.41085172
0.37880552
0.4699669
0.6450329
0.17462349
0.23198295
0.39598918
0.030667543
0.5569987
0.6158043
0.7109103
0.35349834
0.10659397
0.06170547
0.3578632
0.33210707
0.50699496
0.64577127
0.7328459
0.64226496
0.27276325
0.6649866
0.41018248
0.6048621
0.2928028
0.41806614
0.72305036
0.41047263
0.5413438
0.62861526
0.7371342
0.25645363
0.18253994
0.86880124
0.721275
0.54361427
0.48350263
1.0900723
1.0578233
0.08939791
0.4380474
0.4986776
0.7817391
0.718714
0.25178015
0.643255
0.5376283
0.6330619
0.6332289
0.30750275
0.27543724
0.2886573
0.63602567
0.45134556
0.4563222
0.4164256
0.53885007
0.29828405
0.59959185
0.6406318
0.1955849
0.28954005
0.48867333
0.42517614
0.7319863
0.47875452
0.28955626
0.27699196
0.29197013
0.12599337
0.33791673
0.5940758
0.79318535
0.29605746
0.15646029
0.6935371
0.67664456
0.036144137
0.33712935
0.06830621
0.41257763
0.20699775
0.5461594
0.37317216
1.0561811
0.14719045
0.5454426
0.80761755
1.285894
0.67849815
0.7266232
0.4220202
0.47287714
0.52485013
0.38660324
0.38766456
0.43518925
0.34501708
1.4314891
0.67436016
0.27114105
0.49166167
0.29162586
0.6341063
0.557667
0.39111722
0.50058854
0.6746837
0.31859672
0.4518677
0.3154993
1.2035363
0.79209435
0.5683509
1.0324115
0.42724693
0.55628073
0.53948474
0.45767593
0.44521987
0.4307598
0.28018594
0.50312054
0.5625578
0.55623364
0.4726628
0.6065328
0.29220617
0.17844021
0.07790625
0.8292223
0.48917675
0.16082335
0.2849015
0.13155317
0.5251038
0.4328574
0.63076305
0.66106546
0.08062947
0.45589328
0.53982687
0.37327552
0.33607805
0.58384573
0.48093367
0.08316553
0.5779674
0.5899458
0.45014977
0.48040128
0.115651965
0.039061666
0.349563
0.24066317
0.45599365
0.54293275
0.6402191
0.4523636
0.6208856
0.48547673
0.09221268
0.08102691
0.3511932
0.37362182
0.3237536
0.7134166
0.28956127
0.54477465
0.16212344
0.823949
0.37546575
0.3113309
0.47617865
0.5552455
0.73726976
0.48312902
0.36357236
0.6338153
0.2922572
0.4258362
0.51419353
0.39990175
0.32798862
0.362733
0.34745383
0.16307425
0.35870147
0.4295956
0.5103173
0.34259403
0.083016396
0.42295206
0.2951008
0.54886997
0.7405102
0.528613
0.7379813
0.48349273
0.33067572
0.5096388
0.82845426
0.11248052
0.28185022
0.1550343
0.12875092
0.74874413
0.37517428
0.5803963
0.922523
0.79792774
0.4389205
0.28794658
0.2887057
0.321797
0.23949766
0.03533125
1.0391021
0.445655
0.43483055
0.5727323
0.102926254
0.31694555
0.79195094
0.852087
0.48363757
0.870504
0.79984
0.2787918
0.46776676
0.3288176
0.6001574
0.5464381
0.15428042
0.57558024
0.48339558
0.30498242
0.41229844
0.27527666
0.56063926
0.46542144
0.818133
0.35570598
0.1067214
0.20851529
1.0288547
0.79967606
0.62856233
0.6259843
0.028838754
0.31621158
0.3702886
0.4977491
0.58746934
0.36005938
0.3935101
0.33747566
0.79747057
0.39149702
0.28912747
0.25637436
0.60796404
0.5053128
0.6475879
0.3118831
0.50396204
0.46197808
0.09314823
0.66552997
0.87831426
0.2866559
0.35967064
0.3979218
0.21529305
0.3168218
0.5114119
0.44072497
0.18014622
0.49748194
0.15963686
0.3305142
0.5190066
0.2153554
0.24829412
0.29282868
0.39706612
0.518999
0.31564605
0.22544181
0.60225964
0.27524006
0.5037248
0.43375373
0.34272742
0.20102072
0.4977504
0.26471877
0.34067762
0.020069838
0.48642516
0.24121273
0.27017343
0.62320423
0.5322927
0.45816076
0.44021714
0.5557599
0.7387414
0.41907692
0.52661824
0.34794188
0.69579875
0.20401871
0.35366607
0.41736615
0.7520472
0.39172602
0.3700658
0.34751248
0.25266254
0.24940896
0.31708574
0.4401672
0.21423972
0.45425594
0.4223417
0.46287298
0.21901953
0.25330353
0.5438361
0.25048745
1.1233964
0.18394756
0.50515807
0.565487
0.47652006
0.20146012
0.51594055
0.42487967
0.3925662
0.37342596
0.625056
0.13699639
0.6285652
0.5687032
1.0355511
0.22086906
1.4259735
0.77028215
0.35116994
0.16886806
0.52845705
0.39463818
0.6895741
0.8045473
0.3574847
0.4162836
0.33708513
0.42749405
0.16825604
0.5227058
0.6570504
0.57048297
0.40976083
0.21051955
0.302145
0.54468346
0.28240764
0.13718438
0.31049776
0.60196924
0.665974
0.6459012
0.6401205
0.9332354
0.31612396
0.42240477
0.266379
0.025523067
0.1561892
0.24496889
0.25712168
0.40162635
0.40050733
0.5618031
0.7315688
0.05264139
0.11565089
0.6451051
0.42014027
0.6587975
0.30537736
0.392982
0.59335744
0.4829855
0.57669353
0.012658
0.23912358
0.63512516
0.24518287
0.4811442
0.40746045
0.22171867
0.14871621
0.3308339
0.106138945
0.9242176
0.32618082
0.37840462
0.5074837
0.8904555
0.79704046
0.39158952
0.28146338
1.0737646
0.4995947
1.4598366
0.26687706
1.0506885
0.50571513
0.5941795
0.18266761
0.17215312
0.32724106
0.23158467
0.7524117
0.4455675
0.23134923
0.53120744
0.5198822
0.37739503
0.4510548
0.5258231
0.463279
0.2698921
0.32038224
0.9055188
0.30531907
0.72950196
1.0450654
0.26341498
0.36191022
0.6334902
0.6746347
0.34814978
0.15337312
0.22019851
0.2329371
0.40828347
0.22816634
0.08201432
0.13160646
0.3826698
0.41085124
0.24888468
0.5186976
0.53085065
0.3795054
0.4502976
0.2304033
0.4889971
0.647293
0.56464946
0.6149882
0.6924052
0.55491984
0.38915014
0.83573544
0.39288116
0.41798675
0.32254183
0.16753471
0.5459416
0.22550046
0.4223932
0.07045901
0.73638475
0.4031316
0.5117954
0.5307255
0.39600432
0.6758027
0.3505063
0.4064256
0.23610163
0.6604332
0.18017936
0.42667544
0.2775849
0.35006797
0.9934863
0.31031227
0.44675803
0.18792188
0.2799021
0.5098995
1.152804
0.3699267
0.5562377
0.18321061
0.54545677
0.24013221
0.5088744
1.1575919
0.55461895
0.4869684
0.78209305
0.0996716
0.26957
0.19523752
0.31116843
0.41413224
0.38134825
0.7652335
0.5382557
0.065678
0.5288607
0.6260464
0.24201548
0.36682177
0.5028976
0.9355434
0.5222876
0.40751386
0.31147897
0.7004181
0.082813025
0.45218337
0.2462511
0.4827832
0.20640945
0.5174897
0.5362359
0.95790493
0.4061712
0.45241737
0.5354276
0.9924449
0.20697284
0.30945647
0.46349669
0.5879327
0.41460502
0.36956203
0.5126556
0.6403519
0.33943927
0.43019724
0.49102104
0.54439557
0.398937
0.6819495
0.18986952
0.547984
0.35546982
0.4332857
0.63509035
0.23213649
0.21343338
0.5715823
0.3854494
0.38160717
0.33896995
0.37451077
0.35394967
0.6407391
0.18457043
0.24794948
0.17411304
0.99839437
0.08392024
0.34867203
0.3168435
0.6763246
0.26653612
0.63804626
0.5720931
0.5403788
0.8010359
0.3547852
0.54182017
0.5605036
0.48541415
0.56773186
1.0645039
0.5434009
0.39292598
0.29950237
0.452767
0.51675284
0.6327746
0.29016197
0.59533393
0.55411386
0.2925421
0.3752712
0.39288712
0.35197246
0.23989022
0.2723198
0.38741148
0.26066267
0.124593735
0.48649096
0.49121106
0.29433024
0.40162468
0.5891483
0.5607494
0.57487047
0.6965445
0.19233966
0.4772694
0.2984414
0.47285223
0.42663848
0.43016398
0.9391171
0.18046737
0.5554749
0.8409041
0.3807788
0.267354
0.4740827
0.5167426
0.33064294
0.14811993
0.7829454
0.74880886
0.2957443
0.41333604
0.61287117
0.6565535
0.57016397
0.4757353
0.19120789
1.0021824
0.46717024
0.3322724
0.19783998
0.65136003
0.27536345
0.26850593
0.39946246
0.29654813
0.37439692
0.22229469
0.2769345
0.47086012
0.9643948
0.680668
0.6865053
0.587796
0.3072183
0.18769753
0.27292264
0.79690146
0.2537688
0.4298172
0.29506528
0.8276477
0.3213961
0.53753424
0.86017406
0.15194297
0.2961985
0.47491467
0.7423105
0.33318627
0.86495745
0.7172531
0.7814468

6.985182
8.766272
9.532629
10.087474
9.665428
9.718584
8.118873
10.118356
10.397781
11.5030985

