0.20634425
0.5979775
0.39904392
0.30927193
0.88239825
0.7725357
0.3018484
0.19372761
0.2980882
0.4531939
0.3797747
0.44217837
0.8271117
0.23742926
0.31875694
0.2795502
0.32247615
0.1963414
0.21147001
0.61607754
0.6175878
0.70751095
0.5627202
0.24257684
0.48299503
0.7513032
0.5255387
0.45441604
0.63404465
0.16639686
0.6652024
0.34342742
0.44016254
0.11076355
0.25835598
0.16521585
0.370849
0.38849628
0.4233235
0.69487727
0.583426
0.24465227
0.6494552
0.3784412
0.48298514
0.38560343
0.626099
0.45286644
0.5606723
0.5443411
0.7795
0.54133165
0.77088904
0.3294927
0.5819187
0.50080943
0.6655836
0.3626721
0.60972524
0.29453838
0.21203184
0.20704496
0.36136723
1.0461284
0.2794677
0.25011373
0.52188873
0.94353163
0.8180522
0.64304614
0.36972177
0.34788275
0.36032748
0.5593833
0.2685032
0.622913
0.34626567
0.49524677
0.45080888
0.13279533
0.29376638
0.7675303
0.5346261
0.21157777
0.30726528
0.31370223
0.42944372
0.7953764
0.50954735
0.19576836
0.8800291
0.1384995
0.77841735
0.87145877
0.41780674
0.32889175
0.78817594
0.42869806
0.7853726
0.54947066
0.1741786
0.5635816
0.58058715
0.16322827
0.38323152
0.4517889
0.29721856
0.5347072
0.46655
0.43073034
0.6266844
0.69664216
0.35903585
0.5797566
0.0452137
0.5309936
0.34225655
0.43357718
0.3144505
0.26540303
0.38450205
0.22396779
0.5847783
0.5305592
0.48507977
0.069438934
0.26208353
0.786916
0.8135612
0.47194052
0.32543433
0.31142843
0.57626057
0.44782782
0.4852066
0.32829428
0.5437715
0.17580748
0.2747804
0.6061646
0.9234719
0.30136585
0.6140294
1.261003
0.12688959
0.53671193
0.21603453
0.61319995
0.59077334
0.53863776
0.7948967
0.3556931
0.42939317
0.2995199
0.75161624
0.45648408
0.48325753
0.71302307
0.32975245
0.9344634
0.07410693
0.6989162
0.6418568
0.8591442
0.3223827
0.60961044
0.8747828
0.44361973
0.26761603
0.3174938
0.5509479
0.5287856
0.6356579
0.27883017
0.8084582
0.58979034
0.43173075
0.5911881
0.27633393
0.3524078
0.22621441
0.47693682
0.44610238
0.32848895
0.55221343
0.40202916
0.3759097
0.5038394
0.6481378
0.39506662
0.7796345
0.64982176
0.6647316
0.06580448
0.46229136
0.2084465
0.347188
0.8742031
0.61937284
0.49542177
0.50196695
0.28965008
0.52710605
0.21722889
0.6497568
0.66018176
0.39668
0.81457436
0.75457704
0.38395965
0.39317608
0.52445376
0.33023632
0.98420787
0.060111523
0.13315582
0.58534336
0.32839715
0.19802713
0.40949774
0.36036325
0.49801767
0.0028090477
0.53990877
0.3196386
0.47112882
0.27009082
0.28395236
0.50025904
0.5382863
0.43009531
0.3246287
0.19238901
0.08857751
1.1261965
0.35071397
0.34808707
0.787073
0.08718586
0.554739
0.42607665
0.27850747
0.45952392
0.43544936
0.23607421
0.3937478
0.35810876
0.3134551
0.100292325
0.19193876
0.8851254
0.38873637
0.56739306
0.8408834
0.24423921
0.34263504
0.12119496
0.3423264
0.347831
0.8378668
0.867941
0.18291509
0.56186616
0.50867546
0.39739466
0.45896995
0.22572398
0.8555901
0.25418782
0.6799252
0.30652344
0.36304426
0.09234464
0.73157346
0.1322552
0.42644966
0.39924133
0.44097567
0.20989192
0.10704327
0.72628534
0.4579147
0.57357574
0.21568692
0.3423667
0.48836505
0.47994936
0.39415407
0.4944209
0.6349149
0.48263657
0.12542081
0.30495942
0.47029102
0.46870422
0.513134
0.32973886
0.056627035
0.43963218
0.21882641
0.65154505
0.018633485
0.6744168
0.37553704
0.17232299
0.8040136
0.40070307
0.43042636
0.64554405
0.28613985
0.4583546
0.593102
0.2157718
0.71306574
0.52096534
0.38806117
0.4162084
0.5648415
0.27249753
0.97294617
0.63613284
0.46619546
0.5968697
0.58140314
0.45144057
0.62448335
0.41805255
0.760702
0.8075329
0.25860763
0.369689
0.6674814
0.9848826
0.18897903
0.52259564
0.5696242
0.10487342
0.6296929
0.24442446
0.8971963
0.47965539
0.32072604
0.33804214
0.45118272
0.27305293
0.64599276
0.3385446
0.1315639
0.091411114
0.23401546
0.6700591
0.56958723
0.42345154
0.40066755
0.45839846
0.65392375
0.16932237
0.23812306
0.40247238
0.030613303
0.5944514
0.65307987
0.7476976
0.3474399
0.11371505
0.06342149
0.37635124
0.33094752
0.52173483
0.6516532
0.7635001
0.70184064
0.27842224
0.6958171
0.436033
0.63320947
0.30664456
0.41238236
0.77708554
0.4174688
0.57791495
0.6503639
0.7812041
0.26107585
0.1805166
0.8618809
0.7357093
0.546059
0.50919664
1.154579
1.1197367
0.092487216
0.46754885
0.48082423
0.81125903
0.7626474
0.25423288
0.6779802
0.56101024
0.6511531
0.6637951
0.31809747
0.28232133
0.30002534
0.6778202
0.46739137
0.4546895
0.42816842
0.58235407
0.301538
0.6285821
0.65238357
0.19111633
0.29598296
0.49517894
0.4272158
0.76637447
0.48086262
0.28902733
0.28310096
0.30615067
0.123788714
0.334216
0.6131319
0.82837546
0.27290964
0.16777337
0.7213967
0.6800003
0.036446333
0.34862065
0.07634115
0.41934717
0.21205759
0.5658103
0.3828764
1.1040603
0.1469872
0.5647626
0.8157952
1.4223632
0.7142476
0.78078616
0.4284444
0.46716726
0.5433086
0.37319732
0.41707826
0.42874348
0.37481904
1.5610788
0.71751237
0.27993417
0.5012274
0.29755604
0.6677003
0.5770527
0.38422012
0.54492223
0.6990769
0.31287658
0.47741997
0.3360653
1.3427575
0.8708314
0.5936326
1.071728
0.43951714
0.57913566
0.5681665
0.4771186
0.4476521
0.43841517
0.29581642
0.5267819
0.60258067
0.59130704
0.48360014
0.6280246
0.29106092
0.19639492
0.08582544
0.8945172
0.5007609
0.16409469
0.2838241
0.13160801
0.53312683
0.45510495
0.66436064
0.7187089
0.085908055
0.47258544
0.5455711
0.3894868
0.338997
0.6013267
0.49756622
0.0960176
0.58905876
0.6001607
0.46981585
0.48213398
0.118712306
0.03589654
0.3488816
0.25344026
0.46713507
0.55902183
0.6603732
0.47999036
0.64912665
0.52066267
0.096801996
0.08445811
0.3609587
0.3993373
0.33605146
0.74188316
0.3052827
0.5774293
0.1724441
0.8613255
0.38869953
0.324741
0.499833
0.5768881
0.761832
0.5271375
0.3679508
0.66690934
0.2969253
0.471071
0.5434902
0.430485
0.35026205
0.3714764
0.33977354
0.17505026
0.3662616
0.45192647
0.5293217
0.36104846
0.08654904
0.44850945
0.31176937
0.5655652
0.7804848
0.557742
0.7432071
0.4927672
0.34260046
0.50444007
0.87256086
0.11114895
0.27420473
0.16421068
0.14437342
0.78020036
0.38584507
0.5981616
1.0322037
0.84941494
0.44461477
0.28725505
0.30416143
0.31764305
0.23088086
0.038387775
1.0815417
0.47453403
0.4383657
0.59614587
0.11017239
0.30321693
0.8309032
0.9001461
0.49915707
0.86044514
0.7755072
0.27051294
0.48128486
0.33776844
0.6223892
0.5753689
0.16957986
0.604859
0.5137756
0.30866325
0.42269945
0.28861356
0.57636666
0.4568143
0.8912183
0.36501682
0.11331272
0.21704423
1.0973353
0.8186257
0.6390493
0.61674714
0.021545053
0.31877255
0.3665167
0.50178134
0.6096952
0.35569453
0.39090633
0.36380434
0.82520604
0.38320565
0.28273618
0.2548741
0.6344956
0.53875625
0.6470045
0.32226837
0.5129001
0.47263134
0.09931767
0.68998337
0.9246644
0.2972852
0.37126505
0.41009378
0.22342455
0.32824683
0.5327538
0.43800712
0.17425239
0.5211921
0.16302466
0.34538007
0.5273806
0.22804248
0.25159717
0.3015678
0.4115975
0.5316402
0.32309866
0.23845243
0.6264448
0.28996074
0.5283258
0.44788945
0.336923
0.19640446
0.5045284
0.27412367
0.35007727
0.021109104
0.5144088
0.2567407
0.26681972
0.6292536
0.5473124
0.47559464
0.46319246
0.56105685
0.79090405
0.4080025
0.56364906
0.33955467
0.7253201
0.21170294
0.34747338
0.4355148
0.79560196
0.41382897
0.37319338
0.3594774
0.25597024
0.25407517
0.3263384
0.4594952
0.22996497
0.46642506
0.43127167
0.46236026
0.22443569
0.2599578
0.5521935
0.25603986
1.1427776
0.17973435
0.49014378
0.58674777
0.4897684
0.21162307
0.538129
0.44887984
0.41999912
0.3865732
0.6539537
0.14953637
0.6442795
0.59430516
1.0873891
0.2257582
1.5295886
0.79704356
0.36913347
0.1526748
0.5544965
0.3822819
0.73386884
0.8462025
0.37455297
0.43848693
0.34871018
0.43822742
0.15851879
0.52938366
0.67134035
0.6317158
0.38504982
0.22925365
0.3039769
0.5565623
0.28229344
0.1354593
0.3165412
0.61981404
0.64655244
0.6518394
0.6575351
0.9859152
0.3178488
0.44787645
0.266253
0.038622618
0.1530714
0.24408877
0.26004124
0.42308366
0.43101013
0.59824467
0.73162794
0.058232427
0.12301326
0.6615621
0.42946398
0.6752106
0.3221426
0.39980698
0.6217047
0.5013448
0.5932877
0.012906432
0.22354496
0.67678595
0.2406547
0.48911893
0.41585565
0.2270658
0.15723062
0.3488853
0.10320437
0.9689324
0.33510578
0.37838852
0.5314914
0.9059732
0.7956041
0.4021188
0.28668368
1.1060754
0.46650958
1.5423839
0.28717136
1.0956017
0.4975313
0.6076052
0.16250455
0.16950464
0.34113932
0.23511851
0.8060441
0.4460138
0.23749769
0.54404616
0.57114077
0.3851756
0.4751922
0.5697229
0.48183942
0.27629519
0.3414632
0.9260707
0.32041883
0.78313935
1.1418812
0.25989008
0.35926723
0.66022885
0.70490015
0.3438176
0.14796758
0.2275703
0.24769962
0.41681778
0.2384932
0.088137746
0.15002334
0.3999393
0.4365579
0.261868
0.5540173
0.54269814
0.38460267
0.4576472
0.22909498
0.50299585
0.6696154
0.5739584
0.63296723
0.7385874
0.5588242
0.39227903
0.8876476
0.42460227
0.42657006
0.32050967
0.16035259
0.55771434
0.25123823
0.4224372
0.0679183
0.751492
0.39890683
0.50632715
0.5055655
0.42125022
0.7186513
0.3626734
0.408404
0.23846805
0.6997678
0.19080102
0.45123494
0.27093017
0.3607254
1.038809
0.31507456
0.45050502
0.19813418
0.31219542
0.5357195
1.2695088
0.39269137
0.57002413
0.19642794
0.5580472
0.24345088
0.5298073
1.2118449
0.5747752
0.5113797
0.7955228
0.09973645
0.2776668
0.20941424
0.3245232
0.44349456
0.3610171
0.78924
0.545272
0.072393775
0.56635225
0.67388487
0.24869561
0.3761288
0.5378969
0.96571636
0.5589777
0.42322886
0.31953156
0.716943
0.09173095
0.45124626
0.25698793
0.52265346
0.20252478
0.5320395
0.56696534
1.0162556
0.41325128
0.46173084
0.548
1.043484
0.20345151
0.3127308
0.4923427
0.6201427
0.41054368
0.386508
0.51548004
0.6589484
0.35725272
0.4410833
0.4927863
0.59175444
0.4124303
0.69336665
0.19482982
0.56973994
0.3743353
0.44109166
0.646711
0.23676598
0.21452963
0.60131645
0.3894471
0.39440715
0.34150636
0.3860345
0.36286438
0.6809554
0.18457556
0.23915482
0.16889703
1.0027025
0.08521974
0.36569142
0.32353866
0.6859127
0.25407672
0.6893054
0.6058681
0.5785967
0.80220234
0.37141263
0.54508245
0.5673609
0.4801427
0.59580874
1.1221277
0.5611861
0.39865434
0.3173324
0.46505952
0.4904046
0.6439669
0.30054462
0.6224489
0.5922015
0.30314946
0.4035957
0.40271342
0.35018337
0.2550466
0.273929
0.39410162
0.2538159
0.12599134
0.49915826
0.4900478
0.3098861
0.41132712
0.6084708
0.57368386
0.59974504
0.7513218
0.20528185
0.4920293
0.29261732
0.48163497
0.4460907
0.4505453
0.99881065
0.17662692
0.5906887
0.8297001
0.39114654
0.27945995
0.49227345
0.5200075
0.3429216
0.15490532
0.8386154
0.7892324
0.2910322
0.4214698
0.63994515
0.69073737
0.5684792
0.49837494
0.20631194
1.0607989
0.5053204
0.34096372
0.21085572
0.68192923
0.2810961
0.2638371
0.39227712
0.30907202
0.38870382
0.22752964
0.28530204
0.4755324
1.0240439
0.7335869
0.73010385
0.6252153
0.30250454
0.19691205
0.2761346
0.8415023
0.27008963
0.43373728
0.2942741
0.89176893
0.32903838
0.5739901
0.9029565
0.15616381
0.3138851
0.4858446
0.77172256
0.33103085
0.9073925
0.74847054
0.8211062

8.68632
10.561501
11.66088
12.370166
12.026164
12.069607
9.963835
12.320656
12.646402
13.9629965

