0.904393366949062
0.9034262442654053
0.9024894708330369
0.9015818761852409
0.9007021441315118
0.8998492913128889
0.8990222558860793
0.8982199518652969
0.8974414843564903
0.8966859995642894
0.8959525422248434
0.8952403423428262
0.894548654407817
0.8938767059170207
0.8932237537266569
0.892589145157026
0.8919721878623208
0.8913723527749026
0.890788997151797
0.8902215597232712
0.8896694499873328
0.8891322765360373
0.8886094175930243
0.8881004472862761
0.8876049651578752
0.8871224618015783
0.8866525568421045
0.88619487756218
0.8857490225806494
0.8853145830551823
0.8848912293859396
0.884478644272133
0.8840765146676784
0.8836844748266598
0.8833022906340332
0.8829296103828912
0.8825661636488789
0.8822117849603328
0.8818660405508107
0.8815288367291658
0.8811998668717126
0.880878934216444
0.8805657479278378
0.8802601716673223
0.8799619744660214
0.8796709246858266
0.8793868572296668
0.8791096502882286
0.8788389908311894
0.8785748199049119
0.8783168805884519
0.8780651219599898
0.877819340937771
0.8775793393863828
0.8773450261569014
0.8771161531466043
0.8768927382044454
0.8766745405768698
0.8764615257451703
0.8762535606653415
0.8760503727579529
0.8758519790195073
0.8756582980726365
0.875469109621339
0.8752843381202021
0.8751039660041108
0.8749278233625002
0.8747557852116054
0.8745879369659317
0.8744239217419056
0.8742637185214668
0.8741074581649763
0.8739547372542767
0.8738057851938813
0.8736602448522813
0.8735182112954643
0.873379522295119
0.8732442201908073
0.8731122398347406
0.8729832902146379
0.8728574575756478
0.8727347345621095
0.8726150216279984
0.8724981678692757
0.8723842089494034
0.8722729574081592
0.8721645950088086
0.8720587923929785
0.8719556800197359
0.871855205431381
0.8717572264420521
0.8716616931417208
0.8715686983346589
0.8714779612496169
0.8713896659650257
0.8713035345261081
0.8712197381445689
0.8711381927410479
0.871058802242647
0.8709814848954871
0.870906323524775
0.8708332241878081
0.8707620062259569
0.8706928545365326
0.8706256771547215
0.8705602959775965
0.8704968828312175
0.8704352608618255
0.8703754411555464
0.8703173227352927
0.8702610037940002
0.8702063969657761
0.8701534888371845
0.8701021205690445
0.8700524638489971
0.8700044332646708
0.8699578592437149
0.8699128284153065
0.8698693294279225
0.8698273764217924
0.8697868022902869
0.8697476812818228
0.8697100283025198
0.8696736655602157
0.8696386802153653
0.8696050753610819
0.8695727708837931
0.8695416874121057
0.8695119826930118
0.8694834242329263
0.8694562523839452
0.8694301408574401
0.8694053420793134
0.8693816014154953
0.8693590884914693
0.8693376443983217
0.8693174381996757
0.869298299414082
0.8692801524986881
0.8692630849740893
0.8692470905106985
0.8692320941287753
0.8692181830111256
0.8692052703666004
0.8691932821887098
0.8691823057489898
0.8691722552632135
0.8691631377167485
0.869154960094408
0.8691476375718996
0.8691413369173094
0.869135814217002
0.8691312361510464
0.8691274393569637
0.869124510892756
0.8691224582820366
0.8691211982953467
0.8691207270209063
0.8691209856711547
0.8691221158662608
0.8691240468750014
0.869126630215761
0.869130019059455
0.8691341434185978
0.869138999916052
0.8691445191825591
0.8691508534997191
0.8691577783641731
0.8691654459752444
0.8691737758098929
0.869182776629009
0.8691923685229181
0.8692027144490609
0.869213592335114
0.8692252185821596
0.8692373718384271
0.8692502144695453
0.8692635909417268
0.8692774991623698
0.8692921008320907
0.8693072411235919
0.8693230053436601
0.8693393152648295
0.8693560931144676
0.8693734998094492
0.8693913819554943
0.8694098132749181
0.8694288030992388
0.869448274209423
0.8694683113260019
0.8694887624187987
0.8695097759452332
0.8695312751408057
0.8695531948698264
0.8695756942083357
0.8695985364333199
0.8696218805330128
0.8696457248710933
0.8696700047206817
0.8696946445789757
0.8697197914915885
0.8697453809761422
0.86977140062331
0.8697977864200435
0.8698246957230663
0.8698519061367724
0.8698795638848822
0.8699076676596118
0.8699360695200035
0.8699649261460626
0.8699940899334052
0.8700237171596447
0.8700536605528842
0.870083981335396
0.8701147002607346
0.8701457326941904
0.8701771613614308
0.870208840123463
0.870240985868085
0.8702733909697895
0.8703061994920879
0.8703392659630957
0.8703727341401623
0.8704064589010447
0.8704405224341338
0.8704748520568321
0.8705095908783504
0.8705446050850422
0.8705798941183956
0.870615446789809
0.8706513553582941
0.8706875369745755
0.8707240017091291
0.8707608097019641
0.8707977571739207
0.8708350679687111
0.8708725886404436
0.8709104713644569
0.870948573546192
0.8709868948529673
0.871025505716227
0.8710644160597565
0.8711034736342763
0.8711429004070653
0.8711824841938783
0.8712223760745421
0.871262424413844
0.8713028502487485
0.871343372044533
0.8713842002192109
0.8714252641648211
0.8714664235759455
0.8715078985690299
0.8715496187194655
0.8715915138814793
0.8716335838937146
0.871675898240909
0.8717184668081831
0.8717611399626396
0.8718041363001368
0.8718472471107334
0.8718905417265547
0.8719340301449047
0.8719777711818933
0.8720217055037767
0.8720657638538105
0.872110084209582
0.8721544594006333
0.8721990962130501
0.872243925468445
0.8722888883074782
0.8723340533773112
0.872379351845319
0.8724248522410956
0.8724704858614134
0.8725163211194717
0.872562299426228
0.8726084207264606
0.8726546750069905
0.8727011403984619
0.8727477485390047
0.8727945093054007
0.872841412707466
0.8728883907445855
0.8729355892408609
0.872982940104041
0.8730304432628518
0.8730780986484746
0.8731258385217371
0.8731736629886577
0.8732217846438942
0.8732699232420296
0.8733182237409046
0.8733666186554292
0.8734151656389122
0.8734638168516587
0.8735126298275436
0.8735616044822945
0.8736106064979459
0.8736597799457982
0.8737089906907589
0.8737583631816095
0.8738079070056254
0.8738574883539891
0.8739071742355179
0.8739570410743978
0.8740070124256936
0.8740570217054362
0.8741071453057501
0.8741574497860813
0.8742077924784196
0.8742582495868083
0.8743088211377237
0.8743594408263976
0.8744102509175264
0.8744610430514952
0.8745119499238978
0.8745630471834938
0.8746141364332576
0.8746654066064681
0.8747166690906194
0.8747680560515568
0.8748195674921888
0.8748711375796494
0.874922775869858
0.8749744730861803
0.8750262950726825
0.8750781855638055
0.875130200915679
0.8751821538373042
0.8752343067431696
0.8752865285586301
0.8753388194042697
0.8753911794010408
0.8754436086702655
0.875496042063517
0.8755486847842371
0.8756012666731726
0.8756539927746997
0.8757067887170079
0.8757595988089873
0.8758124882742833
0.8758654572043445
0.875918505691158
0.8759715689642916
0.8760247120684134
0.8760779350965753
0.8761311734118652
0.8761845010675118
0.876237844352231
0.8762913418100754
0.8763448551523321
0.8763983937027187
0.8764520221245663
0.876505676054723
0.8765593556860599
0.8766131255536116
0.8766669214225706
0.8767208077434497
0.8767747203663474
0.8768286594835375
0.8768826984242146
0.8769367000479513
0.8769908658044194
0.8770449305981084
0.8770991597016181
0.8771533612488444
0.8772076632953288
0.877261938188039
0.8773163048970015
0.8773707175514843
0.8774251673790816
0.8774796545399637
0.8775341791941845
0.8775886778958251
0.8776432233516399
0.8776978703658601
0.8777525008466229
0.8778072331062214
0.87786194918954
0.8779166493426098
0.8779714516732058
0.8780263017230684
0.8780810731101069
0.8781360190631141
0.8781908867644508
0.8782458028543071
0.8783007674614398
0.878355789448743
0.8784107971630009
0.8784658538365773
0.8785209053491986
0.8785760061334523
0.8786311650036102
0.8786863105401074
0.8787414516484322
0.8787965798808614
0.8788518295889409
0.8789070753690699
0.8789623174296698
0.8790176812277938
0.8790729164004141
0.8791282735812406
0.8791835652109298
0.8792389790471015
0.8792943277443561
0.8793497449987345
0.8794051599522789
0.8794605728096492
0.8795160546154669
0.8795714723741571
0.8796269593816127
0.8796824450004024
0.8797379379313737
0.8797934383490887
0.8798490000455933
0.8799045695267171
0.8799600849365257
0.8800156705415868
0.8800712024893131
0.8801268049097429
0.8801824159794283
0.8802380358702518
0.8802936647537398
0.8803492410067163
0.8804048968115726
0.8804605621036088
0.8805161753578621
0.8805718685303198
0.8806275100521056
0.8806832233841952
0.8807388322408648
0.8807945830866416
0.8808502830511293
0.8809059407090887
0.8809616791685833
0.8810173673750277
0.8810730138749056
0.881128741582883
0.881184489235632
0.8812401956966757
0.8812959224447958
0.8813516696190351
0.8814073761762714
0.8814631034995649
0.8815188517270832
0.8815744988195964
0.8816302975289043
0.8816859954848973
0.8817417150016748
0.8817974643882011
0.881853174656918
0.881908915095395
0.8819646167932811
0.8820203489595326
0.8820760427605743
0.882131767327202
0.8821874539021872
0.8822431715386148
0.8822988596519046
0.8823545791045367
0.8824102693708888
0.8824659831814649
0.8825216075821473
0.8825773850419275
0.882633012908745
0.882688673016476
0.8827443050139766
0.8827999695251322
0.8828556746713806
0.882911291785539
0.8829669418330357
0.8830225646059845
0.8830782205821605
0.8831337973271852
0.8831894075850214
0.8832449912607598
0.8833005564943885
0.8833561556536715
0.8834117366614479
0.8834673518446374
0.8835228290461283
0.8835784087252583
0.8836339029641377
0.8836894398800375
0.8837449596039086
0.8838004544199637
0.883855932384286
0.8839113936584786
0.8839668384037274
0.8840222667808025
0.8840777387347825
0.8841331269977606
0.8841885591186558
0.8842439754720591
0.884299384024923
0.8843547174621932
0.8844100952688497
0.8844655175225233
0.8845208055904247
0.8845761384196728
0.884631456570129
0.8846867084613317
0.8847419460230318
0.8847972288489061
0.8848525053345706
0.8849077678881333
0.8849629650199774
0.8850181485648085
0.8850733186760757
0.8851285424832767
0.8851836422683917
0.8852387883308567
0.8852939292112029
0.8853489981946756
0.8854041214750252
0.8854591217160814
0.8855142279735628
0.885569270643097
0.8856242499280185
0.8856792250597533
0.8857342551689379
0.8857892147452959
0.8858441116093123
0.885899063819631
0.8859539536190574
0.8860087812072674
0.8860637233480573
0.8861185446972528
0.8861733631383913
0.8862281787956325
0.8862829405748539
0.886337758584644
0.8863925154586175
0.886447211392557
0.886501905241734
0.8865565971284792
0.8866112946707759
0.8866659318922239
0.8867205675503225
0.8867751507004478
0.886829732562763
0.8868842622253229
0.8869388493434315
0.8869933770750013
0.8870478530497179
0.8871023284029346
0.8871567523036714
0.887211183271789
0.8872655556651218
0.887319993686629
0.8873743734022669
0.8874287023895626
0.8874829808144261
0.887537317891934
0.887591546469329
0.8876457831143713
0.88770002792264
0.8877542155192546
0.8878084115290076
0.8878625579706827
0.8879167130604696
0.8879708188618689
0.8880248755367431
0.8880789412325234
0.8881330160429525
0.8881869841790275
0.8882410196249809
0.8882949487167705
0.8883488874297072
0.8884028358563615
0.8884566784283658
0.8885105309869071
0.8885644514102505
0.8886182086663694
0.888672041248008
0.8887257687713881
0.8887795068564011
0.888833197916451
0.8888869069699427
0.8889405692527971
0.8889941849199349
0.8890478189041672
0.8891014065251583
0.8891550054848928
0.8892085079866533
0.8892620220778075
0.8893154975174192
0.8893689272902381
0.8894223761315408
0.8894757795542516
0.8895291448381216
0.8895824649925637
0.8896358046413281
0.8896890994064597
0.8897423565404329
0.889795633468508
0.8898488658940094
0.8899020037954976
0.8899551618301526
0.890008332994241
0.890061352862686
0.8901145075430591
0.8901675112251114
0.8902205856352464
0.8902735665064896
0.8903265111165415
0.8903794195920701
0.8904323491083544
0.8904852997307662
0.8905380934916821
0.8905909086226227
0.8906436882200367
0.8906964324087793
0.890749198241692
0.8908019288748019
0.890854567543707
0.8909072281689026
0.8909598539654631
0.891012445056508
0.8910650085099285
0.8911175942803943
0.8911700888913549
0.8912225492740035
0.8912750322807244
0.8913274245518181
0.8913798396503934
0.8914321711963684
0.8914845257600236
0.8915367901363184
0.8915890777317211
0.8916413388908453
0.8916935668431715
0.8917457051512689
0.8917978739260286
0.8918500098385059
0.8919021130070218
0.8919541903912788
0.8920062352553725
0.8920581912744724
0.892110178293062
0.8921621331311568
0.8922140627172416
0.8922659603440215
0.8923177765793665
0.8923696174424903
0.8924214334701591
0.8924732179778195
0.8925249215832415
0.8925766569493977
0.8926283048799388
0.8926799847394721
0.8927315774169609
0.8927832021909091
0.892834746776373
0.8928862607334385
0.8929377509045575
0.8929892173850102
0.8930406535519964
0.8930920101581604
0.8931433994596126
0.8931947654609357
0.8932460455441982
0.8932973585624803
0.8933485925927505
0.8933998037458669
0.8934509921151017
0.8935021018659001
0.8935532383038352
0.8936043522478649
0.8936554437904377
0.8937064571673213
0.8937574483624457
0.8938084174675601
0.8938593645742186
0.893910233987889
0.8939611373890777
0.8940119633144645
0.8940627676406159
0.8941135504580147
0.8941643118569538
0.8942150519275366
0.8942657150959683
0.8943163571503149
0.894366978180009
0.8944175782742967
0.8944681084868098
0.8945186735425947
0.8945691623582033
0.8946196306167021
0.8946700228802276
0.8947204503061025
0.8947708084730949
0.8948211464578172
0.8948714643477097
0.8949217622300335
0.8949719912717923
0.8950222005027653
0.8950723900096007
0.8951225045049269
0.8951726613219555
0.8952226879821372
0.895272750642594
0.8953227451911836
0.8953727758670229
0.8954226833397377
0.8954726270993213
0.8955224966996764
0.8955724091628088
0.8956221924506395
0.8956720187487295
0.8957217713029041
0.8957715118228395
0.8958212339636609
0.8958708826832116
0.8959204645159259
0.8959700897644033
0.8960196419015267
0.8960692375666939
0.8961187052633344
0.8961682166321452
0.896217600283638
0.8962670277506952
0.8963163827308044
0.8963657266728545
0.8964150596427565
0.8964643204296815
0.8965135704182059
0.8965628096737842
0.8966119221638322
0.8966610789939937
0.8967102253288004
0.8967593000827854
0.8968083645129153
0.8968573638780813
0.8969063530797953
0.8969553258896839
0.8970042339161124
0.8970531320129632
0.897101965516604
0.8971507829771347
0.8971995907404134
0.8972483888698172
0.8972970680978687
0.8973457925301823
0.8973944529143794
0.8974430977369093
0.8974916787084998
0.8975402505261082
0.8975887586789986
0.8976372578330742
0.897685693507852
0.8977341203382885
0.8977825383861493
0.897830893216174
0.8978792394171463
0.8979275225837955
0.8979758517257785
0.8980241179860208
0.8980722670492908
0.8981204622858179
0.8981686493198292
0.8982167194590256
0.8982647815765683
0.8983128357326942
0.898360827655845
0.8984088117674834
0.8984567881274713
0.8985047025083871
0.8985525550142526
0.8986004000064728
0.8986482436620068
0.8986960256844944
0.8987437461771303
0.8987914594416948
0.8988391113527766
0.8988868103520695
0.8989344000778828
0.8989820369991962
0.8990295587529659
0.8990770737072926
0.89912458192018
0.899172035431593
0.8992194823365864
0.8992668145856634
0.8993141944403066
0.8993615199104762
0.8994088390520887
0.8994560439299861
0.8995033026637056
0.8995505012914898
0.8995976399129115
0.899644772566427
0.8996918513957971
0.899738924389095
0.899785997605344
0.8998329573236381
0.8998799652897834
0.8999268659432573
0.8999737611066615
0.9000206508356352
0.9000674335360564
0.900114264757863
0.9001609891271395
0.9002077621189144
0.9002544284335016
0.9003011434712731
0.9003478057350739
0.900394355650524
0.9004409603953883
0.9004875066617881
0.900534054147097
0.9005805433085523
0.9006269801607181
0.9006733052384567
0.9007196854428502
0.9007661684720835
0.9008123850617382
0.900858704601668
0.9009049722640062
0.9009511286918929
0.9009973405124484
0.9010435006783616
0.9010896569055825
0.9011356546280153
0.901181755554416
0.9012278051094036
0.9012738033723886
0.9013197980137688
0.9013656346459639
0.9014115270900114
0.901457416104679
0.9015032541863693
0.9015490414135491
0.9015948254024322
0.9016405586755868
0.9016862413110134
0.901731873386547
0.9017775024825635
0.9018230811563177
0.9018687160508707
0.9019141940857455
0.9019596693977523
0.9020052010655243
0.9020505761657919
0.9020960077228851
0.9021414367594222
0.9021867095190008
0.9022320388688281
0.902277424806964
0.902322548417842
0.9023678350473695
0.9024130132387873
0.9024581419736396
0.9025032213272457
0.9025483575502433
0.9025934444907548
0.9026384822237292
0.9026834708239588
0.9027284103660793
0.9027733482377323
0.9028182371831532
0.9028630772765422
0.9029078685919442
0.9029527171488598
0.9029975170247087
0.9030421623982128
0.9030869710277891
0.9031316253019291
0.9031762311888202
0.903220788761535
0.9032654038619505
0.9033099707436946
0.9033544894794858
0.9033989601418925
0.9034433828033321
0.9034878631799844
0.9035322956502527
0.9035765746920382
0.9036209115904172
0.9036652007981376
0.9037094423868217
0.9037536364279439
0.9037978884632175
0.9038420930441468
0.903886144820709
0.903930254730765
0.9039742703100159
0.9040183440822924
0.9040623707216474
0.9041063502985518
0.9041502828833317
0.9041941685461687
0.9042381125826658
0.9042819045872887
0.9043257080318627
0.9043694648014011
0.9044132800940518
0.9044570488022923
0.9045006659150919
0.9045443416864768
0.904587924104082
0.9046315652378918
0.9046750551162169
0.9047186038002113
0.9047621643413759
0.90480557387249
0.904849042310811
0.904892464788153
0.9049358413725915
0.9049791252261733
0.9050224681319353
0.9050657653164935
0.9051089699650235
0.9051522337657559
0.9051953473168906
0.9052385201075759
0.9052817052830463
0.9053247404492981
0.9053678349540173
0.9054109419656321
0.9054538992072091
0.9054968113504633
0.905539840680443
0.9055827204783673
0.9056255553454876
0.9056684030080182
0.9057112058405605
0.9057539639089099
0.9057967348924449
0.9058394612120655
0.9058822005160573
0.9059248952561001
0.9059674412169534
0.9060100003268081
0.9060526193178321
0.9060951472687033
0.9061376309650987
0.9061801746376926
0.9062226274562172
0.9062649320628837
0.9063073542152689
0.9063497323743294
0.9063920199510408
0.9064343677072074
0.9064766249935317
0.9065188385269447
0.9065610657097383
0.9066031452971933
0.906645285254115
0.9066874389753276
0.9067295492005537
0.9067715694066825
0.9068136035061678
0.9068554904785872
0.9068974952374185
0.9069394567697167
0.9069813285886571
0.9070231573208326
0.9070650001874812
0.9071068000622184
0.9071486141364209
0.90719028168599
0.9072320671491585
0.9072736597277372
0.9073154167458515
0.9073569810318303
0.9073986062458603
0.9074401424189065
0.907481589633982
0.9075230978802957
0.9075646207056809
0.9076059977520677
0.907647492870652
0.9076887959202196
0.9077301601523459
0.9077715391506638
0.907812829632873
0.907854078078346
0.9078952381569778
0.9079364131846791
0.907977649554287
0.9080187977008365
0.9080598577055303
0.9081008760043063
0.9081419094358469
0.9081829580166147
0.9082239650127308
0.9082648841569532
0.9083058185710323
0.9083467115638382
0.90838761988765
0.9084284405812084
0.9084691737244437
0.9085099686167616
0.9085507789756985
0.9085913990318297
0.9086321375428678
0.9086728350170942
0.90871344526309
0.9087540711683615
0.9087946099613244
0.908835164487242
0.9088756782384775
0.9089161050577017
0.9089565477269941
0.9089970062619754
0.9090374242108881
0.9090777554435494
0.9091181026582205
0.9091583632708492
0.9091986399379292
0.9092389326748482
0.9092791851131224
0.9093193511630207
0.9093594309018048
0.9093996293574335
0.9094397415736147
0.9094797676272801
0.9095198100089418
0.9095598124464357
0.9095998312695402
0.9096397641410077
0.9096796111371718
0.9097195769570023
0.9097594569721611
0.9097992512586561
0.9098390621426576
0.909878889638925
0.909918575388308
0.9099582778471674
0.9099979970301256
0.9100376308028185
0.9100772813692266
0.9101168466352572
0.9101565308528522
0.9101960277709746
0.9102355416212847
0.9102750724181544
0.9103145181677681
0.9103539809327147
0.9103933587591064
0.9104327536693427
0.9104720637493731
0.9105113909814998
0.9105506334914185
0.9105898932214266
0.9106291701855688
0.9106683625690125
0.9107074704452084
0.9107466974660269
0.9107858400470283
0.9108248982613525
0.9108639739121044
0.9109029653026715
0.9109419741965891
0.9109808989364712
0.9110199428978727
0.9110588011399441
0.9110976770184894
0.911136570547075
0.9111753801659885
0.9112142075010657
0.911252951031485
0.911291712343943
0.9113303899564196
0.911369085416563
0.9114077987377136
0.9114464284959085
0.9114850303958469
0.9115236502481115
0.9115621866865667
0.9116006397822473
0.911639212287728
0.9116776001935571
0.9117161075353477
0.9117545317020858
0.9117928727642982
0.9118312875547346
0.9118695180916021
0.9119078681226968
0.9119461352282588
0.9119843194783158
0.912022623242014
0.9120607430832143
0.9120989367799208
0.9121370477986882
0.9121750762090483
0.9122132241900663
0.912251289625756
0.9122892725853581
0.9123273294882156
0.9123653039901894
0.9124031961602347
0.9124411070090127
0.9124789356258569
0.9125168382727443
0.9125546587622779
0.9125923971629262
0.9126302552394928
0.9126679304595028
0.9127056797953883
0.9127433472155935
0.9127810335618455
0.9128186380911036
0.9128562160477636
0.912893813016123
0.9129314290082308
0.9129688626739055
0.9130064712509269
0.9130438976115182
0.9130813431297891
0.9131187072102416
0.9131561455865396
0.9131935025975976
0.9132307783102875
0.9132680733253157
0.9133054426829085
0.9133426303469886
0.9133798373971218
0.9134171188367255
0.9134542187758576
0.913491338184315
0.9135284770736221
0.9135655900102128
0.9136027224626792
0.9136396737387361
0.9136766995326678
0.9137137449250031
0.9137507096294911
0.9137875483023346
0.9138245069533368
0.9138612848089477
0.9138981372737284
0.9139350095006694
0.9139718013112763
0.9140085675685954
0.9140453536693415
0.9140819593525834
0.9141187398532615
0.9141553400418357
0.9141920149395969
0.9142286097307313
0.9142652245265372
0.9143017139821311
0.9143383235229325
0.9143748531192523
0.9144112575259875
0.9144476820861951
0.9144841814538409
0.9145206010498836
0.9145569409380209
0.9145932557895959
0.9146295909069319
0.9146659010322964
0.9147021316213013
0.9147384371154152
0.914774663141058
0.9148107099788308
0.9148469315647868
0.9148830738129367
0.9149191912882881
0.914955284018573
0.9149912430738347
0.9150272771638721
0.9150633862641312
0.9150993710637038
0.9151352224033851
0.9151712484388053
0.9152070507284731
0.915242918904311
0.9152787626179646
0.9153145818967143
0.9153504762900898
0.9153862375657517
0.9154219744997956
0.9154576871193275
0.9154933754514145
0.915529030348614
0.9155646610239981
0.9156002675045001
0.9156358498170141
0.9156713988371058
0.9157069237544426
0.9157424245957859
0.9157779013878588
0.9158133450291319
0.915848764685974
0.9158842596511436
0.915919631401921
0.9159549792479424
0.9159902941161816
0.9160255851440261
0.9160609515395417
0.9160960957840322
0.9161314055201938
0.9161665923678527
0.9162017555180557
0.9162368949969829
0.9162720017768706
0.916307184013207
0.9163422435870483
0.9163772796052851
0.9164122920938956
0.9164472720532095
0.9164822285460207
0.9165172605622305
0.9165521701829241
0.9165870564145715
0.9166219102854427
0.9166568397276048
0.9166916469548013
0.9167264309068944
0.9167611916094629
0.9167959201185639
0.9168306254403445
0.9168653076002584
0.9169000654058735
0.9169347013018292
0.9169693051704257
0.9170038859897215
0.9170384437849746
0.9170730772815515
0.9171075890879933
0.9171420779459694
0.9171765349721399
0.9172109691110648
0.91724547900632
0.9172797688272608
0.917314233040496
0.9173485758641375
0.917382887049871
0.9174171755089766
0.9174514412662577
0.9174856843464831
0.9175200032632101
0.9175542010473441
0.9175883673858293
0.917622511156883
0.9176566323850849
0.9176907310949809
0.9177249057033031
0.9177588610578666
0.9177929819097598
0.9178269819758427
0.9178609596566435
0.9178949149764876
0.9179288479596659
0.9179627586304361
0.9179965487487368
0.9180305043591721
0.9180643394762136
0.9180981523882534
0.918131943119365
0.9181657116935885
0.9181994581349309
0.9182331824673656
0.9182668847148335
0.9183005561715532
0.9183342056017257
0.9183678330291766
0.9184013404034131
0.9184350219710493
0.9184685835329572
0.9185021231871158
0.9185355429457499
0.9185690301837328
0.918602495595387
0.9186359392042602
0.9186693610338676
0.9187027611076922
0.9187361394491846
0.9187693981797159
0.9188027331423338
0.9188360377974878
0.9188692229688499
0.918902582245854
0.9189357242612121
0.9189689425577491
0.9190020415253818
0.9190352167894962
0.9190683705643443
0.9191014051259734
0.9191345160069242
0.9191675968745017
0.9192006563552958
0.9192335967867846
0.9192666135781568
0.919299609051463
0.9193324855901177
0.9193654385111136
0.9193982725736699
0.9194311830334421
0.9194640722890493
0.9194968428001934
0.9195296897307557
0.9195624094610823
0.9195951081184631
0.9196277857254106
0.9196605397912989
0.9196932728213469
0.9197258873814291
0.9197585784222844
0.9197911510682625
0.9198237027982807
0.9198562336346378
0.9198888409805884
0.9199213300813159
0.9199538957059662
0.9199863431599524
0.9200187698313466
0.92005116728678
0.9200835440138792
0.9201159973104525
0.9201482353712174
0.9201806472912788
0.9202129413102254
0.9202452147107698
0.9202774675148068
0.9203096997442014
0.9203419114207891
0.9203741025663762
0.9204062732027393
0.9204385204782601
0.920470650146548
0.9205027593707797
0.9205347510904587
0.9205668195063264
0.9205988675430153
0.920630895222098
0.9206629025651175
0.9206948895935881
0.9207267509844448
0.9207586891217997
0.9207906070187887
0.920822504696796
0.9208542852423927
0.9208861425611293
0.9209179797248523
0.9209497967548317
0.9209814967960781
0.9210132736368659
0.9210449335605114
0.9210766702967925
0.9211082901873547
0.9211399869035876
0.9211715668453581
0.9212032236257753
0.9212347637028206
0.9212663806314303
0.9212978809275923
0.9213294580881781
0.9213609186870753
0.9213924561631975
0.9214238771482253
0.9214552783647383
0.9214866598334888
0.9215181182048605
0.9215494602258402
0.9215807825611617
0.9216120852314672
0.9216434648295622
0.921674728217313
0.9217059720018226
0.9217371962036233
0.9217684008432205
0.9217995859410921
0.9218307515176889
0.9218618975934347
0.9218930241887261
0.9219241313239327
0.921955219019397
0.9219862872954349
0.922017336172335
0.9220483656703593
0.92207927943709
0.9221102702521949
0.9221412417490361
0.9221720976175574
0.9222030305524235
0.9222339442293979
0.9222647423806681
0.9222956176161332
0.9223263773941089
0.9223572142681019
0.9223879357526623
0.9224187343450092
0.9224494176158229
0.9224801780061398
0.9225108231426657
0.9225415534842802
0.9225721686304255
0.9226027647764369
0.9226334380617239
0.922664092358446
0.922694631594492
0.9227251519092138
0.9227556533222426
0.9227861358531839
0.9228165995216175
0.9228471403694529
0.922877566357651
0.9229079735419395
0.9229383619417959
0.9229687315766719
0.9229989865127921
0.9230294146291623
0.9230596321599225
0.9230899269426519
0.9231202030572655
0.9231504605230632
0.923180699359319
0.9232109275582859
0.9232411371571114
0.9232712323455176
0.9233014048153564
0.92333146294049
0.923361598357939
0.9233917152710309
0.9234218136988529
0.9234517979129373
0.92348185944099
0.9235118068205669
0.9235417358181475
0.9235716464526568
0.9236016344225305
0.9236315083740093
0.9236613640190572
0.9236913049163952
0.9237211318835851
0.9237509405918561
0.9237808266583161
0.9238105988915264
0.9238403529220565
0.9238700887685996
0.9238998064498248
0.9239295059843772
0.9239591873908775
0.9239888506879224
0.9240184958940844
0.9240481230279121
0.9240777399512514
0.9241073388304678
0.9241369196840505
0.9241663871066399
0.9241960273881529
0.9242254588783785
0.924254872443343
0.924284363471871
0.9243138365851756
0.9243432918015796
0.9243726338087287
0.9244019657771808
0.9244313752254426
0.92446067155026
0.9244900453647993
0.9245193061187521
0.9245485491211133
0.9245777743899927
0.9246070771682552
0.9246362670112246
0.9246654391749147
0.9246946966143305
0.9247237460312951
0.9247529681586025
0.9247820774978458
0.924811169239084
0.924840243400231
0.9248692999991773
0.924898339053791
0.9249272655015304
0.9249562772470659
0.9249852714931639
0.925014248257613
0.9250432075581791
0.9250720543974367
0.9251009788364462
0.9251298858647216
0.9251587754999382
0.9251875604754423
0.9252163281106165
0.9252451733602959
0.9252739063545782
0.9253026220612232
0.9253314153961837
0.9253601914526942
0.9253888553756137
0.9254175097259114
0.9254461468675302
0.925474766817886
0.9255034644154754
0.9255320500226077
0.9255606184906036
0.92558916983679
0.9256177040784723
0.9256462288444129
0.9256747365320342
0.9257032271585871
0.9257317007413007
0.9257601572973821
0.925788596844017
0.9258169247180684
0.9258453378923135
0.9258737341002169
0.9259020187167893
0.9259303810560208
0.9259586318634769
0.9259869604022545
0.9260151774686779
0.9260434798283733
0.9260716707667614
0.9260999394454279
0.9261280967619799
0.926156237299297
0.9261844555896952
0.9262125626065209
0.9262406604192134
0.9262687415118463
0.9262968059012159
0.9263249480565974
0.926352979077186
0.9263809934447852
0.9264089042612746
0.9264368928774134
0.9264649592722877
0.9264928202931576
0.9265207591260621
0.9265486813978193
0.926576594600665
0.926604396940087
0.9266322770997995
0.926660140756534
0.9266878936368235
0.9267157243495777
0.9267435460602489
0.9267712570731141
0.9267989516821629
0.9268267241317083
0.9268543859699057
0.9268820314534277
0.9269097622167053
0.9269373824467972
0.9269649863631783
0.9269925739821334
0.9270201453199272
0.9270477003928038
0.9270752466203187
0.9271027766073819
0.9271302903701881
0.9271577879249112
0.9271852692877051
0.9272127418581613
0.9272401042178534
0.927267638512347
0.9272949686095745
0.9273223766183487
0.9273496818932282
0.9273770650793572
0.9274044321862933
0.9274316892723656
0.9274590242810447
0.9274862493251133
0.9275135596393763
0.927540760037319
0.9275679444681433
0.927595206832449
0.9276223593644503
0.9276495032973375
0.9276766313186019
0.9277038372803537
0.9277309335136198
0.9277579200703937
0.9277849919038229
0.9278120478965793
0.9278390880643593
0.9278661124228395
0.9278931209876773
0.9279201210561318
0.9279470116265587
0.9279739801823694
0.9280009329992442
0.9280277764008215
0.9280546113808569
0.9280815243527964
0.9281084216402503
0.9281352096146351
0.9281620828384793
0.9281888467963842
0.9282156887561511
0.9282424215046872
0.9282691386775951
0.9282958475180475
0.9283225408059529
0.9283493121054704
0.9283759743224113
0.9284026210327746
0.9284292594605914
0.9284558824047754
0.9284823963910026
0.9285089884254825
0.9285355722155993
0.9285621405754014
0.9285886935200781
0.9286151376342476
0.9286416598059358
0.9286681737826197
0.9286945790019494
0.9287210622812646
0.9287475302286541
0.9287738966587775
0.9288002478030296
0.9288265836764185
0.9288529976187845
0.9288793101283238
0.9289056074044485
0.9289318894621034
0.9289582495943124
0.9289845012481246
0.9290107448541574
0.9290369732938817
0.9290631865821612
0.9290892915139866
0.9291155748748265
0.9291416567048096
0.9291678166434264
0.9291939614972299
0.9292200983772427
0.9292462201945553
0.92927223382523
0.9292983255728936
0.9293243162679409
0.929350385078841
0.9293763458007012
0.9294023846446289
0.9294283225186253
0.9294542454556332
0.9294801534702334
0.9295061396118744
0.9295320248659639
0.9295578952339841
0.9295837507304554
0.9296095913698798
0.9296354242042579
0.9296612422032546
0.9296870453813293
0.9297128337529232
0.9297386143554198
0.929764287252643
0.9297901312200731
0.9298157746134396
0.9298415031824432
0.9298671241419841
0.9298928232673435
0.9299185076866777
0.9299440915675915
0.9299697536158957
0.9299953081758006
0.930020848102236
0.9300463803890325
0.9300719908476133
0.9300974939128022
0.9301229893629689
0.9301484702362517
0.9301740292856376
0.9301994810362926
0.9302248324906994
0.9302503548501637
0.9302756772860927
0.9303010779276635
0.9303264710241825
0.9303518496422781
0.9303771211471213
0.9304024708616353
0.9304278130658317
0.9304530482252612
0.9304783615955617
0.9305036674797162
0.930528866387408
0.9305540509365992
0.9305793137005461
0.9306044764645592
0.9306296249046295
0.9306548515605504
0.9306799782739047
0.9307050906977675
0.9307301888459351
0.9307552727321866
0.9307803492470627
0.9308054115205346
0.9308304595663418
0.9308555002644947
0.9308805267554303
0.9309055390528471
0.9309304447664213
0.9309554355812099
0.9309803198545832
0.9310052823750478
0.9310302376052048
0.931055086360919
0.9310800133645357
0.9311048339428766
0.9311297396023256
0.9311545388786526
0.9311793241122581
0.9312041944173404
0.9312289584058521
0.9312537083852181
0.9312784443688966
0.9313031731742806
0.9313278880039786
0.9313525888714096
0.9313772825836336
0.9314019623535295
0.9314265360098251
0.931451194729463
0.9314758395400187
0.931500470454833
0.9315249953460824
0.931549605289965
0.9315742013712096
0.9315986914944967
0.9316231745629099
0.9316477359102647
0.9316722834412215
0.9316967318530567
0.9317211664897644
0.9317456794082226
0.9317700932626152
0.9317944933746247
0.9318188797573904
0.9318432524240357
0.9318676181133939
0.931891970106102
0.9319163084152454
0.9319405478119561
0.9319648655128153
0.9319891695625565
0.9320134666797911
0.9320377501652574
0.9320619281279692
0.9320861910951406
0.9321103485802271
0.932134584372082
0.9321587214146587
0.9321828449112796
0.9322070467147576
0.9322311498230657
0.9322552394174543
0.9322794073187636
0.9323034765788656
0.9323275323569883
0.9323515746659605
0.932375603518596
0.9323996255800616
0.9324236342041704
0.9324476294036993
0.9324716178338811
0.9324955928584046
0.9325194627880108
0.9325434176825752
0.9325673592030739
0.9325911956918664
0.9326151171356137
0.9326389335875218
0.9326628283693125
0.9326867164467816
0.9327104995953522
0.9327342694663837
0.9327580326756135
0.9327818742121791
0.9328056109056962
0.9328293409588216
0.9328530577842091
0.932876761394386
0.9329004583855073
0.932924142179946
0.9329478127901937
0.932971476802651
0.9329951276493884
0.9330186738611242
0.9330423049884117
0.933065922980839
0.9330895344086085
0.9331130412797713
0.9331366264973593
0.9331601137520098
0.9331836793506204
0.9332071404771928
0.9332306864901792
0.9332541280700933
0.9332775566278615
0.9333009787046768
0.9333244791244081
0.9333478751952045
0.933371264805872
0.933394641442945
0.933418005118652
0.9334412710596421
0.9334647066480041
0.9334880380099084
0.9335113629531213
0.9335345837289818
0.9335578828683763
0.9335811756096932
0.9336043642445172
0.9336276377265719
0.9336508071405232
0.9336739637219162
0.9336972051402996
0.9337203425511987
0.9337435583215005
0.9337666765943585
0.9337897820822914
0.933812874797304
0.933836052328832
0.9338591259736413
0.9338821868752174
0.9339052414922386
0.9339282833836786
0.9339513190019477
0.9339743419122561
0.9339972610762831
0.9340202650476566
0.9340431653105713
0.9340661439469651
0.9340891163504168
0.9341120761047703
0.9341350232218761
0.9341578731465823
0.9341807104716658
0.9342035416152252
0.9342264511257642
0.9342492571065468
0.9342720569256697
0.93429493511071
0.934317709825265
0.9343404783979593
0.9343632344465493
0.9343859843643926
0.9344087217753809
0.9344314466911963
0.9344541654959599
0.9344767809838894
0.9344994748543384
0.9345221626333643
0.9345447471543054
0.9345675072126256
0.9345900732410183
0.9346127176478438
0.9346352652247503
0.9346578004181301
0.9346804139886516
0.934702930778548
0.9347254352134302
0.9347480243569952
0.934770510433223
0.9347929841828682
0.9348154519411745
0.9348379073897857
0.9348603568578869
0.9348827940331508
0.9349052189270097
0.9349276378595748
0.9349500445275423
0.9349723483218781
0.9349947368043613
0.9350171130503943
0.9350394833650179
0.9350617508788687
0.9350840967752184
0.935106346197818
0.9351286739999156
0.9351509053585678
0.9351731245617637
0.9351954221429192
0.935217623328984
0.935239902889998
0.9352620860860993
0.9352842571711146
0.9353064161562649
0.9353285693076753
0.9353506199219856
0.9353727551765536
0.9353949687983825
0.9354169894960073
0.9354390948233492
0.9354611881113102
0.9354831852099653
0.9355052606906056
0.9355273241593478
0.9355492914865274
0.9355713371939789
0.9355932867896753
0.9356153147625239
0.935637240439733
0.9356591603898243
0.9356811587153044
0.9357030610062742
0.9357249513807575
0.9357468298497498
0.935768702620342
0.9357906537613828
0.9358124186946727
0.9358342620145084
0.9358560934720224
0.9358779192597031
0.9358996429894042
0.9359215414829102
0.9359432477419428
0.9359650323837211
0.9359868113840831
0.9360084884172888
0.9360301598383981
0.9360519096358003
0.9360735575215308
0.9360952899387228
0.9361169204792299
0.9361385454357848
0.936160248763425
0.9361818564107647
0.9362034523481244
0.9362250365862622
0.9362466152684459
0.9362680922178938
0.9362897437199383
0.9363112034747053
0.9363328316329842
0.9363542742215888
0.9363757951896224
0.9363973106395117
0.9364187244808191
0.936440222806262
0.9364617095216219
0.9364830946830307
0.9365044743728416
0.9365259324332785
0.9365472950869177
0.9365687361078469
0.9365900756636977
0.9366114097753923
0.9366327323636666
0.9366541393967047
0.9366753551635375
0.9366967452452384
0.9367179441137408
0.9367392213605029
0.9367604932001623
0.936781753573134
0.9368030085487392
0.9368241622689244
0.9368454004148874
0.9368666271248117
0.9368877526331146
0.9369089625564665
0.9369300713121272
0.9369512644738207
0.9369723565017037
0.9369935329266084
0.937014608251534
0.9370356722255555
0.9370568205858675
0.9370778678996262
0.9370989099077579
0.9371199405952342
0.9371409659866341
0.9371619800724598
0.9371829888717412
0.9372039863805042
0.9372248829817287
0.9372458639499793
0.9372668336529937
0.9372877980959675
0.9373086616983505
0.9373296096497206
0.9373505463657922
0.9373713822941013
0.9373922130071601
0.9374131220727058
0.9374339363789241
0.9374548290341015
0.937475626957721
0.9374964137192651
0.9375171952936684
0.9375379657207961
0.9375588144907453
0.9375795686011242
0.9376003115891093
0.9376210494159719
0.9376417761351725
0.9376624082683
0.9376831187518371
0.9377038240927992
0.9377245183554794
0.9377452015499184
0.937765790229729
0.9377864572536607
0.937807029790389
0.9378275913063099
0.9378482370850381
0.9378687824962039
0.9378894121611704
0.9379099414912837
0.9379304657502887
0.9379509790320786
0.9379715706443564
0.9379920678950413
0.9380125541929005
0.9380330354450965
0.9380535057589007
0.9380738817835518
0.9380943361458074
0.938114874715041
0.9381352239056377
0.9381556573122507
0.9381759906161463
0.9381964022510959
0.9382167196942554
0.9382371154647691
0.9382574170704577
0.9382777969997997
0.938298082791242
0.938318446902636
0.9383387169030156
0.9383589760929936
0.9383793194521041
0.9383995628883554
0.9384197955381157
0.938440023255293
0.9384602402001215
0.9384804522212337
0.9385005644200424
0.9385207607769764
0.9385409463897666
0.9385611270965218
0.9385812970732054
0.9386013731331393
0.9386215275054672
0.9386416769893748
0.9386618157712755
0.9386817717055621
0.9387018949375474
0.9387220074911109
0.9387420262233912
0.9387620343089136
0.938782037556981
0.9388021191030169
0.9388221068806175
0.9388420840392416
0.9388620563777862
0.9388820181112059
0.9389019750332082
0.9389219213639143
0.938941862891849
0.9389617938422933
0.9389816311471672
0.9390015467485544
0.9390214575644116
0.9390413578303123
0.9390611587394245
0.9390810437035149
0.939100829342075
0.9391206990266221
0.9391404694168525
0.9391602350716434
0.9391800790081695
0.9391998294453269
0.9392195694141541
0.9392393046645492
0.9392590294602039
0.9392787495459054
0.939298459190434
0.9393182528360332
0.9393378586488826
0.93935754847125
0.9393772278795123
0.9393969026031627
0.9394165669262089
0.9394361379227043
0.9394557871911053
0.9394754317917079
0.9394950660186319
0.9395146069704862
0.9395341375794227
0.9395537521529481
0.9395732677899532
0.9395928616876322
0.9396123623769173
0.9396318527592004
0.939651338531059
0.9396709025557058
0.9396902848852553
0.9397097454808829
0.9397292900032554
0.9397486472172625
0.9397680883662677
0.9397875192613873
0.939806945579126
0.9398262731785919
0.9398456846950951
0.9398650859841315
0.939884482712215
0.9399037807827111
0.9399231627523101
0.9399424460946028
0.9399618133270322
0.9399810819623933
0.9400004344789314
0.9400196884285957
0.9400389378670522
0.9400581771607545
0.9400774119513547
0.9400967249680723
0.9401159451234182
0.9401350668192675
0.940154272377495
0.9401734678300081
0.9401927471189286
0.9402119279913314
0.9402310160946077
0.9402501824248805
0.9402692560110338
0.9402884078201146
0.9403075551744116
0.9403266042188373
0.9403457370808439
0.9403647716627805
0.9403838900533483
0.9404029101936048
0.9404219259199226
0.9404410198528996
0.940460021166244
0.9404790124938581
0.9404979994233839
0.9405170645514145
0.9405359489463162
0.9405549115524656
0.9405738697763174
0.9405928180526678
0.9406117619545936
0.94063069592172
0.9406496255222806
0.9406684570964654
0.9406873724245636
0.9407062778431956
0.9407250908318044
0.9407439820110745
0.9407628688472646
0.9407816577451866
0.940800442324536
0.940819305086289
0.9408380754915409
0.9408568360544056
0.9408755923142087
0.9408944267481371
0.940913080878751
0.9409319011833331
0.9409506292046437
0.9409693474210743
0.9409880613576017
0.9410067655017083
0.9410253774277901
0.9410440730372305
0.9410627588705184
0.9410814404407288
0.9411001122472009
0.9411186918938761
0.9411373497018506
0.9411559153742168
0.9411745592036918
0.9411931109217115
0.9412116529296015
0.941230278576253
0.9412488066620294
0.9412673305393569
0.9412859325612046
0.9413044425438601
0.9413229428532301
0.9413414389692681
0.9413599254242568
0.9413784076934504
0.9413968803138112
0.9414153487559
0.9414338075613529
0.9414521744399029
0.9414706194583206
0.9414890603134699
0.941507403824731
0.9415258309199579
0.9415442538608023
0.9415625794981478
0.9415809887037907
0.9415993006343705
0.9416176961243564
0.9416359943676749
0.9416542884952597
0.9416725730789359
0.9416908535542787
0.9417092121395547
0.9417274789739237
0.9417457362884087
0.9417639895093217
0.9417822332223297
0.9418004728491253
0.9418187029799759
0.9418369290319605
0.9418550580230407
0.9418732705275819
0.9418914789619532
0.9419096779278936
0.9419277852864477
0.9419458832046309
0.9419640646117778
0.9419821490539593
0.9420003169762325
0.9420184754656858
0.9420365424180367
0.9420545999655083
0.9420726534953501
0.9420907851040505
0.9421088252223481
0.942126855959325
0.942144882693113
0.9421629054250454
0.9421809187910042
0.9421989281623044
0.9422169281793543
0.94223492420893
0.9422528234962378
0.9422708062109674
0.9422887795948289
0.9423067490055438
0.942324621729324
0.942342577862819
0.9423604373369907
0.9423783802120267
0.9423962317936939
0.9424141614267508
0.9424319997894907
0.9424498288873695
0.9424677413617547
0.9424855572709364
0.9425033692597556
0.9425211720068071
0.9425389708405502
0.9425567604440402
0.9425745461412635
0.9425923226197302
0.942610095198959
0.9426278638802323
0.9426455361331568
0.9426632917276306
0.9426810381297819
0.9426987806479901
0.9427164267923609
0.9427341562606208
0.9427518765594072
0.9427695058189314
0.9427871259361448
0.9428048293596015
0.9428224417756654
0.9428401322019954
0.9428577316436147
0.942875321969074
0.9428929084623695
0.9429105729571216
0.9429280594139868
0.9429456238835967
0.9429632716175936
0.9429807413689268
0.9429983761912539
0.9430158330691442
0.9430333679465112
0.9430508990204755
0.9430684210380594
0.9430859392590876
0.9431033614147871
0.9431207797963859
0.9431382761641401
0.9431557687489923
0.9431731705632187
0.9431906503547708
0.9432080393980816
0.9432255064142766
0.9432428827045819
0.943260250013297
0.9432776135762538
0.9432949681687037
0.943312319022143
0.9433297530567414
0.9433470042973433
0.9433643387258371
0.9433816642093024
0.9433989859684185
0.9434162987935333
0.9434336079010076
0.9434508212207402
0.9434681177020032
0.943485410473515
0.9435026074947883
0.9435198876622786
0.9435370721059254
0.9435543396870153
0.9435715115706195
0.9435887665829015
0.9436059311112914
0.943623173570189
0.943640325567216
0.943657468718006
0.9436746949734404
0.9436917388643472
0.9437088658664954
0.9437259840441128
0.9437431853088677
0.9437602961864859
0.9437773115351318
0.943794409970986
0.9438114996072311
0.943828585611022
0.9438456628259941
0.9438626497347279
0.9438797197066747
0.9438967809038356
0.9439137518253429
0.9439308006478649
0.9439477592164984
0.9439647956816193
0.9439817419145845
0.9439986845587234
0.9440157050904472
0.9440326354204729
0.9440495570370165
0.94406647507767
0.9440833844154862
0.9441003767576323
0.9441171923839291
0.9441341724536109
0.9441510623952375
0.9441679436584913
0.9441847348304045
0.9442016038779873
0.9442184693765349
0.9442353313271667
0.9442521846237848
0.9442689478807725
0.9442857889999523
0.9443026265840029
0.9443193690596251
0.9443361080215621
0.9443529299313372
0.9443696567689692
0.9443864665457353
0.9444031812758876
0.9444198925061332
0.9444365951531155
0.9444533807218328
0.9444700763752247
0.9444867634589483
0.9445034470564851
0.9445201220947663
0.9445367936531539
0.9445534566626826
0.9445700298357244
0.9445866859065944
0.9446033334421134
0.9446199775113746
0.9446366130556454
0.9446531588143895
0.9446697823914644
0.9446864025147843
0.9447029328822598
0.9447195410591327
0.9447360595012844
0.9447525694674028
0.9447691622815528
0.9447856653905844
0.9448021600369428
0.944818737516295
0.9448352202846921
0.9448516996411643
0.9448681705554305
0.9448846380639365
0.9449011021677386
0.9449175578426176
0.9449340101189441
0.9449504539765338
0.9449668082572862
0.9449832453384925
0.9449996740141893
0.9450160993046505
0.9450324300448674
0.9450488435682222
0.9450652487063463
0.9450815643386791
0.9450979627391749
0.9451142666495485
0.9451305672087549
0.9451469455240104
0.9451632343834743
0.9451796059874977
0.9451958831613431
0.9452121569971614
0.9452284225088211
0.9452446846884905
0.9452609435371935
0.9452771940747658
0.9452934412873956
0.9453096801988907
0.9453259157914565
0.9453421480661102
0.9453583720526115
0.9453745927272013
0.9453907191301534
0.9454069282279244
0.9454231290574432
0.9454393265870185
0.945455434853371
0.9454715348789511
0.9454877175758319
0.9455038060848273
0.9455199772565164
0.9455360592142864
0.945552132954001
0.9455682893415323
0.9455842656941139
0.9456004105992751
0.9456164663396799
0.9456325138846593
0.9456485581768906
0.9456645942835059
0.9456806271432617
0.945696656757144
0.945712678198144
0.9457286963991467
0.9457447064370433
0.9457606274143108
0.9457766309921399
0.9457926264195439
0.9458085328147954
0.9458245168814152
0.9458404119361343
0.9458563895680085
0.9458722732957826
0.9458882395921345
0.9459041977701338
0.945920066984807
0.9459359330059789
0.9459517909357388
0.945967731410723
0.9459835780638253
0.945999421534991
0.9460152618251784
0.9460310083418492
0.9460469230918347
0.9460627440779121
0.9460785618945305
0.94609429086699
0.9461100974750654
0.946125900920375
0.946141696328075
0.9461574885787419
0.9461731920333576
0.946188973109872
0.9462046654103105
0.9462204353279174
0.9462362021008662
0.9462518801257344
0.9462675501615394
0.9462833026636704
0.9462989615889756
0.9463146173961428
0.9463303556549351
0.9463460003705114
0.9463616419745374
0.9463772804679412
0.9463929110063319
0.9464085384397437
0.946424157927569
0.9464397743160488
0.9464553876061058
0.9464709929628005
0.9464865952266941
0.9465021040756474
0.9465176953354384
0.9465332835089558
0.9465488637706793
0.9465643554889677
0.9465799247746223
0.9465954055365157
0.9466109686799465
0.9466264384984653
0.9466419906900168
0.9466574495800336
0.9466729054210667
0.9466884436205112
0.9467038885515642
0.946719330440073
0.9467347692869365
0.9467502002909585
0.946765713630295
0.9467811337576034
0.9467965508543078
0.9468118795708625
0.9468272858232475
0.9468427743878863
0.9468580844672124
0.9468734768642866
0.9468887809280245
0.94690424782234
0.9469195410872289
0.9469349166491997
0.9469501991350101
0.9469655639094223
0.9469808356307572
0.9469961896322233
0.9470114553742414
0.947026798615504
0.94704205361666
0.9470573056383818
0.947072635150337
0.9470878764493218
0.9471031100156229
0.9471183406133181
0.9471336534475612
0.9471487881523218
0.9471640902894678
0.9471792143338803
0.9471944206117806
0.9472096239335913
0.9472248195552806
0.9472400122262576
0.9472551167984052
0.947270298838012
0.9472854779331309
0.9473005642205488
0.9473157327040104
0.947330898249194
0.9473460561266306
0.9473611259703695
0.9473762779896645
0.9473913372658368
0.9474063936290014
0.947421442358737
0.9474365732471712
0.9474516161554769
0.9474666514419249
0.9474816838268076
0.9474967983499419
0.9475117351848059
0.947526839188486
0.9475418505586116
0.9475568590385697
0.9475718646291946
0.9475868626298959
0.9476017727554152
0.9476167649956347
0.9476317496574024
0.9476467314411829
0.9476616206915225
0.947676592039752
0.947691560516063
0.9477064364907943
0.9477213945490347
0.9477362648116234
0.9477512124640181
0.9477660723395722
0.9477809293688924
0.9477958637789978
0.947810710438664
0.9478255495852613
0.9478403858959971
0.9478553042471622
0.9478700453456165
0.9478849533516029
0.9478997736598179
0.9479145016291823
0.9479293964714346
0.9479441989835323
0.9479589138487462
0.9479737107308897
0.9479885001425226
0.9480032867413445
0.9480180705281579
0.9480327620612947
0.9480475355886853
0.9480623063099961
0.948076984809037
0.9480917452880375
0.9481064135668474
0.948121079063248
0.9481358265253222
0.948150481818523
0.9481652190690567
0.9481798688032567
0.9481945111337184
0.9482091506935033
0.9482238721904422
0.9482385015809882
0.9482530435130551
0.9482677474483198
0.948282363930156
0.9482969776529938
0.9483115840027827
0.9483261875986135
0.9483407037877152
0.948355297275017
0.9483698880141683
0.9483844760059456
0.9483990566467057
0.9484135499248966
0.9484281204874182
0.948442603705694
0.9484571688009459
0.948471641971021
0.9484861970097609
0.948500664737387
0.9485151251576536
0.9485296674323971
0.9485441224216968
0.9485585701145323
0.9485730996476747
0.948587541921
0.9486019769087364
0.9486164091953654
0.9486308342047811
0.9486452565180314
0.9486596761358722
0.9486740884873301
0.9486884981483102
0.948702905119566
0.9487173048352494
0.9487316173917255
0.9487460117451474
0.9487603988537793
0.9487747832832701
0.9487890805863225
0.948803455109976
0.9488178269601376
0.9488321117092433
0.9488464736699468
0.9488607485476283
0.9488750162234395
0.9488893656514293
0.9489036280217135
0.9489178832008058
0.9489322201179962
0.9489464700027546
0.9489607127069799
0.9489749527725303
0.9489891902001388
0.9490034204578452
0.949017732425526
0.9490319574112093
0.9490460909075965
0.9490603061129748
0.9490745186915286
0.9490887241213836
0.9491029269292287
0.9491170428184074
0.9491312358733525
0.9491454263118173
0.9491595253424555
0.9491737060457571
0.9491877998732637
0.9492019708526425
0.9492160549740091
0.949230220748242
0.9492442951746761
0.9492583670134042
0.9492725204909996
0.9492865826507397
0.9493007264411393
0.949314783430619
0.9493288333450409
0.9493428806826698
0.9493569254442144
0.949370963141117
0.9493849982666642
0.9493990308215623
0.9494130563222156
0.949427079256939
0.9494410996264366
0.9494551129520675
0.9494690395818457
0.9494830477935909
0.9494970489718203
0.9495110475949347
0.9495249550829501
0.9495389441365464
0.9495529306404163
0.9495668260387895
0.9495808029888275
0.9495946933170726
0.9496085766532407
0.9496225415271599
0.9496364198039012
0.9496502910988169
0.9496641598722201
0.949678026124798
0.9496919694383282
0.949705826196713
0.9497196804395938
0.9497335277210872
0.9497473724917028
0.9497612147521232
0.9497750500613436
0.9497888828649854
0.9498027131637293
0.9498164525463899
0.9498302734101846
0.949844091774366
0.9498579032076584
0.9498716281963695
0.9498854346466696
0.9498991502393691
0.9499129472855059
0.9499267418425645
0.9499404455711921
0.9499541468280223
0.9499679295187803
0.9499816214102358
0.9499953947274884
0.9500090816801099
0.9500228456345855
0.9500365232416536
0.9500501983880195
0.9500638666665607
0.9500775324889328
0.9500911958557977
0.9501049362065696
0.9501185064228884
0.9501322418597166
0.9501458027904998
0.9501594451045722
0.9501730849734935
0.9501867180045265
0.9502003485949142
0.9502139767453119
0.950227514282797
0.9502411331760457
0.9502547496344537
0.9502683592748328
0.9502818827250459
0.9502954037581298
0.9503090017428744
0.9503225135614309
0.950336106702644
0.9503496093171826
0.9503631932462926
0.9503766910400587
0.9503901820579495
0.9504036706733557
0.9504171568869194
0.9504307200252473
0.9504441970690803
0.9504576717161441
0.9504711396069432
0.9504846051053973
0.9504980682121439
0.9505115245724006
0.9505249785453652
0.9505384301316729
0.9505518749812482
0.9505652338201571
0.950578673912091
0.9505921072770243
0.9506054546549975
0.9506188832723381
0.9506323051723923
0.9506456411091528
0.9506590582716413
0.9506723851478674
0.9506857932417724
0.9506991154028478
0.9507124308784062
0.9507258275580173
0.950739138328388
0.9507524424228765
0.9507658277078096
0.9507791271070519
0.9507924198400297
0.9508057102331269
0.9508189982869614
0.9508322840021506
0.9508455630628316
0.950858839789193
0.9508721141818502
0.9508853819295717
0.950898647347906
0.9509118269701216
0.9509250834304563
0.9509383375663252
0.9509515893783391
0.9509648345645028
0.9509779939945336
0.9509911511179209
0.9510043850615266
0.9510176166904768
0.9510307625933783
0.9510439853075653
0.9510571223122523
0.951070257020042
0.9510834685301737
0.9510965943540698
0.9511097178859257
0.9511229182111917
0.9511360328734476
0.95114914524851
0.9511622510573049
0.9511753545831451
0.9511884558266271
0.9512016381207727
0.9512146471953093
0.9512277373247388
0.9512408251772297
0.951253906484337
0.9512669855187269
0.9512800622809914
0.9512930492174796
0.9513061171818874
0.9513191828789721
0.9513322420493637
0.9513452156912102
0.9513582703420241
0.9513712352221855
0.9513841978561524
0.9513972414856301
0.9514101953719563
0.9514232302458406
0.9514362628667457
0.9514492100183611
0.9514621506853688
0.9514751723210377
0.951488108510335
0.9515010382242619
0.9515139657068041
0.9515268909585393
0.9515398097441172
0.9515527263030314
0.9515656406358575
0.9515785485117232
0.951591454165636
0.9516043575981695
0.9516172545829231
0.9516301493504247
0.9516429587749364
0.9516558448931536
0.9516687287988085
0.9516816104924712
0.9516944899747112
0.9517072799332791
0.951720150786787
0.9517330194335487
0.9517457985837662
0.951758575543336
0.9517714333790569
0.9517842017453239
0.9517969679255822
0.9518098149686548
0.9518225725693195
0.9518354110249063
0.9518481642573855
0.9518609153096048
0.9518736599847495
0.951886402483692
0.95189914280699
0.9519119597626805
0.9519246085458818
0.9519373381584911
0.95195006141205
0.9519627824986117
0.9519755014187298
0.9519882139887856
0.9520009243964322
0.952013632642221
0.9520262557798708
0.9520389555312164
0.9520516531252802
0.9520643485626116
0.9520769547467397
0.9520896417071554
0.9521022436042015
0.9521149220971702
0.9521275155426328
0.952140189745748
0.9521527747490683
0.9521654405021891
0.9521780212365731
0.952190599840264
0.9522032550181966
0.9522158251996667
0.9522283932549583
0.9522409550295173
0.9522535146818644
0.9522661550468353
0.9522786234713086
0.9522911726123647
0.9523038024528508
0.9523162645434745
0.9523288859944257
0.9523413397230273
0.9523538741442971
0.9523664023132546
0.9523789283739947
0.9523913695516382
0.9524038872670313
0.9524164028786731
0.9524288336292996
0.9524413409088085
0.9524537633429604
0.952466266430266
0.9524786846849993
0.9524911794558405
0.9525035894097388
0.9525160799983118
0.9525284816606083
0.9525408812447128
0.9525533614503615
0.9525657527559734
0.9525781419878014
0.952590529146366
0.9526029142321876
0.9526152931336395
0.9526276699662246
0.9526400447304615
0.9526524133189728
0.9526648624897035
0.9526772269439483
0.952689502596046
0.952701858828917
0.9527142130022017
0.952726565116415
0.9527389110740725
0.9527511723705255
0.952763514224064
0.9527758499296353
0.9527881009957733
0.9528004326059298
0.9528126795892804
0.952825003017911
0.9528372418351603
0.95284956117808
0.9528617918382744
0.9528741030163808
0.9528863296110983
0.9528986326334312
0.9529108510877486
0.9529230675167849
0.9529352819210437
0.9529474902268696
0.9529597790192821
0.9529719832778731
0.9529841814465145
0.9529963775984643
0.9530085717342226
0.9530207638542891
0.9530329498947575
0.9530451339233139
0.9530573159404565
0.9530694094307084
0.9530816658247914
0.9530937553117457
0.9531059211859584
0.9531180850567907
0.9531301644977109
0.9531423243690006
0.9531544781878433
0.9531665475982254
0.9531786974260162
0.9531907588113808
0.9532029006064381
0.9532149580206707
0.9532270134529365
0.9532391452382846
0.9532511926641971
0.9532632381123539
0.9532753599047856
0.953287397359135
0.9532994328399311
0.9533114663476592
0.9533234938515042
0.9533356017157952
0.9533476252757025
0.9533596428400279
0.9533715761264611
0.9533835897666114
0.953395597419452
0.9534076031112928
0.9534196068426143
0.9534316086138966
0.9534436044079779
0.9534555982457058
0.9534675078603058
0.953479493778872
0.9534914777452412
0.9535033775096476
0.9535153575787174
0.9535273316888897
0.9535392216182355
0.9535511918393906
0.9535630738879217
0.9535750362206006
0.9535869143996866
0.9535988728525584
0.9536107431654263
0.9536226115507473
0.9536345601970235
0.9536464207283973
0.9536582793363254
0.9536701360212754
0.9536819907837151
0.9536938396348795
0.9537056865671565
0.9537175315810119
0.9537293706917082
0.9537412078875988
0.9537530431691482
0.953764876536821
0.9537767040112413
0.9537885295753927
0.9538003532297381
0.9538120888952856
0.9538239047638639
0.9538357187266977
0.953847530784248
0.9538592548852837
0.9538710591714337
0.9538827794863456
0.9538945799760852
0.9539062925415412
0.9539180852742077
0.9539297940625145
0.9539415790465889
0.9539532801010491
0.9539649792739778
0.9539767585911116
0.9539884500408814
0.9540001396131272
0.9540119093168558
0.9540235911779343
0.9540352711654883
0.9540469492799682
0.9540586255218247
0.954070377925611
0.9540819644988737
0.9540936311842197
0.9541053740227575
0.9541169510681086
0.9541286082128442
0.9541402634933703
0.9541519129727362
0.9541635605914167
0.9541751244191199
0.9541867683233093
0.9541984064360006
0.9542100426924137
0.9542215951844137
0.9542331419038764
0.9542447686795784
0.9542563936033973
0.9542679347893244
0.9542794702123132
0.9542910856737993
0.9543026992877863
0.9543142252712709
0.9543257494217798
0.9543372717397504
0.9543488740734274
0.9543603888082351
0.9543719017144129
0.954383412792396
0.9543949220426201
0.9544065073771061
0.9544180090615189
0.9544295089220701
0.9544410030543967
0.9544524953663182
0.9544639858582668
0.9544754745306749
0.9544869574843515
0.9544984386219366
0.9545098361730098
0.9545213136851858
0.9545327854880971
0.9545442554792188
0.9545557236589803
0.9545671043937468
0.9545785650695204
0.954589942205272
0.9546013992719402
0.954612768924915
0.954624218501291
0.9546355845637835
0.9546470305396026
0.9546583891329727
0.9546697459378761
0.9546811826435652
0.9546925319908417
0.9547039612314112
0.9547153070043629
0.9547266509935096
0.9547379893278766
0.9547493258818273
0.9547606606557811
0.9547720752954448
0.9547834026389252
0.9547947282062104
0.9548060519977177
0.9548173701513805
0.9548286865326407
0.9548400011419149
0.9548512323723226
0.9548625395868795
0.9548738450332338
0.9548851487118001
0.9548964506229931
0.954907665334659
0.9549189598679384
0.9549302526376177
0.9549414582315501
0.9549527436346342
0.9549639457246881
0.9549752276139094
0.9549864223582002
0.954997696894201
0.955008888142922
0.9550201591733842
0.9550313430896763
0.9550426067802636
0.955053787209274
0.9550649658979493
0.9550761390132188
0.9550873918853817
0.9550985615216359
0.9551097255919626
0.955120887928985
0.9551320485331064
0.9551432074047305
0.9551543607195375
0.9551655123051496
0.9551766621619686
0.9551878102903967
0.9551989528710998
0.9552100937267072
0.9552212328576194
0.9552322888400671
0.9552434207133795
0.9552545508656847
0.9552656792973816
0.9552767246060928
0.9552878457933147
0.9552988838715174
0.9553100830173697
0.9553211138674947
0.9553321430150318
0.955343251831121
0.9553542775693249
0.9553653791650656
0.9553763976968387
0.9553874958798955
0.9553985110104208
0.9554095206473666
0.9554206099232712
0.9554316161662506
0.955442620715495
0.955453619780106
0.955464617154219
0.955475694145132
0.9554866881341061
0.9554976766473751
0.9555086634741559
0.955519648614837
0.9555305470067149
0.9555416062764951
0.9555525013135981
0.955563475943692
0.9555744451142528
0.9555854126059279
0.955596297170469
0.9556072613108134
0.955618220000488
0.9556291770152571
0.9556401323555048
0.9556510860216151
0.955661953028947
0.9556728183758937
0.955683763269235
0.9556946252912726
0.9557055630867062
0.9557164992151653
0.9557273524916865
0.955738204112523
0.9557491314944903
0.9557599760438724
0.95577090010542
0.9557817413456509
0.9557925771809699
0.9558034113676994
0.9558143250495061
0.9558251521850204
0.9558359776754823
0.9558468015212668
0.9558576237227485
0.955868440535202
0.9558792557065063
0.955890069237035
0.9559008000257923
0.9559116876369631
0.9559224114185945
0.9559332146594833
0.95594401626386
0.9559548124965916
0.9559656070959512
0.9559763189975123
0.955987110336456
0.9559978963124167
0.9560085996097298
0.9560193823322717
0.9560301634260534
0.9560408581319759
0.9560516322509858
0.9560623237216197
0.956073094595663
0.9560837791112822
0.95609454302302
0.9561052243110308
0.9561159039883866
0.9561265783390064
0.9561373320687891
0.9561480031994612
0.9561586727233016
0.9561693369289676
0.9561800804968682
0.9561907414902282
0.9562014008805709
0.956212054961284
0.9562227074420635
0.9562333583232698
0.9562440076052631
0.9562546515861475
0.9562652939708962
0.9562759347598682
0.9562865739534222
0.9562971269452966
0.9563077592590572
0.9563183899808276
0.9563290191109655
0.9563395620685403
0.9563501843311346
0.9563608050055165
0.9563713432190623
0.9563819570350676
0.9563925692662736
0.9564030990554899
0.9564137081233011
0.9564242310766301
0.9564348333013126
0.9564453531083236
0.9564558713452753
0.9564664651603949
0.9564769765766418
0.9564875672426579
0.9564979947094462
0.9565085785587143
0.9565190800333605
0.9565295799450486
0.9565401590849507
0.9565506521971199
0.956561143749696
0.9565716337430267
0.9565821221774596
0.95659260538845
0.9566030870435518
0.956613486388083
0.9566239649375538
0.9566344382719003
0.9566449100540533
0.9566553802843574
0.9566658489631579
0.9566763124351434
0.9566866936392932
0.956697154019698
0.9567076128522825
0.9567179857822844
0.9567284378765913
0.9567388884264101
0.9567492567432857
0.9567597005637726
0.9567700621644591
0.9567805029080342
0.9567908614426474
0.956801295468793
0.9568116472990957
0.9568219976023741
0.9568324270271528
0.9568427706350109
0.9568531127191383
0.956863533912867
0.9568738729454757
0.956884206822616
0.9568945391796482
0.9569048700169076
0.9569152799424357
0.9569256041079052
0.9569359267568802
0.9569461672971402
0.9569565675066843
0.9569668819845295
0.9569771949494851
0.956987506401884
0.9569977357747174
0.9570080405889164
0.9570183438938213
0.9570286456897636
0.9570388654298756
0.9570491642139177
0.9570594578765182
0.9570696695016334
0.9570799601588329
0.9570902493113153
0.9571005333504502
0.9571107353757634
0.9571209359096464
0.957131215454395
0.9571414898938674
0.9571516823431505
0.9571618733045524
0.957172143260321
0.9571823276419441
0.9571925910108166
0.9572026919515169
0.9572129523420133
0.9572231271864131
0.9572333005496795
0.9572434724321359
0.957253723276014
0.9572638886017933
0.9572740524499636
0.9572842148208465
0.9572943757147645
0.9573045315454694
0.95731468590208
0.9573248387849174
0.9573349097922927
0.9573451401305557
0.9573552850129906
0.957365348038078
0.9573754899852708
0.9573856304628344
0.9573957658945174
0.9574058194922392
0.9574159519956635
0.9574260830329531
0.9574362090322841
0.9574462532209969
0.9574563762990359
0.9574664175770143
0.9574764538348506
0.9574865689702818
0.9574966826462257
0.957506714545401
0.9575167414323011
0.9575268471804527
0.9575368711698322
0.9575469740112009
0.9575569951043137
0.9575670111944128
0.9575771061248095
0.9575871193249109
0.9575971310829525
0.9576071378458081
0.9576171431694157
0.9576271470540858
0.9576371495001287
0.9576471469587915
0.9576572232251599
0.9576672178075651
0.9576771307210898
0.9576871188936275
0.9576971056337628
0.9577070909418035
0.9577170748180581
0.9577270572628341
0.9577370347371943
0.9577469305835972
0.957756905205801
0.9577668783999331
0.9577768466314013
0.9577867332579354
0.9577966986440393
0.9578065824356279
0.9578165414470218
0.9578264990365242
0.9578363750492792
0.9578463298008005
0.9578561994597324
0.9578660677099325
0.9578759345517025
0.9578859602467517
0.9578958242627811
0.9579056833504422
0.9579155410330312
0.9579254774220256
0.9579353322904874
0.9579451822382404
0.9579550307842707
0.957964958020556
0.9579748037591631
0.9579845645027701
0.9579944840118678
0.9580043220409461
0.9580141586722389
0.9580239939060443
0.9580337441781662
0.9580436531707596
0.958053480711287
0.9580632268146179
0.9580730480693723
0.9580828679326989
0.9580926864048936
0.9581025034862518
0.9581122356599423
0.9581220464691498
0.95813185589054
0.958141663924407
0.9581513905716307
0.9581611923431521
0.958170992730163
0.95818071174805
0.9581904293916873
0.9582002221478094
0.9582100135227198
0.9582197235511295
0.9582294322085685
0.9582391360107818
0.9582489183958066
0.9582586994032011
0.9582683990917924
0.9582780974129737
0.958287790887774
0.9582975629248505
0.9583072536656719
0.9583169430423455
0.9583266275801168
0.95833631075642
0.9583459925715423
0.9583556730257707
0.9583653521193921
0.9583750263829061
0.9583846992884867
0.95839437083642
0.9584040410269916
0.9584137063948971
0.9584233704081092
0.9584330330669129
0.9584426145166404
0.958452271010865
0.9584619261536282
0.9584715799452137
0.9584812323859048
0.9584908036449602
0.9585004499333116
0.9585100948737085
0.9585196586497443
0.9585293008998528
0.9585388585437042
0.9585484946547193
0.9585581294212765
0.958567683050829
0.9585772353460275
0.9585868626436063
0.9585964088214098
0.958606033441523
0.9586155769519453
0.9586251156888038
0.9586346530971198
0.9586442689318868
0.9586538036791902
0.958663337098784
0.9586729454938961
0.9586824728187077
0.9586919190877512
0.9587015234941629
0.9587110434119829
0.958720562007877
0.9587300792821208
0.9587395952349894
0.9587491098667581
0.9587586197494715
0.9587681283136917
0.9587776355596928
0.9587870618041984
0.9587966426740137
0.9588060628708368
0.9588155614314129
0.958825058677191
0.9588345546084442
0.958843966151255
0.958853456042046
0.9588629446211788
0.9588723522478951
0.958881834794329
0.9588913160319665
0.9589007163341865
0.9589101153375797
0.958919592659867
0.9589290652646257
0.9589384569559317
0.9589478473515178
0.9589572364516523
0.9589667004447704
0.9589760835463719
0.9589854653553528
0.9589949254518068
0.959004304671645
0.9590136791989836
0.9590231320025404
0.9590325039463934
0.9590418746012505
0.9590512405707474
0.9590606052538007
0.9590699686506753
0.9590794102992624
0.9590886915869483
0.9590980477352934
0.9591074026005361
0.9591167561829406
0.9591261084827705
0.9591354561127374
0.9591448024626713
0.9591540680326238
0.9591634118279483
0.9591727543440276
0.9591820921985963
0.9591914287764555
0.9592006846009853
0.9592100186308701
0.9592193513848302
0.9592286000227148
0.9592379268547552
0.9592471729600767
0.9592564972507586
0.9592657374510339
0.95927505582988
0.9592842935036564
0.9592936093472229
0.9593029239212177
0.9593121544363289
0.9593213836936684
0.9593306116934932
0.9593399178431696
0.9593491399595402
0.959358360821152
0.9593676598214677
0.9593768781696925
0.9593860952639273
0.9593953871241554
0.9594045983489415
0.9594138083224857
0.9594230170450428
0.9594322245168678
0.9594414273835831
0.9594506290020534
0.9594598293725325
0.9594690284952745
0.9594781436821485
0.9594873369660842
0.9594965290050173
0.9595057197992006
0.9595149093488871
0.9595240943085751
0.9595332780262428
0.959542460502142
0.959551562435693
0.9595607424334127
0.9595698385576603
0.9595790127393298
0.9595881856824553
0.9595972781094615
0.9596064452439271
0.9596156111425651
0.9596246965415713
0.9596337807144332
0.9596429429162568
0.9596520213009487
0.9596611777078793
0.9596703328824396
0.9596794075883424
0.9596884810715371
0.9596975500051225
0.9597066969412226
0.959715763429936
0.9597248286988741
0.9597338927482828
0.9597430314606057
0.9597520897467795
0.9597611468161037
0.9597702026688234
0.9597792539867874
0.959788304090576
0.9597973529804337
0.9598064006566045
0.9598154471193326
0.959824489055309
0.9598335297802665
0.9598425692944481
0.9598516075980973
0.9598606446914573
0.9598696772660522
0.9598787086327762
0.9598876596603443
0.9598966886165987
0.9599056372432854
0.9599146604861319
0.9599236825242459
0.959932624249073
0.9599416438829825
0.959950659012826
0.9599595938456418
0.9599686065765696
0.9599776181061349
0.9599866284345778
0.9599955551898225
0.9600045598279324
0.9600134841995523
0.9600224073819839
0.9600313293754646
0.9600403259441687
0.9600492422673609
0.9600581574042215
0.9600671503958436
0.9600760631562275
0.9600849714452843
0.9600939575781716
0.960102863495986
0.9601117682307915
0.9601206685009275
0.9601295675904264
0.9601384654995232
0.9601474412287131
0.9601562577774494
0.9601652278608529
0.9601740387841833
0.9601829275214351
0.9601918940593449
0.9602007014648779
0.9602095833991263
0.9602184641588716
0.9602273437443467
0.9602362221557845
0.9602450204426249
0.9602538932434899
0.9602626859310908
0.9602716353311052
0.9602804256854672
0.960289293806409
0.9602981574938596
0.9603069410934963
0.9603158024488454
0.9603245837258007
0.9603334427499701
0.9603422973483918
0.9603510718844108
0.9603599241567964
0.9603686963761799
0.9603774674398274
0.9603862340943807
0.9603950784702043
0.9604038428136945
0.960412684869987
0.960421443653486
0.9604302012863508
0.9604390366211957
0.9604477919490118
0.960456546126874
0.9604652959098348
0.9604741233797333
0.9604827920330664
0.9604916171994621
0.9605003623887722
0.9605091031908309
0.960517842848239
0.9605265025533296
0.9605353187300024
0.9605439761558004
0.960552786799988
0.9605615175034975
0.9605701682798579
0.9605789754863985
0.9605876239894031
0.9605963469016563
0.9606050686752093
0.9606137893102852
0.9606225088071069
0.9606311484112049
0.9606397836597284
0.9606485752730369
0.9606572082591437
0.9606658401188038
0.9606746283173851
0.9606832546939423
0.960691879946549
0.9607005827947518
0.9607092845106141
0.9607179063838461
0.9607266026226832
0.9607352190299887
0.9607438343164925
0.9607525271752841
0.9607611402164282
0.9607697489245914
0.9607783565146552
0.9607870416620947
0.9607956470122092
0.9608042512448781
0.9608128511520546
0.9608215286017151
0.9608301262743408
0.9608387228322149
0.960847318275554
0.9608559880409825
0.9608645780496344
0.9608731669462226
0.9608816761040161
0.9608903414040713
0.960898923766618
0.9609075050197826
0.9609160065543569
0.9609245855937805
0.9609331635244664
0.9609417371520196
0.9609503096730799
0.9609588810878618
0.9609673728134064
0.9609759420206426
0.9609845069321593
0.960992992169999
0.9610015548788688
0.9610101164845537
0.961018676987267
0.9610271546490429
0.9610357097670513
0.961044185240639
0.9610527381621629
0.9610612114484077
0.9610697589932311
0.9610782269137084
0.9610867722673458
0.9610952380057614
0.961103781169057
0.9611122415496812
0.9611207793487099
0.9611292375525416
0.961137694670466
0.9611462291943901
0.961154680964692
0.9611631316515015
0.9611715812550266
0.961180108249824
0.9611884772130569
0.9611969988660318
0.961205440968331
0.9612138819901708
0.9612223219317587
0.9612307607933019
0.961239198575008
0.9612476321148147
0.9612560645769792
0.9612644959617082
0.961272926269208
0.9612813554996852
0.9612897804955247
0.9612981260027589
0.9613065488534541
0.9613149706297279
0.9613233913317858
0.9613317294099352
0.9613402232090763
0.961348637539881
0.9613569724154721
0.9613653846075453
0.9613737142044698
0.9613821211114332
0.9613904485829967
0.961398853356397
0.9614072570611724
0.9614155781995083
0.961423976629156
0.9614322956476786
0.961440691949326
0.9614490088488437
0.9614573998831526
0.9614657115260785
0.9614740221141116
0.9614824099665792
0.961490718441136
0.9614990227256401
0.9615074042640801
0.9615157064398208
0.9615240075636226
0.9615323076356855
0.9615406066562096
0.9615489797797567
0.961557273564762
0.9615655663005744
0.9615738579873931
0.961582148625417
0.9615904350887046
0.9615987205053392
0.9616070048755193
0.9616153664501516
0.9616235704773086
0.9616318485875298
0.9616401256538301
0.9616484016764069
0.9616566766554576
0.9616649505911797
0.9616731421454559
0.9616814891002937
0.9616896785808772
0.9616979452372846
0.961706210853085
0.9617143972288628
0.9617226576560498
0.9617309170449536
0.9617390972088985
0.9617473545260649
0.9617556108055346
0.9617638629395917
0.9617720358681691
0.9617802077698485
0.9617884568062364
0.9617966266504544
0.9618048705176855
0.9618130352033302
0.9618211988647609
0.9618294396424084
0.9618376793877651
0.9618458368699321
0.9618539933303702
0.9618622268926059
0.9618703031868281
0.9618785346981071
0.9618866870693207
0.9618949134320408
0.9619029825630193
0.9619112068797537
0.9619193520757882
0.9619274962535294
0.9619356363232849
0.9619437753768365
0.9619519134143745
0.9619600504360891
0.9619682645106712
0.9619763183471907
0.9619844492386626
0.9619925791167755
0.962000707981719
0.9620088358336826
0.9620169626728553
0.9620250854189177
0.9620332071542694
0.9620413278790988
0.9620493695671181
0.962057488275664
0.9620656028979878
0.9620737165122415
0.9620817511089085
0.9620898627117729
0.9620979733071302
0.9621060018260019
0.9621140293478099
0.9621221338614928
0.9621302373701128
0.9621383398738569
0.9621463633966943
0.962154382856427
0.9621624792897404
0.9621705747206162
0.962178591189732
0.9621866066651349
0.962194618084248
0.9622027064586693
0.9622107158904591
0.9622187243309513
0.962226809714793
0.9622348131105092
0.9622428155171548
0.9622508948568869
0.9622588952817749
0.9622668947181425
0.9622748931661732
0.9622828875725159
0.9622908809925591
0.9622988734264856
0.9623068648744775
0.9623148553367175
0.9623228417640288
0.9623308272076214
0.9623388116676771
0.9623467951443776
0.9623547776379046
0.9623628370122381
0.962370736631806
0.962378713134209
0.9623866886558295
0.9623946631968484
0.9624026367574464
0.9624106062976064
0.9624185748593699
0.9624265424429168
0.9624343533953481
0.962442319031267
0.9624502806534517
0.9624582412997992
0.9624661231604764
0.962474081859812
0.9624820395838478
0.9624899185351359
0.9624978712821392
0.9625058230560368
0.9625136960717428
0.9625216459040806
0.9625295169868274
0.9625373840784509
0.9625453279765216
0.9625532709042097
0.9625611351011312
0.9625689983362528
0.9625768606097508
0.9625847188997606
0.9625926539742352
0.9626005103410447
0.962608365748574
0.962616220196999
0.9626241483962226
0.9626319979065554
0.9626398464599465
0.9626476940565708
0.9626555406966034
0.9626634640873828
0.9626713057976276
0.962679068854467
0.9626869086601137
0.9626947475116745
0.9627026630960099
0.9627104193442811
0.9627182523273053
0.9627260843585697
0.9627339154382475
0.9627417455665123
0.9627495747435373
0.9627573999654282
0.9627652242380531
0.9627729699116712
0.9627807922903605
0.9627886137203016
0.9627963565639995
0.9628042507354316
0.9628119886930643
0.9628197257124153
0.9628275394150154
0.9628352745542329
0.9628430833737316
0.9628508912491028
0.9628586981805181
0.9628664265671194
0.9628742316151971
0.9628819581269376
0.9628897583020491
0.9628975575356775
0.9629052782472737
0.9629129980258464
0.9629207168715649
0.9629285093668343
0.9629362233586032
0.9629439364196284
0.9629517261064459
0.9629594373024316
0.9629671475681791
0.9629748539223819
0.9629826368884492
0.9629903413821681
0.9629980449479217
0.9630057475858779
0.9630135268201861
0.9630211471023958
0.9630288439828903
0.9630366174497119
0.9630442349674551
0.9630520065756356
0.9630596967782945
0.9630673860576857
0.9630750744139757
0.9630826843596868
0.9630903708743047
0.9630980564663194
0.9631058156435492
0.963113418948992
0.963121098809475
0.9631287777496098
0.9631364557695616
0.9631440554140756
0.9631517286350445
0.9631594009379151
0.9631670723228521
0.9631746653506779
0.9631823349042572
0.9631899231499176
0.963197587915203
0.9632052517649631
0.9632128372800931
0.9632204993033017
0.9632280830002344
0.9632357402431085
0.9632433965728594
0.9632509745904213
0.9632585517031977
0.9632662053025566
0.9632737806022371
0.9632813520479029
0.9632889999701982
0.9632965696068839
0.9633042157125277
0.9633117835408802
0.9633193475215238
0.9633269879611922
0.9633345501376092
0.9633420340629227
0.9633496717909816
0.9633572312682583
0.9633648642443194
0.9633724189794597
0.9633799728170914
0.9633875257573744
0.9633950778004685
0.9634027062658752
0.9634101762593326
0.9634177226769819
0.963425268199641
0.9634328128274692
0.9634403565606254
0.9634478993992691
0.9634554384118371
0.9634629765317676
0.963470436475676
0.9634780500943498
0.9634855082617156
0.9634930398888114
0.9635005706256159
0.9635080232085858
0.9635156294289824
0.9635230802400829
0.9635306074212617
0.963538130789752
0.9635455760265556
0.9635530976235701
0.9635606183331048
0.9635680609232978
0.9635755798622971
0.9635830177716335
0.9635905320237192
0.9635979681744558
0.9636054806603485
0.9636129150531076
0.9636204257734312
0.9636278554949055
0.9636353615378995
0.9636427895057135
0.9636502937874694
0.9636576428176272
0.9636652225233813
0.9636726440764187
0.9636799875841885
0.963687484565227
0.9636949035013056
0.9637023987263544
0.9637098130091377
0.9637172264217452
0.9637247161135221
0.9637320506370456
0.9637394614400446
0.9637469485108733
0.9637543546700695
0.9637616828319941
0.9637691643854208
0.9637765679418809
0.9637838935133023
0.963791372453132
0.9637987705119032
0.9638060905993757
0.9638135640337155
0.9638209594970601
0.9638282770013121
0.9638356707390472
0.9638430607204803
0.9638504498390493
0.9638578380949052
0.9638652254881993
0.9638725349483022
0.9638799976877058
0.9638873025440388
0.963894683606803
0.9639019867541199
0.9639093661003534
0.9639166675392525
0.9639240451695553
0.9639314190574868
0.963938715051747
0.9639460872276697
0.963953458545866
0.9639607519825286
0.9639681215896123
0.963975410445096
0.9639827754650159
0.9639900626210808
0.9639973489296068
0.9640047113913366
0.9640119960013329
0.9640192768905811
0.9640266339233127
0.9640339131179191
0.9640412684485395
0.9640485459490945
0.9640558226047887
0.9640630955466147
0.9640704446110138
0.9640777158629613
0.9640849862721299
0.9640922558386662
0.9640995245627165
0.9641068665260238
0.9641141306984905
0.9641213940304018
0.9641287334565667
0.9641359181731418
0.9641431789842623
0.9641504360952166
0.9641576923678331
0.9641649478022574
0.9641722023986345
0.9641794561571099
0.9641867090778284
0.964193881405332
0.9642012066965967
0.9642083773599952
0.9642156240837167
0.964222869971891
0.9642301150246625
0.9642373563908909
0.964244520050602
0.9642517597535604
0.9642589986231754
0.9642662366595911
0.9642733970054645
0.9642806305329078
0.9642877863792684
0.9642950182481185
0.9643022492859669
0.964309402654691
0.9643166320348038
0.964323780911335
0.9643310057933295
0.9643382298465148
0.9643453762519554
0.9643525218365447
0.9643597434118174
0.9643668845132667
0.9643741015994864
0.9643812410593146
0.9643883797004614
0.9643955943153093
0.9644027313156818
0.9644099414487649
0.9644169971960073
0.9644242056882613
0.9644313365833745
0.9644385434315478
0.9644456726905025
0.9644527983042683
0.9644599231036763
0.9644670470888661
0.9644741702599773
0.9644812926171493
0.9644884141605218
0.9644956088041285
0.9645027258931005
0.9645097654390102
0.9645168809080792
0.9645240722890148
0.9645311861311154
0.9645382963413492
0.9645453290297048
0.9645524376243211
0.9645595454094343
0.9645666523851828
0.9645737585517046
0.9645808639091381
0.9645878889529167
0.9645949898824089
0.9646021666863683
0.9646091893198554
0.9646162878280851
0.9646233088592029
0.9646304796131603
0.964637496229002
0.9646445120474751
0.964651603723845
0.9646586945955345
0.9646657080151225
0.9646727944748824
0.9646798034918279
0.9646868883498516
0.9646939724053224
0.9647010556583766
0.9647080614842843
0.9647150637131597
0.9647220651490219
0.9647291424055237
0.9647361422519816
0.9647432179117974
0.964750216169391
0.9647572874349116
0.9647642813074575
0.9647712743893605
0.9647782666807545
0.9647853347651123
0.9647923254721175
0.9647993919648208
0.9648063782948262
0.9648133638364176
0.9648203485897285
0.9648273325548926
0.9648343157320429
0.9648413746745358
0.9648482769339572
0.9648552549604096
0.964862308742751
0.9648692851934608
0.9648762608583776
0.9648832357376341
0.9648902070467513
0.9648971775718931
0.9649040707937653
0.964911039755102
0.9649180079328592
0.9649250518353479
0.9649319391578004
0.9649389022066653
0.9649459409708475
0.9649528259596225
0.9649597101745205
0.9649666701013768
0.9649736292471242
0.964980584836478
0.9649875396463995
0.9649944172062574
0.965001370461441
0.965008322937585
0.9650151981752682
0.9650221463262673
0.9650290172479425
0.9650360402966878
0.9650429096717328
0.9650497782773947
0.9650567225509663
0.9650635868475351
0.9650706032359486
0.9650773895639926
0.9650843279766924
0.965091189196183
0.965098126063414
0.9651050621562468
0.9651118418979642
0.9651187736891496
0.9651257047077303
0.9651325585575902
0.9651394116425328
0.9651462639626861
0.9651531891453825
0.9651600371761333
0.9651668844438704
0.9651738073226834
0.965180653061063
0.9651874980368117
0.9651943394963536
0.9652011801949085
0.9652080201326035
0.9652148593095655
0.9652217740739432
0.9652286117261152
0.9652354486179352
0.9652422820006895
0.9652491146247316
0.965255946490188
0.9652627775971848
0.9652696079458484
0.9652763612178736
0.9652831873092543
0.965290012644064
0.9652968372224284
0.9653037373481471
0.9653104841103245
0.9653173064201075
0.9653241279739482
0.9653309460321193
0.9653376870507463
0.9653445798856565
0.9653513194034002
0.9653580581745819
0.9653648724698136
0.9653716832756352
0.9653784170661341
0.9653852263713899
0.9653920349247128
0.9653988427262273
0.9654055735276196
0.965412303584808
0.965419182649154
0.9654259084813865
0.9654326335711497
0.9654394341486371
0.9654462339765606
0.9654529568323019
0.9654597524383227
0.9654664710811092
0.9654731889835259
0.9654799823537727
0.9654866987721488
0.9654934144505226
0.965500205586102
0.965506917059133
0.9655136277938879
0.9655204139766026
0.96552712323151
0.9655338317485069
0.965540539527715
0.9655472438512975
0.9655540236065299
0.9655607264542029
0.9655674285659298
0.9655741299418318
0.9655808305820301
0.9655876066362353
0.9655943030885346
0.9656009988068476
0.965607693791295
0.9656143880419976
0.9656210815590759
0.9656277743426506
0.9656344636836959
0.9656411522928299
0.965647764053363
0.9656545273158449
0.9656611376204288
0.9656678233067549
0.9656745082617697
0.9656811897811662
0.9656878705708403
0.9656945506309111
0.9657012299614984
0.9657079085627216
0.9657145103542183
0.9657211848003088
0.9657278585187392
0.9657344554400229
0.9657411277071113
0.9657477231845433
0.9657543940007638
0.9657610640899185
0.9657677307564313
0.9657743966974596
0.9657809098246097
0.9657876503628865
0.9657942380947582
0.9658008251088541
0.9658074847433845
0.9658141436544806
0.9658207258196868
0.9658273072689157
0.9658339640176248
0.9658405440316337
0.9658471993381368
0.9658537752303754
0.9658604264094621
0.9658670008700766
0.9658735746168582
0.9658802236400235
0.9658867959558802
0.9658933675582531
0.965899935764891
0.9659065792352959
0.9659131460145944
0.9659197120821975
0.9659262774382209
0.9659328420827803
0.9659394033375991
0.9659459638825071
0.9659525996681444
0.9659591587899836
0.9659657172022579
0.9659722749050824
0.9659788318985723
0.9659853855090782
0.9659919384117991
0.9659984906068493
0.9660050420943436
0.9660115928743966
0.9660182188617824
0.9660246923126369
0.9660312383019022
0.966037783585501
0.9660443281635475
0.9660507961393997
0.9660573393102599
0.9660638817759097
0.9660704235364629
0.9660768860450336
0.966083499614944
0.9660900365989664
0.9660964970079208
0.9661030325889701
0.9661095674669187
0.9661160231202289
0.966122478079112
0.966129084051461
0.9661355376146801
0.9661419904838084
0.9661485943453532
0.9661550458194927
0.9661615697799002
0.9661680172083197
0.9661745397734662
0.966180985813967
0.9661874311624583
0.9661939516373305
0.9662003955985735
0.9662069120278097
0.9662134277596748
0.9662198669902016
0.9662263055306826
0.9662327433812284
0.9662392563353607
0.9662456928028137
0.966252201720026
0.9662586341591732
0.9662650659102325
0.9662714969733143
0.966278003120663
0.966284432804573
0.9662908591577666
0.9662972848247147
0.966303709805527
0.9663101341003137
0.9663165577091845
0.966323056379601
0.9663294786134295
0.966335897523119
0.9663423914853763
0.9663488090232647
0.9663551501474932
0.9663616420472422
0.9663679818109244
0.9663743966171225
0.9663808081057375
0.9663872189122142
0.9663936290366616
0.9664000384791884
0.9664064472399035
0.9664128553189156
0.9664192627163336
0.9664256668027092
0.9664320702089909
0.9664384729352868
0.9664447993013676
0.9664512006715336
0.9664576013620382
0.9664639257032129
0.9664703224131522
0.9664767184450347
0.9664830381397319
0.9664894328193333
0.9664958268212008
0.9665022201454424
0.9665085371469753
0.9665148508575004
0.9665212395371782
0.9665276275409372
0.9665340148688849
0.9665403258934684
0.9665466362494677
0.9665530215576247
0.9665593279570881
0.9665657093031861
0.9665720899753896
0.9665783187605178
0.9665846980922381
0.9665910767503834
0.9665973791389117
0.9666036782493355
0.966610052283913
0.966616350060946
0.9666227227553614
0.9666290191994265
0.9666353149789139
0.9666416856656223
0.9666479019372596
0.9666542686823006
0.9666605591962402
0.9666668490473864
0.9666732137901022
0.9666794267617177
0.9666857875688607
0.9666920721641162
0.9666984316386935
0.9667046393716915
0.9667109219842197
0.9667172039360472
0.9667235607536895
0.9667297632588778
0.9667361161508055
0.9667423173447783
0.9667485933992871
0.9667548687949733
0.9667611435319404
0.9667674931123883
0.9667736910301328
0.9667800366925938
0.9667862307076877
0.966792499560989
0.9667987677574441
0.9668049598158729
0.9668113021802281
0.9668174929324095
0.9668237559162166
0.9668299427775162
0.9668362044547203
0.9668424654770478
0.9668487258446015
0.966854985557484
0.9668612446157979
0.9668674249875714
0.9668736047131407
0.9668798592323601
0.9668861130986668
0.9668922908793087
0.9668985434435456
0.9669047953551761
0.9669109686107441
0.9669172166410984
0.9669233886047905
0.9669295599244233
0.966935806008796
0.9669420514424167
0.9669482208235707
0.9669543869843341
0.9669606278976963
0.9669667927704647
0.9669730323891529
0.9669791959743288
0.9669854342987465
0.9669915965967324
0.9669977556805803
0.9670039141240345
0.9670100719271948
0.967016304454139
0.9670224609735733
0.9670286922101284
0.9670348474462372
0.9670409994744407
0.967047150864175
0.9670533016155397
0.9670595270686015
0.9670656765400953
0.9670718253735178
0.9670779735689682
0.9670841185627255
0.9670902629199324
0.9670964819601098
0.9671025497250907
0.9671086921732399
0.9671148339852343
0.9671209751611727
0.9671271131416099
0.9671332504874095
0.9671393871986698
0.9671455232754891
0.9671516587179659
0.9671577935261987
0.9671638524184643
0.967169985961917
0.9671761163167484
0.9671822460389468
0.96718837512861
0.9671945035858359
0.9672006314107225
0.9672066833454107
0.9672128099093176
0.9672189332907604
0.9672250560414705
0.9672311029172035
0.9672372244101395
0.9672432700351015
0.967249465504787
0.9672555851066933
0.9672615510775987
0.9672676668811291
0.9672737820559181
0.9672798213849139
0.9672859353059016
0.9672920485984383
0.9672980860556549
0.9673041955530179
0.9673102292232447
0.9673162622733971
0.9673223698969673
0.967328401703863
0.9673345080775909
0.9673405386416134
0.9673466412281432
0.9673526680131327
0.9673587693530005
0.9673647197285835
0.9673708198255473
0.96737684413489
0.9673829429859568
0.9673888909001891
0.967394985976171
0.9674010804290581
0.9674070991128964
0.9674130420379183
0.9674191346321956
0.9674251514678459
0.9674311676876227
0.9674372558920232
0.9674432683493969
0.9674492801923732
0.9674552914210465
0.9674613020355107
0.9674673120358601
0.9674733214221888
0.9674794027755891
0.9674853333051809
0.9674913383278073
0.9674973427379788
0.9675033465357893
0.9675094248100972
0.9675153522947013
0.9675213542559903
0.967527353085464
0.9675333513042326
0.9675392738404298
0.967545345910027
0.9675512672319911
0.9675572630122263
0.9675632581822221
0.9675692502263906
0.9675752416616914
0.967581157439736
0.967587147660928
0.9675931372735304
0.9675990512392092
0.9676050396382577
0.9676110249174474
0.9676169345612153
0.9676229186297663
0.9676289020914659
0.9676348849464064
0.9676407921796663
0.9676467738247048
0.9676526798549371
0.9676586577836053
0.9676645601055099
0.9676706118256806
0.967676437949321
0.9676824134647337
0.9676883883753955
0.9676942876964356
0.9677001839168524
0.9677061545189224
0.9677121245177861
0.9677180189418962
0.9677239127696433
0.9677298809660848
0.9677357735980419
0.9677416656339075
0.967747629530702
0.9677535178744431
0.9677594056235288
0.9677653677230538
0.9677712542797711
0.9677771402421035
0.9677831005451739
0.96778898282172
0.9677948645053139
0.9678007455960456
0.9678066260940046
0.9678125059992804
0.9678183853119627
0.9678242640321412
0.9678301421599051
0.9678360172060301
0.9678418916610797
0.9678477655251434
0.9678537136935369
0.9678595863725835
0.9678654584609119
0.9678712550733212
0.9678771983805179
0.9678830662131317
0.9678889334565411
0.9678948001108351
0.9679006661761022
0.9679064567869732
0.967912321677757
0.9679181859797797
0.9679240472124987
0.9679298330055475
0.9679356930667957
0.9679415525407918
0.9679474114276242
0.9679532697273809
0.9679591274401506
0.9679649820894242
0.967970761323876
0.9679766148052122
0.9679823928784935
0.9679882451922427
0.9679940969206849
0.9679999480639083
0.9680057986220003
0.9680115713169266
0.9680173434346244
0.9680232645742614
0.968029035531175
0.9680348807040918
0.9680406505038628
0.9680464945132361
0.9680522631562115
0.9680581035349659
0.9680638685552061
0.9680697077734045
0.9680754716398221
0.968081309697811
0.9680870724107516
0.9680928345487256
0.9680985936483829
0.9681044269279754
0.9681101848771211
0.968116016999829
0.968121773798807
0.9681275300244689
0.9681332856769002
0.9681391154901388
0.9681448675342054
0.9681506937338532
0.9681563699069017
0.9681622696774759
0.9681679447105284
0.968173693892974
0.9681795172150894
0.9681851880887903
0.9681910078080187
0.9681967522493986
0.9682024961208349
0.9682083141171934
0.9682139821542165
0.9682197243163314
0.9682255405938374
0.9682312791631781
0.9682370171642124
0.9682427545970249
0.9682484914616998
0.9682541530896019
0.9682599634869746
0.9682656986477433
0.9682714332407117
0.9682770901643737
0.9682828958329495
0.968288551630179
0.9682942815135327
0.9683000108306324
0.9683057395815621
0.9683114677664055
0.9683171953852467
0.9683228453670508
0.9683286440436053
0.9683342929025504
0.968340015823442
0.9683456635631115
0.968351385358404
0.9683571065894027
0.9683627502116798
0.9683685424850318
0.9683741849878451
0.9683799015316267
0.9683855429185506
0.9683912583401334
0.9683968986114981
0.9684026129112133
0.9684082496343367
0.9684139603806223
0.9684196705657675
0.968425380189855
0.9684310146847156
0.9684367231901594
0.9684423565729994
0.9684480639601291
0.9684536938027195
0.9684593230923096
0.9684650263778668
0.9684706545584727
0.9684763567287651
0.9684819838007136
0.9684876848560691
0.9684933108196869
0.9684989338067523
0.9685045562425729
0.9685102526503522
0.9685158739807059
0.9685214947600581
0.9685271149884898
0.9685328091763376
0.9685384282999522
0.9685440444531864
0.9685497345575474
0.968555349608659
0.9685608896162394
0.9685665780629613
0.9685721914663132
0.968577804320573
0.9685834886913417
0.968589098029705
0.9685947068203169
0.9686003150632575
0.9686059227586071
0.9686115299064458
0.9686171365068539
0.9686227425599114
0.9686283456542478
0.9686339482024906
0.9686395502047197
0.9686451516610148
0.9686507525714558
0.9686563529361225
0.9686618783185392
0.9686675520284521
0.9686731483492056
0.968678669698619
0.9686842649339199
0.9686898596250183
0.9686954537719937
0.9687009729607152
0.9687066404338931
0.9687121585411426
0.968717748112901
0.9687232627405681
0.9687288512303188
0.9687344391775929
0.9687400265824694
0.9687456134450271
0.9687511997653451
0.9687567111611451
0.9687622940020472
0.9687678763020359
0.9687733836883681
0.96877896490994
0.968784545590834
0.9687900513678402
0.9687955566106837
0.9688011356763617
0.9688066374539082
0.9688122130491756
0.968817788105323
0.9688232882781881
0.968828862259496
0.9688343613640212
0.9688399342708013
0.9688454323072971
0.9688509274217864
0.9688564963303297
0.9688619903794087
0.9688674838974836
0.9688730512003446
0.9688785436534727
0.9688841098852131
0.9688896012737032
0.9688950897461873
0.9689005776892018
0.9689060651028232
0.9689116262807035
0.9689171126326062
0.9689225984553457
0.9689280837489986
0.9689336427945807
0.9689391246460372
0.968944605969707
0.9689500867656662
0.9689555670339911
0.9689610467747579
0.9689666002500624
0.9689720789327873
0.9689775570881828
0.9689830323395141
0.9689885070647362
0.9689939812639247
0.9689994549371553
0.9690049280845041
0.9690104007060467
0.969015872801859
0.9690213443720166
0.9690268130440511
0.9690322069673953
0.9690377488148827
0.9690432159138307
0.9690486824885673
0.969054148539168
0.9690595398571531
0.9690650048628467
0.9690704669763385
0.9690759285670588
0.9690813896350827
0.9690868501804853
0.9690923102033417
0.9690976955171158
0.9691031544982359
0.9691086129570344
0.9691140708935863
0.9691195259444492
0.9691249063033203
0.9691303603153109
0.9691357396417192
0.9691411926151351
0.9691466450678133
0.9691520228445156
0.9691574742590654
0.9691628486447463
0.9691682966632242
0.9691737441623952
0.9691791170026356
0.9691845634665321
0.9691899352778905
0.9691953807068084
0.9692007514895794
0.9692061935287295
0.9692116350501481
0.9692170019360391
0.9692224424253255
0.9692278082854614
0.9692331736343898
0.9692385384721837
0.969243976901197
0.9692494124621104
0.9692547734108602
0.9692601338498115
0.9692654937790368
0.9692709272853461
0.9692762861922253
0.9692817186701205
0.9692870024775339
0.9692923575093996
0.9692977861042164
0.9693031401165524
0.9693085676857843
0.9693139206788811
0.9693192731640194
0.9693246251412718
0.9693300506633014
0.9693353275724076
0.9693407497308073
0.9693460973331627
0.9693514444290324
0.9693567910184886
0.969362137101603
0.9693674826784476
0.9693729017769083
0.9693781723136152
0.9693835880558493
0.9693889292684214
0.9693942699761201
0.969399610179017
0.9694048758679191
0.969410215064517
0.9694156277596128
0.9694208919440219
0.9694262272933574
0.9694315621393548
0.9694368964820856
0.9694422303216209
0.9694475636580319
0.9694528225099022
0.9694582288217658
0.969463486673907
0.9694688180016141
0.9694740725283286
0.9694794744916889
0.9694847280212949
0.969490128975387
0.9694953815081669
0.9695007074994947
0.9695059590388163