3.771677017211914
3.7227911949157715
3.675260066986084
3.62903094291687
3.5840530395507812
3.540278673171997
3.4976611137390137
3.4561574459075928
3.415726661682129
3.3763279914855957
3.3379249572753906
3.3004813194274902
3.2639617919921875
3.228334426879883
3.1935677528381348
3.1596322059631348
3.1264991760253906
3.0941407680511475
3.0625314712524414
3.031646251678467
3.0014610290527344
2.9719529151916504
2.9430994987487793
2.9148802757263184
2.887274742126465
2.8602640628814697
2.833828926086426
2.807952404022217
2.782616376876831
2.7578043937683105
2.73350191116333
2.70969295501709
2.6863627433776855
2.663496732711792
2.641082286834717
2.6191062927246094
2.5975561141967773
2.5764193534851074
2.555685043334961
2.5353407859802246
2.5153775215148926
2.4957830905914307
2.476548910140991
2.4576640129089355
2.4391188621520996
2.4209063053131104
2.4030160903930664
2.3854403495788574
2.3681704998016357
2.351198673248291
2.3345179557800293
2.318120241165161
2.301999092102051
2.286146879196167
2.270557403564453
2.2552239894866943
2.240140438079834
2.225301504135132
2.2106997966766357
2.196331262588501
2.1821892261505127
2.1682686805725098
2.154564380645752
2.1410715579986572
2.1277852058410645
2.114701271057129
2.101813554763794
2.0891194343566895
2.0766139030456543
2.0642919540405273
2.0521507263183594
2.0401859283447266
2.028393268585205
2.0167689323425293
2.0053110122680664
1.9940136671066284
1.982874870300293
1.9718906879425049
1.9610583782196045
1.9503746032714844
1.9398362636566162
1.9294404983520508
1.9191840887069702
1.9090640544891357
1.899078607559204
1.8892240524291992
1.8794989585876465
1.8698992729187012
1.8604233264923096
1.8510689735412598
1.8418333530426025
1.8327146768569946
1.823710322380066
1.814818263053894
1.8060362339019775
1.797362208366394
1.7887942790985107
1.7803308963775635
1.771969199180603
1.7637079954147339
1.7555451393127441
1.747478723526001
1.7395079135894775
1.7316298484802246
1.7238433361053467
1.7161469459533691
1.7085388898849487
1.7010177373886108
1.6935818195343018
1.6862297058105469
1.6789600849151611
1.6717712879180908
1.66466224193573
1.6576318740844727
1.650678038597107
1.6438000202178955
1.6369960308074951
1.6302655935287476
1.62360680103302
1.617018699645996
1.6105005741119385
1.604051113128662
1.5976687669754028
1.5913527011871338
1.5851019620895386
1.5789152383804321
1.5727918148040771
1.5667308568954468
1.560731053352356
1.5547910928726196
1.5489108562469482
1.543088674545288
1.5373244285583496
1.531616449356079
1.5259647369384766
1.5203678607940674
1.5148251056671143
1.5093352794647217
1.5038987398147583
1.4985135793685913
1.4931790828704834
1.4878950119018555
1.4826606512069702
1.4774751663208008
1.4723373651504517
1.4672467708587646
1.4622037410736084
1.4572062492370605
1.452253818511963
1.4473466873168945
1.4424830675125122
1.4376635551452637
1.4328863620758057
1.4281518459320068
1.4234592914581299
1.4188072681427002
1.4141960144042969
1.4096250534057617
1.4050931930541992
1.400600790977478
1.396146535873413
1.3917303085327148
1.3873515129089355
1.383009433746338
1.3787035942077637
1.374434232711792
1.3702001571655273
1.3660005331039429
1.3618359565734863
1.3577053546905518
1.3536083698272705
1.349544882774353
1.3455145359039307
1.3415157794952393
1.3375495672225952
1.3336148262023926
1.329711675643921
1.325838565826416
1.3219962120056152
1.3181841373443604
1.3144015073776245
1.3106483221054077
1.3069238662719727
1.3032279014587402
1.2995601892471313
1.295920968055725
1.2923086881637573
1.2887241840362549
1.2851661443710327
1.281635046005249
1.2781299352645874
1.274651288986206
1.2711976766586304
1.2677698135375977
1.2643667459487915
1.2609890699386597
1.2576353549957275
1.2543063163757324
1.2510007619857788
1.2477188110351562
1.244460105895996
1.241225004196167
1.238012671470642
1.2348227500915527
1.231655240058899
1.2285099029541016
1.2253862619400024
1.2222846746444702
1.219204068183899
1.2161449193954468
1.2131062746047974
1.2100887298583984
1.2070914506912231
1.2041141986846924
1.2011570930480957
1.198220133781433
1.1953023672103882
1.1924043893814087
1.1895252466201782
1.1866651773452759
1.183823585510254
1.1810004711151123
1.1781961917877197
1.175410509109497
1.1726421117782593
1.1698918342590332
1.167159080505371
1.1644433736801147
1.161745309829712
1.159064531326294
1.156400442123413
1.1537530422210693
1.1511223316192627
1.148508071899414
1.1459097862243652
1.1433277130126953
1.1407618522644043
1.1382113695144653
1.135676622390747
1.1331572532653809
1.1306532621383667
1.1281641721725464
1.1256901025772095
1.123231291770935
1.1207870244979858
1.1183576583862305
1.1159420013427734
1.1135412454605103
1.1111544370651245
1.1087812185287476
1.1064223051071167
1.104076623916626
1.101745367050171
1.0994269847869873
1.097122311592102
1.0948309898376465
1.0925523042678833
1.0902867317199707
1.0880345106124878
1.085794448852539
1.0835671424865723
1.081352710723877
1.0791501998901367
1.0769600868225098
1.0747826099395752
1.072616696357727
1.0704628229141235
1.0683207511901855
1.0661907196044922
1.0640723705291748
1.0619655847549438
1.0598695278167725
1.0577852725982666
1.055712103843689
1.053650140762329
1.0515995025634766
1.0495595932006836
1.0475304126739502
1.0455121994018555
1.0435047149658203
1.0415072441101074
1.0395206212997437
1.0375442504882812
1.0355782508850098
1.0336225032806396
1.0316766500473022
1.0297409296035767
1.0278152227401733
1.0258992910385132
1.0239934921264648
1.022096872329712
1.0202102661132812
1.0183329582214355
1.0164649486541748
1.0146067142486572
1.012757420539856
1.0109176635742188
1.0090869665145874
1.0072649717330933
1.0054523944854736
1.0036487579345703
1.0018539428710938
1.000067949295044
0.9982905387878418
0.9965214729309082
0.9947614669799805
0.993009626865387
0.9912664294242859
0.989531397819519
0.9878047704696655
0.9860862493515015
0.9843761920928955
0.9826738238334656
0.9809796810150146
0.9792940020561218
0.9776155948638916
0.975945234298706
0.974282443523407
0.9726274609565735
0.9709802865982056
0.9693408012390137
0.9677090644836426
0.9660842418670654
0.964467465877533
0.9628577828407288
0.9612551927566528
0.9596601128578186
0.958072304725647
0.9564918279647827
0.9549177885055542
0.9533512592315674
0.9517914652824402
0.9502390027046204
0.9486932754516602
0.9471540451049805
0.9456223249435425
0.9440969824790955
0.9425782561302185
0.9410662651062012
0.9395606517791748
0.9380618333816528
0.9365692138671875
0.9350833892822266
0.9336035251617432
0.9321303963661194
0.9306632876396179
0.9292029142379761
0.9277485013008118
0.9263001680374146
0.9248579740524292
0.92342209815979
0.9219923615455627
0.9205683469772339
0.9191500544548035
0.9177381992340088
0.9163321256637573
0.9149314165115356
0.9135369062423706
0.9121482372283936
0.9107649922370911
0.9093879461288452
0.9080159068107605
0.9066498279571533
0.9052892923355103
0.9039340615272522
0.902584433555603
0.9012404084205627
0.8999018669128418
0.8985681533813477
0.8972402215003967
0.8959171772003174
0.8946000337600708
0.8932878971099854
0.8919809460639954
0.890678882598877
0.8893823623657227
0.8880903720855713
0.8868037462234497
0.885522186756134
0.8842456340789795
0.882973849773407
0.8817071914672852
0.8804454207420349
0.8791885375976562
0.877936601638794
0.8766893148422241
0.8754469156265259
0.8742086887359619
0.8729756474494934
0.8717471957206726
0.8705234527587891
0.8693044781684875
0.8680897951126099
0.8668797612190247
0.8656738996505737
0.8644728660583496
0.863276481628418
0.862084686756134
0.8608964085578918
0.8597134351730347
0.858534574508667
0.8573596477508545
0.8561892509460449
0.8550233244895935
0.8538615703582764
0.8527044057846069
0.8515506982803345
0.8504014015197754
0.8492562770843506
0.8481153249740601
0.8469788432121277
0.8458456993103027
0.8447169661521912
0.8435922861099243
0.8424719572067261
0.8413550853729248
0.840242326259613
0.8391333818435669
0.8380284309387207
0.8369271755218506
0.8358299732208252
0.834736704826355
0.8336469531059265
0.832560658454895
0.8314790725708008
0.8304007649421692
0.8293261528015137
0.828255295753479
0.8271878957748413
0.826124370098114
0.8250643014907837
0.8240082859992981
0.8229555487632751
0.8219060897827148
0.820860743522644
0.8198186159133911
0.8187798261642456
0.8177449703216553
0.816713273525238
0.8156849145889282
0.8146603107452393
0.8136389255523682
0.8126208186149597
0.8116065263748169
0.8105947971343994
0.8095870018005371
0.8085827231407166
0.8075811862945557
0.8065832257270813
0.80558842420578
0.8045965433120728
0.8036085963249207
0.80262291431427
0.8016411662101746
0.8006623983383179
0.7996869087219238
0.7987141013145447
0.7977446913719177
0.7967787981033325
0.7958152890205383
0.7948551177978516
0.7938981056213379
0.792944073677063
0.7919929623603821
0.7910448908805847
0.7900997996330261
0.789157509803772
0.7882184982299805
0.7872822284698486
0.7863488793373108
0.7854184508323669
0.7844908833503723
0.7835662364959717
0.7826441526412964
0.7817255258560181
0.7808090448379517
0.7798957824707031
0.7789851427078247
0.778077244758606
0.7771725058555603
0.7762701511383057
0.7753704190254211
0.7744736671447754
0.7735797166824341
0.7726883888244629
0.7717993259429932
0.7709134221076965
0.77003014087677
0.7691490650177002
0.7682710289955139
0.7673953175544739
0.7665221691131592
0.7656518220901489
0.7647843360900879
0.7639189958572388
0.7630565166473389
0.7621957659721375
0.7613382935523987
0.760482907295227
0.7596303224563599
0.7587801218032837
0.7579326033592224
0.7570871710777283
0.7562445402145386
0.7554042339324951
0.7545660734176636
0.7537306547164917
0.7528973817825317
0.7520666718482971
0.7512384653091431
0.7504119873046875
0.749588131904602
0.7487665414810181
0.7479478120803833
0.7471308708190918
0.7463165521621704
0.7455044388771057
0.7446945905685425
0.7438869476318359
0.74308180809021
0.7422782778739929
0.7414776086807251
0.740679144859314
0.739882230758667
0.7390881776809692
0.7382961511611938
0.7375062108039856
0.7367186546325684
0.7359330654144287
0.7351498007774353
0.7343685626983643
0.7335893511772156
0.7328125238418579
0.7320374846458435
0.7312647104263306
0.7304940223693848
0.7297255992889404
0.7289589643478394
0.7281942367553711
0.7274315357208252
0.7266714572906494
0.725913405418396
0.7251570224761963
0.7244025468826294
0.7236501574516296
0.722899854183197
0.7221513986587524
0.7214051485061646
0.7206604480743408
0.7199177742004395
0.7191774249076843
0.7184390425682068
0.717702329158783
0.7169677019119263
0.7162348628044128
0.7155039310455322
0.7147749662399292
0.7140476107597351
0.7133225798606873
0.7125990986824036
0.7118780016899109
0.7111581563949585
0.7104402780532837
0.7097245454788208
0.7090098857879639
0.7082979679107666
0.7075872421264648
0.7068785429000854
0.7061717510223389
0.7054665684700012
0.7047628164291382
0.7040615677833557
0.7033618688583374
0.7026638984680176
0.7019674777984619
0.7012733221054077
0.7005802392959595
0.6998891234397888
0.6991997361183167
0.6985119581222534
0.6978259086608887
0.6971418261528015
0.6964593529701233
0.695777952671051
0.6950991749763489
0.6944212913513184
0.6937456727027893
0.6930714845657349
0.6923990845680237
0.6917279958724976
0.6910585761070251
0.6903908252716064
0.6897247433662415
0.6890601515769958
0.6883975267410278
0.6877363920211792
0.6870766878128052
0.6864186525344849
0.6857620477676392
0.6851068735122681
0.6844538450241089
0.6838018894195557
0.6831516027450562
0.682503342628479
0.6818557381629944
0.6812098026275635
0.6805660724639893
0.6799233555793762
0.6792824268341064
0.6786422729492188
0.6780045032501221
0.6773683428764343
0.6767331957817078
0.6760995388031006
0.6754674315452576
0.6748366951942444
0.6742074489593506
0.673579752445221
0.6729535460472107
0.6723288297653198
0.6717054843902588
0.6710832715034485
0.6704628467559814
0.6698439717292786
0.6692260503768921
0.6686095595359802
0.6679949760437012
0.6673813462257385
0.66676926612854
0.6661586761474609
0.6655495166778564
0.6649416089057922
0.6643345355987549
0.6637296080589294
0.6631258726119995
0.6625233888626099
0.66192227602005
0.6613227128982544
0.660723865032196
0.660126805305481
0.6595312356948853
0.6589368581771851
0.6583438515663147
0.6577523350715637
0.6571615934371948
0.6565722227096558
0.65598464012146
0.6553980112075806
0.6548126339912415
0.6542282104492188
0.6536456942558289
0.6530642509460449
0.6524839997291565
0.6519054174423218
0.6513274908065796
0.6507512331008911
0.650175929069519
0.6496017575263977
0.6490293741226196
0.648457944393158
0.6478878855705261
0.647318959236145
0.6467511057853699
0.6461844444274902
0.64561927318573
0.6450551748275757
0.6444923281669617
0.6439305543899536
0.6433701515197754
0.6428104043006897
0.6422525644302368
0.6416956782341003
0.6411401629447937
0.6405855417251587
0.6400320529937744
0.6394796371459961
0.6389286518096924
0.6383787393569946
0.6378298997879028
0.6372823715209961
0.6367356181144714
0.6361904144287109
0.6356462240219116
0.6351029872894287
0.63456130027771
0.6340205669403076
0.6334803700447083
0.6329417824745178
0.6324041485786438
0.6318681240081787
0.6313326358795166
0.63079833984375
0.6302655935287476
0.6297332644462585
0.6292023658752441
0.6286725997924805
0.628143846988678
0.6276160478591919
0.6270893812179565
0.6265639662742615
0.6260393261909485
0.6255160570144653
0.6249936819076538
0.6244723200798035
0.6239519119262695
0.6234327554702759
0.6229145526885986
0.6223975419998169
0.6218812465667725
0.6213661432266235
0.6208519339561462
0.620339035987854
0.6198270916938782
0.6193161010742188
0.6188063025474548
0.6182969808578491
0.6177892088890076
0.6172821521759033
0.6167762279510498
0.6162710785865784
0.6157671809196472
0.6152641177177429
0.6147621273994446
0.6142610311508179
0.6137611269950867
0.6132618188858032
0.6127638220787048
0.6122668385505676
0.6117706298828125
0.6112753748893738
0.6107813715934753
0.6102879047393799
0.6097956299781799
0.6093041896820068
0.6088136434555054
0.608324408531189
0.607835590839386
0.6073480248451233
0.6068611145019531
0.6063753366470337
0.6058907508850098
0.6054067611694336
0.6049236059188843
0.6044414639472961
0.603960394859314
0.603480339050293
0.6030009388923645
0.6025223731994629
0.6020448207855225
0.6015682220458984
0.6010922193527222
0.600617527961731
0.6001437902450562
0.5996705293655396
0.5991984009742737
0.5987269878387451
0.598256528377533
0.5977871417999268
0.5973181128501892
0.5968503355979919
0.5963835120201111
0.5959171056747437
0.5954521298408508
0.5949875712394714
0.5945242643356323
0.5940617918968201
0.593599796295166
0.5931387543678284
0.5926789045333862
0.5922192335128784
0.5917612910270691
0.5913034081459045
0.5908468961715698
0.5903905034065247
0.5899357795715332
0.5894813537597656
0.5890278816223145
0.588575005531311
0.5881234407424927
0.5876723527908325
0.5872226357460022
0.5867727994918823
0.5863245725631714
0.5858768224716187
0.5854300856590271
0.5849834084510803
0.5845383405685425
0.5840937495231628
0.5836499929428101
0.5832071900367737
0.5827646851539612
0.5823236107826233
0.5818827152252197
0.5814429521560669
0.5810037851333618
0.5805655717849731
0.5801279544830322
0.579691469669342
0.5792554616928101
0.578819990158081
0.5783858895301819
0.5779520273208618
0.5775192379951477
0.5770871043205261
0.5766558051109314
0.576225221157074
0.5757948756217957
0.5753659605979919
0.5749375224113464
0.5745102167129517
0.5740828514099121
0.5736567974090576
0.5732312202453613
0.572806715965271
0.5723827481269836
0.5719596743583679
0.5715370178222656
0.5711150169372559
0.570694088935852
0.5702739357948303
0.5698541402816772
0.5694353580474854
0.5690171718597412
0.5685994625091553
0.5681829452514648
0.5677669644355774
0.5673515796661377
0.5669369697570801
0.5665231347084045
0.5661096572875977
0.565697193145752
0.5652852058410645
0.5648744702339172
0.5644637942314148
0.564054012298584
0.5636450052261353
0.5632369518280029
0.5628288984298706
0.562421977519989
0.5620158910751343
0.5616098642349243
0.5612049698829651
0.5608006715774536
0.5603969097137451
0.559994101524353
0.5595918893814087
0.5591902732849121
0.5587891340255737
0.5583888292312622
0.5579894781112671
0.5575902462005615
0.557191789150238
0.5567940473556519
0.5563973188400269
0.5560005903244019
0.5556051731109619
0.5552098751068115
0.5548155903816223
0.5544217824935913
0.5540283918380737
0.553636372089386
0.5532443523406982
0.5528531670570374
0.5524628758430481
0.5520726442337036
0.5516833066940308
0.5512946844100952
0.5509068369865417
0.5505191683769226
0.5501320362091064
0.5497459173202515
0.549360454082489
0.5489757061004639
0.548591136932373
0.5482075810432434
0.5478240251541138
0.5474420189857483
0.5470600724220276
0.5466785430908203
0.5462979674339294
0.5459181666374207
0.5455386638641357
0.5451595187187195
0.5447814464569092
0.5444038510322571
0.5440266132354736
0.5436505079269409
0.5432745218276978
0.5428991317749023
0.5425246357917786
0.5421505570411682
0.5417771339416504
0.5414041876792908
0.5410315990447998
0.5406599640846252
0.5402888059616089
0.5399181842803955
0.5395481586456299
0.5391785502433777
0.5388098359107971
0.5384417772293091
0.5380740761756897
0.5377066135406494
0.5373404026031494
0.536974310874939
0.5366086959838867
0.5362437963485718
0.5358794927597046
0.5355156660079956
0.5351526737213135
0.5347896814346313
0.5344279408454895
0.5340660810470581
0.5337056517601013
0.5333451628684998
0.5329850912094116
0.5326257944107056
0.5322669148445129
0.5319088697433472
0.53155118227005
0.5311936140060425
0.5308372974395752
0.530481219291687
0.5301258563995361
0.5297708511352539
0.5294162034988403
0.5290623903274536
0.5287094116210938
0.5283560156822205
0.5280038118362427
0.5276521444320679
0.5273007154464722
0.5269502401351929
0.526600182056427
0.5262499451637268
0.5259009003639221
0.52555251121521
0.5252041816711426
0.5248569846153259
0.5245097875595093
0.5241628885269165
0.5238167643547058
0.5234715938568115
0.5231267809867859
0.522782027721405
0.5224378705024719
0.5220947265625
0.5217515230178833
0.5214089155197144
0.5210670828819275
0.5207256078720093
0.5203850269317627
0.5200442671775818
0.5197042226791382
0.5193648338317871
0.5190258026123047
0.5186876058578491
0.5183493494987488
0.5180119276046753
0.5176747441291809
0.5173385143280029
0.5170023441314697
0.5166670083999634
0.516331672668457
0.5159971117973328
0.515663206577301
0.5153294205665588
0.5149965286254883
0.5146639943122864
0.5143315196037292
0.5140001177787781
0.5136687159538269
0.5133383274078369
0.5130079984664917
0.512678325176239
0.5123489499092102
0.5120199918746948
0.511691689491272
0.5113639831542969
0.5110361576080322
0.510709285736084
0.5103829503059387
0.5100570917129517
0.5097312331199646
0.509406566619873
0.5090816617012024
0.5087572336196899
0.5084337592124939
0.5081107020378113
0.5077880024909973
0.5074653625488281
0.5071437954902649
0.5068222284317017
0.506501317024231
0.5061808824539185
0.5058608055114746
0.5055411458015442
0.5052218437194824
0.5049034357070923
0.5045849084854126
0.5042670369148254
0.5039495825767517
0.5036328434944153
0.5033161044120789
0.5030001997947693
0.502684473991394
0.5023692846298218
0.5020543336868286
0.5017402768135071
0.5014262199401855
0.5011130571365356
0.5007998943328857
0.5004873275756836
0.5001753568649292
0.4998636245727539
0.4995523691177368
0.49924150109291077
0.49893128871917725
0.49862104654312134
0.4983111619949341
0.49800199270248413
0.49769362807273865
0.4973852038383484
0.49707725644111633
0.49676987528800964
0.49646270275115967
0.49615609645843506
0.4958498179912567
0.49554362893104553
0.49523860216140747
0.49493372440338135
0.4946290850639343
0.4943251609802246
0.49402135610580444
0.4937179684638977
0.49341511726379395
0.4931126832962036
0.4928102493286133
0.4925086498260498
0.49220728874206543
0.4919065535068512
0.49160584807395935
0.49130621552467346
0.49100643396377563
0.49070706963539124
0.49040794372558594
0.49010953307151794
0.4898114800453186
0.489513635635376
0.4892166554927826
0.4889194965362549
0.4886232018470764
0.4883270859718323
0.48803114891052246
0.4877360463142395
0.48744112253189087
0.4871465265750885
0.48685237765312195
0.4865584969520569
0.4862653911113739
0.4859723448753357
0.4856800436973572
0.48538756370544434
0.4850960671901703
0.48480457067489624
0.48451346158981323
0.48422306776046753
0.4839325547218323
0.4836426377296448
0.48335301876068115
0.4830639958381653
0.4827750027179718
0.48248666524887085
0.4821986258029938
0.4819112718105316
0.48162364959716797
0.4813371002674103
0.48105037212371826
0.480764240026474
0.4804786443710327
0.4801931381225586
0.4799083173274994
0.47962331771850586
0.47933924198150635
0.4790554642677307
0.47877180576324463
0.4784882664680481
0.47820568084716797
0.4779229462146759
0.47764137387275696
0.47735917568206787
0.47707808017730713
0.4767967760562897
0.4765165448188782
0.47623586654663086
0.4759560227394104
0.4756764769554138
0.4753972291946411
0.4751184284687042
0.4748401939868927
0.4745619297027588
0.4742841124534607
0.47400641441345215
0.47372937202453613
0.4734528064727783
0.4731760025024414
0.4729002118110657
0.4726243317127228
0.47234898805618286
0.47207415103912354
0.4717993140220642
0.47152507305145264
0.4712512791156769
0.4709773659706116
0.47070401906967163
0.47043123841285706
0.4701588749885559
0.4698866307735443
0.46961459517478943
0.4693429470062256
0.46907180547714233
0.46880072355270386
0.4685302674770355
0.46826016902923584
0.4679904878139496
0.4677208364009857
0.4674515724182129
0.4671824872493744
0.46691417694091797
0.4666458070278168
0.4663776457309723
0.4661105275154114
0.4658432900905609
0.4655763506889343
0.465309739112854
0.46504366397857666
0.4647778272628784
0.464511901140213
0.46424734592437744
0.4639824330806732
0.463717520236969
0.4634532332420349
0.46318933367729187
0.46292614936828613
0.4626625180244446
0.4623994827270508
0.4621370732784271
0.46187448501586914
0.46161267161369324
0.4613508880138397
0.46108943223953247
0.46082842350006104
0.46056777238845825
0.460307240486145
0.4600473642349243
0.45978766679763794
0.4595281183719635
0.45926904678344727
0.45900988578796387
0.45875149965286255
0.4584934711456299
0.4582356810569763
0.457977831363678
0.4577208161354065
0.4574635326862335
0.4572070240974426
0.4569507837295532
0.45669466257095337
0.4564390182495117
0.45618337392807007
0.45592814683914185
0.4556734263896942
0.45541912317276
0.4551648497581482
0.454911470413208
0.45465749502182007
0.45440414547920227
0.4541511535644531
0.4538986086845398
0.453646183013916
0.4533941447734833
0.45314210653305054
0.4528908431529999
0.4526396095752716
0.45238858461380005
0.45213788747787476
0.4518880248069763
0.4516378343105316
0.4513883590698242
0.45113885402679443
0.4508894383907318
0.45064061880111694
0.45039233565330505
0.4501441419124603
0.4498961567878723
0.44964849948883057
0.4494011402130127
0.44915419816970825
0.44890719652175903
0.44866085052490234
0.4484148621559143
0.44816872477531433
0.44792312383651733
0.4476777911186218
0.44743263721466064
0.44718798995018005
0.44694358110427856
0.4466990828514099
0.4464554190635681
0.4462120532989502
0.44596847891807556
0.4457252621650696
0.44548264145851135
0.4452400207519531
0.4449980854988098
0.4447562098503113
0.4445144236087799
0.4442730247974396
0.4440320134162903
0.4437912106513977
0.44355088472366333
0.4433102309703827
0.44307059049606323
0.44283056259155273
0.4425910711288452
0.4423519968986511
0.44211316108703613
0.44187453389167786
0.44163620471954346
0.44139838218688965
0.44116073846817017
0.4409230351448059
0.44068554043769836
0.4404488801956177
0.44021207094192505
0.4399757385253906
0.4397394061088562
0.43950366973876953
0.43926799297332764
0.43903255462646484
0.4387976825237274
0.43856269121170044
0.4383280575275421
0.43809396028518677
0.4378599524497986
0.43762630224227905
0.43739256262779236
0.43715929985046387
0.4369262456893921
0.4366937279701233
0.43646153807640076
0.4362286329269409
0.4359968304634094
0.4357655644416809
0.43553394079208374
0.43530309200286865
0.4350718557834625
0.43484124541282654
0.4346109628677368
0.4343808591365814
0.4341509938240051
0.43392160534858704
0.4336918890476227
0.4334631562232971
0.4332343637943268
0.4330052137374878
0.43277737498283386
0.43254953622817993
0.4323216676712036
0.432094007730484
0.43186670541763306
0.4316396713256836
0.43141263723373413
0.43118607997894287
0.4309600591659546
0.4307340085506439
0.43050825595855713
0.43028268218040466
0.4300573468208313
0.4298323690891266
0.4296075403690338
0.42938297986984253
0.4291585385799408
0.4289345145225525
0.4287108778953552
0.4284873604774475
0.4282640218734741
0.42804086208343506
0.4278182089328766
0.42759573459625244
0.4273730516433716
0.42715102434158325
0.42692920565605164
0.4267078638076782
0.42648613452911377
0.4262651801109314
0.42604389786720276
0.4258235991001129
0.4256029725074768
0.4253830313682556
0.42516323924064636
0.4249439537525177
0.4247243404388428
0.4245051145553589
0.4242860972881317
0.42406725883483887
0.4238486886024475
0.42363059520721436
0.42341214418411255
0.4231942296028137
0.42297694087028503
0.422759473323822
0.42254287004470825
0.42232584953308105
0.42210960388183594
0.42189285159111023
0.42167675495147705
0.4214610457420349
0.42124491930007935
0.42102959752082825
0.42081406712532043
0.4205992817878723
0.42038458585739136
0.42017024755477905
0.4199559688568115
0.41974177956581116
0.41952764987945557
0.41931408643722534
0.41910067200660706
0.4188876152038574
0.41867440938949585
0.41846176981925964
0.41824913024902344
0.4180369973182678
0.4178253412246704
0.4176132082939148
0.41740188002586365
0.4171907901763916
0.41697952151298523
0.41676831245422363
0.4165579080581665
0.4163474440574646
0.4161372184753418
0.41592738032341003
0.41571754217147827
0.4155082404613495
0.41529855132102966
0.41508954763412476
0.4148804545402527
0.41467201709747314
0.4144631624221802
0.4142554998397827
0.4140472412109375
0.4138391613960266
0.41363203525543213
0.41342437267303467
0.41321736574172974
0.4130101799964905
0.4128034710884094
0.41259703040122986
0.4123908579349518
0.4121847152709961
0.411978542804718
0.4117731750011444
0.4115678071975708
0.41136258840560913
0.41115763783454895
0.410952627658844
0.41074809432029724
0.41054368019104004
0.4103396236896515
0.4101357161998749
0.40993165969848633
0.4097287356853485
0.40952518582344055
0.40932220220565796
0.4091188907623291
0.4089164733886719
0.40871408581733704
0.40851181745529175
0.408309668302536
0.4081079363822937
0.4079059958457947
0.4077048897743225
0.4075036644935608
0.4073028862476349
0.4071017801761627
0.40690118074417114
0.40670081973075867
0.4065007269382477
0.40630096197128296
0.4061010479927063
0.4059012532234192
0.40570175647735596
0.40550267696380615
0.4053037166595459
0.4051048159599304
0.4049065113067627
0.40470799803733826
0.40450960397720337
0.40431156754493713
0.4041140377521515
0.4039163887500763
0.4037192463874817
0.4035220444202423
0.4033249318599701
0.4031285047531128
0.40293169021606445
0.40273526310920715
0.4025389552116394
0.40234318375587463
0.4021473824977875
0.40195196866989136
0.40175652503967285
0.40156108140945435
0.40136605501174927
0.4011712968349457
0.40097662806510925
0.4007822275161743
0.4005882143974304
0.4003942608833313
0.40020039677619934
0.40000662207603455
0.3998132646083832
0.3996201157569885
0.3994271755218506
0.3992342948913574
0.3990417420864105
0.39884892106056213
0.39865708351135254
0.3984646797180176
0.3982728123664856
0.3980811834335327
0.39788973331451416
0.39769840240478516
0.3975071310997009
0.39731645584106445
0.3971259593963623
0.39693522453308105
0.39674466848373413
0.39655452966690063
0.3963645100593567
0.39617472887039185
0.39598512649536133
0.3957957625389099
0.3956063389778137
0.395417183637619
0.39522847533226013
0.39504003524780273
0.3948514759540558
0.3946632444858551
0.3944753408432007
0.3942870795726776
0.39409923553466797
0.39391201734542847
0.3937245011329651
0.3935369849205017
0.39335018396377563
0.3931632936000824
0.39297670125961304
0.3927902281284332
0.39260411262512207
0.3924180567264557
0.3922322988510132
0.39204642176628113
0.39186081290245056
0.3916754722595215
0.39149025082588196
0.39130520820617676
0.3911205232143402
0.3909356892108917
0.3907511234283447
0.39056694507598877
0.39038267731666565
0.39019909501075745
0.3900154232978821
0.38983154296875
0.3896479904651642
0.3894650340080261
0.38928210735321045
0.3890988826751709
0.38891634345054626
0.388733834028244
0.38855141401290894
0.38836944103240967
0.3881874084472656
0.38800570368766785
0.38782384991645813
0.3876423239707947
0.3874613344669342
0.38728004693984985
0.38709914684295654
0.38691818714141846
0.3867380619049072
0.386557400226593
0.3863770067691803
0.3861973285675049
0.3860173225402832
0.38583827018737793
0.3856579661369324
0.3854786157608032
0.3852995038032532
0.3851203918457031
0.3849413990974426
0.38476279377937317
0.3845844268798828
0.3844062089920044
0.384227454662323
0.3840499222278595
0.38387200236320496
0.38369396328926086
0.38351672887802124
0.38333943486213684
0.3831619918346405
0.38298532366752625
0.3828084170818329
0.38263195753097534
0.38245511054992676
0.3822791874408722
0.3821028470993042
0.38192662596702576
0.3817509412765503
0.3815753757953644
0.38139989972114563
0.38122469186782837
0.38104909658432007
0.3808742165565491
0.38069942593574524
0.3805248737335205
0.3803502321243286
0.38017597794532776
0.3800017833709717
0.3798280358314514
0.3796538710594177
0.3794802129268646
0.37930676341056824
0.3791332244873047
0.3789600729942322
0.378787100315094
0.3786141872406006
0.37844163179397583
0.37826859951019287
0.37809643149375916
0.377924382686615
0.37775251269340515
0.37758052349090576
0.3774089813232422
0.3772369623184204
0.37706559896469116
0.3768945336341858
0.37672334909439087
0.3765522539615631
0.3763814866542816
0.37621086835861206
0.37604033946990967
0.3758702576160431
0.37569987773895264
0.3755299150943756
0.37536001205444336
0.37519046664237976
0.3750206530094147
0.3748514950275421
0.3746819794178009
0.37451303005218506
0.3743440508842468
0.37417563796043396
0.37400683760643005
0.37383848428726196
0.37367022037506104
0.3735020160675049
0.37333428859710693
0.37316620349884033
0.3729986548423767
0.37283116579055786
0.37266379594802856
0.37249642610549927
0.37232959270477295
0.3721626102924347
0.37199583649635315
0.37182965874671936
0.3716629147529602
0.3714965581893921
0.37133049964904785
0.3711642026901245
0.3709987699985504
0.3708329200744629
0.3706674873828888
0.370501846075058
0.3703365921974182
0.3701718747615814
0.3700067102909088
0.36984172463417053
0.3696773946285248
0.36951279640197754
0.3693484663963318
0.3691841959953308
0.3690202236175537
0.36885637044906616
0.3686925172805786
0.3685293197631836
0.36836564540863037
0.3682021498680115
0.36803895235061646
0.3678762912750244
0.36771345138549805
0.36755064129829407
0.36738812923431396
0.36722588539123535
0.36706340312957764
0.36690112948417664
0.3667391836643219
0.3665774464607239
0.3664156496524811
0.36625435948371887
0.3660929203033447
0.36593151092529297
0.3657706081867218
0.3656095266342163
0.3654484748840332
0.3652878999710083
0.365127295255661
0.3649672567844391
0.36480700969696045
0.3646467328071594
0.3644869029521942
0.3643272817134857
0.3641676604747772
0.3640076220035553
0.3638484477996826
0.3636891841888428
0.3635300397872925
0.3633711338043213
0.36321234703063965
0.36305373907089233
0.3628951907157898
0.36273694038391113
0.3625786304473877
0.36242038011550903
0.3622625470161438
0.3621043264865875
0.36194685101509094
0.36178916692733765
0.36163195967674255
0.36147451400756836
0.3613176941871643
0.3611605763435364
0.3610031008720398
0.36084693670272827
0.36069023609161377
0.36053377389907837
0.36037731170654297
0.36022141575813293
0.36006513237953186
0.3599095642566681
0.35975348949432373
0.35959798097610474
0.3594425916671753
0.3592875599861145
0.3591318428516388
0.35897693037986755
0.3588219881057739
0.35866719484329224
0.35851240158081055
0.35835790634155273
0.3582034707069397
0.35804909467697144
0.3578951060771942
0.3577408790588379
0.35758739709854126
0.35743364691734314
0.3572801351547241
0.3571265935897827
0.35697323083877563
0.3568202555179596
0.35666701197624207
0.3565142750740051
0.3563612401485443
0.3562085032463074
0.3560560941696167
0.35590413212776184
0.35575151443481445
0.3555995523929596
0.3554474115371704
0.35529571771621704
0.3551437258720398
0.3549920320510864
0.3548409640789032
0.3546893894672394
0.3545379340648651
0.35438722372055054
0.3542362451553345
0.3540850579738617
0.3539345860481262
0.3537841737270355
0.3536333739757538
0.3534834384918213
0.3533332049846649
0.35318320989608765
0.35303306579589844
0.35288333892822266
0.352733850479126
0.35258421301841736
0.3524346947669983
0.3522856831550598
0.3521364629268646
0.35198745131492615
0.35183852910995483
0.35168972611427307
0.3515414297580719
0.3513926565647125
0.35124415159225464
0.35109594464302063
0.3509480655193329
0.35079991817474365
0.35065212845802307
0.3505043387413025
0.35035645961761475
0.35020893812179565
0.35006165504455566
0.3499144911766052
0.34976744651794434
0.3496205806732178
0.349473774433136
0.34932681918144226
0.3491802215576172
0.3490337133407593
0.3488873839378357
0.34874096512794495
0.34859499335289
0.34844908118247986
0.34830331802368164
0.3481575846672058
0.34801197052001953
0.34786635637283325
0.3477208614349365
0.3475759029388428
0.3474307954311371
0.34728574752807617
0.34714096784591675
0.3469961881637573
0.3468512296676636
0.34670692682266235
0.34656232595443726
0.3464183807373047
0.3462739586830139
0.34612980484962463
0.34598594903945923
0.3458421230316162
0.3456982970237732
0.34555503726005554
0.34541165828704834
0.3452681303024292
0.3451249301433563
0.34498170018196106
0.3448391556739807
0.344696044921875
0.34455356001853943
0.34441062808036804
0.3442685008049011
0.3441260755062103
0.3439837694168091
0.34384164214134216
0.3436996638774872
0.34355804324150085
0.3434159755706787
0.3432742655277252
0.3431330621242523
0.34299153089523315
0.34285035729408264
0.34270891547203064
0.3425680696964264
0.34242692589759827
0.3422861695289612
0.3421454429626465
0.3420051336288452
0.34186485409736633
0.34172385931015015
0.34158384799957275
0.34144383668899536
0.3413037657737732
0.34116387367248535
0.3410239517688751
0.34088441729545593
0.34074485301971436
0.3406054377555847
0.3404660224914551
0.34032678604125977
0.34018754959106445
0.3400486707687378
0.33990979194641113
0.3397713303565979
0.33963221311569214
0.3394943177700043
0.3393557071685791
0.3392174243927002
0.33907899260520935
0.33894091844558716
0.33880314230918884
0.33866560459136963
0.3385276198387146
0.3383897840976715
0.33825230598449707
0.3381149470806122
0.337977796792984
0.3378404676914215
0.3377036154270172
0.33756643533706665
0.33743011951446533
0.33729299902915955
0.3371562957763672
0.3370199501514435
0.3368838429450989
0.33674731850624084
0.3366110026836395
0.3364749550819397
0.3363390564918518
0.3362034559249878
0.33606773614883423
0.335932195186615
0.33579662442207336
0.33566129207611084
0.33552607893943787
0.33539047837257385
0.33525562286376953
0.33512088656425476
0.3349856734275818
0.33485111594200134
0.33471643924713135
0.3345818519592285
0.3344474732875824
0.3343133330345154
0.33417895436286926
0.33404529094696045
0.3339111804962158
0.3337777853012085
0.33364343643188477
0.3335098922252655
0.3333759605884552
0.3332429826259613
0.33310961723327637
0.33297643065452576
0.3328430652618408
0.3327102065086365
0.3325772285461426
0.33244457840919495
0.3323116898536682
0.33217892050743103
0.3320468068122864
0.3319142162799835
0.33178216218948364
0.33164992928504944
0.3315179646015167
0.33138591051101685
0.3312540352344513
0.3311225175857544
0.33099082112312317
0.3308590352535248
0.3307276964187622
0.3305964767932892
0.3304654657840729
0.3303343951702118
0.3302030861377716
0.3300720453262329
0.3299415111541748
0.32981085777282715
0.3296799659729004
0.3295498788356781
0.32941940426826477
0.32928916811943054
0.329159140586853
0.3290286362171173
0.3288990557193756
0.3287689685821533
0.3286394774913788
0.32850944995880127
0.32838016748428345
0.32825082540512085
0.32812124490737915
0.3279919922351837
0.3278631865978241
0.3277337849140167
0.3276050090789795
0.32747623324394226
0.32734736800193787
0.3272187411785126
0.32709017395973206
0.3269619047641754
0.3268330693244934
0.3267051875591278
0.32657715678215027
0.32644888758659363
0.32632091641426086
0.32619306445121765
0.32606562972068787
0.3259377181529999
0.32581043243408203
0.32568252086639404
0.32555538415908813
0.3254282772541046
0.3253009021282196
0.3251742422580719
0.3250472843647003
0.3249202370643616
0.3247935175895691
0.3246668577194214
0.32454031705856323
0.32441413402557373
0.3242875635623932
0.32416123151779175
0.32403531670570374
0.32390928268432617
0.32378315925598145
0.3236575126647949
0.3235315680503845
0.32340630888938904
0.323280394077301
0.3231552541255951
0.32302969694137573
0.3229045867919922
0.32277947664260864
0.3226543366909027
0.32252928614616394
0.32240456342697144
0.32227975130081177
0.32215505838394165
0.3220303952693939
0.3219059705734253
0.3217814564704895
0.32165735960006714
0.3215330243110657
0.32140886783599854
0.3212847411632538
0.3211607038974762
0.3210371136665344
0.3209134042263031
0.32078978419303894
0.32066628336906433
0.3205428719520569
0.3204195499420166
0.32029634714126587
0.32017335295677185
0.320050448179245
0.3199272155761719
0.31980428099632263
0.31968170404434204
0.3195590674877167
0.3194364309310913
0.31931379437446594
0.3191913068294525
0.3190690875053406
0.3189470171928406
0.31882476806640625
0.31870293617248535
0.3185807466506958
0.31845927238464355
0.31833750009536743
0.31821590662002563
0.3180941343307495
0.3179726302623749
0.3178514540195465
0.31773003935813904
0.31760895252227783
0.31748780608177185
0.31736668944358826
0.3172461688518524
0.317125141620636
0.317004531621933
0.31688418984413147
0.31676334142684937
0.3166428208351135
0.3165225386619568
0.31640198826789856
0.31628215312957764
0.3161619007587433
0.31604182720184326
0.3159219026565552
0.3158024549484253
0.31568264961242676
0.3155629336833954
0.31544357538223267
0.3153238594532013
0.3152046799659729
0.3150850534439087
0.31496620178222656
0.3148472011089325
0.3147279918193817
0.3146091103553772
0.31449079513549805
0.3143715262413025
0.3142532706260681
0.3141345679759979
0.3140159249305725
0.31389766931533813
0.3137795925140381
0.3136611878871918
0.3135431110858917
0.3134253919124603
0.31330740451812744
0.31318938732147217
0.3130718171596527
0.31295400857925415
0.3128364086151123
0.3127189576625824
0.3126016855239868
0.3124842643737793
0.31236687302589417
0.31224972009658813
0.31213295459747314
0.3120158612728119
0.31189921498298645
0.31178218126296997
0.31166577339172363
0.31154870986938477
0.3114323616027832
0.3113161027431488
0.3111996352672577
0.3110833466053009
0.31096726655960083
0.31085121631622314
0.31073516607284546
0.31061938405036926
0.31050315499305725
0.31038761138916016
0.3102721571922302
0.3101562559604645
0.31004080176353455
0.3099253177642822
0.30981016159057617
0.3096950054168701
0.3095799684524536
0.3094650208950043
0.30934977531433105
0.30923494696617126
0.30912020802497864
0.3090054988861084
0.3088908791542053
0.3087761402130127
0.30866196751594543
0.30854761600494385
0.3084333539009094
0.3083190619945526
0.3082047700881958
0.3080907166004181
0.3079771399497986
0.3078630268573761
0.3077493906021118
0.3076356053352356
0.3075219690799713
0.30740827322006226
0.30729496479034424
0.30718162655830383
0.3070683479309082
0.30695509910583496
0.3068417012691498
0.3067287802696228
0.30661579966545105
0.3065030574798584
0.3063904643058777
0.30627745389938354
0.30616495013237
0.3060525059700012
0.3059399127960205
0.3058275580406189
0.3057152032852173
0.3056033253669739
0.30549106001853943
0.3053792417049408
0.30526718497276306
0.3051551282405853
0.30504363775253296
0.30493152141571045
0.30481988191604614
0.3047086000442505
0.30459704995155334
0.30448582768440247
0.304374098777771
0.30426347255706787
0.30415186285972595
0.3040410578250885
0.3039299249649048
0.3038190007209778
0.303708016872406
0.3035975396633148
0.30348700284957886
0.3033762574195862
0.30326536297798157
0.30315542221069336
0.303044855594635
0.3029347360134125
0.30282413959503174
0.3027142286300659
0.3026041090488434
0.30249425768852234
0.30238446593284607
0.3022747337818146
0.3021650016307831
0.302055299282074
0.3019459545612335
0.3018363118171692
0.30172738432884216
0.30161768198013306
0.30150824785232544
0.30139946937561035
0.30129045248031616
0.3011810779571533
0.3010723888874054
0.3009635806083679
0.30085489153862
0.3007461726665497
0.300637423992157
0.3005289137363434
0.3004206120967865
0.30031219124794006
0.30020374059677124
0.3000955581665039
0.29998767375946045
0.29987943172454834
0.2997715473175049
0.2996635138988495
0.29955607652664185
0.2994481325149536
0.29934003949165344
0.29923245310783386
0.2991253137588501
0.29901766777038574
0.29891034960746765
0.29880306124687195
0.29869595170021057
0.2985886335372925
0.2984817624092102
0.29837462306022644
0.2982676029205322
0.2981610596179962
0.29805412888526917
0.29794740676879883
0.2978407144546509
0.29773470759391785
0.2976278066635132
0.29752156138420105
0.29741525650024414
0.29730892181396484
0.2972027361392975
0.2970966398715973
0.2969909906387329
0.2968848645687103
0.2967788279056549
0.29667356610298157
0.29656773805618286
0.2964617908000946
0.29635632038116455
0.29625046253204346
0.2961456775665283
0.2960401177406311
0.2959349453449249
0.29582953453063965
0.29572489857673645
0.2956197261810303
0.29551470279693604
0.29540982842445374
0.295305073261261
0.295200377702713
0.2950957417488098
0.29499122500419617
0.29488664865493774
0.29478228092193604
0.2946776747703552
0.2945733964443207
0.2944689989089966
0.2943648099899292
0.29426097869873047
0.29415687918663025
0.2940531373023987
0.2939493656158447
0.29384535551071167
0.29374170303344727
0.2936380207538605
0.29353469610214233
0.2934303879737854
0.2933275103569031
0.2932242453098297
0.29312074184417725
0.29301780462265015
0.2929147779941559
0.2928118109703064
0.2927088737487793
0.29260551929473877
0.29250288009643555
0.2924003601074219
0.29229748249053955
0.292194664478302
0.2920920252799988
0.2919897735118866
0.2918870747089386
0.2917848229408264
0.2916826903820038
0.2915804386138916
0.2914782762527466
0.29137659072875977
0.2912744879722595
0.2911723256111145
0.2910705804824829
0.29096880555152893
0.29086726903915405
0.29076528549194336
0.29066383838653564
0.29056262969970703
0.2904611825942993
0.2903597056865692
0.29025810956954956
0.2901572585105896
0.29005593061447144
0.28995513916015625
0.2898540198802948
0.2897528111934662
0.28965216875076294
0.289551317691803
0.28945082426071167
0.2893499433994293
0.2892493009567261
0.2891489863395691
0.2890486717224121
0.2889482378959656
0.2888476252555847
0.2887471914291382
0.28864753246307373
0.2885473668575287
0.2884473204612732
0.2883472740650177
0.28824755549430847
0.2881477475166321
0.28804776072502136
0.28794828057289124
0.28784841299057007
0.28774887323379517
0.2876494824886322
0.2875506281852722
0.2874507009983063
0.2873513996601105
0.2872522473335266
0.2871531546115875
0.28705403208732605
0.2869551181793213
0.2868562936782837
0.2867572605609894
0.28665855526924133
0.28655993938446045
0.28646120429039
0.2863624691963196
0.28626394271850586
0.28616565465927124
0.28606724739074707
0.28596869111061096
0.2858704924583435
0.28577250242233276
0.2856740355491638
0.2855761647224426
0.28547826409339905
0.28537988662719727
0.2852821946144104
0.28518450260162354
0.285086452960968
0.2849891185760498
0.2848915755748749
0.2847938537597656
0.2846968173980713
0.28459930419921875
0.2845016419887543
0.28440457582473755
0.2843073606491089
0.2842103838920593
0.2841131389141083
0.28401604294776917
0.28391939401626587
0.2838220000267029
0.28372523188591003
0.28362855315208435
0.28353196382522583
0.2834354639053345
0.28333908319473267
0.2832423746585846
0.2831462025642395
0.28304946422576904
0.2829534113407135
0.28285709023475647
0.2827609181404114
0.2826651632785797
0.28256872296333313
0.2824731767177582
0.28237682580947876
0.28228116035461426
0.2821853756904602
0.2820897102355957
0.2819942533969879
0.2818983197212219
0.2818029522895813
0.2817078232765198
0.28161218762397766
0.2815169095993042
0.2814212739467621
0.2813263535499573
0.2812314033508301
0.2811362147331238
0.2810412347316742
0.28094637393951416
0.28085124492645264
0.2807565927505493
0.28066205978393555
0.28056713938713074
0.2804723381996155
0.28037792444229126
0.28028368949890137
0.2801894247531891
0.280094712972641
0.28000032901763916
0.27990642189979553
0.2798120379447937
0.2797178328037262
0.27962368726730347
0.2795298099517822
0.27943575382232666
0.27934199571609497
0.27924811840057373
0.2791544795036316
0.2790609300136566
0.2789671719074249
0.2788736820220947
0.27878016233444214
0.2786867022514343
0.278592973947525
0.2784997224807739
0.2784067392349243
0.27831345796585083
0.27822065353393555
0.27812737226486206
0.27803441882133484
0.27794149518013
0.2778485119342804
0.2777555584907532
0.2776629328727722
0.2775706350803375
0.2774776220321655
0.27738499641418457
0.2772926688194275
0.2771998643875122
0.2771076261997223
0.2770153284072876
0.27692317962646484
0.2768312990665436
0.2767387926578522
0.2766466736793518
0.2765546143054962
0.2764626741409302
0.27637073397636414
0.2762790322303772
0.2761871814727783
0.2760952115058899
0.27600380778312683
0.2759118378162384
0.2758207619190216
0.2757290005683899
0.2756376564502716
0.2755463421344757
0.27545514702796936
0.2753639221191406
0.27527254819869995
0.2751815915107727
0.27509042620658875
0.2749994099140167
0.2749083638191223
0.27481767535209656
0.27472686767578125
0.2746361494064331
0.2745454013347626
0.27445492148399353
0.27436432242393494
0.274273544549942
0.2741832435131073
0.27409273386001587
0.27400264143943787
0.27391207218170166
0.2738220989704132
0.2737317979335785
0.27364179491996765
0.2735515534877777
0.2734619081020355
0.2733716368675232
0.27328184247016907
0.27319207787513733
0.273102343082428
0.27301231026649475
0.2729225754737854
0.27283310890197754
0.272743821144104
0.2726541757583618
0.27256470918655396
0.2724755108356476
0.27238601446151733
0.2722970247268677
0.27220770716667175
0.272118479013443
0.2720295190811157
0.2719406485557556
0.27185165882110596
0.2717626392841339
0.27167385816574097
0.2715849280357361
0.27149638533592224
0.2714076638221741
0.2713192105293274
0.2712303698062897
0.27114200592041016
0.2710537314414978
0.27096500992774963
0.2708767354488373
0.2707884609699249
0.27070051431655884
0.2706124186515808
0.270524263381958
0.2704363763332367
0.2703481614589691
0.2702600955963135
0.27017220854759216
0.27008453011512756
0.2699967622756958
0.2699090838432312
0.2698216438293457
0.26973381638526917
0.2696465253829956
0.2695591449737549
0.26947182416915894
0.26938396692276
0.2692968249320984
0.26920920610427856
0.26912227272987366
0.2690354287624359
0.2689478099346161
0.2688610851764679
0.2687741219997406
0.2686871290206909
0.2686004936695099
0.2685132920742035
0.2684268653392792
0.2683401107788086
0.26825323700904846
0.2681668698787689
0.26808035373687744
0.26799386739730835
0.2679075300693512
0.26782095432281494
0.26773494482040405
0.26764845848083496
0.26756221055984497
0.2674761414527893
0.26739010214805603
0.26730385422706604
0.2672182321548462
0.2671321928501129
0.26704633235931396
0.2669605314731598
0.2668747305870056
0.26678913831710815
0.26670336723327637
0.2666178345680237
0.26653194427490234
0.26644662022590637
0.26636117696762085
0.26627588272094727
0.26619061827659607
0.26610565185546875
0.2660200595855713
0.2659348249435425
0.2658500075340271
0.2657647728919983
0.2656797170639038
0.2655947804450989
0.26551008224487305
0.265424907207489
0.26534056663513184
0.2652554512023926
0.26517075300216675
0.2650863528251648
0.2650016248226166
0.26491692662239075
0.26483264565467834
0.2647480070590973
0.26466381549835205
0.2645795941352844
0.2644953727722168
0.2644110321998596
0.26432693004608154
0.264242947101593
0.2641591429710388
0.26407477259635925
0.26399099826812744
0.26390695571899414
0.2638232707977295
0.2637392282485962
0.26365575194358826
0.2635717988014221
0.2634885311126709
0.2634049355983734
0.263321191072464
0.2632378041744232
0.2631545066833496
0.2630709707736969
0.2629879117012024
0.2629045844078064
0.26282116770744324
0.2627381682395935
0.26265498995780945
0.2625719904899597
0.2624891400337219
0.26240643858909607
0.2623233199119568
0.26224029064178467
0.26215752959251404
0.2620748281478882
0.26199203729629517
0.2619093358516693
0.2618265151977539
0.2617444694042206
0.26166173815727234
0.26157939434051514
0.26149702072143555
0.26141485571861267
0.2613324224948883
0.26125022768974304
0.26116815209388733
0.261086106300354
0.26100367307662964
0.260921835899353
0.26083970069885254
0.2607578635215759
0.26067620515823364
0.26059406995773315
0.2605123221874237
0.2604307532310486
0.26034921407699585
0.260267436504364
0.2601858377456665
0.26010411977767944
0.2600230574607849
0.25994163751602173
0.2598602771759033
0.2597784399986267
0.25969767570495605
0.2596161365509033
0.2595348358154297
0.25945428013801575
0.2593729794025421
0.2592921555042267
0.25921130180358887
0.25913023948669434
0.25904935598373413
0.2589684724807739
0.25888749957084656
0.258806973695755
0.25872644782066345
0.2586458921432495
0.2585652470588684
0.25848454236984253
0.25840407609939575
0.25832387804985046
0.2582434117794037
0.25816306471824646
0.2580825686454773
0.25800278782844543
0.2579222023487091
0.25784239172935486
0.25776246190071106
0.2576821744441986
0.25760212540626526
0.2575221657752991
0.2574423551559448
0.2573627531528473
0.25728267431259155
0.25720328092575073
0.25712329149246216
0.2570440173149109
0.25696414709091187
0.25688472390174866
0.2568051815032959
0.2567257583141327
0.25664642453193665
0.2565668821334839
0.256487637758255
0.25640857219696045
0.2563289403915405
0.25624996423721313
0.2561708092689514
0.25609225034713745
0.25601276755332947
0.25593408942222595
0.25585517287254333
0.25577622652053833
0.2556975185871124
0.25561848282814026
0.2555398643016815
0.2554614841938019
0.2553824186325073
0.2553040385246277
0.25522539019584656
0.25514718890190125
0.2550686001777649
0.25499019026756287
0.25491175055503845
0.2548336684703827
0.2547556161880493
0.2546773850917816
0.25459903478622437
0.2545209228992462
0.25444281101226807
0.2543651759624481
0.25428691506385803
0.2542092502117157
0.25413110852241516
0.2540532946586609
0.25397562980651855
0.25389814376831055
0.25382012128829956
0.25374263525009155
0.2536650598049164
0.25358766317367554
0.2535099387168884
0.2534325420856476
0.2533552646636963
0.2532780170440674
0.2532004714012146
0.25312328338623047
0.2530462443828583
0.25296881794929504
0.25289186835289
0.2528150975704193
0.25273755192756653
0.25266045331954956
0.2525838017463684
0.252506822347641
0.25243017077445984
0.25235339999198914
0.2522764801979065
0.25220006704330444
0.25212323665618896
0.2520461976528168
0.25196999311447144
0.2518934905529022
0.2518172860145569
0.2517406940460205
0.25166431069374084
0.2515879273414612
0.2515115439891815
0.25143539905548096
0.2513594925403595
0.25128307938575745
0.2512064278125763
0.25113070011138916
0.2510547637939453
0.2509787082672119
0.25090306997299194
0.2508275806903839
0.2507510185241699
0.25067535042762756
0.25059959292411804
0.25052404403686523
0.2504482865333557
0.25037285685539246
0.2502976655960083
0.2502216398715973
0.2501463294029236
0.25007086992263794
0.2499953955411911
0.24992015957832336
0.24984455108642578
0.24976933002471924
0.24969445168972015
0.2496190369129181
0.24954378604888916
0.24946898221969604
0.24939405918121338
0.2493188977241516
0.24924394488334656
0.24916914105415344
0.24909451603889465
0.24901919066905975
0.2489449381828308
0.2488696277141571
0.24879536032676697
0.24872085452079773
0.24864594638347626
0.24857154488563538
0.24849700927734375
0.2484225630760193
0.24834826588630676
0.2482738196849823
0.2481997311115265
0.24812518060207367
0.24805128574371338
0.24797680974006653
0.24790257215499878
0.24782845377922058
0.24775457382202148
0.24768030643463135
0.24760663509368896
0.24753282964229584
0.2474590241909027
0.24738523364067078
0.24731150269508362
0.2472374439239502
0.24716363847255707
0.24709001183509827
0.2470160573720932
0.24694304168224335
0.24686940014362335
0.24679578840732574
0.24672238528728485
0.2466488480567932
0.24657556414604187
0.2465025931596756
0.24642884731292725
0.24635575711727142
0.2462826669216156
0.24620959162712097
0.2461363673210144
0.24606314301490784
0.24599026143550873
0.24591729044914246
0.2458442598581314
0.24577127397060394
0.24569858610630035
0.24562568962574005
0.24555301666259766
0.24548053741455078
0.24540741741657257
0.24533483386039734
0.24526235461235046
0.24518999457359314
0.2451174110174179
0.2450447976589203
0.2449723184108734
0.24490004777908325
0.244827538728714
0.24475526809692383
0.24468308687210083
0.24461093544960022
0.24453851580619812
0.24446658790111542
0.24439437687397003
0.24432265758514404
0.2442503422498703
0.24417845904827118
0.24410659074783325
0.24403485655784607
0.24396274983882904
0.24389097094535828
0.24381932616233826
0.24374732375144958
0.24367576837539673
0.24360434710979462
0.24353253841400146
0.24346107244491577
0.24338941276073456
0.24331794679164886
0.243246927857399
0.24317535758018494
0.2431042194366455
0.24303273856639862
0.24296149611473083
0.24289056658744812
0.24281907081604004
0.24274791777133942
0.24267664551734924
0.24260593950748444
0.24253475666046143
0.24246349930763245
0.2423928827047348
0.24232226610183716
0.24225106835365295
0.24218034744262695
0.2421097308397293
0.24203906953334808
0.24196819961071014
0.24189767241477966
0.24182680249214172
0.24175651371479034
0.24168571829795837
0.2416151911020279
0.24154511094093323
0.24147441983222961
0.24140408635139465
0.24133354425430298
0.24126365780830383
0.24119342863559723
0.24112319946289062
0.24105283617973328
0.2409828156232834
0.24091245234012604
0.24084265530109406
0.24077285826206207
0.24070271849632263
0.240633025765419
0.24056297540664673
0.24049316346645355
0.24042320251464844
0.24035373330116272
0.24028366804122925
0.2402140498161316
0.2401445508003235
0.24007469415664673
0.24000541865825653
0.23993591964244843
0.23986651003360748
0.2397965043783188
0.2397274523973465
0.2396581470966339
0.23958861827850342
0.23951968550682068
0.23945024609565735
0.23938126862049103
0.2393117994070053
0.23924292623996735
0.23917382955551147
0.23910459876060486
0.239035502076149
0.23896685242652893
0.23889771103858948
0.23882904648780823
0.23876002430915833
0.23869124054908752
0.23862265050411224
0.23855385184288025
0.2384849488735199
0.23841622471809387
0.2383478730916977
0.2382790744304657
0.23821082711219788
0.238142192363739
0.23807373642921448
0.238005131483078
0.23793697357177734
0.23786847293376923
0.23780004680156708
0.23773212730884552
0.23766371607780457
0.2375955432653427
0.23752744495868683
0.23745916783809662
0.23739145696163177
0.2373231053352356
0.23725526034832
0.23718693852424622
0.23711919784545898
0.2370515614748001
0.23698356747627258
0.2369156926870346
0.23684804141521454
0.23678037524223328
0.23671270906925201
0.23664505779743195
0.2365773618221283
0.23650969564914703
0.23644201457500458
0.23637479543685913
0.23630720376968384
0.23624008893966675
0.23617227375507355
0.23610517382621765
0.23603765666484833
0.2359706312417984
0.23590339720249176
0.23583625257015228
0.2357688546180725
0.23570148646831512
0.235634908080101
0.23556773364543915
0.2355005443096161
0.23543374240398407
0.23536665737628937
0.2352994978427887
0.23523297905921936
0.2351662665605545
0.2350994348526001
0.2350325584411621
0.23496600985527039
0.23489928245544434
0.23483242094516754
0.23476587235927582
0.23469923436641693
0.23463280498981476
0.23456650972366333
0.23449985682964325
0.2344336211681366
0.23436756432056427
0.2343008816242218
0.23423442244529724
0.23416830599308014
0.23410210013389587
0.2340356409549713
0.23396950960159302
0.23390337824821472
0.23383760452270508
0.23377159237861633
0.23370520770549774
0.2336394190788269
0.23357339203357697
0.23350733518600464
0.23344175517559052
0.2333756983280182
0.2333102524280548
0.23324428498744965
0.23317869007587433
0.23311296105384827
0.2330474853515625
0.23298175632953644
0.23291626572608948
0.23285087943077087
0.23278525471687317
0.23271971940994263
0.23265469074249268
0.23258867859840393
0.23252373933792114
0.23245808482170105
0.23239277303218842
0.23232758045196533
0.23226238787174225
0.23219706118106842
0.2321319878101349
0.23206712305545807
0.23200200498104095
0.23193714022636414
0.23187190294265747
0.2318071573972702
0.23174211382865906
0.2316775918006897
0.23161259293556213
0.23154732584953308
0.23148301243782043
0.23141810297966003
0.23135343194007874
0.2312883883714676
0.23122403025627136
0.23115956783294678
0.23109476268291473
0.23103050887584686
0.23096594214439392
0.23090143501758575
0.23083694279193878
0.2307724505662918
0.23070833086967468
0.23064404726028442
0.23057964444160461
0.230515256524086
0.23045098781585693
0.23038727045059204
0.23032298684120178
0.23025846481323242
0.23019486665725708
0.23013055324554443
0.23006659746170044
0.2300025224685669
0.22993890941143036
0.22987493872642517
0.2298111915588379
0.22974731028079987
0.22968357801437378
0.2296198010444641
0.2295561581850052
0.22949214279651642
0.2294287383556366
0.22936506569385529
0.22930151224136353
0.22923806309700012
0.2291741669178009
0.2291107177734375
0.229047492146492
0.2289840579032898
0.22892093658447266
0.22885748744010925
0.22879400849342346
0.22873051464557648
0.22866739332675934
0.22860437631607056
0.22854158282279968
0.2284781038761139
0.2284145951271057
0.22835202515125275
0.22828853130340576
0.2282259464263916
0.22816313803195953
0.22810009121894836
0.228037029504776
0.22797420620918274
0.22791123390197754
0.22784841060638428
0.22778578102588654
0.22772279381752014
0.22766044735908508
0.22759783267974854
0.22753506898880005
0.22747257351875305
0.22741028666496277
0.2273475080728531
0.22728511691093445
0.22722271084785461
0.22716015577316284
0.22709764540195465
0.22703543305397034
0.22697323560714722
0.2269110381603241
0.22684882581233978
0.22678647935390472
0.22672416269779205
0.22666192054748535
0.2266000509262085
0.2265378087759018
0.22647592425346375
0.2264140546321869
0.22635214030742645
0.2262900322675705
0.22622810304164886
0.22616630792617798
0.22610428929328918
0.2260424941778183
0.22598104178905487
0.22591912746429443
0.22585754096508026
0.22579582035541534
0.2257338911294937
0.2256726324558258
0.22561107575893402
0.2255491018295288
0.22548748552799225
0.22542624175548553
0.2253648340702057
0.22530336678028107
0.22524182498455048
0.2251807004213333
0.22511953115463257
0.22505813837051392
0.22499659657478333
0.2249354124069214
0.22487424314022064
0.22481316328048706
0.22475187480449677
0.22469115257263184
0.22463028132915497
0.22456896305084229
0.2245081067085266
0.22444690763950348
0.22438591718673706
0.22432518005371094
0.22426453232765198
0.22420352697372437
0.2241426408290863
0.2240818589925766
0.2240210771560669
0.22396054863929749
0.22389978170394897
0.22383934259414673
0.22377879917621613
0.2237178534269333
0.2236572802066803
0.22359707951545715
0.22353650629520416
0.22347614169120789
0.2234157919883728
0.22335533797740936
0.22329485416412354
0.223234623670578
0.22317470610141754
0.2231142371892929
0.2230537235736847
0.22299370169639587
0.2229337990283966
0.22287362813949585
0.22281335294246674
0.2227534055709839
0.22269338369369507
0.2226332128047943
0.22257360816001892
0.22251343727111816
0.22245347499847412
0.22239388525485992
0.22233381867408752
0.22227421402931213
0.22221435606479645
0.22215473651885986
0.22209486365318298
0.2220352292060852
0.22197550535202026
0.2219158411026001
0.22185632586479187
0.22179681062698364
0.22173750400543213
0.22167782485485077
0.2216184437274933
0.22155912220478058
0.22149956226348877
0.22144001722335815
0.2213810533285141
0.221321702003479
0.22126251459121704
0.22120316326618195
0.22114381194114685
0.2210845947265625
0.2210257351398468
0.2209663689136505
0.22090747952461243
0.2208484709262848
0.2207893431186676
0.22073030471801758
0.22067153453826904
0.22061261534690857
0.2205532342195511
0.22049480676651
0.22043588757514954
0.22037693858146667
0.22031813859939575
0.22025956213474274
0.22020071744918823
0.22014237940311432
0.22008351981639862
0.22002483904361725
0.21996647119522095
0.21990738809108734
0.21984948217868805
0.219790980219841
0.21973225474357605
0.21967388689517975
0.21961580216884613
0.21955716609954834
0.2194986492395401
0.21944037079811096
0.21938209235668182
0.21932390332221985
0.21926547586917877
0.21920765936374664
0.21914945542812347
0.21909114718437195
0.21903328597545624
0.21897511184215546
0.2189171314239502
0.21885891258716583
0.21880093216896057
0.2187431901693344
0.2186853289604187
0.21862731873989105
0.21856942772865295
0.21851202845573425
0.21845391392707825
0.21839623153209686
0.21833857893943787
0.21828080713748932
0.21822300553321838
0.21816536784172058
0.2181079089641571
0.21805010735988617
0.2179924100637436
0.21793495118618011
0.2178776115179062
0.2178199291229248
0.21776270866394043
0.21770533919334412
0.2176479697227478
0.21759051084518433
0.21753349900245667
0.21747621893882751
0.21741874516010284
0.21736161410808563
0.21730422973632812
0.21724720299243927
0.21719005703926086
0.21713313460350037
0.21707561612129211
0.21701855957508087
0.21696195006370544
0.2169049084186554
0.2168479710817337
0.21679089963436127
0.21673382818698883
0.2166769802570343
0.2166202962398529
0.21656356751918793
0.216506689786911
0.21644996106624603
0.21639321744441986
0.21633672714233398
0.21627984941005707
0.2162228673696518
0.21616680920124054
0.21611016988754272
0.21605315804481506
0.215996652841568
0.21594056487083435
0.21588414907455444
0.21582750976085663
0.21577104926109314
0.21571475267410278
0.2156583070755005
0.21560198068618774
0.2155456691980362
0.21548955142498016
0.21543356776237488
0.21537688374519348
0.21532100439071655
0.21526502072811127
0.2152085304260254
0.21515242755413055
0.21509651839733124
0.21504051983356476
0.21498450636863708
0.21492835879325867
0.2148727923631668
0.21481701731681824
0.21476075053215027
0.21470484137535095
0.21464903652668
0.21459347009658813
0.21453765034675598
0.21448194980621338
0.21442613005638123
0.21437019109725952
0.21431449055671692
0.21425902843475342
0.21420377492904663
0.2141481637954712
0.21409232914447784
0.21403692662715912
0.21398133039474487
0.21392583847045898
0.21387043595314026
0.21381506323814392
0.213759645819664
0.21370448172092438
0.2136489897966385
0.21359404921531677
0.21353864669799805
0.21348334848880768
0.2134280502796173
0.2133726179599762
0.21331769227981567
0.21326270699501038
0.21320763230323792
0.2131521850824356
0.2130974680185318
0.2130424827337265
0.21298740804195404
0.21293242275714874
0.21287745237350464
0.212822824716568
0.2127678245306015
0.212712824344635
0.21265842020511627
0.2126031517982483
0.21254852414131165
0.21249385178089142
0.21243910491466522
0.21238431334495544
0.21232987940311432
0.212274968624115
0.2122206687927246
0.2121662050485611
0.21211139857769012
0.2120567262172699
0.2120027393102646
0.21194827556610107
0.2118934541940689
0.21183958649635315
0.2117849886417389
0.21173040568828583
0.21167616546154022
0.21162180602550507
0.21156758069992065
0.21151331067085266
0.21145892143249512
0.21140503883361816
0.21135085821151733
0.21129672229290009
0.21124267578125
0.21118828654289246
0.21113449335098267
0.21108044683933258
0.21102650463581085
0.21097245812416077
0.21091875433921814
0.2108645737171173
0.21081076562404633
0.2107565701007843
0.2107030749320984
0.21064911782741547
0.21059550344944
0.21054178476333618
0.21048817038536072
0.21043431758880615
0.21038056910037994
0.21032682061195374
0.21027353405952454
0.21021966636180878
0.2101663053035736
0.21011263132095337
0.21005958318710327
0.21000581979751587
0.20995217561721802
0.20989875495433807
0.20984531939029694
0.2097923755645752
0.2097385823726654
0.20968550443649292
0.20963215827941895
0.20957887172698975
0.20952565968036652
0.20947279036045074
0.20941944420337677
0.20936623215675354
0.20931300520896912
0.2092602550983429
0.20920678973197937
0.2091539055109024
0.20910102128982544
0.20904766023159027
0.20899513363838196
0.20894211530685425
0.20888909697532654
0.20883594453334808
0.20878352224826813
0.20873036980628967
0.20867758989334106
0.20862478017807007
0.20857220888137817
0.20851963758468628
0.20846650004386902
0.20841391384601593
0.20836156606674194
0.2083083987236023
0.20825627446174622
0.20820367336273193
0.2081509679555893
0.2080986201763153
0.20804578065872192
0.20799364149570465
0.20794138312339783
0.20788878202438354
0.20783638954162598
0.2077837884426117
0.20773163437843323
0.20767924189567566
0.2076268494129181
0.20757481455802917
0.2075226604938507
0.20747022330760956
0.2074180543422699
0.20736590027809143
0.20731395483016968
0.20726153254508972
0.20720967650413513
0.20715737342834473
0.20710554718971252
0.20705346763134003
0.20700150728225708
0.20694953203201294
0.20689770579338074
0.20684561133384705
0.20679384469985962
0.20674185454845428
0.20668990910053253
0.2066383808851242
0.20658627152442932
0.206534743309021
0.20648297667503357
0.2064315676689148
0.20637992024421692
0.20632827281951904
0.20627638697624207
0.20622459053993225
0.20617306232452393
0.20612172782421112
0.2060701847076416
0.20601873099803925
0.20596730709075928
0.20591595768928528
0.20586428046226501
0.20581330358982086
0.20576149225234985
0.20571015775203705
0.2056591510772705
0.2056075781583786
0.2055562436580658
0.2055051177740097
0.2054539918899536
0.20540298521518707
0.20535148680210114
0.20530036091804504
0.2052495926618576
0.20519810914993286
0.20514729619026184
0.2050962746143341
0.20504525303840637
0.20499396324157715
0.20494350790977478
0.20489224791526794
0.20484119653701782
0.2047906368970871
0.20473958551883698
0.20468853414058685
0.20463795959949493
0.20458686351776123
0.20453642308712006
0.20448581874370575
0.2044348567724228
0.20438411831855774
0.20433340966701508
0.20428268611431122
0.2042323350906372
0.2041817009449005
0.20413106679916382
0.2040804773569107
0.20402997732162476
0.20397944748401642
0.20392917096614838
0.20387865602970123
0.20382800698280334
0.2037777304649353
0.20372742414474487
0.20367714762687683
0.20362696051597595
0.20357656478881836
0.20352622866630554
0.20347627997398376
0.20342561602592468
0.20337556302547455
0.20332536101341248
0.20327503979206085
0.20322495698928833
0.20317508280277252
0.20312510430812836
0.203075110912323
0.20302467048168182
0.20297479629516602
0.2029246985912323
0.2028750628232956
0.20282520353794098
0.20277518033981323
0.20272508263587952
0.20267519354820251
0.20262551307678223
0.20257540047168732
0.20252609252929688
0.20247595012187958
0.20242619514465332
0.2023766189813614
0.20232707262039185
0.20227716863155365
0.20222759246826172
0.20217803120613098
0.20212846994400024
0.2020786553621292
0.20202934741973877
0.20197975635528564
0.20193004608154297
0.2018810510635376
0.20183147490024567
0.20178188383579254
0.20173253118991852
0.2016831785440445
0.20163379609584808
0.20158444344997406
0.2015354335308075
0.20148593187332153
0.20143654942512512
0.20138730108737946
0.20133814215660095
0.201288640499115
0.20123985409736633
0.20119059085845947
0.20114164054393768
0.20109213888645172
0.20104308426380157
0.20099452137947083
0.20094534754753113
0.20089641213417053
0.20084722340106964
0.2007984071969986
0.20074968039989471
0.20070062577724457
0.20065167546272278
0.2006027102470398
0.20055387914180756
0.20050527155399323
0.2004561871290207
0.20040743052959442
0.20035894215106964
0.20030999183654785
0.20026136934757233
0.20021259784698486
0.20016399025917053
0.20011521875858307
0.20006707310676575
0.20001816749572754
0.19996954500675201
0.1999208927154541
0.1998724639415741
0.19982397556304932
0.19977566599845886
0.19972723722457886
0.19967857003211975
0.1996305137872696
0.19958186149597168
0.1995338797569275
0.1994854360818863
0.1994369924068451
0.19938868284225464
0.1993403434753418
0.1992923617362976
0.1992443948984146
0.19919605553150177
0.19914761185646057
0.1990996152162552
0.1990511417388916
0.1990031749010086
0.19895528256893158
0.19890715181827545
0.1988590508699417
0.19881115853786469
0.19876313209533691
0.19871512055397034
0.19866734743118286
0.19861921668052673
0.19857117533683777
0.19852352142333984
0.19847571849822998
0.1984279453754425
0.19838003814220428
0.19833222031593323
0.19828465580940247
0.19823671877384186
0.198188915848732
0.19814157485961914
0.19809377193450928
0.19804617762565613
0.19799894094467163
0.19795076549053192
0.19790342450141907
0.1978560984134674
0.19780823588371277
0.19776074588298798
0.19771362841129303
0.19766566157341003
0.19761817157268524
0.19757091999053955
0.19752340018749237
0.19747592508792877
0.19742900133132935
0.1973816156387329
0.19733411073684692
0.19728708267211914
0.1972396969795227
0.19719251990318298
0.19714513421058655
0.19709831476211548
0.1970507800579071
0.19700370728969574
0.19695642590522766
0.19690948724746704
0.19686241447925568
0.19681525230407715
0.1967684030532837
0.19672109186649323
0.19667461514472961
0.19662730395793915
0.1965804547071457
0.19653360545635223
0.19648663699626923
0.19643989205360413
0.19639292359352112
0.19634605944156647
0.196299210190773
0.1962524652481079
0.19620545208454132
0.19615860283374786
0.19611233472824097
0.19606542587280273
0.1960185468196869
0.19597190618515015
0.1959255039691925
0.19587862491607666
0.19583222270011902
0.1957857608795166
0.19573922455310822
0.19569256901741028
0.19564589858055115
0.19559958577156067
0.1955532729625702
0.19550636410713196
0.1954602599143982
0.19541385769844055
0.19536715745925903
0.19532105326652527
0.19527459144592285
0.19522827863693237
0.1951819211244583
0.19513605535030365
0.19508971273899078
0.19504359364509583
0.19499726593494415
0.19495101273059845
0.19490477442741394
0.19485878944396973
0.19481265544891357
0.19476628303527832
0.19472037255764008
0.19467471539974213
0.19462822377681732
0.19458220899105072
0.19453619420528412
0.19449028372764587
0.19444438815116882
0.19439834356307983
0.19435253739356995
0.19430649280548096
0.19426082074642181
0.19421477615833282
0.1941690742969513
0.1941230297088623
0.19407710433006287
0.19403186440467834
0.19398605823516846
0.19394034147262573
0.1938943862915039
0.19384858012199402
0.1938033252954483
0.19375738501548767
0.1937120258808136
0.19366617500782013
0.19362081587314606
0.1935752034187317
0.19352993369102478
0.1934840828180313
0.1934390366077423
0.1933932900428772
0.19334805011749268
0.19330242276191711
0.1932571530342102
0.193211629986763
0.19316647946834564
0.19312059879302979
0.19307532906532288
0.19303050637245178
0.19298510253429413
0.19293992221355438
0.19289462268352509
0.19284918904304504
0.19280415773391724
0.1927591860294342
0.1927139014005661
0.19266869127750397
0.19262349605560303
0.19257852435112
0.1925337016582489
0.19248861074447632
0.19244319200515747
0.1923985481262207
0.19235333800315857
0.19230838119983673
0.19226352870464325
0.19221852719783783
0.19217365980148315
0.19212894141674042
0.1920841634273529
0.19203905761241913
0.19199419021606445
0.1919497847557068
0.19190464913845062
0.19186002016067505
0.19181525707244873
0.19177058339118958
0.19172605872154236
0.19168102741241455
0.19163650274276733
0.19159194827079773
0.19154728949069977
0.19150249660015106
0.19145819544792175
0.1914135068655014
0.19136884808540344
0.191324844956398
0.1912800669670105
0.1912357211112976
0.1911909282207489
0.1911468207836151
0.19110262393951416
0.19105803966522217
0.19101345539093018
0.19096946716308594
0.19092488288879395
0.1908806413412094
0.19083641469478607
0.190792053937912
0.19074805080890656
0.19070345163345337
0.19065967202186584
0.1906152069568634
0.19057095050811768
0.1905265748500824
0.19048267602920532
0.1904386579990387
0.19039465487003326
0.190350741147995
0.19030658900737762
0.1902623176574707
0.19021840393543243
0.19017425179481506
0.19013065099716187
0.19008652865886688
0.19004280865192413
0.18999901413917542
0.1899547278881073
0.1899111419916153
0.18986719846725464
0.18982362747192383
0.18977932631969452
0.18973597884178162
0.1896921545267105
0.1896483302116394
0.18960461020469666
0.18956077098846436
0.1895170360803604
0.18947343528270721
0.18942993879318237
0.18938635289669037
0.18934285640716553
0.18929898738861084
0.18925538659095764
0.1892118602991104
0.18916848301887512
0.18912464380264282
0.18908147513866425
0.18903785943984985
0.18899479508399963
0.1889510452747345
0.18890777230262756
0.18886436522006989
0.1888207048177719
0.18877767026424408
0.1887342482805252
0.18869107961654663
0.18864767253398895
0.18860438466072083
0.18856105208396912
0.1885182112455368
0.18847480416297913
0.18843162059783936
0.18838828802108765
0.18834522366523743
0.188301682472229
0.1882588267326355
0.18821561336517334
0.18817238509655
0.18812979757785797
0.1880863606929779
0.18804383277893066
0.18800073862075806
0.1879577338695526
0.18791475892066956
0.18787188827991486
0.18782925605773926
0.18778592348098755
0.18774303793907166
0.1877002865076065
0.1876574158668518
0.18761415779590607
0.18757162988185883
0.18752864003181458
0.18748633563518524
0.1874433159828186
0.18740051984786987
0.18735799193382263
0.18731507658958435
0.1872725486755371
0.18723000586032867
0.1871871054172516
0.18714463710784912
0.18710198998451233
0.18705976009368896
0.18701696395874023
0.1869746446609497
0.18693232536315918
0.18688936531543732
0.1868470460176468
0.18680457770824432
0.18676212430000305
0.18671944737434387
0.18667742609977722
0.18663498759269714
0.18659237027168274
0.1865502893924713
0.1865079253911972
0.18646544218063354
0.186423197388649
0.18638084828853607
0.18633870780467987
0.18629670143127441
0.18625444173812866
0.18621185421943665
0.18616993725299835
0.1861274540424347
0.18608541786670685
0.1860438585281372
0.18600161373615265
0.1859591156244278
0.1859171986579895
0.18587514758110046
0.18583276867866516
0.18579095602035522
0.1857491433620453
0.18570707738399506
0.18566517531871796
0.18562324345111847
0.1855815351009369
0.18553924560546875
0.18549779057502747
0.18545594811439514
0.1854141503572464
0.18537244200706482
0.1853303611278534
0.1852884143590927
0.1852468103170395
0.18520522117614746
0.1851634979248047
0.18512143194675446
0.1850796937942505
0.18503795564174652
0.18499647080898285
0.18495488166809082
0.18491312861442566
0.18487140536308289
0.18483012914657593
0.18478873372077942
0.1847468763589859
0.18470536172389984
0.18466398119926453
0.18462243676185608
0.18458105623722076
0.1845392882823944
0.18449801206588745
0.18445660173892975
0.1844153255224228
0.18437379598617554
0.18433263897895813
0.18429119884967804
0.18424978852272034
0.1842087358236313
0.18416741490364075
0.1841258704662323
0.18408480286598206
0.18404361605644226
0.18400219082832336
0.18396124243736267
0.18392014503479004
0.18387894332408905
0.183837890625
0.18379667401313782
0.18375557661056519
0.1837141364812851
0.18367315828800201
0.18363229930400848
0.18359097838401794
0.18355020880699158
0.18350912630558014
0.18346837162971497
0.1834273785352707
0.18338650465011597
0.18334528803825378
0.18330450356006622
0.18326376378536224
0.18322275578975677
0.1831817626953125
0.18314099311828613
0.18310010433197021
0.1830592155456543
0.18301844596862793
0.18297803401947021
0.182937353849411
0.1828964501619339
0.18285566568374634
0.18281523883342743
0.18277433514595032
0.1827334314584732
0.1826930046081543
0.18265266716480255
0.18261176347732544
0.18257097899913788
0.18253040313720703
0.1824900507926941
0.1824493706226349
0.1824091672897339
0.18236884474754333
0.182328000664711
0.1822875440120697
0.18224698305130005
0.18220685422420502
0.18216639757156372
0.18212604522705078
0.18208570778369904
0.18204523622989655
0.18200498819351196
0.18196485936641693
0.18192428350448608
0.18188391625881195
0.1818433254957199
0.1818036437034607
0.1817634105682373
0.18172302842140198
0.18168266117572784
0.18164263665676117
0.18160225450992584
0.18156257271766663
0.1815224438905716
0.18148206174373627
0.18144191801548004
0.18140211701393127
0.18136197328567505
0.18132205307483673
0.18128176033496857
0.18124184012413025
0.1812017858028412
0.18116186559200287
0.18112169206142426
0.1810818612575531
0.18104195594787598
0.18100236356258392
0.1809624433517456
0.1809222400188446
0.1808827668428421
0.1808425784111023
0.18080288171768188
0.18076270818710327
0.18072320520877838
0.18068350851535797
0.18064367771148682
0.18060430884361267
0.18056422472000122
0.18052485585212708
0.18048501014709473
0.18044540286064148
0.1804054081439972
0.1803661584854126
0.1803266555070877
0.18028682470321655
0.18024754524230957
0.18020805716514587
0.1801683008670807
0.1801287829875946
0.18008939921855927
0.18005001544952393
0.180010125041008
0.17997094988822937
0.17993155121803284
0.1798919141292572
0.17985250055789948
0.17981310188770294
0.17977392673492432
0.17973439395427704
0.17969508469104767
0.17965580523014069
0.17961673438549042
0.17957709729671478
0.17953765392303467
0.1794990450143814
0.17945964634418488
0.17942021787166595
0.17938125133514404
0.17934218049049377
0.1793028563261032
0.17926353216171265
0.17922468483448029
0.17918537557125092
0.17914626002311707
0.179107666015625
0.17906808853149414
0.17902900278568268
0.17898978292942047
0.17895114421844482
0.1789119392633438
0.1788729429244995
0.1788344383239746
0.1787952333688736
0.17875610291957855
0.1787174791097641
0.1786784827709198
0.17863936722278595
0.17860084772109985
0.17856183648109436
0.17852306365966797
0.1784839630126953
0.17844553291797638
0.1784065067768097
0.1783679872751236
0.17832909524440765
0.17829018831253052
0.17825153470039368
0.178212970495224
0.17817455530166626
0.17813563346862793
0.17809686064720154
0.1780582070350647
0.17801988124847412
0.17798131704330444
0.1779426485300064
0.17790432274341583
0.1778654009103775
0.17782694101333618
0.17778849601745605
0.17774993181228638
0.1777115762233734
0.17767326533794403
0.1776343137025833
0.17759597301483154
0.17755788564682007
0.1775190532207489
0.17748095095157623
0.1774424910545349
0.17740437388420105
0.17736564576625824
0.17732766270637512
0.1772891879081726
0.1772509515285492
0.1772127002477646
0.17717480659484863
0.17713633179664612
0.17709782719612122
0.1770598292350769
0.17702147364616394
0.17698343098163605
0.176945298910141
0.17690716683864594
0.17686901986598969
0.17683088779449463
0.17679286003112793
0.17675481736660004
0.17671678960323334
0.1766788810491562
0.1766403615474701
0.17660243809223175
0.1765645146369934
0.1765267252922058
0.17648880183696747
0.17645063996315002
0.17641282081604004
0.17637503147125244
0.17633718252182007
0.17629951238632202
0.17626097798347473
0.17622339725494385
0.17618568241596222
0.17614798247814178
0.17611002922058105
0.17607209086418152
0.17603427171707153
0.17599689960479736
0.17595870792865753
0.17592114210128784
0.17588353157043457
0.1758459359407425
0.17580807209014893
0.17577046155929565
0.17573262751102448
0.1756952404975891
0.17565776407718658
0.17562001943588257
0.17558252811431885
0.17554503679275513
0.1755072921514511
0.17546990513801575
0.17543229460716248
0.17539465427398682
0.1753573715686798
0.17531973123550415
0.17528247833251953
0.17524510622024536
0.1752076894044876
0.17517004907131195
0.17513300478458405
0.17509523034095764
0.17505818605422974
0.17502066493034363
0.17498324811458588
0.17494620382785797
0.17490889132022858
0.17487160861492157
0.17483431100845337
0.17479722201824188
0.17475947737693787
0.17472274601459503
0.17468509078025818
0.1746484935283661
0.1746109575033188
0.17457398772239685
0.17453669011592865
0.17449960112571716
0.17446263134479523
0.17442531883716583
0.1743883639574051
0.17435115575790405
0.17431417107582092
0.17427733540534973
0.174240380525589
0.17420350015163422
0.17416605353355408
0.17412930727005005
0.17409257590770721
0.17405547201633453
0.1740184724330902
0.17398136854171753
0.1739446371793747
0.17390751838684082
0.17387112975120544
0.17383413016796112
0.1737968772649765
0.17376060783863068
0.1737234890460968
0.17368683218955994
0.17365007102489471
0.1736135482788086
0.17357665300369263
0.1735398769378662
0.1735033392906189
0.17346680164337158
0.17342990636825562
0.1733936071395874
0.17335671186447144
0.17331981658935547
0.17328324913978577
0.17324672639369965
0.17320993542671204
0.17317338287830353
0.17313718795776367
0.17310062050819397
0.17306405305862427
0.17302750051021576
0.17299070954322815
0.17295436561107635
0.1729181706905365
0.1728811264038086
0.17284536361694336
0.1728089153766632
0.17277246713638306
0.1727360188961029
0.17269957065582275
0.17266321182250977
0.17262676358222961
0.17259028553962708
0.17255418002605438
0.1725178360939026
0.17248184978961945
0.17244550585746765
0.1724090278148651
0.17237301170825958
0.1723366528749466
0.1723005473613739
0.17226417362689972
0.17222829163074493
0.17219167947769165
0.17215603590011597
0.1721199005842209
0.17208364605903625
0.17204762995243073
0.17201124131679535
0.17197558283805847
0.1719394475221634
0.17190295457839966
0.1718672811985016
0.1718311309814453
0.17179512977600098
0.17175894975662231
0.171723410487175
0.1716870218515396
0.17165157198905945
0.17161554098129272
0.1715794950723648
0.1715439409017563
0.17150776088237762
0.17147207260131836
0.1714361310005188
0.17140008509159088
0.17136427760124207
0.171329066157341
0.171293243765831
0.1712571680545807
0.17122149467468262
0.17118579149246216
0.17114996910095215
0.1711145043373108
0.1710786521434784
0.17104260623455048
0.17100726068019867
0.17097164690494537
0.17093616724014282
0.17090046405792236
0.17086461186408997
0.17082887887954712
0.1707933098077774
0.17075803875923157
0.17072232067584991
0.17068645358085632
0.17065133154392242
0.17061583697795868
0.17058032751083374
0.17054483294487
0.17050935328006744
0.17047396302223206
0.1704384684562683
0.17040306329727173
0.1703675538301468
0.17033205926418304
0.17029714584350586
0.17026165127754211
0.17022623121738434
0.1701907366514206
0.17015579342842102
0.17012038826942444
0.1700846403837204
0.1700497269630432
0.17001456022262573
0.16997939348220825
0.16994348168373108
0.16990867257118225
0.16987338662147522
0.169838085770607
0.16980302333831787
0.16976818442344666
0.16973277926445007
0.16969771683216095
0.16966289281845093
0.16962724924087524
0.16959261894226074
0.16955707967281342
0.16952213644981384
0.16948741674423218
0.16945184767246246
0.16941726207733154
0.16938218474388123
0.16934722661972046
0.16931189596652985
0.16927751898765564
0.16924230754375458
0.16920769214630127
0.16917261481285095
0.1691374033689499
0.16910266876220703
0.16906756162643433
0.16903282701969147
0.1689980924129486
0.16896334290504456
0.1689281314611435
0.16889362037181854
0.16885873675346375
0.16882410645484924
0.16878947615623474
0.16875451803207397
0.16871973872184753
0.16868498921394348
0.16865044832229614
0.16861604154109955
0.16858093440532684
0.1685463935136795
0.1685117483139038
0.1684771031141281
0.16844245791435242
0.16840803623199463
0.1683730185031891
0.1683388352394104
0.1683044135570526
0.16826976835727692
0.16823463141918182
0.1682007908821106
0.1681661456823349
0.16813145577907562
0.16809715330600739
0.1680629551410675
0.16802841424942017
0.16799373924732208
0.1679593175649643
0.16792486608028412
0.16789044439792633
0.16785623133182526
0.16782191395759583
0.16778744757175446
0.16775287687778473
0.1677190363407135
0.16768470406532288
0.1676500141620636
0.16761568188667297
0.1675814539194107
0.16754701733589172
0.1675133854150772
0.1674787998199463
0.16744457185268402
0.16741035878658295
0.16737613081932068
0.16734212636947632
0.1673080176115036
0.16727355122566223
0.16723968088626862
0.16720543801784515
0.16717156767845154
0.16713744401931763
0.16710308194160461
0.1670689582824707
0.1670350581407547
0.16700118780136108
0.16696682572364807
0.16693304479122162
0.1668989211320877
0.16686490178108215
0.1668308824300766
0.1667972207069397
0.16676343977451324
0.16672906279563904
0.16669563949108124
0.16666138172149658
0.1666277050971985
0.1665937900543213
0.16656000912189484
0.166525736451149
0.16649207472801208
0.16645827889442444
0.1664244830608368
0.1663907915353775
0.16635699570178986
0.16632318496704102
0.16628940403461456
0.16625557839870453
0.1662222445011139
0.16618821024894714
0.1661546379327774
0.16612081229686737
0.16608712077140808
0.16605331003665924
0.1660197228193283
0.16598638892173767
0.16595269739627838
0.1659192144870758
0.16588528454303741
0.16585181653499603
0.1658182144165039
0.16578488051891327
0.16575151681900024
0.1657176911830902
0.16568419337272644
0.1656503677368164
0.16561725735664368
0.16558364033699036
0.16555027663707733
0.16551680862903595
0.1654835343360901
0.16545018553733826
0.16541658341884613
0.1653829663991928
0.16534972190856934
0.16531644761562347
0.165283203125
0.16524994373321533
0.165216326713562
0.165183424949646
0.16514968872070312
0.16511653363704681
0.1650833934545517
0.16504976153373718
0.16501684486865997
0.164983332157135
0.1649501919746399
0.16491714119911194
0.16488400101661682
0.16485071182250977
0.16481755673885345
0.1647845208644867
0.1647515743970871
0.16471831500530243
0.16468477249145508
0.16465197503566742
0.16461902856826782
0.16458585858345032
0.16455280780792236
0.16451963782310486
0.16448667645454407
0.16445375978946686
0.1644207090139389
0.1643877625465393
0.1643545776605606
0.16432151198387146
0.16428914666175842
0.16425582766532898
0.16422303020954132
0.16418983042240143
0.16415724158287048
0.16412416100502014
0.16409119963645935
0.164058119058609
0.16402563452720642
0.16399267315864563
0.16395995020866394
0.16392746567726135
0.16389426589012146
0.16386176645755768
0.16382890939712524
0.16379618644714355
0.16376321017742157
0.1637307107448578
0.163697749376297
0.1636647880077362
0.16363249719142914
0.1635996252298355
0.16356712579727173
0.16353438794612885
0.16350187361240387
0.16346925497055054
0.1634366363286972
0.16340410709381104
0.16337159276008606
0.16333895921707153
0.16330622136592865
0.16327343881130219
0.1632411628961563
0.16320839524269104
0.16317611932754517
0.16314347088336945
0.16311118006706238
0.1630788892507553
0.16304636001586914
0.16301336884498596
0.16298119723796844
0.162948876619339
0.16291648149490356
0.1628839373588562
0.1628517508506775
0.16281944513320923
0.16278713941574097
0.1627545952796936
0.16272218525409698
0.16268986463546753
0.16265779733657837
0.1626250147819519
0.16259293258190155
0.16256073117256165
0.1625284105539322
0.16249622404575348
0.16246390342712402
0.1624317169189453
0.16239963471889496
0.16236728429794312
0.1623350977897644
0.1623028814792633
0.16227103769779205
0.1622389405965805
0.1622067093849182
0.1621745079755783
0.16214242577552795
0.16211044788360596
0.16207821667194366
0.16204611957073212
0.16201402246952057
0.16198214888572693
0.16195005178451538
0.16191770136356354
0.161886066198349
0.1618538498878479
0.16182197630405426
0.16178998351097107
0.16175822913646698
0.16172575950622559
0.1616942286491394
0.16166235506534576
0.16163034737110138
0.1615983545780182
0.1615665853023529
0.16153481602668762
0.1615026891231537
0.1614709347486496
0.1614389270544052
0.16140738129615784
0.16137585043907166
0.16134360432624817
0.1613118052482605
0.16128003597259521
0.16124862432479858
0.1612166166305542
0.16118517518043518
0.1611534059047699
0.16112136840820312
0.16108982264995575
0.16105827689170837
0.1610262393951416
0.16099482774734497
0.1609632521867752
0.16093169152736664
0.1608997881412506
0.16086846590042114
0.16083668172359467
0.1608051061630249
0.16077344119548798
0.16074196994304657
0.160710409283638
0.1606789529323578
0.16064727306365967
0.1606159508228302
0.1605842560529709
0.16055269539356232
0.1605214774608612
0.16048964858055115
0.16045807301998138
0.16042685508728027
0.1603955179452896
0.16036391258239746
0.1603328138589859
0.16030123829841614
0.1602698713541031
0.16023817658424377
0.16020730137825012
0.160176083445549
0.1601441353559494
0.160113126039505
0.1600818932056427
0.1600504070520401
0.1600191742181778
0.1599881649017334
0.1599569171667099
0.1599256843328476
0.15989431738853455
0.1598629653453827
0.15983206033706665
0.15980081260204315
0.15976954996585846
0.15973830223083496
0.15970705449581146
0.15967591106891632
0.15964514017105103
0.15961386263370514
0.15958285331726074
0.1595516949892044
0.15952043235301971
0.15948954224586487
0.15945851802825928
0.1594274789094925
0.15939609706401825
0.15936541557312012
0.15933416783809662
0.15930311381816864
0.15927207469940186
0.15924128890037537
0.15921024978160858
0.1591792106628418
0.15914839506149292
0.15911735594272614
0.15908679366111755
0.1590554118156433
0.15902458131313324
0.158993661403656
0.15896283090114594
0.1589319109916687
0.15890097618103027
0.1588703840970993
0.15883924067020416
0.1588088870048523
0.15877793729305267
0.15874677896499634
0.15871606767177582
0.15868547558784485
0.15865465998649597
0.15862394869327545
0.15859301388263702
0.1585625261068344
0.15853182971477509
0.15850108861923218
0.15847037732601166
0.1584400236606598
0.15840919315814972
0.15837837755680084
0.1583477407693863
0.15831738710403442
0.15828655660152435
0.158255934715271
0.15822534263134003
0.15819497406482697
0.15816424787044525
0.15813374519348145
0.15810301899909973
0.15807241201400757
0.15804190933704376
0.1580115258693695
0.1579810380935669
0.15795043110847473
0.15792003273963928
0.15788954496383667
0.15785926580429077
0.15782876312732697
0.1577983796596527
0.1577678918838501
0.15773747861385345
0.15770697593688965
0.15767671167850494
0.15764643251895905
0.1576160341501236
0.15758541226387024
0.15755535662174225
0.15752507746219635
0.15749455988407135
0.15746426582336426
0.15743388235569
0.15740381181240082
0.1573735624551773
0.15734350681304932
0.15731309354305267
0.15728266537189484
0.1572524905204773
0.15722233057022095
0.15719179809093475
0.1571618616580963
0.15713191032409668
0.15710173547267914
0.1570713222026825
0.15704113245010376
0.15701095759868622
0.15698088705539703
0.1569509208202362
0.15692099928855896
0.15689057111740112
0.15686075389385223
0.15683065354824066
0.15680061280727386
0.15677039325237274
0.15674042701721191
0.15671060979366302
0.1566806435585022
0.15665066242218018
0.15662047266960144
0.15659040212631226
0.15656067430973053
0.15653082728385925
0.15650086104869843
0.15647099912166595
0.15644067525863647
0.1564108431339264
0.15638110041618347
0.15635110437870026
0.15632125735282898
0.1562914103269577
0.1562616527080536
0.1562318056821823
0.15620218217372894
0.15617232024669647
0.15614233911037445
0.15611235797405243
0.15608283877372742
0.15605321526527405
0.15602333843708038
0.15599335730075836
0.1559634804725647
0.15593397617340088
0.15590456128120422
0.1558745801448822
0.15584516525268555
0.15581552684307098
0.15578554570674896
0.15575578808784485
0.15572625398635864
0.15569661557674408
0.15566673874855042
0.1556376814842224
0.1556079089641571
0.15557849407196045
0.1555490791797638
0.15551918745040894
0.15548953413963318
0.15545976161956787
0.15543034672737122
0.1554010510444641
0.15537162125110626
0.1553419530391693
0.15531228482723236
0.15528276562690735
0.15525345504283905
0.15522390604019165
0.15519461035728455
0.1551654040813446
0.1551358550786972
0.1551065444946289
0.15507686138153076
0.15504731237888336
0.15501801669597626
0.15498867630958557
0.15495936572551727
0.15493041276931763
0.15490081906318665
0.15487152338027954
0.1548420786857605
0.15481263399124146
0.15478354692459106
0.15475422143936157
0.15472501516342163
0.15469568967819214
0.154666468501091
0.15463724732398987
0.15460792183876038
0.15457870066165924
0.15454959869384766
0.15452027320861816
0.15449140965938568
0.15446218848228455
0.1544329673051834
0.15440374612808228
0.15437474846839905
0.1543455421924591
0.15431654453277588
0.15428730845451355
0.15425819158554077
0.15422920882701874
0.15420007705688477
0.15417097508907318
0.1541420817375183
0.15411309897899628
0.15408408641815186
0.15405485033988953
0.1540260910987854
0.15399673581123352
0.15396809577941895
0.15393885970115662
0.15390993654727936
0.15388119220733643
0.1538519561290741
0.15382328629493713
0.1537942737340927
0.15376514196395874
0.15373636782169342
0.1537075936794281
0.1536788046360016
0.1536494493484497
0.1536208987236023
0.15359234809875488
0.1535632312297821
0.15353432297706604
0.15350529551506042
0.1534765064716339
0.1534479707479477
0.15341916680335999
0.15339027345180511
0.1533614695072174
0.15333279967308044
0.15330412983894348
0.15327544510364532
0.1532466560602188
0.15321797132492065
0.1531895250082016
0.1531607210636139
0.15313191711902618
0.15310348570346832
0.15307492017745972
0.15304599702358246
0.15301743149757385
0.15298888087272644
0.15296028554439545
0.1529316008090973
0.15290279686450958
0.15287469327449799
0.15284588932991028
0.15281741321086884
0.15278872847557068
0.15276026725769043
0.15273180603981018
0.15270332992076874
0.15267440676689148
0.15264618396759033
0.15261748433113098
0.15258924663066864
0.15256088972091675
0.15253232419490814
0.15250372886657715
0.15247538685798645
0.15244701504707336
0.15241843461990356
0.15238982439041138
0.15236172080039978
0.15233325958251953
0.15230511128902435
0.152276411652565
0.15224851667881012
0.15222004055976868
0.15219156444072723
0.15216343104839325
0.15213483572006226
0.15210658311843872
0.15207844972610474
0.15204983949661255
0.15202195942401886
0.15199381113052368
0.1519654542207718
0.1519368290901184
0.15190939605236053
0.15188080072402954
0.15185265243053436
0.15182426571846008
0.151795893907547
0.15176786482334137
0.15173961222171783
0.15171170234680176
0.15168341994285583
0.1516556441783905
0.15162715315818787
0.15159934759140015
0.15157084167003632
0.1515425741672516
0.15151502192020416
0.1514868587255478
0.15145869553089142
0.15143078565597534
0.15140250325202942
0.15137459337711334
0.15134631097316742
0.1513185054063797
0.15129071474075317
0.15126252174377441
0.1512347310781479
0.15120656788349152
0.1511789858341217
0.15115094184875488
0.1511227786540985
0.15109509229660034
0.15106716752052307
0.1510389745235443
0.15101104974746704
0.15098333358764648
0.15095552802085876
0.15092770755290985
0.1508997678756714
0.15087206661701202
0.150844007730484
0.15081605315208435
0.15078847110271454
0.15076041221618652
0.15073303878307343
0.15070487558841705
0.1506773829460144
0.15064921975135803
0.15062162280082703
0.15059390664100647
0.15056630969047546
0.1505381166934967
0.15051087737083435
0.1504829227924347
0.1504553258419037
0.15042805671691895
0.1504003405570984
0.15037262439727783
0.15034466981887817
0.15031717717647552
0.15028966963291168
0.15026193857192993
0.15023434162139893
0.15020662546157837
0.15017889440059662
0.15015152096748352
0.15012390911579132
0.15009652078151703
0.15006890892982483
0.15004128217697144
0.15001390874385834
0.14998626708984375
0.1499587893486023
0.14993128180503845
0.14990365505218506
0.14987625181674957
0.14984875917434692
0.14982175827026367
0.14979375898838043
0.14976635575294495
0.14973898231983185
0.14971157908439636
0.14968417584896088
0.14965668320655823
0.1496294140815735
0.14960189163684845
0.14957472681999207
0.14954756200313568
0.14952003955841064
0.14949241280555725
0.14946523308753967
0.14943784475326538
0.1494106650352478
0.14938338100910187
0.14935585856437683
0.14932867884635925
0.1493014097213745
0.1492743343114853
0.1492469310760498
0.14921975135803223
0.1491926908493042
0.1491652876138687
0.14913822710514069
0.14911068975925446
0.14908340573310852
0.14905644953250885
0.14902915060520172
0.14900220930576324
0.14897526800632477
0.148948073387146
0.14892077445983887
0.1488935947418213
0.14886640012264252
0.1488391011953354
0.14881250262260437
0.14878496527671814
0.14875835180282593
0.14873093366622925
0.14870420098304749
0.14867675304412842
0.14865005016326904
0.14862284064292908
0.1485961228609085
0.1485690474510193
0.14854174852371216
0.1485147625207901
0.14848804473876953
0.14846095442771912
0.14843398332595825
0.14840713143348694
0.14838004112243652
0.1483529657125473
0.1483263522386551
0.14829902350902557
0.14827264845371246
0.14824555814266205
0.14821858704090118
0.14819206297397614
0.14816485345363617
0.1481381356716156
0.14811113476753235
0.14808428287506104
0.14805753529071808
0.14803066849708557
0.14800392091274261
0.14797718822956085
0.14795055985450745
0.14792369306087494
0.14789681136608124
0.14786994457244873
0.14784319698810577
0.14781633019447327
0.14778980612754822
0.1477631777524948
0.14773643016815186
0.14770954847335815
0.14768314361572266
0.1476563811302185
0.14762963354587555
0.1476028710603714
0.14757633209228516
0.14754968881607056
0.1475231647491455
0.14749640226364136
0.1474698781967163
0.1474429965019226
0.14741644263267517
0.14739039540290833
0.14736351370811462
0.1473369598388672
0.14731045067310333
0.14728379249572754
0.14725713431835175
0.14723071455955505
0.1472041755914688
0.14717775583267212
0.14715145528316498
0.14712455868721008
0.1470981389284134
0.14707182347774506
0.14704526960849762
0.14701884984970093
0.1469925493001938
0.1469658613204956
0.14693957567214966
0.14691314101219177
0.14688682556152344
0.14686039090156555
0.14683383703231812
0.14680787920951843
0.1467810869216919
0.146754652261734
0.14672833681106567
0.14670225977897644
0.14667591452598572
0.14664937555789948
0.14662304520606995
0.14659684896469116
0.14657028019428253
0.14654430747032166
0.14651799201965332
0.14649179577827454
0.1464654505252838
0.14643923938274384
0.1464129239320755
0.14638693630695343
0.1463606059551239
0.14633437991142273