0.014224887
0.005035162
0.019531012
0.012960672
0.007607579
0.012563109
0.0056194067
0.010657072
0.009121895
0.008821368
0.012482643
0.006280303
0.007629156
0.019216418
0.009272337
0.017255545
0.0028361082
0.00396204
0.012957692
0.0020171404
0.0049831867
0.005833626
0.023097277
0.0037161112
0.008434892
0.01249516
0.011818767
0.01660657
0.006959796
0.01785624
0.010408759
0.0024240017
0.0014380813
0.0068563223
0.010172129
0.01608491
0.01266849
0.008713245
0.005435109
0.020861268
0.0076494217
0.013706088
0.011754632
0.024676085
0.012549281
0.0035222769
0.010569811
0.022982717
0.013416529
0.009475589
0.01317203
0.0077041388
0.010391235
0.0034394264
0.013122201
0.016936183
0.0068917274
0.02169931
0.007837892
0.011945844
0.0182755
0.012552261
0.012572646
0.014048934

0.014334083
0.0025963783
0.01576817
0.027711987
0.01062119
0.008435011
0.012336373
0.03297293
0.0038118362
0.015184164
0.022905588
0.012328148
0.0057395697
0.001740694
0.019179225
0.020012975
0.00439322
0.010538459
0.015330315
0.013310432
0.008936048
0.005213976
0.008874893
0.010296345
0.0046833754
0.00042963028
0.023041964
0.008195043
0.01438868
0.0044318438
0.0029512644
0.0045558214
0.015146613
0.024077535
0.011600018
0.012328982
0.019834876
0.013083816
0.006154895
0.008084655
0.009288907
0.010344267
0.018353939
0.006222248
0.005168557
0.025484562
0.020489454
0.016267419
0.002318859
0.01046145
0.01953423
0.027031898
0.009095192
0.012163758
0.013536692
0.02842307
0.020597458
0.01261425
0.013820648
-1.7881393e-06
0.028184414
0.013866782
0.005273342
0.023499489

0.0071111917
0.0115276575
0.008767009
0.0014739037
0.009592652
0.0024541616
0.0014631748
0.0011912584
0.010845304
0.009575248
0.00297606
0.012709618
0.008286238
0.0051596165
0.0010617971
0.010155916
0.005959153
0.0063711405
6.914139e-06
0.0046536922
0.005972147
0.010088563
0.0019694567
0.004560828
0.01768899
0.0061650276
0.0066797733
0.0049757957
0.009513617
0.003312707
0.0134910345
0.0021258593
0.018797636
0.010158777
0.015803218
0.0031442642
0.0031442642
0.0063990355
0.006796241
0.005510092
0.0029990673
0.009570837
0.0023515224
0.007202506
0.00395
0.0023748875
0.002012372
0.003843546
0.008115292
0.0004950762
0.012310386
0.0013445616
0.0070459843
0.0017200708
0.0073800087
0.009063482
0.010807514
0.0026021004
0.010262132
0.004304409
0.007761359
0.0022181273
0.0064578056
0.0007855892
0.0109757185
0.009500384
0.00805974
0.0037529469
0.0037984848
0.0042951107
0.008882403
0.016544104
0.0046525
0.00033783913
0.009593725
0.013192892
0.0032122135
0.0135707855
0.008001804
0.016604543
0.007322669
0.002886653
0.008071303
0.002906561
0.0045650005
0.000415802
0.004211664
0.00927341
0.0049374104
5.8174133e-05
0.00088620186
0.0006388426
0.012982845
0.010463238
0.013153195
0.00832212
0.0001757145
0.0007277727
0.0060681105
0.0037142038
0.00023460388
3.9815903e-05
0.010472178
0.0065238476
0.006865382
0.008870363
0.002499938
0.008840799
0.019087195
0.00028562546
-2.1457672e-06
0.004202366
0.0015991926
0.0026466846
0.018644333
0.0039931536
0.006280184
0.007110119
0.011918902
0.0012454987
0.008269787
0.012155414
0.0002821684
0.00023066998
0.014548421
0.0009152889
0.011907697
0.01583147

2.2649765e-05
0.0035108328
0.0030978918
0.013626456
0.007887363
0.0015223026
0.006306052
0.0014269352
0.005499482
0.0056015253
0.024728179
0.017735958
0.006524205
0.008404732
0.0037808418
0.0152413845
0.0074762106
0.0022290945
0.002606988
0.0029337406
0.0073803663
0.004109025
0.0006004572
0.010084152
0.009899855
0.012620449
0.006517887
0.010076046
0.005060792
0.0042518377
0.0005427599
0.0020159483
0.010886669
0.00093853474
0.0034754276
0.007954717
0.0066250563
0.0037806034
0.0051294565
0.00044190884
0.005025983
0.0049272776
0.0052343607
0.0038245916
0.010185003
0.0028719902
0.015776634
0.007194519
0.007999182
0.005619645
0.004694462
0.0026540756
0.0010820627
0.0039691925
0.016105771
0.0064275265
0.0010226965
0.005559206
0.012992382
0.009442329
0.0071691275
0.005851269
0.019193888
0.008447766
0.005406022
0.003929734
0.002929926
0.012806058
0.011106849
0.009495378
0.023820877
0.008714318
0.007835031
0.0034704208
0.0026248693
0.008307695
0.008504033
0.0010076761
0.0068212748
6.556511e-06
0.004973531
0.00021147728
0.0005555153
0.012754679
0.0035983324
0.0009236336
0.006698251
0.011539698
0.011123419
0.008848429
7.688999e-05
0.008092046
0.0045745373
0.006096244
0.0043730736
1.7285347e-05
0.01145041
0.012345791
0.0020990372
0.0038136244
0.006106496
0.010262728
0.009536028
0.003148079
9.930134e-05
0.008048892
0.0047541857
0.0041844845
0.014069438
0.0022764206
0.0013042688
0.0041235685
0.0062185526
0.0045455694
0.011367798
0.0039954185
0.0072824955
4.3153763e-05
0.0119047165
0.013459444
0.00012278557
0.005202055
0.0057148933
0.00924015
0.0033560991
0.00764215
0.006447673
0.005965233

0.005575061
0.0030702353
0.0021865368
0.0044795275
0.0053020716
0.0025532246
0.0009303093
0.0011440516
0.004891038
0.004244089
0.007160783
0.0027301311
0.001478672
0.0021828413
0.005233526
0.0047471523
0.003907919
0.0049904585
0.005180955
9.858608e-05
0.0012432337
0.0018928051
0.0011223555
0.004716873
0.0034941435
0.0042521954
0.0059257746
0.0034774542
0.0036398172
0.004977703
0.004296541
0.004237175
0.003014326
0.00227499
0.0011707544
0.0011962652
0.004042864
4.0650368e-05
0.002361536
0.0036369562
0.0041526556
0.0017100573
0.004066825
0.0024673939
0.00044429302
0.002052784
0.0021615028
0.0039350986
0.0014760494
0.0048576593
0.0021961927
0.0010564327
0.0009520054
0.0024049282
0.0028301477
0.005756259
0.0037930012
0.005531907
7.9870224e-05
0.0032634735
0.0057216883
0.00397408
0.00010037422
0.00034713745
0.004614234
0.003414154
0.0043349266
0.0017050505
0.0014760494
0.003080964
0.0017184019
0.00023448467
0.0007816553
0.006851554
0.00032663345
0.0019123554
0.003993511
0.0006325245
0.003600955
0.0023964643
0.0033780336
0.0025749207
0.0010018349
0.003151536
0.0062203407
0.0028699636
0.0014395714
0.00010359287
0.0027272701
0.0019233227
0.006357074
0.001896143
0.004405141
0.004926324
0.0006902218
0.0048724413
0.004227042
0.009659767
0.0049535036
0.0059821606
0.0014519691
0.0043338537
0.0034050941
3.159046e-05
0.0018745661
0.0054620504
0.0012089014
0.005551696
0.00027525425
0.0030177832
0.0078020096
0.0043582916
0.006195307
0.0025007725
0.00544405
0.0059947968
0.0022082329
0.0032843351
0.002381444
0.0020530224
0.0004760027
0.0029377937
0.0037283897
0.0019192696
0.0014181137
0.0027486086
0.004234433
0.003184557
0.0012911558
0.0046482086
0.0010370016
0.0020073652
0.0042231083
0.00073087215
0.00050365925
0.0024232864
0.0017313957
0.005983591
0.00046527386
0.0018364191
0.00430882
0.00336349
0.0059331656
0.005858779
0.0053418875
0.003456235
0.0040398836
0.0024591684
0.0049962997
0.0032792091
0.005895853
0.0015157461
0.0036693811
0.004076004
0.007540107
0.0051357746
0.0053147078
0.002000451
0.0051139593
0.004146576
0.00022399426
0.0054460764
0.0015392303
0.0042271614
0.0029306412
0.0021014214
0.0037988424
0.0038490295
0.00014567375
0.005363703
2.4318695e-05
0.004569888
0.0050258636
0.0053459406
8.201599e-05
0.0031715631
0.0050708055
0.007556677
0.0036610365
0.0058908463
0.001989007
0.0056244135
0.003931999
0.005828738
0.0016863346
7.843971e-05
0.0014685392
0.00037956238
0.002241969
0.0044926405
0.0029871464
0.00011873245
4.017353e-05
0.0011068583
0.0015838146
0.0019192696
0.0004554987
5.364418e-06
0.0017211437
0.0047489405
0.0030956268
0.0033181906
0.004014015
0.0019580126
0.0007582903
0.0056147575
3.4093857e-05
0.005650282
0.0044853687
0.0073702335
0.004978776
0.0057308674
0.0021774769
0.0031986237
0.0042089224
0.0037682056
0.0040056705
6.532669e-05
0.0031369925
0.0006273985
0.0025036335
0.005039811
0.0038080215
0.0056705475
0.003765583
0.0048627853
0.0023977757
0.005913019
0.0033061504
0.0013281107
0.00025129318
0.006379485
0.007106662
0.003707528
0.0022007227
0.00464952
0.0052444935
0.003113985
0.0031882524
0.0030144453
0.0016225576
0.0072648525
0.0025494099
0.00026917458
0.003345728
0.0048544407
0.0011706352
0.0027930737
0.0008763075
0.005093336
0.004294634
0.003742814
0.0020889044
0.0012571812
0.0039713383
0.0017961264

0.0009931326
0.002921462
0.0030107498
0.0053391457
0.0039874315
0.0022684336
0.0026919842
0.0026242733
0.0047780275
0.003927827
0.00048947334
0.0043159723
0.00656271
0.0035808086
0.0017120838
0.004582882
3.5762787e-07
0.0010716915
0.0051617622
0.0031251907
0.0026663542
0.0037264824
0.0048969984
0.0033293962
0.0072131157
0.0033792257
0.0016022921
0.0047706366
0.004676223
0.00018811226
0.00406909
0.00014615059
0.0043250322
8.34465e-07
0.003917098
0.0016076565
0.0060936213
0.00091457367
0.003459692
0.00021517277
2.9802322e-06
0.0046225786
0.0039111376
0.0027149916
0.0029603243
0.0025924444
0.00010681152
0.0031254292
0.005734563
0.0003117323
0.0017126799
0.0018745661
0.00014090538
0.0027284622
0.003587842
0.0025225878
0.0010479689
0.004811883
0.004902363
0.0030314922
0.004130125
0.0031023026
0.0028123856
0.0043045282
0.0026447773
0.006781459
0.0049886703
0.004290104
0.0036141872
0.0009611845
0.0013002157
0.0018817186
0.0059369802
0.0011959076
0.003966689
0.0042614937
0.0012555122
0.00021219254
0.0055571795
0.00037920475
0.0004826784
0.00027763844
0.007102251
0.0016747713
0.005290389
0.00057160854
0.0077558756
0.0036526918
0.0054587126
0.0021129847
0.00479722
0.0003322363
0.006655693
0.0031784773
0.004624605
0.0046287775
0.00041770935
0.007657528
0.0026302338
0.0051229
0.0033721924
0.002725482
0.0031827688
0.0022192001
0.0011929274
0.0017126799
0.0057605505
0.0045312643
0.0028020144
0.0050268173
0.0036606789
0.0039055347
7.164478e-05
0.003205061
0.0043963194
0.001992464
0.0027928352
0.004621029
0.0056318045
0.0028998852
0.0046982765
0.003503561
0.0046038628
0.0029352903
0.004489541
0.0031263828
0.0037038326
0.0021511316
0.0017669201
0.008626103
0.004974842
0.0049370527
0.0023169518
0.00090527534
0.0010924339
0.0058157444
0.0040255785
0.0040711164
0.0010989904
0.0040920973
0.0036859512
0.0034804344
0.005414963
0.00018298626
0.005604148
0.00248003
0.0029785633
0.002586484
0.00013327599
0.0022895336
0.0037105083
0.004006505
0.004496813
0.0006479025
0.0038701296
0.003962159
0.0028135777
0.00034606457
0.004432678
0.0009403229
0.0038573742
0.0008883476
0.0013115406
4.506111e-05
0.0037801266
0.0040751696
0.005387187
0.0066230297
0.0042239428
0.0029762983
0.0029438734
0.00259161
0.00015556812
0.0008534193
0.0035607815
3.4570694e-06
0.000898242
0.0039536953
-4.887581e-06
0.0019141436
0.0033808947
0.0038319826
0.0039379597
0.0056438446
0.0014767647
0.005126834
0.0012435913
0.0031398535
0.0032063723
0.006009817
0.0022630692
0.0076930523
0.004504204
0.009303689
0.0015928745
0.0047049522
0.0032275915
0.005749345
0.0062978268
0.0032719374
0.0052170753
0.0040494204
0.0038280487
0.0006995201
0.003935814
0.0015333891
0.002826929
0.0022053719
0.004982829
0.0051703453
0.00053584576
0.0039508343
0.002666235
0.0023194551
0.00096678734
0.005471587
0.0026136637
0.004723668
0.0051676035
0.0020207167
0.0050127506
0.003858447
0.0023021698
0.00210917
0.00019788742
0.00022494793
0.0034695864
0.005910039
0.0014060736
0.0023753643
0.003514886
0.002683401
0.005088806
0.0063824654
0.004813552
0.005206585
0.0022438765
0.004137039
0.0058974028
0.0013155937
0.0069532394
0.0021625757
0.004601836
0.0024770498
0.00041663647
0.0034754276
0.0043748617
0.0031198263
0.0024830103
0.0007375479
0.0050104856
0.0045827627
0.0011136532
0.0028709173
0.0031641722
0.001039505

0.0044469833
0.0028238297
0.0033154488
0.0050444603
0.0032804012
0.004159093
0.004695654
0.005047083
0.00066387653
0.005767584
0.000751853
0.0027570724
0.0002439022
0.0039561987
0.005204797
0.0028455257
0.0042010546
0.0022934675
0.003615141
0.0027092695
0.0037206411
0.0029672384
0.0056546926
0.0020053387
0.0036131144
0.0046705008
0.0023938417
0.003073454
0.002886057
0.00411129
0.005025625
0.0030083656
0.0046555996
0.0033985376
0.0009390116
0.0012831688
0.003737092
0.004172921
1.1920929e-06
0.002434373
0.0029338598
0.0050811768
0.0018197298
0.004138589
0.003076911
8.380413e-05
0.0027127266
0.0016433
0.0027520657
0.0042237043
0.0011811256
0.00077319145
0.0033416748
0.0016826391
0.0050530434
0.004482746
0.0039504766
0.004689932
0.0063842535
0.0026985407
0.002121687
0.0036591291
0.0007582903
0.0030335188
0.0018234253
0.004662752
0.0027059317
0.005145788
0.004288316
0.004371643
0.0047979355
0.0043132305
0.0051277876
0.00544858
0.0035649538
0.0055093765
0.003841877
0.0025256872
5.733967e-05
0.004247904
5.507469e-05
0.0029883385
0.0027160645
0.0010694265
0.0030118227
0.006700158
0.00031864643
0.0032471418
0.0020105839
0.00167799
0.0032188892
0.0034302473
0.0038532019
0.003655672
0.0013221502
0.003177762
0.0037785769
0.002363205
0.0026705265
0.0033777952
0.0017379522
0.003019333
0.005563259
0.0008840561
0.0022714138
0.0046389103
0.003074646
0.0032736063
0.0029767752
0.0029371977
0.0025086403
0.0014144182
0.0059171915
0.0011466742
0.0038336515
0.004972458
0.00018692017
9.9658966e-05
0.005471587
0.0016492605
0.0007252693
0.0027045012
0.0034214258
0.003623128
0.0001231432
0.004411936
0.004556775
0.0009561777
0.0038309097
0.004572034
0.003797412
0.005032778
0.004724145
0.0040376186
0.0051822662
0.0039411783
0.0028710365
0.0040112734
0.00090670586
0.0039931536
0.0022431612
0.004934907
0.0036842823
0.0023946762
0.0037317276
0.0019936562
0.0022268295
0.0006670952
0.0006171465
0.0048274994
0.0026136637
0.0015791655
0.0010819435
0.0019847155
0.002846241
0.0056163073
0.0017126799
0.0026168823
0.0027211905
0.003932953
0.0034433603
0.0022292137
0.0015972853
0.002249837
0.002202034
0.00030946732
0.004094124
0.0030635595
0.0054244995
0.0020103455
3.9935112e-05
0.004942894
0.0023988485
0.0026581287
0.002781272
0.0020469427
0.0031780005
0.004142761
0.0055007935
0.0026967525
0.004258275
0.00626719
0.00044357777
0.0054831505
0.0011694431
0.0023627281
0.0047169924
0.009175301
0.0011255741
0.005031109
0.0012359619
0.00011014938
0.0008958578
0.0007815361
0.0020221472
0.004087448
0.0032520294
0.0045548677
0.0007491112
0.004812002
0.004189849
0.003635168
0.0039006472
0.002829671
0.0016715527
0.002372384
0.0020557642
0.0049932003
0.0033346415
0.004368067
0.0043753386
0.0025322437
0.003488183
0.0031363964
0.0037920475
0.0013494492
0.005488038
0.001562953
0.002818942
0.0061481
0.0030390024
0.0047557354
0.0035173893
0.00016415119
0.00487113
0.0037430525
0.005025029
0.0004043579
0.0067391396
0.0030065775
0.0037343502
0.0032458305
0.004303813
0.0043118
0.0050332546
0.0056408644
0.004186988
0.0016521215
0.0035187006
0.0036438704
0.0058323145
0.0037521124
0.0051534176
0.0051403046
0.0013490915
0.004221797
0.004788637
0.0033470392
0.0036230087
0.0025032759
0.007655978
0.004853606
0.0043358803
0.0054837465
0.0036389828
0.0031490326

0.0012581348
0.002251029
0.0017199516
0.0010027885
0.0014410019
0.0027861595
0.0022687912
0.0023907423
0.0015577078
0.0010205507
0.001970172
0.0019094944
0.00016856194
0.0019359589
0.0025715828
0.0018087626
0.0012048483
0.0013195276
-4.172325e-06
0.001776576
0.0015368462
0.0020065308
0.00017642975
0.00025558472
0.0019000769
0.0017216206
0.00064992905
0.004032612
0.0002142191
0.0001193285
0.0014276505
0.0011595488
0.0008331537
0.00032413006
0.00089108944
0.00039243698
0.000795722
0.0023268461
0.0016052723
0.0010939837
0.0017715693
0.00086152554
0.0023943186
0.00015974045
0.002249837
0.0011848211
0.0026985407
0.0018607378
0.0019892454
0.0025904179
0.0014224052
0.0014587641
0.00040209293
0.0014218092
0.0013939142
0.0007914305
0.00063586235
0.0015130043
0.0020694733
0.0017145872
0.0011096001
0.0023999214
0.00093245506
0.0005226135
0.0021426678
0.0014981031
0.0032709837
0.0023409128
0.00047779083
0.0031300783
0.0025750399
0.0010100603
0.002405405
0.00019931793
0.0020786524
0.00013840199
0.0013825893
0.00045192242
0.00028824806
0.0009059906
0.0023827553
0.0006175041
0.0017215014
0.002488017
0.0015271902
0.001388073
0.00030863285
0.0011919737
0.0022530556
0.0021016598
0.0011535883
0.0033413172
0.0007981062
0.0014989376
0.0009429455
0.0020155907
0.00060355663
0.0022706985
1.7046928e-05
0.0022301674
0.0018271208
0.0025531054
0.0014051199
0.0016152859
0.0026803017
0.0015689135
0.0017652512
0.0025305748
0.0021392107
0.0033257008
0.0019049644
0.0017639399
0.0006761551
0.0035557747
0.00068974495
0.0028032064
0.0012934208
0.0024284124
0.0041418076
0.0005543232
0.0018427372
0.00091326237
0.0010347366
0.0022220612
0.0027171373
0.0020940304
0.00011026859
0.002426982
0.0015149117
0.0009255409
0.0016686916
0.0011078119
0.002293229
0.0015951395
3.85046e-05
0.0022187233
0.0006082058
0.00078213215
0.00052285194
0.001251936
0.0019317865
0.002413869
0.0017205477
0.00057053566
0.002172947
0.00019979477
0.0025713444
0.00027406216
0.0010923147
0.002354741
0.0019243956
0.0016838312
0.0024969578
0.0012427568
0.002839923
0.0016690493
0.0025484562
0.0029325485
0.0005016327
0.0020776987
0.0009455681
0.0018770695
0.0026681423
0.0024734735
0.000121474266
0.00090539455
0.00068700314
0.0022733212
0.0027495623
0.0025690794
0.0012934208
0.00046682358
0.0021765232
0.0018877983
0.00086915493
0.0013065338
7.045269e-05
0.00029587746
0.0032075644
0.00087857246
0.0021094084
0.00010454655
0.00038456917
0.0016931295
0.0014272928
0.0025324821
0.0016233921
0.002432108
0.00091314316
8.523464e-05
0.0009211302
0.0011076927
0.0025091171
0.0024676323
0.0003426075
0.0023212433
0.0013588667
0.0005904436
0.0013195276
0.0012431145
0.0013771057
0.0013338327
0.0029377937
0.0010278225
8.2850456e-05
0.0017865896
1.4066696e-05
0.0017873049
0.0026164055
0.0018482208
0.0003619194
0.0008304119
0.00016927719
0.00068473816
0.0019712448
0.0013741255
0.0019137859
0.00085163116
0.002553463
0.0014082193
0.00076675415
0.0015352964
0.0021836758
0.0027534962
0.0038021803
0.0012234449
0.00048244
0.00074601173
0.0019476414
2.7894974e-05
0.001531601
0.003042698
0.0008971691
0.00073206425
0.0030589104
0.002041936
0.001982212
0.0024741888
0.0029156208
0.002216816
0.0004851818
0.0012536049
0.0011992455
0.00044202805
0.0014078617
0.0003194809
0.0020164251
0.0022832155
0.0041000843
0.0020321608
0.0013049841
0.00065362453
0.00030469894
0.0014476776
0.0010732412
0.0021585226
0.0012967587
0.0009074211
0.0004771948
0.0022902489
0.002703905
0.0016419888
0.0014374256
0.0031772852
0.001788497
0.0024170876
0.0016896725
0.00022697449
0.0013293028
0.00230968
0.0013884306
0.00017905235
3.4332275e-05
0.00073719025
0.0024181604
0.0013772249
0.0014127493
0.002665162
0.002110839
0.0016191006
0.0015770197
0.0007264614
0.000118374825
0.00014901161
0.0026773214
0.002328992
0.00097465515
0.0014955997
0.0007414818
0.0030668974
0.0020005703
0.0016983747
0.002376914
0.0016715527
0.001885891
0.0011833906
0.00023543835
0.00058460236
0.002449751
0.0041667223
0.0013555288
0.000523448
0.0022352934
0.001516819
0.0031807423
1.5735626e-05
0.0019911528
0.0025997162
0.002072215
0.0021567345
0.0021027327
0.000636816
0.0008507967
0.0010761023
0.00025951862
0.0024836063
0.0032433271
0.0030183792
0.0026153326
0.0024377108
0.0017881393
0.001131773
0.0022203922
0.00055992603
0.0003644228
0.0020873547
0.0021184683
0.0030109882
0.0005823374
3.194809e-05
0.0019305944
0.0004428625
3.9815903e-05
0.003248334
0.0018913746
0.0006695986
0.0013291836
0.0021778345
0.0016266108
0.0015478134
0.00046217442
0.0003849268
4.6372414e-05
0.001783967
0.0009274483
0.0005337
0.0020768642
0.0028239489
0.0019146204
0.0022644997
0.001496911
0.00042939186
0.0006700754
0.00089621544
0.0016767979
0.00058174133
0.0014873743
0.000644207
0.0013247728
0.0021865368
0.0023462772
0.001101613
0.0012577772
0.0021784306
0.0017219782
0.0016539097
0.0006965399
0.001945734
0.0006431341
0.0015163422
0.0019338131
0.0011558533
0.0015195608
0.0026726723
0.00032019615
0.0024831295
0.0013754368
0.0001475811
0.0022906065
0.0013020039
0.0019189119
0.00031089783
0.0010991096
0.003344655
0.0008482933
0.0015913248
0.0017602444
0.0021224022
0.0001399517
0.00059604645
0.0023407936
0.0009583235
0.0014995337
0.0025150776
0.00065135956
0.003160119
0.0012164116
0.000549078
4.4107437e-06
0.002105236
0.0007801056
0.0021018982
0.0025405884
0.0013318062
0.0014277697
0.0035495758
0.0014140606
0.002453208
0.000513196
0.00010454655
0.0014373064
0.00020456314
0.001550436
0.0017743111
0.001257062
0.002182126
0.00089395046
0.0022193193
0.0024873018
0.0006530285
0.002542615
0.0019068718
0.0014253855
-1.8954277e-05
0.0022422075
0.0023875237
0.003985882
0.0023038387
0.00083982944
0.0018955469
0.00018060207
0.0018199682
0.0016361475
0.003067255
0.002452135
-1.5497208e-06
0.0013940334
0.0017205477
0.0004684925
0.0019539595
0.0005956888
0.0027496815
0.0010544062
0.002909422
0.0023123026
0.0015553236
0.0021412373
0.0018737316
0.0028725863
0.00018393993
0.00078988075
0.00076174736
0.0003950596
0.001795888
0.000113368034
0.0026003122
0.0024722815
0.0018007755
0.0014150143
0.00024926662
0.0028820038
0.0032832623
0.0021635294
1.66893e-05
0.0032866
0.003213048
0.0019749403
0.0016263723
0.0026310682
0.0007401705
0.002095461
0.00045979023
0.00075888634
0.0017118454
0.0012756586
0.0028247833
0.0016541481
0.0017151833
0.0020204782
0.00078606606
0.0015916824
0.0016442537
0.0007276535
0.0014590025
0.0016514063
0.0022443533
0.0029854774
0.0010085106
0.00011575222
0.0026655197
0.0013817549
0.0035301447
0.003252983
0.001868844
0.0008111
0.0033187866
0.0029000044
0.0045028925
0.00026738644
0.0030577183
0.0004785061
4.5895576e-05
0.0024553537
0.003541112
0.002385378
0.0017763376
0.0019179583
0.00012409687
0.0020964146
0.001447916
0.0011774302
0.0004924536

0.001116991
0.0023911
0.0013462305
0.0020307302
0.001691103
0.0015866756
0.00083720684
0.0024062395
0.0027674437
0.0011365414
0.001167059
0.0016434193
0.00015115738
0.0021334887
0.0013518333
0.0017513037
0.0013922453
0.0011444092
0.0009973049
0.0014973879
0.0012184381
0.0008263588
7.677078e-05
0.0012639761
0.0018957853
0.0017243624
0.0015721321
0.0003439188
0.0016168356
0.00044381618
0.0015888214
0.001522541
0.0013070107
0.0017743111
0.0011352301
0.0014141798
0.0027273893
0.0018079281
0.00087082386
0.001221776
0.0029338598
0.00053584576
0.0021324158
0.00019609928
0.0030972958
0.0018314123
0.0009585619
0.0029010773
0.0014023781
0.0012624264
0.0026507378
0.0019443035
0.0014796257
0.0024614334
8.547306e-05
0.00042653084
0.002257824
0.0020941496
0.002295971
0.0024932623
0.0006235838
9.23872e-05
0.002724886
0.0024604797
0.0010743141
0.0024217367
0.0011632442
0.00086319447
0.0016477108
0.0015490055
0.0007972717
4.1484833e-05
0.0022678375
0.00053703785
0.0010590553
0.0016653538
0.0019643307
0.0011538267
0.0019382238
0.00261271
0.0003554821
0.0003837347
0.0028152466
0.002711773
0.0023515224
0.0009304285
3.8981438e-05
0.0019791126
0.0025475025
0.0013662577
0.001942873
0.0013641119
0.0018037558
0.00048696995
0.0026043653
0.0027333498
0.002994299
0.00032007694
0.0015410185
0.0014785528
0.001180172
0.00087976456
0.00011944771
0.0014183521
0.00096309185
0.0009171963
0.0013270378
0.0005787611
0.0019791126
0.0012067556
0.0020883083
0.0006737709
0.0019495487
0.0018949509
0.0012096167
0.0022684336
0.001753211
0.0011740923
0.0022730827
0.003103733
0.0019962788
0.0009797812
0.0001385212
0.0013686419
0.0005195141
0.0019373894
0.003427744
0.0022562742
0.00054478645
0.002875924
0.0020455122
0.0014414787
0.0011607409
0.00056540966
0.0020241737
0.0008686781
0.0020883083
0.0011104345
0.00043976307
0.00172472
8.6545944e-05
0.0027132034
0.002174735
0.0016344786
0.00073730946
0.0030965805
0.0018531084
0.0025379658
0.0020270348
0.0009111166
0.0017598867
0.001546979
0.0011953115
0.0022809505
0.00024235249
0.0014404058
0.0009109974
0.00087201595
0.0010333061
0.002588272
0.00075638294
0.0016590357
0.0012344122
0.0018277168
0.0011299849
0.0018568039
0.001512289
0.0019122362
0.0019466877
8.380413e-05
0.0025293827
0.0013883114
0.00166893
0.0023396015
0.0019741058
0.0017179251
0.0028762817
0.0011975765
0.0012712479
0.0013972521
0.0028977394
0.002535224
0.0011999607
0.0005301237
0.00013768673
0.00066685677
0.0014725924
0.0022807121
0.00082433224
0.0005840063
0.0005912781
0.0036900043
0.0019578934
0.0016787052
0.0007369518
0.00067412853
0.0027194023
0.0004646778
0.0007843971
0.0002706051
0.0012592077
0.0020657778
0.0023189783
0.001144886
0.0002975464
0.001781702
0.0011333227
0.001982212
0.00054192543
0.0016458035
0.00034451485
0.002588272
0.0009241104
0.0019226074
1.3947487e-05
0.0016226768
0.0011622906
0.0015590191
0.00086295605
0.0010157824
0.003275752
0.002722025
0.0018589497
0.0024263859
0.0009908676
0.0016707182
0.00050628185
0.0032737255
0.00024819374
0.00083589554
0.00043082237
0.0020332336
0.00022697449
0.002021432
0.0011873245
0.0021886826
0.00051116943
0.0016106367
0.0018255711
0.0013872385
0.002090931
0.0017673969
0.0010141134
0.002132535
0.0007266998
4.053116e-06
0.0023844242
0.0019202232
0.0005915165
0.0010089874
0.0023196936
0.000323534
0.0006483793
0.0021734238
0.0024009943
0.0024489164
0.001648426
0.0006582737
0.0018360615
0.0014406443
0.00031113625
0.00051915646
0.00091969967
0.0018635988
0.00063967705
0.0005452633
0.001657486
0.0016261339
0.002319336
0.001024723
0.0012695789
0.00065910816
0.0024920702
0.002222538
0.003480792
0.0014612675
0.0019723177
0.00017666817
0.0003619194
0.0005084276
0.00015544891
0.0002617836
0.0031871796
0.000121712685
0.0015428066
0.0013014078
0.0012437105
0.0011188984
0.0005912781
0.0009872913
0.000536561
0.00057542324
0.00011134148
0.0024083853
0.0024825335
0.00048553944
0.0026082993
0.0018270016
0.0029702187
0.001537323
0.0033515692
0.0029929876
0.0005134344
0.0017772913
0.0012588501
0.0008702278
0.0006763935
6.1392784e-05
0.0008020401
0.002318263
0.00039613247
0.0023442507
0.0010206699
0.00030195713
0.001008153
0.0016055107
0.0002117157
0.0009406805
0.0010870695
0.001488328
0.0007184744
0.0015156269
0.0016684532
0.0016554594
0.00022494793
0.0016475916
0.0020121336
0.0012811422
0.003037691
0.0016205311
0.0027149916
0.0022073984
0.0010915995
0.0024863482
0.002551794
7.43866e-05
0.003672719
0.0010920763
0.0017902851
0.0010068417
8.225441e-06
0.002486825
0.0028777122
0.00061810017
0.00017237663
0.0033335686
0.0024340153
0.00058722496
0.001522541
0.0017391443
5.865097e-05
0.0012282133
0.0017813444
6.496906e-05
0.0004708767
0.0011273623
0.00023627281
0.00248003
0.0016015768
0.0003607273
0.0012778044
0.0025019646
0.002317667
1.3113022e-06
0.0021541119
0.0025966167
0.0010945797
0.00065636635
0.0029029846
0.0012766123
0.00032126904
0.001273632
0.0007930994
0.0021517277
0.0027737617
0.0025681257
0.0027256012
0.002857685
0.001943469
0.0015324354
0.0031933784
0.0019768476
0.00235641
0.0025792122
0.00076305866
0.0017346144
0.0022087097
0.00047659874
0.00085771084
0.0015751123
0.0030466318
0.0005905628
0.0034205914
0.0012619495
0.00046408176
0.0018222332
0.00031924248
0.001688838
0.002733469
0.00259161
0.00033843517
0.0010790825
0.0011897087
0.0017641783
0.0008224249
0.000579834
0.0015631914
0.0021033287
0.00023543835
0.00063085556
0.002526164
0.0021759272
0.0026870966
0.0004633665
0.002765894
0.0020711422
0.0013839006
0.0010092258
0.0018510818
0.0023298264
4.529953e-05
0.0028384924
0.00022482872
0.0010722876
0.0009239912
0.00058174133
0.002453804
0.001594305
0.00046515465
0.0010354519
0.0042779446
0.0017546415
0.0034962893
0.00066041946
0.0027695894
0.0016746521
0.0007930994
0.002401948
6.401539e-05
0.0037800074
0.0012203455
0.0010720491
0.0024995804
0.0005031824
0.00017738342
0.00047683716
0.002821684
0.0010637045
0.0029417276
0.0013967752
0.00090301037
0.0030180216
0.0011812449
0.0015492439
0.0018054247
0.0014215708
0.0012111664
0.002071619
0.0030796528
0.0005675554
0.0010437965
0.0019416809
0.002235651
0.002411127
0.00052297115
0.0019379854
0.0022541285
0.0004930496
0.0007805824
0.0027724504
0.0018190145
0.001345396
0.0015134811
0.0021609068
0.0004451275
0.0018894672
0.002035737
0.0018391609
0.001380682
0.0032140017
0.00204885
0.0018466711
0.0026311874
0.0033849478
0.0021746159
0.0021469593
0.00095915794
0.0018410683
0.0010098219
0.0010942221
0.0031740665
0.00015985966
0.002315402
0.0009698868
0.0021291971
0.0023021698
0.0022847652
0.0015236139
0.0019518137
0.0027438402
0.00018322468
0.0017168522
0.0026289225
0.0024687052
0.0010125637
0.0017460585
0.0007109642
0.003419876
0.0017973185
0.0025252104
0.0031762123
0.0023156404

0.00093877316
0.0019460917
0.00028920174
8.4638596e-05
0.00038981438
0.0003619194
0.0035791397
0.0003119707
0.00040555
0.0007121563
7.998943e-05
0.0024734735
0.0006045103
0.00095021725
0.0064941645
9.4652176e-05
0.0010397434
0.0022547245
0.0021220446
3.015995e-05
0.0015889406
0.0034989119
0.000579834
0.00050127506
0.0002861023
0.002372861
0.0007638931
0.0023155212
0.0014076233
0.001753211
0.0013561249
0.0037282705
0.0007497072
4.5895576e-05
0.00012624264
0.002454996
0.0019164085
0.00024843216
0.0011600256
0.0021522045
0.0013719797
0.0017387867
0.00062060356
0.0004892349
0.0048320293
0.000569582
0.0035448074
0.0029354095
0.00023055077
0.0012725592
0.0003066063
0.0004553795
0.0005168915
0.0004466772
0.0019859076
0.00021529198
0.00053834915
0.0014193058
0.0023308992
0.00020873547
0.0005670786
0.00054216385
0.0024323463
0.0027810335
0.0011906624
0.00012791157
0.0025020838
0.00390625
0.0012801886
0.005601883
0.0006271601
0.0045439005
0.0008678436
0.0008531809
0.0013561249
0.0022393465
0.00041937828
0.0014587641
0.0010918379
0.00040745735
0.0022165775
0.0011847019
0.0010393858
0.00046491623
8.666515e-05
0.0013277531
0.0004698038
0.0028748512
0.00014138222
0.0007801056
0.0010715723
0.0014116764
0.0002515316
0.00045585632
0.0016657114
7.70092e-05
0.0042926073
0.0025497675
0.00076019764
0.0021480322
0.0008029938
0.0010654926
0.0043079853
0.0012472868
0.0043940544
0.00054991245
0.0037356615
0.004288435
0.00035595894
0.0005159378
0.00048744678
0.005532384
0.00045120716
0.0023075342
0.00073325634
0.0009739399
0.00053954124
0.0023736954
0.0018388033
0.0024704933
0.0010113716
0.00043833256
0.0019898415
0.000113487244
9.024143e-05
0.0008252859
6.902218e-05
0.0024855137
0.0002604723
0.0012170076
0.0014300346
0.0005683899
0.000808239
0.0009524822
0.0016995668
0.0010324717
0.0018572807
0.0015947819
0.00057411194
0.00037527084
0.0025390387
0.0034083128
0.00046384335
2.0742416e-05
0.0010914803
0.0012705326
0.00074768066
0.0023428202
0.0010794401
0.00045275688
6.020069e-05
0.0022989511
0.000787735
0.0007174015
0.0010561943
0.0006021261
0.0012005568
0.0012630224
0.0026857853
0.007288575
0.00052297115
0.0026917458
0.004410982
0.00169456
0.000713706
0.00056529045
0.0002850294
0.001988411
0.0011893511
0.0020515919
0.0014903545
0.001151681
0.0012829304
0.001611948
0.004024148
0.0009536743
0.002152443
0.00029540062
0.0009975433
0.006163001
5.1617622e-05
0.0008034706
0.00018942356
7.498264e-05
0.0017424822
5.2452087e-06
0.00025868416
0.0003604889
0.0010443926
0.00036633015
0.0024840832
0.00027298927
0.0015565157
0.0019551516
0.001156807
0.00024473667
0.0008559227
0.0009278059
0.00048422813
7.867813e-05
0.0007494688
0.0047659874
0.0013196468
0.0031752586
0.000700593
0.0005540848
0.0010313988
0.0002527237
0.001377821
0.00043666363
0.0045671463
0.00012922287
6.6280365e-05
0.0007879734
0.000495553
0.0048526525
0.005291581
0.0022870302
0.001198411
0.0011024475
0.0011917353
0.0026541948
0.00024235249
0.00023722649
0.0016828775
0.001257062
0.0018051863
0.001110673
0.00041270256
0.002121687
0.0010071993
0.0028207302
0.004567623
0.01058948
0.0022622347
0.0052974224
0.00070881844
0.0008519888
5.173683e-05
0.000346303
0.0006020069
0.0024831295
0.002912879
0.00031089783
0.00026750565
0.0071561337
0.0014643669
0.0012942553
0.00025761127
0.0005674362
0.0017849207
0.0028136969
0.0019575357
0.002955556
8.261204e-05
0.0022178888
0.00050497055
0.0010075569
0.0014785528
0.002100706
0.00010859966
0.00016152859
0.0029107332
0.0026210546
0.00018537045
0.0033843517
3.2305717e-05
0.0004223585
0.0006661415
0.0016969442
7.1167946e-05
0.0015268326
0.009116888
0.0056095123
0.0007574558
0.009824514
0.0017619133
0.0074009895
3.385544e-05
0.0005246401
0.0006444454
0.001573801
0.0003504753
0.00026154518
0.00095307827
0.003589034
0.002750039
0.004017234
0.00060522556
0.0011748075
0.0009009838
0.00050473213
0.0006682873
0.002031207
8.106232e-05
0.000762105
0.0034999847
0.0006133318
0.0038657188
0.0030463934
0.0004285574
0.001075387
0.0005155802
6.592274e-05
0.00015687943
3.5881996e-05
0.0007266998
0.001113534
0.00074625015
0.00042533875
0.00038206577
0.00097310543
0.0011854172
0.0008239746
0.0024621487
0.0017806292
0.0012949705
0.006103158
0.0035498142
0.00013256073
0.0010154247
0.0033558607
0.004028678
0.002204895
0.00069999695
0.005572319
0.0013004541
0.00073730946
0.00021731853
0.0067623854
0.0043120384
0.002342701
0.0006439686
0.00042176247
0.00044691563
0.0007661581
0.00023281574
9.1671944e-05
0.0014002323
0.00048184395
-3.4570694e-06
0.0011234283
0.00013887882
0.0014910698
3.5762787e-06
0.00303483
0.0012060404
0.0024966002
0.0004942417
8.237362e-05
0.00090253353
0.003162384
0.0007286072
0.00014710426
0.001707077
0.0004080534
0.0009968281
0.0013519526
0.0028020144
0.00087440014
0.0017029047
0.00039851665
0.0062332153
0.0012155771
0.00013041496
0.001131177
0.0008094311
0.0009484291
0.0017665625
0.0003477335
0.00067698956
0.0014767647
0.00086700916
0.0018781424
2.5391579e-05
0.0025646687
5.9962273e-05
0.004114151
4.9948692e-05
0.0005584955
0.002009511
0.0013298988
0.0013666153
0.00094366074
0.0010398626
0.0019581318
0.0005428791
0.0016003847
0.0013269186
0.0003759861
0.0015790462
0.0004298687
0.0009454489
0.002530098
0.00039076805
0.0067738295
0.00087559223
0.002267599
-5.9604645e-07
0.00087332726
0.0019255877
0.0011335611
0.0004426241
0.00083756447
0.000518322
0.0053931475
0.00090432167
0.0014822483
0.00010192394
0.00096845627
0.00016260147
0.0065830946
0.00059854984
0.00033187866
0.0011210442
0.0020281076
0.005141735
0.0009963512
8.237362e-05
0.00058555603
4.6372414e-05
3.194809e-05
0.003430009
0.000744462
0.00036466122
0.00017249584
0.0009920597
0.0031296015
0.0009688139
0.00039172173
0.0026581287
0.0017148256
0.0025856495
0.00011897087
0.00040996075
0.0005837679
0.0010511875
0.0037679672
0.0020215511
0.0009938478
0.0029703379
0.0044332743
0.0019001961
2.4676323e-05
0.0005657673
0.00078749657
0.0021213293
0.0024011135
0.00044691563
0.0014995337
0.00022423267
0.00036466122
0.00075769424
0.0036991835
0.0036121607
4.053116e-06
0.0044175386
0.00038862228
0.00016927719
0.00034081936
0.0007530451
0.000551939
0.00018298626
0.0022040606
0.000119924545
0.0034023523
0.002776146
0.0010527372
0.004472971
0.004306197
0.0002900362
0.0017050505
5.185604e-05
0.0017179251
0.00011742115
0.0003143549
0.0011641979
0.00073194504
0.005749345
0.00457263
0.00044071674
0.00036907196
4.5895576e-05
0.0027762651
0.002785325
0.0001155138
0.0021150112
5.0663948e-05
0.0010319948
0.0010091066
0.0014810562
0.0005118847
5.6028366e-06
6.186962e-05
0.0013133287
0.0009884834
0.0032516718
0.00089228153
0.0003926754
0.0019710064
0.0014520884
0.000166893
4.2915344e-05
0.00033318996
0.00089752674
0.00023686886
0.0021705627
0.0003079176
0.0009839535
0.00068295
0.00055634975
0.0010434389

0.00021409988
0.0003041029
0.00086677074
0.0008174181
0.0006816387
0.0004194975
0.0014462471
0.00068056583
0.0016695261
4.7683716e-07
0.00053167343
0.0005133152
0.000833869
0.0003297329
0.00014305115
0.0016866922
0.0006030798
0.00019550323
0.0031266212
0.0005879402
0.0035704374
0.0017261505
0.0002156496
0.0037341118
0.0002516508
0.0017398596
0.00043118
0.00074982643
0.0019642115
0.0014951229
0.0029594898
0.001988411
0.0006451607
0.0038034916
-1.0728836e-06
0.0015722513
0.0013130903
0.0007634163
0.00041139126
0.00059998035
0.004959345
-2.6226044e-06
0.0024493933
0.0022813082
0.004095912
0.0005565882
0.00021767616
0.0012837648
2.2888184e-05
0.0012456179
4.887581e-06
0.0040769577
0.00053954124
0.0014152527
0.0009585619
0.0017029047
0.0017079115
0.0013434887
0.0028300285
0.0003745556
0.002194643
0.00017642975
0.001111269
0.00042688847
0.0010470152
0.00032567978
0.0006188154
0.0004390478
5.018711e-05
0.0024672747
6.496906e-05
0.0046875477
0.002801776
0.0010846853
0.00038206577
9.059906e-05
2.3841858e-05
5.2452087e-06
0.0015659332
0.0005031824
0.0018568039
0.0008137226
1.3709068e-05
0.00097453594
0.0009726286
0.001106739
0.00274539
0.0004210472
0.002303958
0.00038945675
0.004122734
0.00017368793
0.0019237995
0.002302885
0.0023914576
0.00030076504
0.0016194582
0.001362443
0.0016087294
0.0015307665
0.0022892952
0.0016049147
0.0005251169
0.0028176308
5.2332878e-05
1.0251999e-05
0.0011452436
0.003874302
0.0011351109
0.0030941963
8.761883e-05
0.0021885633
1.3113022e-06
0.0032367706
0.0033444166
2.2649765e-06
0.0014197826
0.0014408827
0.0015803576
4.7683716e-07
0.006360173
0.0017665625
0.00022363663
2.1457672e-06
0.0013662577
0.001077652
0.0011615753
0.00066649914
0.00010371208
0.00094246864
0.00016832352
0.0004427433
0.00082838535
0.00041282177
0.0045166016
0.00038671494
0.0029420853
6.330013e-05
1.835823e-05
0.00040328503
0.0010199547
0.00035989285
2.8133392e-05
0.0027487278
0.0012809038
0.0004297495
0.0017148256
0.004129648
0.0011866093
0.0012049675
0.001826644
0.003103137
0.0012423992
0.00499475
0.0006330013
0.00049877167
0.0007644892
0.00084733963
0.0013177395
0.0004607439
0.0010358095
0.00041794777
1.1920929e-07
0.0028140545
6.4492226e-05
0.0034880638
0.004813671
5.90086e-05
3.695488e-06
0.0031459332
0.0005686283
0.00059223175
8.523464e-05
0.003028512
0.0001655817
0.00013434887
0.0006221533
0.0011668205
0.0003170967
0.004276037
0.0028674603
0.00038003922
0.0017236471
2.7298927e-05
0.0005106926
0.0010086298
0.0011286736
0.00021612644
0.0030075312
0.0010582209
0.00093591213
0.0006803274
0.0010342598
0.0010342598
0.0023031235
2.4914742e-05
0.0043468475
0.0009124279
0.00043189526
0.002800703
0.0010350943
0.0013240576
2.9802322e-06
0.0008454323
0.007833838
0.00031769276
0.0003259182
0.0007505417
0.0017822981
0.0024671555
0.0012434721
0.00027394295
0.0006465912
8.833408e-05
0.0011761189
0.00041151047
0.0011082888
0.004159093
0.0004386902
0.00015163422
-2.3841858e-06
0.0030593872
0.00024223328
0.0029249191
0.001483798
0.0021711588
0.003266573
0.00038266182
0.0007469654
0.0005967617
0.0007017851
0.0011999607
0.0015083551
0.00038409233
0.0014997721
7.1525574e-07
0.00078356266
0.0029335022
0.000177145
0.00040590763
0.0035709143
0.0036708117
0.00062823296
0.0006502867
0.00040626526
0.0019577742
-2.861023e-06
0.00084352493
0.001316905
0.0027741194
0.00036036968
0.0020747185
0.0029217005
0.0034353733
0.00033414364
4.184246e-05
0.00045466423
0.0009986162
0.0012485981
0.001410842
0.00039350986
0.00066149235
0.00031721592
0.0017306805
5.030632e-05
0.00015211105
6.54459e-05
0.00036871433
5.221367e-05
0.0008620024
0.0024045706
3.5762787e-07
0.00061392784
0.0011461973
0.00095915794
0.00014770031
0.00050127506
0.00057399273
0.0025609732
0.0029246807
0.0012311935
0.00054490566
0.0030437708
0.00017499924
0.0016596317
0.0034304857
0.00037157536
0.0002683401
0.0039428473
0.00036382675
0.003868699
0.0001180172
0.00023901463
0.0014687777
0.0021463633
0.00025224686
0.0016189814
0.0002361536
-1.4305115e-06
0.0017888546
0.0025161505
0.0018651485
0.0006175041
0.0009378195
0.0025547743
1.3947487e-05
0.0014125109
0.0008637905
0.0005310774
7.379055e-05
0.0013678074
0.0010601282
9.4771385e-05
0.0003836155
2.7418137e-06
5.4836273e-05
0.00052440166
0.0030856133
9.846687e-05
0.0015028715
0.0027979612
0.0014032125
0.00029933453
0.0012227297
0.0019780397
0.0013072491
0.00035965443
1.9311905e-05
0.0015745163
0.001837492
0.0018728971
0.001580596
0.00020122528
0.0036623478
-1.1920929e-07
9.059906e-06
0.00077581406
0.0020284653
0.004236698
0.00018322468
0.0011134148
0.0008634329
4.053116e-06
0.000688076
0.0006095171
0.0029268265
0.0011181831
0.0007932186
2.0742416e-05
1.1920929e-07
0.0012106895
0.001475215
0.00030100346
0.00049197674
0.0010460615
0.0013175011
0.0027492046
0.0007226467
0.0031971931
6.568432e-05
0.0022693872
0.0002630949
0.002178669
0.0001718998
0.0012276173
0.0030187368
0.0043890476
5.9962273e-05
0.0010868311
0.00018131733
0.0007994175
0.0011103153
0.0010789633
0.0028188229
0.0013802052
4.9352646e-05
5.2452087e-06
0.00057065487
0.00020360947
-2.2649765e-06
-1.9073486e-06
0.0021436214
0.002329111
0.0043758154
0.0045137405
0.00011909008
8.583069e-06
0.0011018515
0.003841877
0.0014750957
1.6093254e-05
9.918213e-05
0.006159067
0.00038349628
5.1021576e-05
0.000111460686
0.0004925728
0.00087594986
0.004109144
0.0012239218
9.536743e-07
0.00074887276
0.0031330585
0.00070858
0.00028657913
0.0031729937
0.0012298822
0.0011743307
0.00021076202
0.00046229362
0.0017760992
0.0024397373
0.0030430555
0.0017346144
0.0033335686
0.0014061928
0.001286149
0.00053179264
0.0023269653
0.0010126829
8.952618e-05
0.00041222572
0.00056672096
0.0026102066
5.221367e-05
0.00010037422
0.0013725758
0.0021375418
0.0027166605
0.0003002882
0.0011113882
0.0029461384
0.0010056496
5.888939e-05
0.003234148
0.00071823597
0.0004107952
0.00028574467
0.002387166
0.0014215708
8.499622e-05
0.00020480156
0.0042903423
3.4928322e-05
0.001642704
0.001290679
0.0007021427
0.0011805296
0.0009070635
0.0017609596
0.002418995
0.0028653145
0.00056636333
0.0019260645
0.00015807152
0.0016551018
0.0025651455
0.0049319267
2.2530556e-05
0.0020046234
0.0005607605
0.0015583038
9.536743e-06
0.003981471
0.00093984604
0.0015031099
0.0010555983
0.0012431145
9.191036e-05
6.3180923e-06
0.001221776
0.0034748316
0.002760291
0.0039761066
0.0027350187
0.00016212463
0.002673626
0.00015747547
1.2993813e-05
0.0035511255
0.0034446716
0.00096714497
0.0040900707
0.00035631657
0.0041071177
0.00013935566
0.0026583672
8.904934e-05
0.00084125996
0.0029226542
0.0012634993
0.0003079176
0.00078451633
0.002245903
0.0032702684
0.0009037256
0.00012624264
0.0017026663
0.000461936
0.00037193298
0.00046539307
0.0005928278
1.1920929e-07
0.0007519722
2.6583672e-05
0.001383543
0.0020087957
0.002169609
0.0009559393
5.1259995e-06
0.002071619
0.00072801113

0.00076556206
0.0013344288
0.0010672808
0.0037750006
0.0015025139
0.0019791126
0.0011729002
0.0016344786
0.0011198521
0.00053560734
0.0014344454
0.0025417805
0.00078237057
0.00039470196
0.0007417202
3.20673e-05
0.0011854172
0.00082182884
0.0014125109
0.00055885315
0.0012915134
0.0013729334
0.0016289949
0.00063943863
0.00165236
0.0009266138
0.00062584877
0.0023225546
0.00059759617
2.2649765e-06
0.00010406971
0.00044369698
0.0017952919
0.0010340214
9.775162e-06
0.0004862547
0.0014882088
0.00086581707
0.0004440546
0.0006996393
0.0008276701
0.0017498732
0.00047802925
0.0016804934
0.002008319
0.002052784
0.0017398596
0.000880003
0.0016502142
0.001686573
0.0002824068
0.0016237497
0.0009651184
0.0014483929
0.0018591881
0.0021193027
0.0003209114
0.0026948452
1.0728836e-06
0.0018953085
1.0728836e-06
0.0025839806
0.000777483
0.0004988909
3.0517578e-05
0.0021446943
0.0009994507
0.0018330812
0.000113129616
0.002611637
0.0022146702
0.0012996197
0.0003683567
0.0013400316
0.0022706985
0.0016733408
0.0030155182
0.0009186268
0.0014201403
0.0011577606
0.0021367073
0.0021625757
0.0015224218
0.0022114515
0.000882864
0.0010082722
0.00015246868
0.0037852526
0.0024951696
0.00076794624
0.0016855001
0.0010051727
0.0006853342
0.00035476685
0.0010275841
0.0010870695
0.0012323856
2.3841858e-07
0.00021100044
0.0003912449
6.16312e-05
0.0011304617
0.0020498037
0.0010311604
0.0018458366
0.0012876987
0.0020548105
0.0017350912
0.0006392002
0.0007829666
0.0012806654
0.00039613247
0.0022058487
0.0016772747
0.00079369545
0.001453042
0.001192689
0.0007944107
0.0012611151
0.0006452799
0.00013840199
0.0010281801
0.0023556948
0.0011407137
0.0003848076
0.0007607937
0.00011920929
0.002912283
0.00031995773
0.0002502203
0.00019907951
0.0015918016
0.0007702112
0.0036873817
0.001802206
0.00035107136
0.0042880774
0.00068199635
0.001275301
-4.7683716e-07
0.0014539957
0.00014173985
0.0015035868
0.0039230585
0.00013828278
0.0017750263
0.00045013428
0.0037440062
3.385544e-05
0.0007942915
0.0023989677
0.0007174015
0.0013928413
0.00046622753
4.7683716e-07
0.0010726452
0.0011444092
0.0007491112
0.0026026964
0.00024473667
0.0006322861
0.00057148933
0.0013107061
0.0007392168
3.4570694e-06
0.0010112524
0.0005360842
0.002899766
0.0011751652
0.002374649
0.001462698
1.5497208e-06
0.0020145178
0.0006929636
0.00023412704
0.0018423796
0.0
0.0011949539
0.0014922619
0.00192976
0.00043690205
0.00040447712
0.00040960312
0.0023126602
0.0022987127
0.0022790432
8.952618e-05
0.00036537647
0.0029386282
0.0011047125
0.0030565262
0.00026142597
0.0011911392
0.0034743547
0.0009088516
0.00054359436
0.0011180639
0.0012841225
0.0034637451
0.0014026165
0.0010049343
0.00020623207
0.00023758411
0.00027740002
0.00042796135
0.001333952
0.0
0.0018837452
0.00015676022
0.00074124336
0.0009849072
0.0023970604
0.0032342672
0.0010015965
6.222725e-05
0.00064992905
0.0010786057
0.0010159016
4.7683716e-07
0.0015035868
0.0012893677
0.0017968416
0.0009944439
0.0023397207
0.0022979975
0.00022912025
0.0011049509
0.0014938116
0.0029050112
0.0021829605
0.0013006926
0.0015617609
0.000187397
0.0008234978
0.0011707544
0.0013278723
0.0026823282
0.0016454458
0.000918746
0.0009496212
0.0027506351
0.0011985302
0.0018334389
0.00034976006
0.00053954124
0.0026568174
0.0010758638
0.001122117
0.0021990538
0.000803113
0.0031679869
0.0036182404
0.0017079115
1.0728836e-05
0.0008815527
0.0003619194
0.0010942221
0.0032576323
0.001072526
0.00040555
0.0021327734
0.00038075447
0.00051522255
0.00159657
0.0028499365
0.0028575659
0.0013585091
0.0037409067
0.0018732548
0.00092339516
0.0012670755
1.6570091e-05
0.0015474558
0.0017163754
9.036064e-05
0.0009471178
0.001146555
0.0009967089
0.0010551214
0.0026090145
0.0007265806
0.0009982586
0.0008753538
0.0004453659
0.0001333952
0.00045120716
0.0016121864
0.00092184544
0.0006958246
0.0002487898
0.0026685
0.0011264086
0.0018934011
0.00063097477
0.0020787716
2.1457672e-06
0.0012302399
0.00037419796
0.004464388
0.0011242628
0.0008416176
0.00026249886
0.0011940002
0.0016357899
0.0018984079
0.0003080368
0.0012334585
0.0027128458
0.0014572144
0.0011439323
7.581711e-05
0.0013256073
0.00066792965
0.0018854141
0.0023528337
0.0015617609
0.002066493
0.0024011135
0.0014144182
0.0016871691
5.1259995e-06
0.0010631084
0.000213027
0.00011765957
0.001067996
0.0010896921
0.0027347803
0.0005633831
0.002064824
0.0012662411
0.0011900663
0.00058948994
0.0026938915
0.0027617216
0.003394723
0.0019336939
0.0007082224
0.0023081303
0.0011559725
0.0012469292
0.0020713806
0.00040102005
0.0
0.001634717
0.0013459921
0.002310276
0.0013046265
0.0028535128
0.0023759604
0.000108242035
0.0015809536
0.00089144707
8.3088875e-05
0.00025320053
0.0017076731
0.00030970573
0.00088071823
0.002252698
0.0017184019
0.000325799
5.018711e-05
0.00061392784
0.0010877848
1.7881393e-06
4.4822693e-05
0.00041627884
0.0041208267
0.0005121231
0.0018219948
3.671646e-05
0.0029252768
0.0025393963
0.0005725622
8.571148e-05
0.00087583065
0.00013267994
0.0005937815
0.0005726814
0.0011224747
0.0007740259
0.0016584396
0.0012774467
0.0046651363
0.0018150806
0.00054204464
0.0013538599
3.8981438e-05
2.9444695e-05
0.00056886673
0.0033313036
8.4877014e-05
0.00027418137
0.0005310774
0.0011488199
0.0007406473
0.00027263165
0.0026453733
0.0019819736
0.0016176701
0.0024151802
0.0031032562
0.0002925396
0.0010236502
0.0019357204
0.001253128
0.0017639399
0.00019180775
0.00080251694
0.0017889738
0.0005223751
0.0009585619
0.0009931326
3.9339066e-06
3.695488e-06
0.00014221668
0.0007222891
0.000731349
0.00090265274
0.0015909672
0.0023050308
0.0022950172
0.0004928112
0.0019856691
0.0005611181
0.0010335445
0.0008869171
8.022785e-05
0.0032082796
0.002487421
0.001721859
0.0016298294
0.0012472868
0.0039670467
0.00091958046
0.0014280081
0.00049960613
0.0040807724
0.002143979
0.0018478632
0.0010834932
0.00016152859
0.0009827614
0.0008647442
-2.026558e-06
5.4717064e-05
0.000870347
0.0024398565
0.0022103786
0.00031232834
0.0014984608
0.0013445616
0.0011454821
0.0018156767
0.00032293797
0.0010391474
0.0015170574
0.0003888607
0.0035510063
0.0021219254
0.0004569292
0.002179861
7.033348e-05
0.0017075539
0.0012511015
0.0027303696
0.0010784864
0.0005700588
0.0004184246
0.0005892515
0.00044441223
0.001034379
0.00022244453
0.00040769577
0.0004477501
0.00067961216
0.000849843
0.0015394688
0.001765132
0.0011743307
0.00075376034
0.0022222996
0.00040912628
0.002179861
0.0011652708
0.0010471344
0.0014375448
0.0012215376
0.0013949871
0.0008802414
0.00025200844
0.0006644726
0.0015177727
0.0010704994
0.0018972158
0.0019034147
1.41859055e-05
0.0022115707
0.0015493631
0.001439333
0.0025601387
0.0012643337
0.0024151802
0.0005995035
0.0010100603
-2.3841858e-07
0.00081431866
0.0022039413
0.00082731247
2.7179718e-05
0.0015864372
0.0017445087
0.00032663345

0.00082206726
0.0022910833
0.0008569956
0.00081181526
0.0021198988
0.0010015965
0.00095033646
0.0021516085
0.00086665154
0.0029189587
0.0019021034
0.001434207
0.0015002489
0.0015472174
0.0016765594
0.0021743774
0.0013326406
7.7962875e-05
0.0013338327
0.0003541708
0.00022947788
0.0019749403
0.0003221035
0.0008480549
0.00059211254
0.0016661882
0.00027906895
0.0015078783
0.00068306923
0.0012907982
0.0022497177
0.0018035173
0.00080931187
3.7908554e-05
0.0008801222
0.0009952784
0.0026472807
0.0026490688
0.002551794
0.001062274
0.000633955
0.0014731884
0.0015385151
0.0014433861
0.0025019646
0.0037001371
0.0010248423
0.00089788437
0.00092577934
0.002342105
0.00044739246
0.0005571842
0.0012346506
0.00048327446
0.0019114017
0.00019574165
0.0010098219
0.0019782782
0.0011810064
0.00402987
0.00064349174
0.0008029938
0.0014926195
0.0018028021
0.0017420053
0.0021585226
0.0010091066
0.002518177
0.0016431808
0.00048100948
0.0018501282
0.0023524761
0.0013487339
0.00025582314
0.0009688139
0.0056370497
0.0014642477
0.0005005598
0.0020295382
0.0025719404
0.0017359257
0.0025347471
0.00039625168
0.002308011
0.0040433407
0.000952363
0.006426811
0.0006198883
0.0012896061
0.00065779686
0.00057923794
0.0005813837
0.0015021563
8.1539154e-05
0.001398921
0.0026638508
0.0017106533
0.00129807
0.0014380217
0.0013620853
0.0013884306
0.0019741058
0.0013606548
0.0008198023
0.0012370348
0.0019747019
0.000869751
0.0014551878
9.536743e-07
0.0009535551
0.0
0.0021529198
0.0009926558
0.00048589706
0.0009763241
0.0053515434
0.00043213367
0.0018029213
0.0009371042
0.0019021034
0.00064873695
0.0041149855
0.0009331703
0.0035649538
0.0014774799
0.0005271435
0.0018274784
0.00031459332
0.0008940697
0.0005210638
0.00056278706
0.0015763044
0.0026308298
0.0025277138
0.0011590719
0.0019577742
0.0004529953
0.0013953447
0.0032883883
0.00086569786
0.0013209581
0.00030303
0.0019729137
0.0021458864
0.00032866
0.00044715405
0.0013849735
0.00088107586
-1.1920929e-07
0.0010223389
0.00040614605
0.00052535534
0.00014054775
0.0017724037
0.0007671118
0.000698328
0.0020381212
0.003574133
0.000592947
0.0020785332
0.0014599562
0.0023765564
0.003024578
0.00075769424
0.000808239
0.0028437376
0.0009585619
0.001493454
0.0020376444
0.0002617836
0.001935482
0.0009955168
0.001413703
0.0027655363
0.0014282465
0.0005944967
0.0010707378
0.0013041496
0.00015091896
0.0003607273
0.0019390583
0.00018644333
0.001167059
0.00067067146
0.0018179417
0.0003926754
0.0026278496
0.0022695065
0.0012764931
0.00018823147
0.0014820099
0.00053179264
0.0011811256
0.0019788742
0.0003736019
0.0021237135
0.0029441118
0.0005491972
0.0006673336
0.0003168583
0.0032817125
0.0024046898
0.0009343624
0.0010675192
0.0031192303
0.0042015314
0.0037429333
0.004662037
0.0006079674
0.0009163618
0.00046730042
0.0036941767
0.0010943413
0.00078082085
0.0049916506
0.0015881062
0.00019299984
0.0010226965
0.0043326616
0.0013195276
0.0016032457
0.00033926964
0.0026005507
0.00077044964
0.0009980202
0.00087583065
0.00086927414
0.0016047955
0.0005123615
0.0019568205
0.0020793676
0.0021864176
0.00097584724
0.002069354
0.003127575
0.0005232096
0.00024938583
0.0011609793
0.0016162395
0.0007429123
0.0024362803
0.001100421
0.0013217926
0.0018283129
0.0024069548
0.0017232895
0.00167346
0.0046100616
0.0027856827
0.0024278164
0.0010358095
0.0005096197
0.002404809
0.0016753674
0.0019464493
0.0014383793
0.0010999441
0.0023710728
0.0014480352
0.0015594959
0.0006594658
0.0022130013
0.0027320385
0.0026407242
0.0005464554
0.0014796257
0.0024228096
0.0004748106
0.0008300543
0.002554059
0.0022696257
0.0018484592
0.0014162064
0.0013774633
0.0030984879
0.00016760826
0.0007580519
0.0007662773
0.000108361244
0.0011044741
0.00059711933
2.3245811e-05
0.00046861172
0.0005683899
0.00083839893
0.0020409822
0.0015561581
0.00019538403
0.0026806593
0.00039482117
0.00033152103
0.00019931793
0.00020766258
0.0014128685
7.3075294e-05
0.00061392784
0.0016804934
0.0023001432
0.002347827
0.0005836487
0.00016701221
0.0010426044
0.00083601475
0.00074100494
0.0024625063
0.0019475222
0.0015404224
0.00028944016
0.0008381605
0.001896143
0.0007144213
0.0023514032
0.0004671812
0.0018804073
0.0036480427
0.0023640394
0.0008761883
0.0016031265
0.0002590418
0.0014098883
0.003221035
0.00063717365
0.0014406443
0.0031969547
0.0
0.0030751228
0.0017399788
0.0014350414
0.0017148256
0.00031495094
0.000177145
0.002033472
0.002705574
0.0010709763
0.0018607378
0.00085639954
7.1525574e-07
0.00017762184
0.0011714697
0.0031940937
0.002008915
0.0021971464
0.00043833256
0.00044107437
0.0011399984
0.0024490356
0.001791358
0.0016956329
0.0018064976
0.00090396404
0.00079369545
0.0011132956
0.0023804903
0.0019835234
0.0004736185
0.0016822815
0.002834916
0.003005147
0.0005887747
0.0013940334
0.0005841255
0.0025874376
0.002606392
0.00043606758
0.0019396544
0.00088632107
6.508827e-05
0.00065147877
0.0030626059
0.0011074543
0.0012745857
0.0013056993
0.0006363392
0.0025898218
0.001522541
0.0005764961
0.0003709793
0.0023174286
0.00048661232
0.0016069412
0.0029876232
0.0011744499
0.0020126104
7.1525574e-07
0.0017569065
0.0016522408
0.0021221638
0.0021412373
0.0004427433
0.00087952614
0.0021076202
-1.1920929e-07
0.0010675192
0.0034821033
0.00088346004
0.0017280579
0.0011764765
0.002617836
0.00028550625
0.0030969381
0.003460884
0.0017774105
0.0034284592
0.0006200075
0.0009549856
0.0014286041
0.0003105402
0.002342701
2.3841858e-05
0.00061249733
0.0006917715
0.0011981726
0.00037777424
0.002968192
0.000111460686
0.0013713837
0.0027713776
0.00074231625
0.00025773048
0.0019495487
0.0013693571
0.0022108555
0.0004838705
0.0013502836
0.00070655346
0.00094532967
0.0011479855
0.0015531778
0.0012046099
0.0011953115
0.0016915798
0.00010871887
0.00016093254
0.002194047
0.0028276443
0.002163887
0.0008510351
0.0026131868
0.004042268
0.0018712282
0.0023710728
0.0008364916
0.0021852255
0.0037704706
0.0026267767
0.0008045435
0.0012181997
9.036064e-05
0.0038479567
0.0018686056
0.0019925833
0.0004223585
0.00062060356
0.0011298656
0.0040620565
0.0005760193
0.0014145374
0.0013133287
0.001578331
0.00010097027
0.0013757944
0.0015529394
0.00048160553
0.0015491247
0.00028300285
0.0014431477
0.00093114376
0.0008363724
0.0003517866
0.00015294552
0.00062441826
0.0013951063
0.0024203062
0.00066781044
0.0015991926
0.0006341934
0.000911355
0.0014373064
0.0020668507
0.0016440153
0.0008032322
0.001786828
0.0017681122
0.0007531643
0.0006146431
0.00021183491
0.0016416311
0.0005761385
0.0021734238
0.001163125
0.0012431145
0.0038157701
0.002900958
0.00169909
0.0016297102
9.62019e-05
0.0017496347
0.0013194084
0.00059580803
0.0017266273
3.9219856e-05
0.00069630146
0.0017977953
0.00022101402
0.003034234
0.00119555
0.0016272068
0.0013788939
0.00036156178
0.0010244846
0.0017700195
0.00090289116

0.073426485
0.05351758
0.09203708
0.102262974
0.07465935
0.08801103
0.05965972
0.052568197
0.058088183
0.057059407

