0.0074127913
0.0026094913
0.009628534
0.0061433315
0.0040346384
0.0057291985
0.0030634403
0.0051745176
0.0047471523
0.0043575764
0.006118059
0.0029803514
0.0042136908
0.00936842
0.004640579
0.0085071325
0.0013797283
0.0018576384
0.006556511
0.0011117458
0.0026271343
0.0027121305
0.011248231
0.0016824007
0.0040603876
0.0060606003
0.005886078
0.008498311
0.0034886599
0.008565426
0.0048520565
0.001123786
0.00079268217
0.0033289194
0.0048675537
0.007763624
0.0063699484
0.0047774315
0.0031690598
0.010187745
0.003942013
0.0070619583
0.0053982735
0.011737347
0.0062770844
0.0017024279
0.0054323673
0.011216521
0.006796241
0.0046771765
0.0062482357
0.0043126345
0.005196452
0.0018835068
0.006294608
0.008317709
0.0036940575
0.010580063
0.0038603544
0.006380677
0.009097338
0.006586194
0.006163478
0.0070414543

0.0067721605
0.001232028
0.007407069
0.013901591
0.005312681
0.0042957067
0.006019473
0.015867114
0.0021073818
0.0076042414
0.010959864
0.0065180063
0.0026062727
0.0008690357
0.00912106
0.01006043
0.002117157
0.004916787
0.007171273
0.0064828396
0.00469172
0.002652645
0.0043057203
0.0053333044
0.0021800995
0.00019836426
0.011164784
0.003885746
0.0072199106
0.0025900602
0.0013877153
0.0023425817
0.007175803
0.012280464
0.0059998035
0.0069611073
0.009566426
0.0069065094
0.00322783
0.0045973063
0.0046340227
0.00539124
0.008871436
0.0033040047
0.0025635958
0.012980223
0.010549188
0.008072019
0.0012044907
0.005567074
0.009553671
0.01355195
0.0046024323
0.006258726
0.007012248
0.014264822
0.010053277
0.006181836
0.0068502426
3.5762787e-07
0.013900042
0.0069377422
0.0027436018
0.0114655495

0.0037989616
0.0062105656
0.0045639277
0.00066661835
0.0047523975
0.0011228323
0.00063610077
0.00041604042
0.005356908
0.0048211813
0.001490593
0.0064303875
0.004331827
0.0024781227
0.00043058395
0.0049874783
0.0031557083
0.0029108524
8.34465e-07
0.0023640394
0.0029678345
0.004826188
0.00087308884
0.002214551
0.008626461
0.0029740334
0.0030905008
0.0025371313
0.0045753717
0.0017172098
0.006384015
0.0009509325
0.009250164
0.005066395
0.007758975
0.0014389753
0.0013597012
0.0030238628
0.003360033
0.0025633574
0.0014035702
0.0050088167
0.001034379
0.0036399364
0.0020109415
0.001057148
0.0010865927
0.0019017458
0.004137516
0.00011527538
0.0059058666
0.00058496
0.0037903786
0.00087094307
0.0035390854
0.00442183
0.0052063465
0.0012842417
0.0054636
0.0021051168
0.0042294264
0.0010293722
0.003218174
0.00033080578
0.005205035
0.004515648
0.0041247606
0.0020127296
0.002090931
0.002264738
0.0044341087
0.008782744
0.0023684502
0.00012111664
0.0046801567
0.006517291
0.001532197
0.0064463615
0.004129052
0.008023024
0.0037834644
0.0013730526
0.0041923523
0.001470089
0.0024168491
0.00014817715
0.0021871328
0.004481554
0.0025674105
2.6226044e-06
0.0002810955
0.00023543835
0.006736636
0.0053026676
0.006890297
0.004001856
1.8119812e-05
0.0001887083
0.0028629303
0.0017632246
7.843971e-05
2.9802322e-06
0.0053150654
0.0033088923
0.0035966635
0.0045832396
0.0011742115
0.0045917034
0.009401321
0.00012671947
0.0
0.002259612
0.00075507164
0.001217246
0.008778095
0.0022058487
0.002910018
0.0036303997
0.0059411526
0.00058054924
0.004102111
0.0064525604
0.000120043755
3.4809113e-05
0.0069475174
0.0003029108
0.0059188604
0.0077260733

7.390976e-06
0.0015431643
0.0016335249
0.0066387653
0.003982663
0.00071167946
0.0032503605
0.0007119179
0.0028110743
0.0027263165
0.012719631
0.009027243
0.00352633
0.003957033
0.0018573999
0.007681608
0.0039788485
0.0010763407
0.0011535883
0.0014079809
0.0034697056
0.0022970438
0.00026118755
0.0050822496
0.0049266815
0.0061733723
0.0033329725
0.0051158667
0.002458334
0.0017522573
0.00012874603
0.0009454489
0.0053436756
0.00033545494
0.0016514063
0.0034396648
0.0032330751
0.0015987158
0.0027501583
8.85725e-05
0.0022472143
0.0023851395
0.0025354624
0.0017448664
0.005564451
0.0014584064
0.008229017
0.0037083626
0.0037956238
0.0027968884
0.0023076534
0.0013086796
0.00044107437
0.00198555
0.00834322
0.0032670498
0.00042128563
0.0028061867
0.0064122677
0.0046317577
0.0037709475
0.0026546717
0.009510636
0.004271388
0.0026102066
0.0018700361
0.0013875961
0.006638527
0.005412817
0.004733324
0.012233973
0.004187703
0.0039316416
0.0015995502
0.001373291
0.0041223764
0.0043087006
0.00037395954
0.0037958622
0.0
0.0025111437
2.5987625e-05
0.00020229816
0.006258011
0.0018177032
0.00044322014
0.0031933784
0.005502701
0.005547881
0.004487753
3.8146973e-06
0.0039014816
0.0022382736
0.0030349493
0.00212574
1.1920929e-07
0.0059113503
0.006234765
0.0009821653
0.0018690825
0.0031027794
0.005072236
0.0047608614
0.0013641119
1.5497208e-06
0.0041844845
0.0023516417
0.002207756
0.00708282
0.0010251999
0.00053465366
0.0021615028
0.002797246
0.0021356344
0.0055487156
0.0019851923
0.00376153
4.172325e-06
0.005761862
0.0068570375
1.6093254e-05
0.002874136
0.0030270815
0.0048345327
0.0017030239
0.003619194
0.003388524
0.002857685

0.0028203726
0.0017650127
0.0011109114
0.0022408962
0.0026277304
0.0012099743
0.00034236908
0.00053727627
0.0023801327
0.0022072792
0.0036973953
0.0013878345
0.0004988909
0.0011206865
0.002437234
0.0022912025
0.0020086765
0.0025203228
0.0025724173
5.1259995e-06
0.0005065203
0.0009944439
0.0005366802
0.0023992062
0.0017967224
0.0023101568
0.0028231144
0.0017081499
0.0017943382
0.0026124716
0.0021449327
0.0020126104
0.0015463829
0.0012376308
0.00069344044
0.00057697296
0.0020155907
1.7881393e-06
0.0012089014
0.0017553568
0.0019620657
0.0007581711
0.0021440983
0.0013309717
0.00013029575
0.00093984604
0.00096559525
0.001937747
0.000813365
0.002570033
0.0010693073
0.00043022633
0.00033807755
0.0012050867
0.0014410019
0.0029855967
0.0018987656
0.002791047
-2.1457672e-06
0.001704812
0.0028446913
0.0019122362
4.4107437e-06
5.6385994e-05
0.0024052858
0.0019148588
0.0022788048
0.0008468628
0.0007594824
0.0015317202
0.00086939335
6.735325e-05
0.00032305717
0.0034124851
6.210804e-05
0.0010406971
0.0020034313
0.00023031235
0.0019245148
0.0010517836
0.0015612841
0.0011765957
0.00047457218
0.0014365911
0.0030515194
0.0014256239
0.00061404705
6.67572e-06
0.0012874603
0.00075006485
0.0032690763
0.00093984604
0.0022351742
0.002390027
0.00027418137
0.002583027
0.0020965338
0.00456357
0.0022261143
0.0029853582
0.0006147623
0.002090931
0.0015772581
1.1920929e-07
0.00080406666
0.0028825998
0.0006104708
0.0026148558
8.690357e-05
0.0014288425
0.004095316
0.0022130013
0.0029832125
0.0010806322
0.0027916431
0.002891302
0.001039505
0.0012763739
0.0011973381
0.0008929968
0.00013279915
0.0013694763
0.0018868446
0.00093746185
0.0007274151
0.0013370514
0.0019985437
0.0015809536
0.0005573034
0.0021469593
0.0003938675
0.0009548664
0.0020154715
0.00025999546
0.00014770031
0.0012322664
0.00081658363
0.0033128262
0.00015103817
0.0007970333
0.0021083355
0.0016022921
0.0028820038
0.002969861
0.0025879145
0.001970768
0.0020432472
0.0014545918
0.0024921894
0.0015903711
0.0029461384
0.00057828426
0.0017207861
0.0019897223
0.0036644936
0.0026066303
0.0024944544
0.0009611845
0.0024434328
0.002292633
5.507469e-05
0.0028457642
0.0006467104
0.0020194054
0.0015273094
0.0009673834
0.0018697977
0.0018377304
7.6293945e-06
0.0026129484
0.0
0.0024324656
0.0024871826
0.002602458
-5.9604645e-06
0.0016700029
0.002364993
0.0037212372
0.0016722679
0.003035903
0.00093495846
0.0027644634
0.0020225048
0.0026112795
0.00071144104
4.529953e-06
0.00075793266
0.00014019012
0.0010701418
0.002098918
0.001275897
9.536743e-06
5.4836273e-06
0.0004451275
0.0008480549
0.0008741617
0.0001232624
0.0
0.00083482265
0.002418995
0.001547575
0.0016181469
0.002031207
0.0009988546
0.00044047832
0.002785921
4.4107437e-06
0.0026224852
0.0021736622
0.0037630796
0.002326727
0.0027774572
0.0011569262
0.0018302202
0.0020737648
0.001811266
0.002017498
3.9339066e-06
0.0014412403
0.00022923946
0.0010902882
0.0025258064
0.0018129349
0.002642393
0.0018042326
0.0024302006
0.0011680126
0.0032330751
0.0017790794
0.00047326088
4.6014786e-05
0.0030477047
0.00349164
0.0019141436
0.001086235
0.0022093058
0.0027083158
0.0016064644
0.0014741421
0.0014225245
0.0007556677
0.003707528
0.0011610985
8.189678e-05
0.001686573
0.0024278164
0.00046932697
0.0014333725
0.00040400028
0.002431631
0.0021328926
0.0018696785
0.0010488033
0.0005427599
0.0020077229
0.0008941889

0.0004684925
0.0013911724
0.001486659
0.0025891066
0.001954198
0.0011771917
0.0012949705
0.0013648272
0.0024485588
0.0019917488
0.00014448166
0.0020946264
0.0032693148
0.0015598536
0.00075626373
0.0023614168
0.0
0.00042402744
0.0026351213
0.0015077591
0.0013394356
0.0018709898
0.0024433136
0.001767993
0.0034527779
0.0016015768
0.00079119205
0.0023399591
0.002282381
5.4001808e-05
0.0020799637
2.9087067e-05
0.0020879507
0.0
0.0019277334
0.0007958412
0.0031802654
0.0003373623
0.0016034842
8.4638596e-05
0.0
0.0022993088
0.0019453764
0.0012847185
0.001380086
0.0015311241
1.6093254e-05
0.0015656948
0.0029082298
0.00011050701
0.00077176094
0.0010160208
2.5987625e-05
0.0013667345
0.0019432306
0.0011768341
0.0003736019
0.0025219917
0.0025724173
0.0014203787
0.002041936
0.0016007423
0.001373291
0.0020228624
0.0011768341
0.003410697
0.0022747517
0.0022768974
0.0018785
0.0004030466
0.0006145239
0.0008966923
0.0027445555
0.0004937649
0.0021181107
0.0019198656
0.00041532516
6.914139e-05
0.0027723312
0.00019347668
0.0001835823
8.6426735e-05
0.0034911633
0.0007158518
0.0025423765
0.00021898746
0.0040535927
0.0018312931
0.0026159286
0.0010139942
0.0023661852
9.727478e-05
0.0029895306
0.0018218756
0.0023089647
0.0022705793
0.0001270771
0.0040545464
0.001211524
0.0026328564
0.0016821623
0.0011924505
0.0014960766
0.0010659695
0.00053083897
0.00084006786
0.002970457
0.0022132397
0.0016176701
0.002504468
0.0018033981
0.0020098686
9.417534e-06
0.0014600754
0.0024061203
0.0008840561
0.0013692379
0.002357483
0.0029093027
0.0014041662
0.0025800467
0.0017163754
0.0022864342
0.0014692545
0.0022473335
0.001493454
0.0019235611
0.0010319948
0.0007305145
0.0043189526
0.0023950338
0.00238204
0.0015046597
0.00041902065
0.00048303604
0.002805829
0.0020542145
0.0018255711
0.00045526028
0.0019526482
0.0018599033
0.0017433167
0.0026066303
2.3245811e-05
0.002951026
0.0011614561
0.0013996363
0.0012742281
4.4703484e-05
0.0011080503
0.0020986795
0.0020349026
0.0024209023
0.00021219254
0.0017626286
0.0020723343
0.0013386011
8.523464e-05
0.0021725893
0.00045478344
0.0019215345
0.00043082237
0.0005725622
4.2915344e-06
0.001857996
0.0019948483
0.0027506351
0.0034480095
0.002171874
0.0013079643
0.0014466047
0.0011235476
8.845329e-05
0.0003774166
0.0017071962
-3.5762787e-07
0.00042653084
0.002042532
0.0
0.0009796619
0.0018868446
0.0020518303
0.0018330812
0.002865553
0.00069761276
0.0026957989
0.0005784035
0.0014739037
0.0015383959
0.0029656887
0.0011060238
0.0034874678
0.0024819374
0.0049067736
0.0007150173
0.0022411346
0.0015133619
0.0027780533
0.0030181408
0.0017169714
0.002574563
0.0021899939
0.0018831491
0.00026488304
0.0021651983
0.00066292286
0.0013605356
0.00096821785
0.002272725
0.0024416447
0.00024056435
0.0019754171
0.0011416674
0.0012532473
0.00037276745
0.0026420355
0.0014061928
0.0024571419
0.0024126768
0.00089740753
0.002532959
0.0020122528
0.0011348724
0.0010019541
9.9658966e-05
6.6399574e-05
0.0017322302
0.0027856827
0.00060510635
0.0011278391
0.0016874075
0.0013039112
0.0023753643
0.003083229
0.002470255
0.0025664568
0.0009330511
0.0020046234
0.0029560328
0.00075256824
0.0033824444
0.0011644363
0.0023236275
0.001365304
0.00012242794
0.0019373894
0.0020574331
0.0015240908
0.0012540817
0.00022351742
0.0025907755
0.0023165941
0.0005004406
0.0015499592
0.0017544031
0.00045597553

0.0021101236
0.0013406277
0.001672864
0.0024307966
0.0016853809
0.0021740198
0.0021884441
0.0028027296
0.000295043
0.0027172565
0.00031650066
0.0015172958
0.00010848045
0.0019702911
0.0024415255
0.0015031099
0.0021301508
0.0011298656
0.0018360615
0.001385212
0.0019445419
0.0014082193
0.0027102232
0.0010555983
0.001711607
0.0023667812
0.0010857582
0.0015082359
0.0015586615
0.0020121336
0.0024203062
0.0014420748
0.0023794174
0.0015563965
0.00040555
0.0005425215
0.001729846
0.0021282434
3.9339066e-06
0.0011451244
0.0013895035
0.0024478436
0.00094509125
0.0019243956
0.0014334917
1.180172e-05
0.0013283491
0.00073456764
0.0013700724
0.002075076
0.0005838871
0.00036776066
0.0015000105
0.0006867647
0.0024783611
0.0024262667
0.0020387173
0.0024729967
0.0030704737
0.0014500618
0.001162529
0.0019382238
0.00031256676
0.0014855862
0.0008351803
0.0021686554
0.0014244318
0.0021311045
0.0022644997
0.0025463104
0.0025576353
0.0021779537
0.0025655031
0.00263381
0.0017055273
0.0028247833
0.0017319918
0.0012279749
8.106232e-06
0.0020387173
4.529953e-06
0.0014984608
0.001439929
0.0006209612
0.0015032291
0.0034782887
0.00012111664
0.0016326904
0.00095546246
0.0011804104
0.0014189482
0.0017287731
0.0018901825
0.0018376112
0.00045764446
0.001552701
0.0020127296
0.0012179613
0.0014070272
0.0017929077
0.00065732
0.0015177727
0.0028260946
0.00042712688
0.0010639429
0.0023578405
0.0014088154
0.0015759468
0.0014318228
0.0014053583
0.001450181
0.00066411495
0.002785921
0.00072050095
0.0018573999
0.0024573803
6.747246e-05
2.1576881e-05
0.002729416
0.0008921623
0.0002719164
0.0013084412
0.0018079281
0.0016801357
2.4914742e-05
0.002148509
0.002248168
0.0004247427
0.0019619465
0.0021816492
0.0021237135
0.0027059317
0.0022141933
0.0019910336
0.0026173592
0.0017619133
0.0013320446
0.002084732
0.0004862547
0.0018913746
0.0010083914
0.0025725365
0.0018311739
0.0012619495
0.0020052195
0.00087058544
0.0010671616
0.0003517866
0.00027787685
0.0024693012
0.0011587143
0.00056898594
0.00049710274
0.0009166002
0.0016471148
0.002785802
0.00088238716
0.0012266636
0.0012705326
0.002339244
0.0018905401
0.0010166168
0.0006686449
0.0011627674
0.0010658503
0.00013804436
0.0018794537
0.0014318228
0.0028332472
0.0011212826
7.867813e-06
0.0024740696
0.0011767149
0.0013557673
0.0013490915
0.0010656118
0.0017074347
0.001893878
0.002718091
0.0013600588
0.0023322105
0.0029011965
0.0001578331
0.002769947
0.0005825758
0.0012210608
0.0022404194
0.00459671
0.00048100948
0.00255239
0.000613451
5.221367e-05
0.00042510033
0.0003451109
0.0010170937
0.0021137
0.0016613007
0.0021349192
0.00029230118
0.002698779
0.002122283
0.0017764568
0.0019221306
0.0012943745
0.0007418394
0.0011101961
0.0010102987
0.0023614168
0.001821518
0.0020728111
0.0021220446
0.0013797283
0.0015074015
0.0015237331
0.0020240545
0.0006426573
0.0030574799
0.000680089
0.0014116764
0.0032030344
0.0013408661
0.0021152496
0.0017999411
3.8146973e-05
0.0025706291
0.0019984245
0.0025658607
0.00011062622
0.0033880472
0.0013813972
0.0018996
0.001595974
0.001991868
0.0020809174
0.0021585226
0.0026044846
0.0022437572
0.0007312298
0.0019185543
0.0017635822
0.002996564
0.0021094084
0.0026005507
0.0025746822
0.0006251335
0.0022038221
0.0024752617
0.0014601946
0.0018321276
0.0011974573
0.003649354
0.0025002956
0.0021092892
0.0026932955
0.0020900965
0.0014567375

0.0005402565
0.0011564493
0.00090146065
0.0005273819
0.00067055225
0.0013608932
0.0010714531
0.0012614727
0.0007879734
0.0005146265
0.0010408163
0.0010620356
3.71933e-05
0.000915885
0.001221776
0.00087177753
0.0006489754
0.00063073635
4.7683716e-07
0.00076186657
0.00070154667
0.0010124445
4.4226646e-05
0.000119924545
0.0009737015
0.00084519386
0.00023818016
0.0019726753
5.185604e-05
3.2663345e-05
0.00062167645
0.00047802925
0.00036132336
0.00013291836
0.00040376186
0.00018167496
0.00042295456
0.0011197329
0.0008147955
0.00056934357
0.00075888634
0.0003787279
0.0013328791
3.9219856e-05
0.00119102
0.00043189526
0.0012695789
0.000846982
0.0009660721
0.0014313459
0.0006046295
0.0006427765
0.00013554096
0.00065124035
0.00071132183
0.00034439564
0.00028526783
0.00059080124
0.0010181665
0.00078094006
0.00052678585
0.0013926029
0.00040137768
0.00025689602
0.0010309219
0.0007246733
0.0014811754
0.001126647
0.00018572807
0.0015335083
0.0011096001
0.00052940845
0.0012472868
6.3061714e-05
0.0010663271
5.877018e-05
0.00052821636
0.00015103817
8.85725e-05
0.00041937828
0.0011674166
0.00023710728
0.00074756145
0.0010840893
0.00072705746
0.00066530704
0.00010693073
0.00049746037
0.0011607409
0.0010175705
0.0005289316
0.0017783642
0.000238657
0.00077569485
0.00045144558
0.000962615
0.00024163723
0.0010187626
4.2915344e-06
0.0011441708
0.00082588196
0.0013711452
0.0007740259
0.0007225275
0.0012490749
0.0007251501
0.0008183718
0.001193881
0.0010106564
0.001567483
0.00082337856
0.0008147955
0.00029706955
0.0018702745
0.00036668777
0.0012754202
0.0005196333
0.0013208389
0.0020856857
0.00018274784
0.0008672476
0.00039613247
0.00043535233
0.0010210276
0.0014027357
0.0009150505
4.9591064e-05
0.0011370182
0.00073325634
0.00043189526
0.0007843971
0.00047326088
0.001065731
0.0007196665
-1.3113022e-06
0.0010209084
0.00029075146
0.00026917458
0.0002502203
0.00060629845
0.000895381
0.0012204647
0.00082576275
0.00029194355
0.0010486841
5.5789948e-05
0.0012860298
0.00010371208
0.0005147457
0.0010690689
0.00092840195
0.00094258785
0.0011204481
0.00057709217
0.0013569593
0.00082552433
0.0012111664
0.0015842915
0.00022339821
0.001024127
0.00041782856
0.00084364414
0.0012654066
0.001175642
2.026558e-05
0.0005402565
0.0002541542
0.0010977983
0.0013246536
0.0012106895
0.00062417984
0.00017344952
0.0010985136
0.00085246563
0.0003606081
0.0006866455
1.2397766e-05
0.00015175343
0.0015852451
0.00035059452
0.0011860132
1.2874603e-05
0.00018620491
0.00085425377
0.0007327795
0.0013159513
0.00078701973
0.0012214184
0.00038957596
3.1352043e-05
0.00033318996
0.00051522255
0.0011775494
0.0012288094
0.00011694431
0.0013223886
0.00069987774
0.00023567677
0.0006811619
0.00055217743
0.00061941147
0.0005890131
0.001209259
0.00050008297
5.1021576e-05
0.00081419945
1.0728836e-06
0.00084114075
0.0012397766
0.0008687973
0.00011384487
0.00041389465
4.2915344e-05
0.0002644062
0.0009212494
0.00061059
0.0010219812
0.00042808056
0.0013070107
0.00074005127
0.00039160252
0.00074899197
0.0011638403
0.0014169216
0.0018019676
0.0004605055
0.00020480156
0.00037038326
0.0009685755
3.33786e-06
0.0007690191
0.0013935566
0.00056147575
0.0003633499
0.0014944077
0.0010085106
0.0009771585
0.0012469292
0.0016125441
0.0010703802
0.00020492077
0.0004594326
0.00069081783
0.00020956993
0.0006747246
0.000113487244
0.0010018349
0.0011231899
0.0018333197
0.0009673834
0.0006657839
0.00027871132
8.237362e-05
0.0006469488
0.00052034855
0.0011461973
0.00066041946
0.00045681
0.00015985966
0.0012149811
0.0011324883
0.00088751316
0.0007798672
0.0014387369
0.00088071823
0.00121665
0.00083863735
6.532669e-05
0.0005611181
0.0011897087
0.0006239414
4.1246414e-05
1.4424324e-05
0.00027263165
0.0012179613
0.0007044077
0.0007251501
0.0014187098
0.0011321306
0.0008363724
0.0007594824
0.00036132336
2.7179718e-05
2.861023e-05
0.0013344288
0.0012476444
0.00044059753
0.0007275343
0.0004042387
0.0015228987
0.0009409189
0.0008622408
0.001155138
0.00086927414
0.0009189844
0.0005284548
5.221367e-05
0.00019049644
0.0011609793
0.0020034313
0.00062537193
0.00020813942
0.00089609623
0.0007748604
0.0015552044
4.7683716e-07
0.00095546246
0.0012828112
0.0011463165
0.0009857416
0.00106287
0.00021243095
0.00037038326
0.00052404404
0.00010025501
0.0011998415
0.0015730858
0.0013848543
0.0010871887
0.0011503696
0.00084102154
0.00053441525
0.0012087822
0.00019919872
0.00015950203
0.0009810925
0.0010039806
0.001516819
0.0002193451
0.0
0.00088214874
0.00016224384
4.053116e-06
0.0015715361
0.00081288815
0.00025558472
0.00066018105
0.00090670586
0.0007956028
0.00080001354
0.00022137165
9.5009804e-05
8.106232e-06
0.00072336197
0.0004503727
0.00016915798
0.00104177
0.001268506
0.000910759
0.0011217594
0.00063717365
0.00015258789
0.00026977062
0.00039947033
0.00086665154
0.00024044514
0.00074493885
0.0002590418
0.00057792664
0.0011377335
0.0012356043
0.0004924536
0.0007650852
0.0010284185
0.00087058544
0.000867486
0.00027740002
0.0009562969
0.00025594234
0.000654459
0.00092351437
0.0005360842
0.00063610077
0.0013085604
0.00016009808
0.0011171103
0.0005643368
9.202957e-05
0.00096571445
0.00074088573
0.000915885
0.000115156174
0.00048172474
0.0015692711
0.0004402399
0.00076794624
0.0008558035
0.001003623
3.862381e-05
0.00020265579
0.0011104345
0.00041735172
0.0007157326
0.0011612177
0.00021743774
0.0013511181
0.0004981756
0.00021183491
8.34465e-07
0.0011618137
0.0003412962
0.0011473894
0.0011715889
0.00060367584
0.0007419586
0.0017030239
0.000577569
0.0011777878
0.00018703938
1.9192696e-05
0.00069475174
9.036064e-05
0.00079905987
0.00090384483
0.0006033182
0.0011068583
0.0004094839
0.0010377169
0.0011811256
0.0003426075
0.0011857748
0.0009446144
0.00066423416
-4.7683716e-07
0.0011608601
0.00111413
0.001924634
0.0011123419
0.000369668
0.0009329319
4.220009e-05
0.00096833706
0.00073707104
0.001475811
0.001188755
6.3180923e-06
0.0007327795
0.0009471178
0.0001937151
0.0008599758
0.00019979477
0.0014386177
0.0004169941
0.0014256239
0.00094640255
0.00064218044
0.0009989738
0.0008985996
0.001459837
5.00679e-05
0.00033068657
0.00040137768
0.00011277199
0.0008326769
1.1563301e-05
0.0011626482
0.0012776852
0.00086569786
0.000662446
9.953976e-05
0.001500845
0.0014574528
0.0009595156
1.9073486e-06
0.0013483763
0.0016762018
0.0009698868
0.0008794069
0.0012375116
0.00040614605
0.0009543896
0.00020682812
0.00039577484
0.00091302395
0.0007189512
0.001496911
0.0009665489
0.0007545948
0.00097095966
0.00038206577
0.00063860416
0.000787735
0.00025475025
0.00082552433
0.00093483925
0.0009769201
0.0013939142
0.00042951107
2.8252602e-05
0.001257658
0.0007338524
0.0017522573
0.0017420053
0.0008819103
0.00031280518
0.0015467405
0.0014848709
0.0021944046
7.2836876e-05
0.0013687611
0.00018465519
5.2452087e-06
0.0012642145
0.001745224
0.0011743307
0.0007901192
0.0009018183
6.353855e-05
0.0010373592
0.00068306923
0.0006047487
0.00014817715

0.0005197525
0.0011663437
0.0007197857
0.0009896755
0.00079858303
0.0007954836
0.0003745556
0.0012053251
0.0014311075
0.00060868263
0.00052154064
0.000703454
3.886223e-05
0.0010495186
0.00066185
0.0009428263
0.00068354607
0.00046515465
0.00037813187
0.00064611435
0.00062954426
0.0003169775
1.168251e-05
0.00064718723
0.000916481
0.00084888935
0.0007381439
9.10759e-05
0.00083601475
0.00018084049
0.0007607937
0.0007992983
0.00058817863
0.00081145763
0.0004748106
0.00066685677
0.0013693571
0.00097584724
0.00040400028
0.0005352497
0.0014822483
0.00021457672
0.0009958744
3.0398369e-05
0.0014778376
0.0009377003
0.00046682358
0.0013751984
0.0006582737
0.00064635277
0.0014382601
0.00093102455
0.00063824654
0.0011844635
1.9788742e-05
0.00010514259
0.0011857748
0.0011959076
0.0012542009
0.0011885166
0.00023448467
7.2717667e-06
0.0013085604
0.0012029409
0.00053167343
0.0012141466
0.0004466772
0.00037276745
0.0007944107
0.0006868839
0.00027382374
4.2915344e-06
0.0010358095
0.000243783
0.00052404404
0.0007543564
0.0009505749
0.00047636032
0.00090658665
0.0014106035
0.000120162964
0.00014543533
0.0014513731
0.0013844967
0.0011587143
0.00040268898
4.172325e-06
0.0009800196
0.0010963678
0.0007523298
0.0009456873
0.0007851124
0.0008672476
0.0002002716
0.0012873411
0.0015345812
0.001388669
9.23872e-05
0.00061166286
0.0007619858
0.00053179264
0.00047433376
3.20673e-05
0.00071048737
0.0004376173
0.0003554821
0.0006170273
0.0002926588
0.00088763237
0.0005799532
0.0008531809
0.00027167797
0.00083220005
0.00092589855
0.0006620884
0.0011137724
0.00086021423
0.00048077106
0.001129508
0.0014796257
0.0010205507
0.00041937828
2.8967857e-05
0.0006415844
0.00017356873
0.0008460283
0.0016534328
0.0011608601
0.00022661686
0.001459837
0.001047492
0.00063562393
0.00064480305
0.00019168854
0.00096297264
0.0003592968
0.0010639429
0.0005571842
0.00019097328
0.00073838234
1.50203705e-05
0.0012663603
0.0010293722
0.0007504225
0.0002541542
0.0016143322
0.00090289116
0.0012687445
0.0008831024
0.00038588047
0.0009087324
0.0007041693
0.0005682707
0.0011419058
8.165836e-05
0.00059723854
0.00034344196
0.00035071373
0.0005300045
0.0011601448
0.00034940243
0.00083744526
0.00051653385
0.0007145405
0.0005338192
0.000970006
0.00064361095
0.00084650517
0.0009980202
1.5735626e-05
0.0012490749
0.00060105324
0.00075769424
0.0011763573
0.0009484291
0.00077056885
0.0013151169
0.0005199909
0.000628829
0.00062417984
0.001275897
0.0011953115
0.0005133152
0.00018835068
3.7431717e-05
0.00034332275
0.0007787943
0.0010118484
0.00037646294
0.0001733303
0.0002720356
0.0017824173
0.00087332726
0.00066292286
0.00029575825
0.00026488304
0.0013928413
0.00016081333
0.00028192997
9.1552734e-05
0.0006148815
0.0009357929
0.001111269
0.0004981756
0.00011456013
0.0009063482
0.0005275011
0.0009813309
0.00016272068
0.0009150505
7.9512596e-05
0.0012809038
0.0004194975
0.0009596348
8.34465e-07
0.0008177757
0.0005851984
0.0007852316
0.00043475628
0.0004684925
0.0014100075
0.0012054443
0.00077593327
0.001217246
0.00041782856
0.0007907152
0.00019264221
0.0014904737
5.197525e-05
0.00035643578
0.00014734268
0.0009862185
5.352497e-05
0.00097322464
0.0005220175
0.001054883
0.00018692017
0.00071823597
0.00096833706
0.0005990267
0.0009951591
0.00084626675
0.00040185452
0.0011377335
0.0002770424
0.0
0.0011618137
0.0009970665
0.00019454956
0.00046741962
0.0011481047
8.9883804e-05
0.00021398067
0.0010365248
0.0011621714
0.0012389421
0.0008625984
0.00030124187
0.0009572506
0.0007097721
9.393692e-05
0.00021541119
0.00045204163
0.0009869337
0.00022804737
0.0002297163
0.0007981062
0.00079512596
0.0011399984
0.00043475628
0.00049495697
0.00023436546
0.0014402866
0.0011361837
0.0017014742
0.0005785227
0.0010348558
3.8146973e-05
0.00015079975
0.00018322468
2.6345253e-05
6.1273575e-05
0.0014503002
1.50203705e-05
0.0006582737
0.00074231625
0.00040209293
0.0004900694
0.00031471252
0.00036990643
0.00023031235
0.0001950264
2.0861626e-05
0.0012698174
0.0011057854
0.00018811226
0.0011935234
0.00086438656
0.0014423132
0.0008196831
0.0014212132
0.0014579296
0.00016772747
0.00080800056
0.00056421757
0.00038552284
0.00022041798
7.033348e-06
0.00035500526
0.0011869669
0.00018429756
0.0010720491
0.00034451485
8.893013e-05
0.00044322014
0.00076806545
6.592274e-05
0.00038468838
0.00041675568
0.0007086992
0.00030648708
0.0008174181
0.0007185936
0.0007123947
5.6743622e-05
0.0007749796
0.0009467602
0.000600934
0.0013771057
0.00076937675
0.0014693737
0.0009969473
0.00041890144
0.0011384487
0.0011758804
2.026558e-06
0.0017985106
0.00050091743
0.00080251694
0.00040328503
1.1920929e-07
0.0010778904
0.0013319254
0.00019466877
5.3167343e-05
0.0015323162
0.0011402369
0.00025761127
0.0007106066
0.00068998337
6.3180923e-06
0.00065779686
0.0008007288
1.6212463e-05
0.00017440319
0.0004990101
7.43866e-05
0.0011001825
0.00076532364
0.00011444092
0.00056374073
0.0011284351
0.0010519028
-9.536743e-07
0.0010902882
0.0013509989
0.00047957897
0.0002310276
0.0016596317
0.0006082058
0.000106692314
0.00052809715
0.0003439188
0.0009833574
0.0012054443
0.0011900663
0.0013267994
0.0011618137
0.000931859
0.00072932243
0.0014730692
0.00092566013
0.0010002851
0.001380086
0.00036489964
0.00076425076
0.0010579824
0.00020599365
0.00036406517
0.00069487095
0.001339674
0.00020349026
0.0017051697
0.0004401207
0.0002090931
0.0009213686
9.775162e-05
0.00081181526
0.0011883974
0.0012766123
0.00013494492
0.0005401373
0.0006314516
0.0008312464
0.0002901554
0.0003221035
0.0007389784
0.0009509325
3.71933e-05
0.00023782253
0.0012285709
0.0009957552
0.0012594461
0.0002487898
0.0013779402
0.0009914637
0.0006144047
0.00046741962
0.0009377003
0.0010998249
3.4570694e-06
0.0013957024
4.6491623e-05
0.00045490265
0.0004042387
0.00015926361
0.0011717081
0.00065362453
0.00013923645
0.00046384335
0.0020515919
0.00077188015
0.0016773939
0.00021398067
0.0012363195
0.0007838011
0.00032258034
0.0010740757
2.6226044e-06
0.0017579794
0.0005559921
0.00061285496
0.0013896227
0.0001899004
6.532669e-05
0.0001885891
0.001347661
0.0004644394
0.0012435913
0.0007506609
0.0004390478
0.0012282133
0.00053858757
0.00070011616
0.0007894039
0.0006201267
0.00055861473
0.0011068583
0.0013787746
0.0002603531
0.0006312132
0.0010282993
0.0010197163
0.0011395216
0.00017154217
0.0009793043
0.0011436939
0.0001693964
0.0003221035
0.0012630224
0.000849843
0.0005158186
0.00076544285
0.0010839701
0.00017106533
0.00078976154
0.0009287596
0.00087606907
0.00066685677
0.0014988184
0.0009804964
0.0009404421
0.0012046099
0.0016031265
0.0011026859
0.0010904074
0.00042963028
0.0008773804
0.0005019903
0.0004181862
0.0015958548
3.862381e-05
0.0011024475
0.00046372414
0.00096845627
0.0012218952
0.0010886192
0.00068712234
0.0008993149
0.0014072657
6.1035156e-05
0.00083756447
0.0012729168
0.0013608932
0.0004223585
0.0009150505
0.0003298521
0.0016061068
0.0008891821
0.0012747049
0.0016047955
0.000985384

0.0004054308
0.0008996725
0.00011301041
2.5391579e-05
0.000121593475
9.715557e-05
0.001953721
6.055832e-05
0.00013065338
0.00025618076
8.225441e-06
0.0011223555
0.00022220612
0.00042259693
0.0033367872
1.4305115e-05
0.00043118
0.00092828274
0.00095295906
7.1525574e-06
0.0007466078
0.0016950369
0.00017166138
0.0001732111
6.508827e-05
0.001101017
0.0003259182
0.0012234449
0.0006707907
0.00081944466
0.0004965067
0.0018694401
0.00031340122
1.1920929e-06
2.1457672e-05
0.0012333393
0.0009686947
6.020069e-05
0.0005110502
0.0008251667
0.00058341026
0.00092482567
0.00018417835
0.0001231432
0.0024938583
0.00019454956
0.0018342733
0.0015405416
4.7802925e-05
0.0005995035
7.915497e-05
9.1671944e-05
0.00022089481
0.00012934208
0.0008919239
5.2571297e-05
0.00019574165
0.00071823597
0.0011758804
3.2901764e-05
0.00020003319
0.00014710426
0.0010880232
0.0014117956
0.000536561
2.2888184e-05
0.0011943579
0.0019235611
0.00058734417
0.0030210018
0.00020074844
0.0023179054
0.00031900406
0.0002976656
0.0005879402
0.0011637211
0.0001411438
0.0006892681
0.00047278404
0.000114917755
0.0010408163
0.0005681515
0.00035762787
0.00018453598
1.3828278e-05
0.00053453445
0.00015890598
0.0013986826
3.7550926e-05
0.00030863285
0.0004030466
0.0006971359
7.367134e-05
0.00015676022
0.00082314014
2.3841858e-05
0.0022063255
0.0013424158
0.00027751923
0.0010610819
0.00028014183
0.0004222393
0.0020116568
0.0004233122
0.002145648
0.00018298626
0.0017608404
0.0020534992
6.592274e-05
0.00019001961
0.0002259016
0.0028226376
0.00010848045
0.0010297298
0.00024867058
0.00044429302
0.00023663044
0.0010732412
0.0007804632
0.0011534691
0.0004043579
0.0001667738
0.0009768009
4.506111e-05
1.2397766e-05
0.00034546852
6.67572e-06
0.0011810064
5.6624413e-05
0.0004401207
0.00065898895
0.00019490719
0.00030386448
0.0004502535
0.0007996559
0.00048089027
0.00089502335
0.0006785393
0.00022172928
0.00014936924
0.0010790825
0.0017033815
0.00012493134
8.46386e-06
0.00045323372
0.00043690205
0.00022995472
0.0009627342
0.00041282177
0.00022780895
3.4570694e-06
0.0011453629
0.00038969517
0.0002541542
0.00044345856
0.00024962425
0.0005648136
0.0005041361
0.0012686253
0.003504634
0.00022530556
0.0012310743
0.0022671223
0.0008305311
0.0003015995
0.00023496151
7.390976e-05
0.00078082085
0.0005018711
0.0009229183
0.0005232096
0.00054454803
0.000636816
0.0007081032
0.001839757
0.00040090084
0.0010496378
9.226799e-05
0.00041615963
0.0032436848
7.033348e-06
0.00027561188
2.026558e-05
9.655952e-06
0.0007852316
-3.5762787e-07
8.094311e-05
0.00011205673
0.0004349947
0.00011301041
0.0011224747
8.7976456e-05
0.0006235838
0.00094759464
0.0005172491
7.3075294e-05
0.00036132336
0.00030589104
0.00013196468
3.5762787e-06
0.0002977848
0.0025920868
0.00064730644
0.0015608072
0.00023472309
0.0002014637
0.0005059242
6.401539e-05
0.0006072521
0.00012874603
0.0023372173
3.1113625e-05
1.0728836e-06
0.0003077984
0.000108003616
0.002583027
0.0026842356
0.0010350943
0.00048685074
0.00043833256
0.00054335594
0.0013728142
3.552437e-05
6.496906e-05
0.00067448616
0.0005848408
0.00076687336
0.0004287958
0.00011372566
0.0009561777
0.0004917383
0.001371026
0.0021437407
0.0052587986
0.0010552406
0.0026177168
0.00030899048
0.00036382675
8.821487e-06
9.548664e-05
0.00018501282
0.001295805
0.0012814999
6.4492226e-05
8.440018e-05
0.0033854246
0.0006568432
0.0006004572
5.364418e-05
0.00025880337
0.0008802414
0.001255393
0.0009454489
0.0012770891
1.8000603e-05
0.0011463165
0.00016701221
0.00042116642
0.0006506443
0.0009913445
2.6106834e-05
7.176399e-05
0.0013713837
0.001350522
6.4373016e-05
0.0016462803
9.417534e-06
0.00010764599
0.00024688244
0.00078487396
8.702278e-06
0.00061297417
0.0048241615
0.002845645
0.000374794
0.0045764446
0.0008189678
0.003493309
1.0848045e-05
0.00025093555
0.0002552271
0.000839591
0.0001295805
7.069111e-05
0.00038075447
0.0019159317
0.0012937784
0.0020691156
0.00020432472
0.00050008297
0.00035357475
0.00015330315
0.00024747849
0.0010786057
1.2040138e-05
0.00041401386
0.0016959906
0.0002014637
0.0019607544
0.0017181635
0.00018262863
0.00042939186
0.00016391277
2.6226044e-05
7.724762e-05
2.6226044e-06
0.00034165382
0.00052309036
0.00021994114
0.00011622906
0.00011086464
0.0004030466
0.00048816204
0.00027668476
0.0011863708
0.0007032156
0.0005338192
0.0029987097
0.0015511513
2.336502e-05
0.00039720535
0.0017448664
0.0018199682
0.0010926723
0.00027561188
0.002606511
0.00042152405
0.00025081635
8.59499e-05
0.003361106
0.0021333694
0.001180172
0.00021588802
0.000121474266
0.00016117096
0.0003732443
4.1365623e-05
2.861023e-05
0.00062584877
0.00018632412
2.6226044e-06
0.0005915165
3.683567e-05
0.0006748438
0.0
0.0015398264
0.0005273819
0.0010762215
0.00018537045
1.180172e-05
0.0003244877
0.001444459
0.00028538704
5.340576e-05
0.0007879734
0.00011742115
0.00042712688
0.0006121397
0.0014002323
0.0003170967
0.0008672476
9.8109245e-05
0.003080964
0.00053429604
2.9087067e-05
0.00045228004
0.00030851364
0.0003784895
0.0008163452
0.00010859966
0.00024330616
0.000649333
0.00036013126
0.0008431673
0.0
0.0014289618
8.46386e-06
0.0020096302
4.0650368e-05
0.00017309189
0.00090396404
0.00060606
0.000736475
0.00045871735
0.00037181377
0.000910759
0.00019061565
0.0006427765
0.000577569
0.00013935566
0.00080668926
0.00014901161
0.00047314167
0.0011703968
0.00013124943
0.00345397
0.00038349628
0.000821352
1.66893e-06
0.0004541874
0.00089240074
0.0003902912
0.00015819073
0.00030064583
0.00021338463
0.002734542
0.0003322363
0.00065898895
1.9073486e-05
0.0003978014
1.9073486e-05
0.0032678843
0.0001591444
8.499622e-05
0.00046360493
0.0010029078
0.0027900934
0.00032937527
7.2717667e-06
0.0002309084
9.536743e-07
4.4107437e-06
0.0017040968
0.00030469894
0.00010597706
2.6345253e-05
0.0004888773
0.0015618801
0.0003733635
0.00016534328
0.0012151003
0.000729084
0.0012203455
9.894371e-06
0.00012052059
0.00020802021
0.00042796135
0.0019190311
0.00097227097
0.0003720522
0.0014628172
0.0019257069
0.00088477135
2.3841858e-06
0.00016081333
0.0003196001
0.0010368824
0.0009214878
0.00010752678
0.00056540966
4.684925e-05
0.00010943413
0.00031900406
0.0018886328
0.0017923117
-3.5762787e-07
0.002273798
0.00011122227
4.4584274e-05
0.00012850761
0.00026905537
0.00021731853
5.1259995e-05
0.0009857416
2.3007393e-05
0.0017590523
0.0013887882
0.0005108118
0.001983285
0.0021864176
0.00011205673
0.0008791685
4.7683716e-06
0.0007054806
2.002716e-05
5.5789948e-05
0.00057041645
0.00030457973
0.002624154
0.0021698475
0.00014400482
0.000100016594
2.7179718e-05
0.0014035702
0.0014231205
1.7046928e-05
0.00093209743
2.861023e-06
0.00037062168
0.0003619194
0.00074088573
0.00013518333
1.1920929e-07
3.695488e-06
0.0005887747
0.00040972233
0.0016056299
0.00036752224
0.00014173985
0.0008029938
0.00055634975
6.1273575e-05
2.014637e-05
0.00011861324
0.00031387806
4.518032e-05
0.0009176731
0.000111699104
0.00040125847
0.00029098988
0.00022268295
0.00042068958

3.528595e-05
8.583069e-05
0.0002861023
0.00030338764
0.00025618076
9.095669e-05
0.0004900694
0.00017440319
0.00054240227
0.0
0.00015830994
0.00015676022
0.00030112267
5.0663948e-05
2.849102e-05
0.00057923794
0.00019609928
3.4451485e-05
0.0013302565
0.00020492077
0.0016469955
0.0006854534
4.172325e-05
0.0016409159
7.247925e-05
0.00074243546
0.000113129616
0.00022494793
0.0008229017
0.00041627884
0.0011222363
0.00081312656
0.00014936924
0.001636982
1.1920929e-07
0.00048458576
0.00043690205
0.00023293495
0.0001335144
0.00021207333
0.0021235943
0.0
0.0010397434
0.0009737015
0.0016938448
0.0001604557
3.7908554e-05
0.00046610832
5.9604645e-07
0.00050365925
-1.1920929e-07
0.0019184351
0.00012898445
0.00041663647
0.0003848076
0.0008187294
0.0006392002
0.00047171116
0.0012478828
8.738041e-05
0.00082433224
3.170967e-05
0.0003477335
9.441376e-05
0.00038433075
8.249283e-05
0.00014817715
0.00013554096
1.3113022e-06
0.0011217594
1.001358e-05
0.0022233725
0.001218915
0.00028812885
0.000115036964
1.8835068e-05
5.4836273e-06
9.536743e-07
0.0005710125
0.00014722347
0.00075674057
0.0002579689
2.3841858e-07
0.0003336668
0.00032639503
0.00042247772
0.0012304783
0.00010550022
0.0009137392
0.00010371208
0.0017366409
2.6345253e-05
0.0009045601
0.0009467602
0.0010017157
6.9499016e-05
0.0005581379
0.0005605221
0.0007535219
0.0006058216
0.0009139776
0.00053703785
0.00013577938
0.0011322498
5.1259995e-06
7.1525574e-07
0.00048565865
0.0018237829
0.00040113926
0.0012282133
8.34465e-06
0.00081431866
-1.1920929e-07
0.0013816357
0.0016784668
0.0
0.00052821636
0.00046491623
0.0005712509
2.3841858e-07
0.0029150248
0.0006543398
5.221367e-05
3.5762787e-07
0.0005438328
0.00040137768
0.00035321712
0.00021028519
9.775162e-06
0.00029075146
1.180172e-05
0.00013244152
0.00024187565
0.00015163422
0.002206564
8.034706e-05
0.0013508797
6.3180923e-06
7.1525574e-07
9.703636e-05
0.00041651726
8.6307526e-05
1.7881393e-06
0.001281023
0.00047385693
9.6440315e-05
0.0007042885
0.0016695261
0.00046741962
0.00045764446
0.0007044077
0.0012431145
0.00049340725
0.0022289753
0.00016748905
0.00016832352
0.0001847744
0.0002424717
0.00056040287
0.00011706352
0.00038695335
0.00012135506
0.0
0.0012521744
4.7683716e-06
0.0015565157
0.0021755695
3.5762787e-06
-2.3841858e-07
0.0014369488
0.00020587444
0.00017917156
1.5974045e-05
0.0012029409
3.528595e-05
1.6212463e-05
0.00016748905
0.00045192242
8.3088875e-05
0.0019431114
0.0011413097
0.000115156174
0.00063216686
-7.1525574e-07
0.00015628338
0.0003567934
0.00041043758
4.2557716e-05
0.0012286901
0.0003862381
0.00031805038
0.00023305416
0.0003861189
0.00036120415
0.0009756088
1.7881393e-06
0.0015244484
0.00029158592
0.00010967255
0.001211524
0.00032413006
0.0005508661
-1.1920929e-07
0.00030469894
0.0038423538
7.70092e-05
8.34465e-05
0.0002861023
0.0007202625
0.0010040998
0.00038182735
5.4717064e-05
0.00017690659
1.0848045e-05
0.00043141842
0.00011110306
0.00042951107
0.0019031763
0.00011873245
1.180172e-05
0.0
0.0012364388
4.8995018e-05
0.0012241602
0.0005198717
0.0008561611
0.001504302
9.191036e-05
0.00025618076
0.0002168417
0.0001629591
0.0004351139
0.00063848495
0.00010514259
0.00061154366
0.0
0.0002669096
0.0012506247
2.8729439e-05
9.119511e-05
0.0015194416
0.0015566349
0.00021100044
0.00025761127
0.00014817715
0.0007596016
0.0
0.00021874905
0.00047814846
0.0011054277
0.00010371208
0.00091576576
0.0014753342
0.0017279387
7.665157e-05
5.1259995e-06
0.00010883808
0.00039374828
0.00046920776
0.0005286932
0.00012612343
0.00017166138
8.332729e-05
0.0006378889
4.4107437e-06
3.671646e-05
1.2516975e-05
0.00010073185
1.66893e-06
0.00026535988
0.0009614229
0.0
0.00022315979
0.00045526028
0.00036513805
3.20673e-05
0.00017249584
0.00019967556
0.001152873
0.001067996
0.00042271614
0.00020718575
0.001378417
2.861023e-05
0.0005543232
0.0014743805
9.071827e-05
5.38826e-05
0.0016909838
8.749962e-05
0.001712203
1.1444092e-05
3.9219856e-05
0.0005476475
0.00088858604
3.4809113e-05
0.0005583763
4.7683716e-05
0.0
0.0008109808
0.0011072159
0.0007209778
0.0002105236
0.00028336048
0.0009394884
1.0728836e-06
0.0005457401
0.000349164
0.00014746189
1.2874603e-05
0.00049078465
0.0003786087
7.6293945e-06
8.6307526e-05
-1.1920929e-07
5.4836273e-06
0.000104784966
0.0013079643
1.847744e-05
0.00061655045
0.0011353493
0.00051283836
6.1035156e-05
0.00043344498
0.00074982643
0.00040507317
9.214878e-05
1.5497208e-06
0.00064992905
0.000767231
0.0006978512
0.0005841255
3.8981438e-05
0.001704216
0.0
2.1457672e-06
0.00021445751
0.0008573532
0.0019536018
3.6358833e-05
0.00043165684
0.00022768974
0.0
0.00020074844
0.00021338463
0.0010941029
0.00033950806
0.00028312206
2.3841858e-06
0.0
0.0003631115
0.00057554245
6.8068504e-05
0.0001026392
0.0003746748
0.00056004524
0.0011191368
0.00021362305
0.0012968779
1.0848045e-05
0.0009601116
4.5776367e-05
0.0007702112
2.336502e-05
0.00040376186
0.0012336969
0.0018271208
2.861023e-06
0.00041294098
4.3988228e-05
0.00023722649
0.0004221201
0.00040185452
0.0013502836
0.0004748106
4.2915344e-06
4.7683716e-07
0.00014030933
4.6253204e-05
0.0
7.1525574e-07
0.00089895725
0.0009647608
0.00192523
0.0018676519
1.1086464e-05
-4.7683716e-07
0.00033807755
0.0017436743
0.00053596497
1.4305115e-06
2.2172928e-05
0.002755046
9.584427e-05
4.053116e-06
1.50203705e-05
0.00011920929
0.0003156662
0.0019389391
0.0004967451
0.0
0.00027441978
0.0012760162
0.0001937151
6.866455e-05
0.0015301704
0.00043416023
0.00039494038
2.8371811e-05
0.00011134148
0.00067198277
0.0009863377
0.0012111664
0.00064611435
0.0015329123
0.00050008297
0.00050640106
0.00013458729
0.0008299351
0.00028586388
1.0371208e-05
0.00011396408
0.00021576881
0.0010796785
6.3180923e-06
5.841255e-06
0.0005079508
0.00082087517
0.0010330677
7.510185e-05
0.00047409534
0.0012716055
0.00029039383
7.6293945e-06
0.0011686087
0.00023543835
9.584427e-05
6.0081482e-05
0.0009524822
0.00048053265
1.1444092e-05
5.6147575e-05
0.0020105839
3.2186508e-06
0.00067424774
0.0004094839
0.00022697449
0.00039684772
0.00028443336
0.00076520443
0.0010182858
0.0012857914
0.00017631054
0.00085771084
3.4689903e-05
0.00074481964
0.0010291338
0.0020822287
1.1920929e-06
0.0006508827
0.00018751621
0.00072550774
8.34465e-07
0.0017957687
0.00029993057
0.0005387068
0.00046157837
0.00051009655
1.2755394e-05
1.1920929e-07
0.00040256977
0.0013867617
0.0010284185
0.0020433664
0.0011548996
1.8119812e-05
0.0010043383
2.670288e-05
5.00679e-06
0.0015916824
0.0015786886
0.00036478043
0.0017449856
0.00012087822
0.0018799305
2.4795532e-05
0.0013457537
1.4424324e-05
0.00031793118
0.0013104677
0.0005812645
9.10759e-05
0.00020444393
0.00080513954
0.0013240576
0.00026273727
1.6093254e-05
0.00071680546
0.00011730194
8.738041e-05
0.00011968613
0.00020933151
0.0
0.00026202202
1.7881393e-06
0.0003848076
0.00076663494
0.0007983446
0.00037908554
0.0
0.0008633137
0.00022280216

0.0002619028
0.00044953823
0.00033164024
0.0016813278
0.00060224533
0.00080263615
0.00035822392
0.00057804585
0.00037264824
0.0001257658
0.0005559921
0.00096821785
0.00028574467
6.377697e-05
0.00019133091
2.9802322e-06
0.00041532516
0.0002565384
0.0005083084
0.0001347065
0.0004439354
0.00048327446
0.0006918907
0.00024020672
0.00065362453
0.0002734661
0.00020170212
0.001065731
0.00017273426
1.1920929e-07
1.0967255e-05
0.00013804436
0.00067830086
0.00033831596
7.1525574e-07
0.000113368034
0.00059616566
0.00025260448
0.00013101101
0.00017762184
0.00017428398
0.000744462
0.00015306473
0.00069248676
0.00078999996
0.0009851456
0.00070405006
0.00032138824
0.00069081783
0.0006558895
6.389618e-05
0.0005631447
0.0002566576
0.00045096874
0.0007046461
0.00087463856
3.6358833e-05
0.001049757
0.0
0.0007095337
1.1920929e-07
0.0011829138
0.00027143955
0.00013196468
9.536743e-07
0.00083887577
0.0002977848
0.0007407665
1.6212463e-05
0.0011481047
0.0010327101
0.0004734993
9.9897385e-05
0.00052785873
0.00089621544
0.00073194504
0.001390338
0.00028514862
0.00062835217
0.00038468838
0.0008326769
0.00081050396
0.00056290627
0.0008265972
0.0002926588
0.00031888485
1.180172e-05
0.0018472672
0.0009829998
0.00024819374
0.00054192543
0.00031268597
0.00014603138
6.520748e-05
0.0003823042
0.0003632307
0.00047457218
0.0
2.5987625e-05
6.854534e-05
5.9604645e-06
0.00033915043
0.0008224249
0.00033545494
0.00074517727
0.0005378723
0.0007221699
0.0007175207
0.00019478798
0.00015509129
0.0004695654
7.998943e-05
0.00084626675
0.0004950762
0.00030255318
0.0005813837
0.00051271915
0.0003079176
0.00039863586
0.00021576881
2.7060509e-05
0.00029826164
0.0010308027
0.00027644634
7.164478e-05
0.00025594234
1.21593475e-05
0.001331687
6.592274e-05
4.0769577e-05
2.348423e-05
0.00064587593
0.00017690659
0.0016604662
0.000715971
8.380413e-05
0.0019179583
0.00020134449
0.000477314
0.0
0.00053703785
1.9073486e-05
0.0005937815
0.001827836
2.2768974e-05
0.00071048737
0.0001360178
0.0016480684
4.4107437e-06
0.00023412704
0.0009124279
0.00024294853
0.0005065203
9.6559525e-05
0.0
0.00039434433
0.0005069971
0.00024604797
0.0010493994
4.172325e-05
0.00017130375
0.00014317036
0.0004930496
0.00023651123
2.3841858e-07
0.00040996075
0.000108122826
0.0013847351
0.0004041195
0.001141429
0.00057041645
0.0
0.0007816553
0.00020074844
4.8995018e-05
0.0007841587
0.0
0.0004336834
0.0005296469
0.0007995367
0.00012683868
8.893013e-05
0.000104665756
0.00090157986
0.0009943247
0.00082302094
1.3113022e-05
0.00010251999
0.0012048483
0.00031852722
0.0012937784
5.1379204e-05
0.00042128563
0.001546979
0.00022053719
0.0001436472
0.000390172
0.0005007982
0.0015170574
0.000623703
0.0004208088
4.1127205e-05
2.9802322e-05
5.877018e-05
9.8109245e-05
0.0005067587
0.0
0.0008467436
1.859665e-05
0.00022912025
0.0004003048
0.0009315014
0.001371026
0.00036001205
5.9604645e-06
0.00015318394
0.00037634373
0.00037503242
-1.1920929e-07
0.00060784817
0.00051248074
0.00073421
0.00036275387
0.000949502
0.00075912476
3.2782555e-05
0.0003941059
0.0005425215
0.0011253357
0.00094103813
0.0004899502
0.00062191486
4.374981e-05
0.00022089481
0.00040864944
0.00050604343
0.0012657642
0.00065743923
0.00026285648
0.00026714802
0.001290679
0.00046110153
0.000852108
5.2571297e-05
0.00013411045
0.0011841059
0.00031638145
0.0004208088
0.0008505583
0.00022029877
0.0014185905
0.0017518997
0.00067961216
1.1920929e-07
0.000295043
9.4890594e-05
0.00030601025
0.001459837
0.0002771616
9.6678734e-05
0.0008928776
9.894371e-05
0.00013625622
0.0006182194
0.0012114048
0.0011790991
0.0004876852
0.0015060902
0.0005944967
0.00027954578
0.00044441223
1.0728836e-06
0.0005196333
0.00055134296
8.821487e-06
0.00034713745
0.00038397312
0.00034940243
0.00033664703
0.0010215044
0.00030875206
0.00032544136
0.00024282932
9.727478e-05
1.4543533e-05
8.511543e-05
0.0007170439
0.000264287
0.00022435188
4.053116e-05
0.0010980368
0.00031244755
0.00066399574
0.00020670891
0.0009367466
0.0
0.00038909912
9.3221664e-05
0.0021246672
0.0004709959
0.0002645254
5.8054924e-05
0.0005142689
0.000723958
0.0005965233
5.352497e-05
0.00042414665
0.0009710789
0.00059199333
0.00051152706
1.1563301e-05
0.0004543066
0.00018620491
0.00071680546
0.0010273457
0.0006170273
0.0009112358
0.001004219
0.0004849434
0.0006966591
-1.1920929e-07
0.00042247772
4.041195e-05
1.3709068e-05
0.0002914667
0.00034713745
0.0011900663
0.00016498566
0.0008687973
0.00044465065
0.00031661987
0.000151515
0.0010498762
0.00114429
0.0016303062
0.0007561445
0.00024354458
0.00087559223
0.00048673153
0.0005277395
0.0007054806
8.2850456e-05
0.0
0.00052917004
0.0004863739
0.0009952784
0.0005400181
0.0012657642
0.0010442734
1.7166138e-05
0.0006071329
0.00033271313
1.5497208e-05
5.1498413e-05
0.0006556511
4.851818e-05
0.0002619028
0.00095772743
0.0005912781
6.556511e-05
5.9604645e-06
0.00019812584
0.00033664703
0.0
2.1457672e-06
0.00011229515
0.0017895699
0.000119924545
0.0007956028
1.0728836e-06
0.0012750626
0.00093853474
0.00016140938
1.1086464e-05
0.00031995773
2.014637e-05
0.0001487732
0.00018513203
0.00027251244
0.00016486645
0.00062942505
0.0004400015
0.0020542145
0.00068604946
8.881092e-05
0.0004259348
2.9802322e-06
6.3180923e-06
0.00017261505
0.0015027523
1.0371208e-05
6.389618e-05
0.00015556812
0.0004043579
0.00021970272
7.772446e-05
0.001244545
0.00084733963
0.00059711933
0.0010421276
0.0014365911
5.3048134e-05
0.00039756298
0.0006991625
0.00052297115
0.0007265806
2.0742416e-05
0.0002424717
0.0007174015
0.000116825104
0.00033390522
0.0003144741
2.3841858e-07
1.1920929e-07
2.1219254e-05
0.00020265579
0.00017213821
0.0002361536
0.0004798174
0.0009407997
0.0009647608
9.512901e-05
0.00073993206
0.00016379356
0.00033330917
0.00024080276
9.298325e-06
0.0014430285
0.0011054277
0.0007170439
0.00052678585
0.00049972534
0.0017821789
0.00028061867
0.0005005598
0.00011706352
0.0018024445
0.00082039833
0.00073957443
0.00035834312
2.6464462e-05
0.00040864944
0.00022935867
0.0
4.4107437e-06
0.00029969215
0.0010402203
0.00090789795
6.246567e-05
0.0005041361
0.00038170815
0.0003912449
0.0006353855
8.1181526e-05
0.00034713745
0.0005297661
8.356571e-05
0.0015009642
0.0009213686
8.4757805e-05
0.00097572803
4.529953e-06
0.0005698204
0.00042366982
0.0012028217
0.0003874302
0.00013935566
0.00011634827
0.00023257732
9.1433525e-05
0.00031888485
3.0994415e-05
8.3088875e-05
9.8347664e-05
0.000233531
0.000259161
0.0006150007
0.0007100105
0.00043690205
0.0001770258
0.0008839369
5.0783157e-05
0.0009636879
0.00033152103
0.00030434132
0.00054979324
0.00045895576
0.00043523312
0.0002475977
3.20673e-05
0.0002348423
0.0005968809
0.00034844875
0.00065135956
0.0008895397
4.7683716e-07
0.0008401871
0.0005495548
0.0005289316
0.0010505915
0.00050222874
0.0009946823
0.00018656254
0.0003684759
0.0
0.0002565384
0.0008817911
0.00015211105
1.9073486e-06
0.00055360794
0.0007611513
5.888939e-05

0.0003452301
0.0010572672
0.00031232834
0.00025427341
0.00095677376
0.00039041042
0.0003490448
0.0010740757
0.0003490448
0.0014986992
0.000854373
0.0006375313
0.00068616867
0.00068330765
0.0007350445
0.0009800196
0.000615716
1.21593475e-05
0.0005609989
8.177757e-05
4.6133995e-05
0.0009838343
8.904934e-05
0.00031268597
0.00020897388
0.0007134676
4.4941902e-05
0.0006504059
0.0002143383
0.0005030632
0.0011241436
0.0008983612
0.00029206276
1.5497208e-06
0.000325799
0.0004633665
0.001231432
0.0012397766
0.0012003183
0.00045490265
0.00021147728
0.00058579445
0.00075507164
0.00063991547
0.001205802
0.0018100739
0.000441432
0.0004453659
0.00036978722
0.0011279583
0.00013232231
0.00019073486
0.00051772594
0.00013744831
0.0008276701
3.552437e-05
0.0004312992
0.0008416176
0.0005133152
0.0020035505
0.00021183491
0.00026237965
0.0006374121
0.0008609295
0.0008531809
0.0010869503
0.00047576427
0.0011923313
0.00074231625
0.0001654625
0.0008571148
0.0011556149
0.00065791607
6.9499016e-05
0.00041735172
0.0027650595
0.0006824732
0.00015676022
0.00094366074
0.0012708902
0.0007485151
0.0012261868
7.772446e-05
0.0010740757
0.0019704103
0.00039720535
0.0031642914
0.00018465519
0.000554204
0.00021958351
0.00020849705
0.00012898445
0.0006620884
7.1525574e-06
0.00056648254
0.0012617111
0.0008034706
0.0006455183
0.00063586235
0.00059759617
0.00058066845
0.0009666681
0.0005903244
0.00030994415
0.0005630255
0.0009561777
0.00028657913
0.0006494522
0.0
0.0003578663
0.0
0.0010033846
0.00038671494
0.00016856194
0.00037634373
0.002613306
0.00012338161
0.0007417202
0.0003272295
0.00095415115
0.00023674965
0.0019415617
0.0003054142
0.0016875267
0.0006071329
0.00013267994
0.000890255
5.853176e-05
0.0002757311
0.00013709068
0.00018239021
0.0005810261
0.0012093782
0.0010529757
0.0004246235
0.00088870525
9.596348e-05
0.00059115887
0.0014903545
0.00034928322
0.000600934
7.355213e-05
0.00096440315
0.0010386705
6.890297e-05
8.225441e-05
0.00058984756
0.00036537647
0.0
0.00039339066
0.00010216236
0.00015747547
1.8954277e-05
0.0008198023
0.00025355816
0.00022470951
0.00097310543
0.0017020702
0.00018846989
0.0009069443
0.0006865263
0.0010718107
0.0015290976
0.000202775
0.00029420853
0.0012936592
0.00037014484
0.00059866905
0.000992775
5.6624413e-05
0.00092732906
0.0004850626
0.0006532669
0.0013417006
0.0006456375
0.00019919872
0.0004491806
0.00056934357
1.3709068e-05
6.556511e-05
0.00095939636
2.7298927e-05
0.00054323673
0.0002490282
0.00085914135
8.511543e-05
0.0012735128
0.0010260344
0.0005427599
2.861023e-05
0.00067412853
0.00013661385
0.00045514107
0.000987649
7.9751015e-05
0.0010198355
0.0014703274
0.00013267994
0.00023710728
7.05719e-05
0.001676321
0.0011073351
0.00037157536
0.00044691563
0.0015232563
0.0020815134
0.001924634
0.0022158623
0.00019288063
0.0003529787
0.0001283884
0.0017877817
0.00045347214
0.00029420853
0.0025103092
0.000618577
3.886223e-05
0.00043845177
0.0021557808
0.00061154366
0.0007441044
7.1167946e-05
0.0012760162
0.00029695034
0.0002617836
0.0003529787
0.00035095215
0.0006700754
0.00012886524
0.00086295605
0.0009881258
0.00097227097
0.0003824234
0.0010024309
0.0015685558
0.00015974045
6.198883e-05
0.0004928112
0.00071930885
0.00020623207
0.0012465715
0.00041759014
0.0006030798
0.00083220005
0.0011053085
0.00083589554
0.00071930885
0.0023194551
0.0013277531
0.0011308193
0.00041401386
0.00017237663
0.0011411905
0.0008074045
0.00090789795
0.0006887913
0.00045108795
0.0011377335
0.00058817863
0.00074386597
0.00020432472
0.0010671616
0.0012403727
0.0013444424
0.00017154217
0.00061941147
0.0011693239
0.00013720989
0.00030434132
0.0012253523
0.000993371
0.0008434057
0.00067818165
0.0005773306
0.0015001297
3.0517578e-05
0.00022542477
0.00031876564
1.0371208e-05
0.00041127205
0.00021469593
1.1920929e-06
0.00012588501
0.00015747547
0.00029158592
0.0009549856
0.0006650686
3.6358833e-05
0.0012046099
0.0001219511
8.1539154e-05
3.3974648e-05
2.2530556e-05
0.00066041946
8.940697e-06
0.0002168417
0.0007914305
0.0009963512
0.0011036396
0.00021541119
2.2411346e-05
0.00033771992
0.00032913685
0.0002452135
0.001160264
0.0008983612
0.0006583929
8.356571e-05
0.00029873848
0.00092732906
0.0002603531
0.00122118
0.00014221668
0.00092327595
0.0017585754
0.001086235
0.00036501884
0.0006418228
3.9815903e-05
0.000636816
0.0017018318
0.00019073486
0.0006389618
0.0015184879
0.0
0.0015491247
0.0007555485
0.0005764961
0.0007504225
5.7935715e-05
2.670288e-05
0.00091278553
0.0012983084
0.00041913986
0.00086665154
0.00031471252
0.0
3.683567e-05
0.00042200089
0.0015295744
0.0009480715
0.0010451078
0.00013232231
0.000116467476
0.00045764446
0.0011388063
0.00078618526
0.00075793266
0.00087571144
0.0003620386
0.00027823448
0.00050771236
0.0011566877
0.0009152889
0.00011599064
0.0007419586
0.0012475252
0.0013748407
0.00020194054
0.00061917305
0.00020802021
0.0013207197
0.0012397766
0.00013256073
0.00090408325
0.00031971931
4.2915344e-06
0.00016486645
0.0015488863
0.00044047832
0.0005404949
0.0006135702
0.000187397
0.0012546778
0.00065243244
0.00019323826
0.00011253357
0.0011123419
0.0001320839
0.000744462
0.0014909506
0.00039243698
0.0009409189
0.0
0.00069606304
0.0008327961
0.00099051
0.0011270046
8.440018e-05
0.00035607815
0.0009520054
0.0
0.00042903423
0.0016663074
0.00031542778
0.00068700314
0.0005611181
0.0012571812
7.224083e-05
0.0013798475
0.0017381907
0.0008113384
0.0016658306
0.00016534328
0.00042676926
0.00063323975
0.00011718273
0.0010676384
9.536743e-07
0.00021350384
0.00019705296
0.0005352497
0.00010347366
0.001413703
1.8000603e-05
0.0005829334
0.0012441874
0.0002758503
5.221367e-05
0.0009301901
0.0005722046
0.0010513067
0.00013267994
0.00060915947
0.00026917458
0.00036895275
0.0004633665
0.0007799864
0.00044703484
0.0005221367
0.0008214712
1.335144e-05
1.9192696e-05
0.0010251999
0.001334548
0.0010397434
0.00035655499
0.0012756586
0.0020676851
0.0009123087
0.0010668039
0.000338912
0.001060605
0.00178051
0.0012809038
0.00029158592
0.0005930662
9.655952e-06
0.0018459558
0.0008494854
0.0010652542
0.00011384487
0.00015342236
0.00048661232
0.0020530224
0.00016856194
0.00055348873
0.000574708
0.0007328987
9.536743e-06
0.0006058216
0.00072455406
0.00013792515
0.0007095337
6.7949295e-05
0.00058960915
0.00039994717
0.0003271103
9.214878e-05
2.2649765e-05
0.00019466877
0.00064468384
0.0011792183
0.00020241737
0.0007662773
0.00013184547
0.00031077862
0.00066268444
0.0010460615
0.00075781345
0.00025308132
0.0008196831
0.00080800056
0.00027012825
0.00020599365
3.2901764e-05
0.00069510937
0.0002065897
0.0011117458
0.0005018711
0.00050878525
0.0018687248
0.0013695955
0.00077211857
0.0006774664
1.2636185e-05
0.0008161068
0.0004901886
0.00020575523
0.0007491112
3.0994415e-06
0.00028979778
0.0008702278
5.340576e-05
0.0015182495
0.0004825592
0.00068700314
0.0005608797
0.00011575222
0.00037825108
0.0007940531
0.00035059452

0.035786986
0.027367234
0.043927073
0.049724817
0.03768623
0.041485548
0.03011942
0.027449608
0.029496908
0.029002428

