0.00730896
0.0025758743
0.009493828
0.0060687065
0.0039741993
0.005649209
0.0030212402
0.005103588
0.0046874285
0.0043011904
0.006029129
0.0029435158
0.0041531324
0.009239316
0.004576087
0.00838995
0.0013597012
0.0018237829
0.0064679384
0.0010937452
0.0025883913
0.002673149
0.011074662
0.0016562939
0.004009962
0.0059837103
0.005814314
0.00837779
0.003438592
0.008453488
0.004782796
0.0011056662
0.00077825785
0.0032812357
0.004801154
0.007657647
0.006291151
0.0047103167
0.0031220913
0.010057807
0.0038911104
0.0069652796
0.005331397
0.011583567
0.0061918497
0.0016766787
0.005362153
0.011068344
0.006712556
0.0046236515
0.0061677694
0.0042580366
0.0051242113
0.0018582344
0.006207943
0.008199334
0.0036475658
0.010435224
0.0038118362
0.006301403
0.008974075
0.006502986
0.0060760975
0.006948352

0.0066763163
0.0012142658
0.007309079
0.013740897
0.0052455664
0.0042381287
0.0059387684
0.015651464
0.0020780563
0.0075029135
0.010812163
0.006434202
0.0025647879
0.0008575916
0.008991241
0.009924412
0.0020896196
0.004853368
0.0070780516
0.0064036846
0.004627943
0.0026137829
0.0042482615
0.0052604675
0.0021522045
0.00019526482
0.011012554
0.0038303137
0.0071241856
0.0025498867
0.0013695955
0.0023093224
0.007087469
0.01212275
0.0059201717
0.0068734884
0.009428382
0.006811142
0.0031871796
0.004527211
0.004584551
0.0053191185
0.008745551
0.003256917
0.0025303364
0.012809992
0.010414839
0.0079648495
0.0011891127
0.005495429
0.009424806
0.013382077
0.0045309067
0.0061718225
0.006918788
0.014062405
0.009912968
0.006101489
0.0067555904
3.5762787e-07
0.01369977
0.0068479776
0.0027076006
0.011314154

0.0037463903
0.006132126
0.0045124292
0.0006585121
0.004688859
0.0011043549
0.0006277561
0.00040590763
0.0052785873
0.004770875
0.0014696121
0.0063443184
0.004271865
0.0024411678
0.00042045116
0.0049185753
0.0031188726
0.0028746128
8.34465e-07
0.002329111
0.0029230118
0.0047609806
0.00085937977
0.002184391
0.008512378
0.0029329062
0.003041625
0.0025042295
0.004523635
0.0016973019
0.0062919855
0.0009344816
0.009125829
0.004998684
0.0076613426
0.0014164448
0.0013393164
0.0029804707
0.0033123493
0.0025253296
0.0013803244
0.0049370527
0.0010176897
0.0035949945
0.001985073
0.0010432005
0.0010700226
0.001876831
0.0040744543
0.00011026859
0.0058243275
0.00057530403
0.0037454367
0.0008568764
0.0034941435
0.0043576956
0.0051425695
0.0012631416
0.005387664
0.002073288
0.0041720867
0.0010156631
0.0031811
0.00032508373
0.005133748
0.004465699
0.004065275
0.0019817352
0.0020618439
0.002231121
0.0043740273
0.00866437
0.0023316145
0.000118374825
0.004613042
0.0064183474
0.0015103817
0.006358385
0.0040735006
0.007922053
0.003734827
0.001350522
0.0041451454
0.0014518499
0.0023821592
0.00014460087
0.0021555424
0.0044271946
0.0025351048
2.6226044e-06
0.00027608871
0.00023055077
0.006649852
0.00523448
0.006803274
0.00395
1.680851e-05
0.0001834631
0.0028197765
0.0017333031
7.236004e-05
2.3841858e-06
0.00524652
0.0032615662
0.0035450459
0.0045183897
0.0011563301
0.0045307875
0.009272695
0.00012552738
0.0
0.0022345781
0.00074124336
0.0012007952
0.008674622
0.0021789074
0.0028672218
0.0035797358
0.0058555603
0.00056934357
0.004053116
0.006376028
0.00011694431
3.325939e-05
0.006857753
0.00029611588
0.005846143
0.0076221228

7.2717667e-06
0.0015207529
0.0016075373
0.006555319
0.003932476
0.0007017851
0.0032057762
0.0007008314
0.00277102
0.0026921034
0.012550831
0.008905768
0.0034800768
0.00391376
0.0018311739
0.007571101
0.0039311647
0.0010582209
0.0011332035
0.001393795
0.0034279823
0.0022650957
0.00025725365
0.005020857
0.0048669577
0.0060921907
0.0032896996
0.005053878
0.0024231672
0.001725316
0.00012457371
0.000934124
0.0052701235
0.00032949448
0.0016331673
0.0033756495
0.0031882524
0.0015660524
0.0027134418
8.511543e-05
0.0022082329
0.0023508072
0.0025031567
0.0017263889
0.0054957867
0.0014394522
0.008119822
0.0036578178
0.0037392378
0.0027629137
0.0022792816
0.0012865067
0.0004324913
0.001957178
0.008229971
0.0032207966
0.0004132986
0.0027617216
0.006330967
0.0045661926
0.003719449
0.0026156902
0.009391069
0.0042077303
0.0025823116
0.0018385649
0.0013650656
0.00655663
0.0053350925
0.0046783686
0.012066126
0.004122615
0.0038763285
0.0015784502
0.0013567209
0.0040706396
0.0042550564
0.00036668777
0.003737092
0.0
0.0024847984
2.5749207e-05
0.00019574165
0.00617218
0.0017906427
0.0004351139
0.003153205
0.00543046
0.0054683685
0.004422903
3.0994415e-06
0.0038471222
0.002207756
0.0029985905
0.0020930767
1.1920929e-07
0.0058346987
0.0061564445
0.0009689331
0.0018413067
0.003062129
0.0050063133
0.0047038794
0.0013403893
1.3113022e-06
0.0041366816
0.0023194551
0.0021797419
0.006987214
0.0010133982
0.00052416325
0.0021358728
0.002756834
0.0021067858
0.00547266
0.0019593239
0.0037142038
3.8146973e-06
0.005687952
0.0067721605
1.50203705e-05
0.0028364658
0.0029826164
0.004762292
0.0016801357
0.003570795
0.003337741
0.0028207302

0.00278306
0.0017414093
0.0010973215
0.0022084713
0.0025895834
0.0011918545
0.0003348589
0.0005271435
0.0023510456
0.0021784306
0.003655076
0.0013667345
0.000487566
0.0011074543
0.0024061203
0.0022677183
0.0019778013
0.0024911165
0.0025447607
4.172325e-06
0.00049865246
0.0009828806
0.0005275011
0.002375245
0.0017688274
0.0022814274
0.0027775764
0.0016812086
0.0017699003
0.0025714636
0.0021176338
0.0019847155
0.0015212297
0.001218915
0.00068581104
0.00056767464
0.001986742
2.2649765e-06
0.0011935234
0.0017365217
0.0019344091
0.00074636936
0.002115488
0.0013135672
0.00012528896
0.0009214878
0.00095164776
0.0019125938
0.0008007288
0.002537489
0.0010513067
0.00042188168
0.00032830238
0.001185298
0.0014231205
0.0029420853
0.0018730164
0.0027543306
-2.026558e-06
0.0016813278
0.0028163195
0.0018782616
4.2915344e-06
5.4121017e-05
0.0023741722
0.0018929243
0.002244234
0.0008342266
0.0007491112
0.001511693
0.00085663795
6.556511e-05
0.00031542778
0.0033739805
5.9604645e-05
0.0010237694
0.0019723177
0.00022530556
0.0019044876
0.0010370016
0.0015400648
0.0011577606
0.00046503544
0.0014152527
0.0030111074
0.0014110804
0.00060355663
8.106232e-06
0.0012718439
0.000736475
0.003228426
0.00092482567
0.0022079945
0.002353549
0.00027108192
0.0025496483
0.0020632744
0.00449872
0.002193451
0.0029432774
0.00060606
0.002067089
0.0015522242
2.3841858e-07
0.0007891655
0.0028512478
0.0005991459
0.0025799274
8.571148e-05
0.0014065504
0.004046321
0.0021790266
0.0029380322
0.0010652542
0.0027618408
0.0028547049
0.001026392
0.0012543201
0.0011789799
0.0008826256
0.0001295805
0.0013501644
0.0018625259
0.0009213686
0.00071918964
0.0013194084
0.0019659996
0.0015602112
0.00054848194
0.002114892
0.00038468838
0.00094246864
0.0019881725
0.0002529621
0.00014221668
0.001216054
0.00080251694
0.003263712
0.00014650822
0.0007842779
0.002084732
0.0015852451
0.0028465986
0.0029293299
0.0025578737
0.0019519329
0.0020142794
0.0014380217
0.0024559498
0.0015664101
0.0029072762
0.0005682707
0.0016926527
0.0019581318
0.0036113262
0.0025687218
0.0024545193
0.0009458065
0.0024043322
0.0022592545
5.352497e-05
0.0028123856
0.0006325245
0.0019911528
0.001505971
0.00095045567
0.0018423796
0.0018160343
6.3180923e-06
0.0025712252
0.0
0.0024034977
0.0024576187
0.0025678873
-5.9604645e-06
0.0016477108
0.002333045
0.003673792
0.0016502142
0.0029970407
0.00091683865
0.0027287006
0.0019934177
0.0025799274
0.0007020235
3.8146973e-06
0.00074338913
0.00013387203
0.0010517836
0.0020729303
0.0012556314
8.940697e-06
5.2452087e-06
0.00043475628
0.0008357763
0.0008649826
0.000119805336
0.0
0.0008224249
0.0023891926
0.001522541
0.001593113
0.0020061731
0.0009866953
0.00043427944
0.0027532578
3.695488e-06
0.0025838614
0.0021406412
0.0037146807
0.0022910833
0.0027403831
0.0011407137
0.0018057823
0.00204432
0.0017877817
0.0019913912
3.4570694e-06
0.0014158487
0.00022423267
0.0010721684
0.0024878979
0.001794219
0.0026056767
0.0017769337
0.0023950338
0.0011496544
0.00319314
0.0017598867
0.0004646778
4.3272972e-05
0.003014207
0.0034469366
0.0018833876
0.0010710955
0.0021790266
0.0026698112
0.0015842915
0.0014489889
0.0014048815
0.0007432699
0.003655672
0.0011402369
7.9751015e-05
0.00166893
0.002397418
0.00046169758
0.0014122725
0.00039565563
0.0023982525
0.0021122694
0.0018446445
0.0010308027
0.00053346157
0.001982808
0.00087821484

0.00045979023
0.0013678074
0.0014654398
0.0025516748
0.0019265413
0.0011618137
0.0012793541
0.0013452768
0.0024272203
0.001966834
0.00014078617
0.0020725727
0.0032194853
0.001537323
0.0007492304
0.0023257732
0.0
0.00041389465
0.0026015043
0.0014871359
0.0013209581
0.0018451214
0.0024122
0.0017441511
0.0033966303
0.001576066
0.0007766485
0.002312541
0.0022468567
5.221367e-05
0.002059579
2.9206276e-05
0.0020543337
0.0
0.0019028187
0.0007839203
0.0031381845
0.00033044815
0.0015723705
8.368492e-05
0.0
0.0022701025
0.0019174814
0.0012691021
0.0013600588
0.0015087128
1.4543533e-05
0.0015443563
0.0028700829
0.00010693073
0.0007596016
0.0010029078
2.4557114e-05
0.0013477802
0.0019125938
0.0011588335
0.00036156178
0.0024843216
0.0025417805
0.0013962984
0.0020198822
0.0015856028
0.0013562441
0.0019967556
0.0011612177
0.0033614635
0.002241373
0.0022397041
0.0018489361
0.00039553642
0.0006070137
0.00088500977
0.002711773
0.00048339367
0.0020908117
0.001896143
0.00040745735
6.866455e-05
0.002727747
0.00018942356
0.00017893314
8.3088875e-05
0.0034416914
0.0007083416
0.0025135279
0.00021290779
0.004010558
0.0018122196
0.0025769472
0.0010017157
0.0023390055
9.417534e-05
0.0029501915
0.0017926693
0.002271533
0.0022397041
0.00012493134
0.0039955378
0.0011924505
0.0026034117
0.0016621351
0.0011813641
0.0014742613
0.0010495186
0.00052177906
0.0008286238
0.0029256344
0.0021814108
0.0015915632
0.002475977
0.001783371
0.0019899607
8.702278e-06
0.0014380217
0.0023815632
0.00086963177
0.0013489723
0.00233078
0.002870798
0.0013866425
0.0025455952
0.001689434
0.0022633076
0.0014512539
0.0022132397
0.0014749765
0.0018997192
0.0010151863
0.00071799755
0.0042647123
0.002359271
0.002350092
0.001480341
0.00041019917
0.0004748106
0.0027635098
0.00203228
0.0018014908
0.00044751167
0.0019266605
0.001834631
0.0017210245
0.0025725365
2.0384789e-05
0.0029127598
0.0011432171
0.0013849735
0.0012608767
4.208088e-05
0.0010924339
0.002072692
0.002006054
0.0023912191
0.00020635128
0.0017384291
0.0020411015
0.0013122559
8.34465e-05
0.00213933
0.00044608116
0.0018976927
0.00042366982
0.000567317
3.9339066e-06
0.0018314123
0.0019741058
0.0027210712
0.003404498
0.0021420717
0.0012905598
0.0014286041
0.0011051893
8.666515e-05
0.00037109852
0.0016809702
-3.5762787e-07
0.00041890144
0.0020086765
0.0
0.00096678734
0.0018591881
0.0020264387
0.0018063784
0.0028243065
0.00068295
0.0026670694
0.00056898594
0.0014529228
0.0015141964
0.002924323
0.0010902882
0.0034275055
0.0024454594
0.004843712
0.0007032156
0.002205491
0.0014908314
0.0027339458
0.0029739141
0.0016920567
0.0025401115
0.0021647215
0.0018589497
0.00026333332
0.0021344423
0.000654459
0.0013481379
0.0009559393
0.0022386312
0.0024050474
0.0002374649
0.0019488335
0.0011248589
0.0012390614
0.00036370754
0.002611041
0.0013885498
0.002429366
0.002376914
0.00088870525
0.002495408
0.0019851923
0.0011180639
0.0009969473
9.703636e-05
6.330013e-05
0.0017071962
0.0027463436
0.0005956888
0.0011086464
0.0016642809
0.0012828112
0.0023328066
0.003042817
0.0024420023
0.0025385618
0.0009242296
0.0019760132
0.0029147863
0.00074338913
0.0033432245
0.0011533499
0.0022906065
0.0013489723
0.00011897087
0.0019131899
0.0020228624
0.001504302
0.0012390614
0.00021743774
0.0025541782
0.0022851229
0.00049090385
0.0015282631
0.0017300844
0.0004492998

0.0020817518
0.0013227463
0.001647234
0.0023950338
0.001666069
0.0021499395
0.0021568537
0.0027718544
0.0002875328
0.0026649237
0.00031089783
0.0014966726
0.00010538101
0.0019466877
0.0024061203
0.0014774799
0.002098322
0.0011148453
0.0018119812
0.0013729334
0.0019147396
0.0013927221
0.0026738644
0.0010418892
0.0016906261
0.0023351908
0.0010659695
0.0014848709
0.0015405416
0.0019869804
0.0023909807
0.0014197826
0.002341628
0.001532793
0.00039613247
0.00053429604
0.0017060041
0.0020982027
3.0994415e-06
0.0011301041
0.001367569
0.0024033785
0.00093090534
0.0018997192
0.0014075041
1.21593475e-05
0.0013079643
0.0007240772
0.0013577938
0.0020542145
0.0005748272
0.0003620386
0.0014755726
0.00067424774
0.002436161
0.002390027
0.002019167
0.00243783
0.0030264854
0.0014270544
0.0011490583
0.0019153357
0.00030982494
0.0014666319
0.0008248091
0.0021384954
0.0013992786
0.0020951033
0.002237916
0.0025068521
0.0025285482
0.002150774
0.002527237
0.002602458
0.0016813278
0.0027930737
0.0017040968
0.0012125969
7.5101852e-06
0.0020132065
4.6491623e-06
0.0014768839
0.001419425
0.0006147623
0.0014766455
0.0034276247
0.000118494034
0.001611948
0.00094366074
0.001164794
0.0014016628
0.0017046928
0.0018671751
0.001814723
0.00044596195
0.0015304089
0.0019875765
0.0011978149
0.0013957024
0.0017704964
0.0006479025
0.0014913082
0.002788186
0.00041782856
0.0010461807
0.0023305416
0.0013856888
0.0015479326
0.0014156103
0.0013891459
0.0014314651
0.0006586313
0.0027432442
0.0007072687
0.0018360615
0.0024276972
6.6161156e-05
2.0742416e-05
0.002679348
0.0008751154
0.00026762486
0.0012893677
0.0017801523
0.0016608238
2.4199486e-05
0.0021219254
0.0022251606
0.00041806698
0.0019358397
0.0021523237
0.0021030903
0.002683878
0.0021971464
0.0019720793
0.0025851727
0.001740098
0.0013142824
0.0020569563
0.00047791004
0.0018746853
0.000993371
0.0025376081
0.0018080473
0.0012472868
0.001987934
0.0008583069
0.0010567904
0.00034689903
0.00027406216
0.0024403334
0.0011446476
0.00055885315
0.00048947334
0.00090396404
0.0016274452
0.0027444363
0.00086927414
0.0012146235
0.0012493134
0.002309084
0.0018681288
0.0010002851
0.000654459
0.0011417866
0.0010515451
0.00013494492
0.0018513203
0.0014121532
0.0028002262
0.001106739
7.6293945e-06
0.0024517775
0.0011612177
0.0013427734
0.0013324022
0.0010483265
0.0016874075
0.0018649101
0.0026859045
0.0013426542
0.0023112297
0.002855301
0.0001565218
0.002728939
0.0005699396
0.0012025833
0.0022017956
0.0045229197
0.00047302246
0.0025259256
0.00060403347
5.197525e-05
0.0004194975
0.0003387928
0.0010035038
0.0020986795
0.0016423464
0.0020956993
0.00028681755
0.0026637316
0.0020867586
0.0017559528
0.0019010305
0.0012769699
0.0007339716
0.001095295
0.0009952784
0.002333045
0.001799345
0.0020496845
0.0020900965
0.0013623238
0.0014947653
0.0014992952
0.0019927025
0.0006327629
0.0030356646
0.000664711
0.0013885498
0.0031579733
0.0013241768
0.0020854473
0.0017756224
3.6239624e-05
0.002539277
0.0019785166
0.0025279522
0.00010788441
0.0033459663
0.0013563633
0.0018761158
0.0015772581
0.0019665956
0.0020455122
0.0021246672
0.0025639534
0.002219677
0.0007174015
0.001889348
0.001740098
0.0029615164
0.0020772219
0.002573371
0.0025455952
0.0006158352
0.0021662712
0.0024391413
0.0014380217
0.0018064976
0.001175046
0.0035877228
0.0024706125
0.0020779371
0.0026584864
0.0020631552
0.0014375448

0.0005298853
0.0011398792
0.00088596344
0.0005198717
0.0006572008
0.0013415813
0.0010511875
0.0012462139
0.0007805824
0.0005092621
0.0010268688
0.0010489225
3.683567e-05
0.0009018183
0.0012010336
0.0008569956
0.0006350279
0.0006221533
3.5762787e-07
0.00074732304
0.00069093704
0.0009992123
4.3153763e-05
0.00011527538
0.00096154213
0.0008329153
0.00023174286
0.0019488335
4.9352646e-05
3.0040741e-05
0.00061285496
0.0004696846
0.00035333633
0.0001308918
0.00039708614
0.00017940998
0.00041425228
0.0011036396
0.0007982254
0.0005606413
0.00074255466
0.0003708601
0.0013189316
3.838539e-05
0.0011755228
0.00042247772
0.0012482405
0.00083339214
0.0009562969
0.0014160872
0.0005956888
0.0006301403
0.00013124943
0.0006453991
0.0007016659
0.00033926964
0.00027906895
0.0005785227
0.0010050535
0.00077426434
0.00051915646
0.0013730526
0.0003951788
0.00024974346
0.0010153055
0.00071418285
0.0014539957
0.0011115074
0.00018262863
0.0015070438
0.0010931492
0.0005197525
0.0012171268
6.020069e-05
0.0010478497
5.7697296e-05
0.0005207062
0.00014615059
8.690357e-05
0.00041627884
0.0011527538
0.00023341179
0.0007368326
0.0010743141
0.0007086992
0.0006545782
0.00010430813
0.0004891157
0.0011470318
0.0010039806
0.0005185604
0.0017604828
0.00023150444
0.0007658005
0.0004439354
0.0009481907
0.00023972988
0.0010061264
3.8146973e-06
0.0011330843
0.0008134842
0.0013509989
0.00076544285
0.0007163286
0.0012310743
0.00071680546
0.0008057356
0.001170516
0.000993967
0.0015434027
0.0008121729
0.00080513954
0.00029027462
0.0018466711
0.0003631115
0.0012636185
0.00051271915
0.0012996197
0.0020623207
0.00017893314
0.0008562803
0.00038909912
0.00042641163
0.0010104179
0.0013856888
0.0009009838
4.7802925e-05
0.0011239052
0.0007238388
0.0004248619
0.00077593327
0.00046992302
0.0010464191
0.0007055998
-1.4305115e-06
0.0010039806
0.0002862215
0.00026464462
0.00024569035
0.0005970001
0.00088334084
0.0012027025
0.0008146763
0.00028812885
0.0010317564
5.352497e-05
0.0012725592
0.000103235245
0.0005069971
0.0010522604
0.0009138584
0.0009306669
0.0011119843
0.000567317
0.001336813
0.0008112192
0.0011963844
0.0015569925
0.0002193451
0.0010131598
0.00040745735
0.00083470345
0.0012439489
0.0011622906
2.014637e-05
0.00053322315
0.00024962425
0.0010812283
0.0013096333
0.0011889935
0.0006171465
0.00016856194
0.0010800362
0.00083887577
0.00035881996
0.0006810427
1.1444092e-05
0.00014996529
0.0015622377
0.0003414154
0.0011656284
1.2636185e-05
0.00018322468
0.0008379221
0.00072586536
0.0012995005
0.0007762909
0.0012053251
0.00038218498
3.0755997e-05
0.0003247261
0.0005096197
0.0011589527
0.001204133
0.00011408329
0.0012995005
0.0006878376
0.00023162365
0.000672102
0.00054621696
0.00060999393
0.00057435036
0.0011987686
0.0004930496
5.1259995e-05
0.0007995367
9.536743e-07
0.00083220005
0.0012176037
0.0008560419
0.00011122227
0.00040972233
4.1007996e-05
0.00025820732
0.00090777874
0.0005956888
0.0010046959
0.00042390823
0.0012862682
0.0007265806
0.00038158894
0.0007413626
0.0011444092
0.0013972521
0.0017755032
0.0004554987
0.0002001524
0.00036263466
0.00095391273
2.3841858e-06
0.00075650215
0.0013673306
0.00055396557
0.00035369396
0.0014781952
0.0009943247
0.00096166134
0.0012280941
0.0015934706
0.0010569096
0.00020062923
0.00045335293
0.0006759167
0.00020647049
0.0006663799
0.00011134148
0.0009857416
0.0011096001
0.0018082857
0.0009537935
0.0006580353
0.00026988983
7.9631805e-05
0.0006374121
0.0005106926
0.0011330843
0.00065505505
0.00044834614
0.00015640259
0.0012009144
0.0011111498
0.0008773804
0.0007675886
0.00142169
0.00086808205
0.0011987686
0.0008305311
6.41346e-05
0.00055110455
0.0011712313
0.00061154366
4.017353e-05
1.41859055e-05
0.00026667118
0.001199007
0.0006942749
0.0007138252
0.0013996363
0.0011136532
0.0008237362
0.00075018406
0.0003553629
2.6583672e-05
2.7775764e-05
0.0013194084
0.0012300014
0.00043284893
0.0007170439
0.00039708614
0.0015009642
0.00092053413
0.0008459091
0.0011440516
0.0008535385
0.00090277195
0.0005220175
5.00679e-05
0.00018799305
0.0011483431
0.0019737482
0.00061428547
0.00020456314
0.000880003
0.0007663965
0.0015351772
4.7683716e-07
0.00094115734
0.0012688637
0.0011318922
0.00097441673
0.0010447502
0.00020575523
0.00036406517
0.0005187988
0.000100016594
0.0011819601
0.0015510321
0.0013669729
0.0010751486
0.0011342764
0.0008299351
0.0005286932
0.0011943579
0.00019645691
0.00015687943
0.0009676218
0.0009901524
0.0015002489
0.00021445751
1.1920929e-07
0.0008685589
0.00015950203
3.5762787e-06
0.0015535355
0.0008021593
0.00025320053
0.0006555319
0.0008921623
0.00078451633
0.0007857084
0.00021743774
9.226799e-05
8.34465e-06
0.00071299076
0.0004441738
0.0001667738
0.0010291338
0.0012500286
0.00089907646
0.0011080503
0.00062692165
0.00014984608
0.00026369095
0.0003939867
0.0008518696
0.00023365021
0.0007327795
0.00025689602
0.00056779385
0.001122117
0.0012235641
0.00048613548
0.0007545948
0.0010114908
0.0008581877
0.00085520744
0.00027155876
0.0009435415
0.000254035
0.00064730644
0.0009096861
0.00052702427
0.00062835217
0.00128901
0.00015628338
0.0011013746
0.0005573034
9.1671944e-05
0.00095140934
0.0007303953
0.0009059906
0.00011229515
0.00047373772
0.001552105
0.00043022633
0.00075256824
0.0008417368
0.0009895563
3.6478043e-05
0.00019657612
0.0010924339
0.00041162968
0.000705719
0.0011446476
0.00021219254
0.0013302565
0.0004887581
0.00020837784
-3.5762787e-07
0.0011401176
0.00033581257
0.0011301041
0.0011603832
0.0005953312
0.00072813034
0.0016863346
0.00057435036
0.0011575222
0.00018131733
1.8239021e-05
0.00068330765
8.8095665e-05
0.0007890463
0.0008918047
0.0005965233
0.0010941029
0.00040066242
0.001024127
0.0011628866
0.0003373623
0.0011651516
0.0009317398
0.0006545782
-3.5762787e-07
0.0011450052
0.0011013746
0.0019015074
0.0010997057
0.00036275387
0.0009211302
4.053116e-05
0.0009510517
0.00072586536
0.0014545918
0.0011761189
6.0796738e-06
0.00072431564
0.00093734264
0.00018894672
0.00084507465
0.000197649
0.0014172792
0.0004117489
0.0014052391
0.00093364716
0.00063586235
0.0009839535
0.0008826256
0.0014415979
4.8279762e-05
0.00032615662
0.00039684772
0.00010943413
0.00081932545
1.180172e-05
0.0011451244
0.0012603998
0.0008509159
0.00065386295
9.6321106e-05
0.0014773607
0.0014358759
0.0009435415
1.66893e-06
0.0013304949
0.0016583204
0.0009576082
0.00086808205
0.001221776
0.00039982796
0.0009407997
0.00020503998
0.00039434433
0.00090038776
0.0007073879
0.0014778376
0.0009547472
0.0007458925
0.0009601116
0.0003759861
0.0006264448
0.00077807903
0.00024938583
0.00081145763
0.000923872
0.0009622574
0.0013740063
0.00042307377
2.8014183e-05
0.0012390614
0.0007196665
0.001729846
0.001717329
0.00086688995
0.000305295
0.0015251637
0.0014669895
0.0021609068
6.9499016e-05
0.0013492107
0.00017893314
4.7683716e-06
0.0012514591
0.0017169714
0.0011601448
0.0007792711
0.00089001656
6.186962e-05
0.0010230541
0.00067448616
0.0005954504
0.00014531612

0.00051164627
0.0011472702
0.00071012974
0.00097608566
0.0007855892
0.0007812977
0.0003695488
0.0011928082
0.0014135838
0.0005992651
0.00051259995
0.0006984472
3.85046e-05
0.0010335445
0.0006532669
0.00092983246
0.0006735325
0.00045371056
0.00037181377
0.00063598156
0.00062322617
0.00030839443
1.1920929e-05
0.00063824654
0.0009019375
0.0008405447
0.0007259846
8.916855e-05
0.00082314014
0.00017750263
0.00074732304
0.0007865429
0.00057947636
0.0007978678
0.00046634674
0.0006541014
0.001352787
0.00095927715
0.0003992319
0.0005272627
0.001464963
0.00021028519
0.000980854
2.9087067e-05
0.0014554262
0.00092458725
0.0004595518
0.0013548136
0.00064766407
0.00063824654
0.001416564
0.0009149313
0.00062680244
0.0011709929
1.9192696e-05
0.00010097027
0.001168251
0.001178503
0.0012397766
0.0011731386
0.00022923946
7.1525574e-06
0.0012909174
0.0011856556
0.00052440166
0.0011988878
0.0004377365
0.0003658533
0.00078189373
0.00067579746
0.00027024746
4.6491623e-06
0.001023531
0.00023794174
0.00051641464
0.0007505417
0.00093603134
0.00047183037
0.0008971691
0.0013895035
0.00011742115
0.00014436245
0.0014327765
0.0013637543
0.0011427402
0.00039577484
3.8146973e-06
0.0009690523
0.0010815859
0.00074386597
0.0009328127
0.0007760525
0.0008536577
0.00019860268
0.0012702942
0.0015151501
0.0013667345
9.059906e-05
0.0006002188
0.0007505417
0.0005233288
0.0004658699
2.9802322e-05
0.00070154667
0.00043296814
0.0003502369
0.00060880184
0.00028836727
0.0008724928
0.0005725622
0.0008416176
0.0002655983
0.0008187294
0.0009162426
0.00065398216
0.0010982752
0.00084638596
0.00046873093
0.0011143684
0.001457572
0.0010066032
0.00041031837
2.7298927e-05
0.00062942505
0.00017046928
0.0008312464
0.0016280413
0.0011432171
0.00022220612
0.0014374256
0.0010305643
0.000626564
0.00063860416
0.00018680096
0.0009498596
0.00035202503
0.0010505915
0.00054752827
0.00018632412
0.0007286072
1.4066696e-05
0.0012494326
0.001013279
0.0007369518
0.00024938583
0.0015883446
0.00088763237
0.001249671
0.0008659363
0.00037682056
0.0008968115
0.00069463253
0.0005571842
0.001126051
7.891655e-05
0.0005875826
0.000338912
0.00034177303
0.0005213022
0.0011428595
0.00034332275
0.00082457066
0.00050616264
0.00070238113
0.0005289316
0.0009611845
0.00063586235
0.0008379221
0.0009829998
1.5377998e-05
0.0012341738
0.00059068203
0.00074625015
0.0011649132
0.0009356737
0.00075626373
0.0012966394
0.00051009655
0.0006211996
0.0006170273
0.0012606382
0.0011774302
0.00050497055
0.00018262863
3.5762787e-05
0.00033557415
0.0007662773
0.000993371
0.00037014484
0.00016665459
0.0002645254
0.0017592907
0.0008583069
0.0006505251
0.00028777122
0.00025951862
0.0013725758
0.00015771389
0.00027787685
8.72612e-05
0.0006045103
0.0009200573
0.001095295
0.00048732758
0.00011205673
0.00089740753
0.00051891804
0.00096845627
0.00015747547
0.0008999109
7.7962875e-05
0.0012586117
0.00041294098
0.00094640255
7.1525574e-07
0.00080645084
0.0005786419
0.0007762909
0.0004248619
0.00046026707
0.0013867617
0.0011818409
0.00076782703
0.0011986494
0.00041401386
0.0007790327
0.0001887083
0.0014710426
4.9471855e-05
0.0003527403
0.0001449585
0.0009704828
5.1259995e-05
0.0009576082
0.0005123615
0.0010360479
0.0001834631
0.0007059574
0.00095129013
0.00058496
0.0009806156
0.0008352995
0.00039482117
0.0011205673
0.0002732277
1.1920929e-07
0.0011439323
0.0009855032
0.00019061565
0.00045990944
0.0011339188
8.690357e-05
0.0002090931
0.0010222197
0.0011461973
0.0012233257
0.0008504391
0.00029671192
0.0009447336
0.000698328
9.071827e-05
0.00021278858
0.0004464388
0.00097358227
0.00022232533
0.00022184849
0.00078487396
0.00078070164
0.0011256933
0.00042772293
0.0004836321
0.00022828579
0.0014227629
0.0011241436
0.0016800165
0.00057053566
0.001024127
3.683567e-05
0.00014841557
0.00017905235
2.5629997e-05
5.90086e-05
0.0014253855
1.4901161e-05
0.00065004826
0.0007330179
0.0003951788
0.00048208237
0.000310421
0.00036287308
0.00022363663
0.00018942356
2.014637e-05
0.0012537241
0.0010960102
0.0001834631
0.0011774302
0.00085127354
0.0014206171
0.0008075237
0.0014010668
0.001437068
0.00016510487
0.0007944107
0.000554204
0.00037956238
0.00021100044
7.1525574e-06
0.00034487247
0.0011665821
0.0001834631
0.0010584593
0.00033783913
8.535385e-05
0.0004338026
0.00075411797
6.389618e-05
0.00038015842
0.00040769577
0.00069999695
0.0002975464
0.0008075237
0.00071048737
0.0007007122
5.543232e-05
0.0007606745
0.0009328127
0.0005917549
0.0013526678
0.00075912476
0.0014475584
0.0009847879
0.00041043758
0.0011230707
0.0011572838
9.536743e-07
0.0017738342
0.0004918575
0.0007907152
0.000395298
-2.3841858e-07
0.0010576248
0.0013116598
0.00019037724
5.1140785e-05
0.0015101433
0.0011280775
0.00025248528
0.00070023537
0.0006788969
5.841255e-06
0.0006480217
0.00078880787
1.5735626e-05
0.00017178059
0.0004889965
7.224083e-05
0.0010813475
0.00075280666
0.00011181831
0.0005557537
0.0011153221
0.0010365248
-7.1525574e-07
0.0010787249
0.0013313293
0.0004748106
0.00022757053
0.0016366243
0.00059878826
0.00010406971
0.0005184412
0.0003361702
0.00096964836
0.0011851788
0.0011734962
0.0013102293
0.0011434555
0.00091814995
0.0007208586
0.0014514923
0.00091314316
0.0009850264
0.0013641119
0.00035583973
0.0007523298
0.0010415316
0.00020217896
0.00035905838
0.00068342686
0.0013228655
0.00019931793
0.001686573
0.00043094158
0.00020349026
0.00091052055
9.4771385e-05
0.0007971525
0.0011661053
0.0012613535
0.00013101101
0.000531435
0.0006227493
0.0008177757
0.00028681755
0.00031626225
0.0007261038
0.00093877316
3.5881996e-05
0.00023329258
0.0012100935
0.0009789467
0.001240015
0.00024366379
0.0013574362
0.0009775162
0.00060606
0.00046098232
0.0009229183
0.0010824203
3.2186508e-06
0.001378417
4.4465065e-05
0.0004492998
0.00039613247
0.00015544891
0.0011588335
0.00064086914
0.00013530254
0.00045514107
0.0020222664
0.0007624626
0.0016494989
0.000207901
0.0012210608
0.000770092
0.0003170967
0.0010601282
2.2649765e-06
0.0017296076
0.00054848194
0.0006085634
0.0013709068
0.0001835823
6.4611435e-05
0.00018513203
0.0013296604
0.00045645237
0.0012331009
0.0007401705
0.00043046474
0.0012072325
0.00052928925
0.00068736076
0.0007802248
0.0006093979
0.0005507469
0.0010902882
0.0013586283
0.00025641918
0.0006211996
0.0010112524
0.0010066032
0.0011211634
0.00016713142
0.0009623766
0.001126647
0.00016450882
0.00031006336
0.0012440681
0.0008378029
0.00050628185
0.0007510185
0.0010660887
0.00016784668
0.0007802248
0.0009152889
0.00086188316
0.0006593466
0.0014742613
0.0009672642
0.00092864037
0.0011931658
0.0015755892
0.0010859966
0.0010719299
0.00042068958
0.0008665323
0.0004941225
0.00041246414
0.0015752316
3.707409e-05
0.0010849237
0.00045728683
0.0009549856
0.0012094975
0.0010745525
0.0006752014
0.0008870363
0.001386404
6.03199e-05
0.0008279085
0.0012526512
0.0013421774
0.00041627884
0.0009057522
0.00032532215
0.001583457
0.0008765459
0.0012567043
0.001578927
0.0009723902

0.00039720535
0.0008869171
0.00010955334
2.336502e-05
0.00011873245
9.441376e-05
0.0019290447
5.9247017e-05
0.00012671947
0.00025212765
6.0796738e-06
0.0011096001
0.00021886826
0.0004159212
0.0032910109
1.4543533e-05
0.00042378902
0.0009111166
0.0009405613
6.4373016e-06
0.0007365942
0.0016758442
0.000166893
0.00016748905
6.341934e-05
0.0010858774
0.00031900406
0.0012079477
0.000659585
0.00080788136
0.00048565865
0.0018478632
0.00030696392
1.0728836e-06
1.9431114e-05
0.0012133121
0.0009561777
5.8054924e-05
0.0005041361
0.0008112192
0.0005772114
0.000911355
0.00017940998
0.00011909008
0.0024533272
0.0001912117
0.0018113852
0.0015259981
4.553795e-05
0.0005917549
7.581711e-05
8.749962e-05
0.00021660328
0.00012516975
0.00087451935
5.209446e-05
0.00019097328
0.00071048737
0.0011578798
3.159046e-05
0.00019645691
0.00014257431
0.0010745525
0.0013896227
0.0005273819
2.2053719e-05
0.0011771917
0.0018997192
0.000577569
0.0029820204
0.00019645691
0.002286315
0.00031208992
0.00029194355
0.00057804585
0.001150012
0.00013971329
0.00067687035
0.00046730042
0.00011122227
0.0010272264
0.00055742264
0.00034964085
0.00018072128
1.347065e-05
0.0005283356
0.00015461445
0.0013753176
3.6597252e-05
0.0003017187
0.00039374828
0.0006839037
7.200241e-05
0.00015175343
0.0008134842
2.3126602e-05
0.0021736622
0.0013206005
0.00027251244
0.0010458231
0.00027418137
0.00041627884
0.0019807816
0.00041425228
0.0021139383
0.00017750263
0.0017358065
0.002023697
6.186962e-05
0.00018489361
0.00022172928
0.002784133
0.0001052618
0.0010117292
0.00024485588
0.0004364252
0.00023174286
0.0010598898
0.00076949596
0.0011361837
0.0003939867
0.00016260147
0.0009623766
4.4226646e-05
1.1563301e-05
0.00033950806
4.7683716e-06
0.0011650324
5.4597855e-05
0.00043070316
0.00065231323
0.00019001961
0.0002963543
0.00044250488
0.0007891655
0.0004734993
0.0008780956
0.0006682873
0.00021672249
0.00014579296
0.00106287
0.0016790628
0.00012207031
7.1525574e-06
0.00044548512
0.0004274845
0.00022423267
0.0009473562
0.00040400028
0.00022315979
3.0994415e-06
0.0011291504
0.00038313866
0.0002487898
0.0004364252
0.0002450943
0.0005545616
0.0004928112
0.0012508631
0.003455639
0.0002193451
0.0012105703
0.0022389889
0.00081574917
0.00029611588
0.00022995472
7.18832e-05
0.0007674694
0.00049340725
0.00090646744
0.0005129576
0.0005364418
0.00062572956
0.0006971359
0.0018135309
0.00039374828
0.0010348558
8.952618e-05
0.00040853024
0.0032013655
6.914139e-06
0.00026845932
1.8835068e-05
1.013279e-05
0.0007739067
-3.5762787e-07
7.736683e-05
0.000110030174
0.00042581558
0.00010883808
0.001108408
8.6188316e-05
0.0006145239
0.0009331703
0.0005078316
7.164478e-05
0.00035476685
0.00029814243
0.00012910366
2.7418137e-06
0.00029218197
0.0025583506
0.0006351471
0.0015376806
0.00023078918
0.00019717216
0.00050008297
6.1273575e-05
0.00059843063
0.00012362003
0.002308011
2.9921532e-05
1.0728836e-06
0.00030112267
0.00010418892
0.0025503635
0.0026578903
0.0010192394
0.000477314
0.00043165684
0.00053441525
0.0013546944
3.4570694e-05
6.365776e-05
0.0006631613
0.0005745888
0.00075387955
0.00041866302
0.000111460686
0.0009446144
0.00048434734
0.0013465881
0.0021134615
0.005185485
0.0010415316
0.0025839806
0.0003054142
0.0003591776
8.46386e-06
9.1314316e-05
0.00017893314
0.001277566
0.0012580156
6.175041e-05
8.273125e-05
0.0033334494
0.0006452799
0.00059103966
5.209446e-05
0.0002565384
0.00086700916
0.001234889
0.0009338856
0.0012532473
1.692772e-05
0.0011285543
0.00016212463
0.0004143715
0.0006401539
0.0009772778
2.6226044e-05
6.902218e-05
0.001349926
0.0013309717
6.258488e-05
0.0016198158
9.655952e-06
0.00010514259
0.00024271011
0.00077450275
8.225441e-06
0.00060379505
0.0047547817
0.00280118
0.00037026405
0.0045170784
0.0008035898
0.0034457445
1.1086464e-05
0.00024580956
0.00024914742
0.00082826614
0.00012600422
6.9499016e-05
0.0003732443
0.0018876791
0.0012803078
0.002035141
0.00020110607
0.0004899502
0.00034487247
0.00015091896
0.00024199486
0.0010614395
1.1205673e-05
0.0004068613
0.0016745329
0.00019621849
0.0019305944
0.0016931295
0.00017762184
0.00042164326
0.00015962124
2.5510788e-05
7.4505806e-05
2.7418137e-06
0.000336051
0.00051248074
0.00021409988
0.00011456013
0.000106573105
0.0003954172
0.00048398972
0.00027036667
0.0011658669
0.00069248676
0.0005249977
0.002959609
0.0015230179
2.3245811e-05
0.00038957596
0.0017250776
0.0017923117
0.0010750294
0.0002707243
0.0025660992
0.00041234493
0.00024473667
8.4877014e-05
0.003318429
0.0021033287
0.0011655092
0.00021147728
0.000116586685
0.00015509129
0.00036489964
4.0888786e-05
2.7179718e-05
0.0006135702
0.00018119812
2.503395e-06
0.0005836487
3.6597252e-05
0.000664711
0.0
0.0015143156
0.00052058697
0.0010604858
0.00018179417
1.13248825e-05
0.000318408
0.0014241934
0.00027811527
5.2332878e-05
0.00077676773
0.00011396408
0.00041854382
0.00060260296
0.0013782978
0.0003093481
0.0008585453
9.536743e-05
0.003034711
0.0005248785
2.8371811e-05
0.00044381618
0.00030183792
0.00037240982
0.00080549717
0.0001052618
0.000238657
0.00064086914
0.00035309792
0.0008331537
-7.1525574e-07
0.0014115572
7.867813e-06
0.0019829273
4.017353e-05
0.00016891956
0.0008915663
0.00059580803
0.0007238388
0.00045084953
0.0003656149
0.0008983612
0.00018644333
0.0006341934
0.0005683899
0.00013554096
0.000792861
0.00014436245
0.00046622753
0.0011565685
0.00012683868
0.0034102201
0.00037503242
0.00080525875
1.66893e-06
0.00044620037
0.0008813143
0.0003824234
0.00015211105
0.00029432774
0.00020897388
0.0026929379
0.00032508373
0.0006468296
1.7762184e-05
0.00038790703
1.8000603e-05
0.0032180548
0.00015485287
8.201599e-05
0.00045514107
0.0009865761
0.002756238
0.0003219843
7.1525574e-06
0.00022697449
8.34465e-07
3.9339066e-06
0.0016824007
0.0002988577
0.000103116035
2.5749207e-05
0.0004798174
0.0015422106
0.0003671646
0.00016272068
0.001199007
0.0007158518
0.0012043715
8.106232e-06
0.000118374825
0.000202775
0.00041985512
0.0018965006
0.0009559393
0.00036406517
0.0014417171
0.0018957853
0.00087189674
2.1457672e-06
0.00015723705
0.0003142357
0.001021266
0.0009050369
0.000104904175
0.0005556345
4.529953e-05
0.00010550022
0.00031375885
0.0018638372
0.001767993
-2.3841858e-07
0.0022411346
0.00010788441
4.2676926e-05
0.00012433529
0.00026369095
0.00021111965
4.9233437e-05
0.0009701252
2.1576881e-05
0.0017387867
0.0013684034
0.0004993677
0.0019527674
0.0021531582
0.00010955334
0.00087070465
4.4107437e-06
0.00069379807
1.9907951e-05
5.3167343e-05
0.00056266785
0.00029838085
0.0025873184
0.0021369457
0.0001398325
9.6678734e-05
2.69413e-05
0.0013866425
0.0014038086
1.692772e-05
0.00091838837
2.6226044e-06
0.00036120415
0.00035369396
0.00073063374
0.0001335144
1.1920929e-07
3.2186508e-06
0.0005799532
0.00040221214
0.0015838146
0.00035965443
0.00013661385
0.0007894039
0.00054883957
5.7578087e-05
1.847744e-05
0.0001155138
0.00030970573
4.184246e-05
0.000905633
0.00010859966
0.00039350986
0.00028657913
0.00021791458
0.0004131794

3.349781e-05
8.380413e-05
0.00027894974
0.0002951622
0.00025200844
8.749962e-05
0.00047683716
0.0001693964
0.00053203106
0.0
0.0001538992
0.00015306473
0.00029492378
4.9591064e-05
2.7537346e-05
0.0005668402
0.00019073486
3.2663345e-05
0.0013071299
0.00019824505
0.001621604
0.0006712675
3.9219856e-05
0.0016146898
7.092953e-05
0.00072979927
0.00010848045
0.0002193451
0.0008070469
0.00040495396
0.0011011362
0.0007978678
0.00014436245
0.0016108751
1.1920929e-07
0.0004720688
0.0004248619
0.00022566319
0.00012993813
0.00020766258
0.0020877123
0.0
0.0010209084
0.00095391273
0.0016634464
0.000156641
3.695488e-05
0.00045716763
5.9604645e-07
0.0004950762
-1.1920929e-07
0.001886487
0.00012624264
0.00040352345
0.0003761053
0.00080382824
0.0006227493
0.0004605055
0.0012257099
8.392334e-05
0.0008075237
3.0875206e-05
0.00033938885
9.1314316e-05
0.00037622452
7.9631805e-05
0.00014221668
0.00013017654
1.0728836e-06
0.0011020899
9.894371e-06
0.0021896362
0.0011996031
0.00027894974
0.000111579895
1.7881393e-05
5.4836273e-06
7.1525574e-07
0.00055897236
0.00014281273
0.00074005127
0.00025105476
2.3841858e-07
0.0003247261
0.00031721592
0.00041270256
0.0012104511
0.00010216236
0.00089395046
9.953976e-05
0.0017055273
2.4318695e-05
0.0008896589
0.00092947483
0.0009868145
6.580353e-05
0.0005441904
0.00054848194
0.00074005127
0.0005939007
0.00089895725
0.00052189827
0.00013172626
0.0011115074
4.6491623e-06
5.9604645e-07
0.00047576427
0.0017963648
0.00039064884
0.0012046099
7.987022e-06
0.0007984638
-1.1920929e-07
0.0013571978
0.0016551018
0.0
0.00051677227
0.0004504919
0.0005581379
2.3841858e-07
0.0028705597
0.0006403923
4.9591064e-05
2.3841858e-07
0.00053346157
0.00039231777
0.00034463406
0.00020337105
9.059906e-06
0.00028181076
1.13248825e-05
0.00012731552
0.00023472309
0.00014865398
0.0021750927
7.724762e-05
0.0013304949
6.556511e-06
7.1525574e-07
9.3340874e-05
0.0004068613
8.249283e-05
1.4305115e-06
0.001262188
0.0004632473
9.286404e-05
0.00069105625
0.0016402006
0.00045764446
0.0004478693
0.00069081783
0.0012196302
0.0004823208
0.0021954775
0.0001616478
0.00016331673
0.00017750263
0.00023496151
0.0005480051
0.000113368034
0.00037884712
0.00011718273
0.0
0.0012319088
4.2915344e-06
0.0015294552
0.0021418333
3.4570694e-06
-1.1920929e-07
0.0014134645
0.00020122528
0.00017392635
1.5377998e-05
0.0011782646
3.2186508e-05
1.4901161e-05
0.00016129017
0.00044107437
8.010864e-05
0.0019116402
0.0011216402
0.00011062622
0.0006171465
-9.536743e-07
0.00015091896
0.000349164
0.0004014969
4.0650368e-05
0.0012049675
0.0003774166
0.00030875206
0.00022661686
0.00037777424
0.00035214424
0.0009562969
1.5497208e-06
0.0014923811
0.00028455257
0.00010538101
0.0011898279
0.0003169775
0.000541687
-1.1920929e-07
0.0002977848
0.0037878752
7.355213e-05
8.106232e-05
0.0002799034
0.0007059574
0.0009847879
0.00037312508
5.3286552e-05
0.00017142296
1.04904175e-05
0.0004221201
0.000108003616
0.00041902065
0.0018751621
0.000115036964
1.0609627e-05
0.0
0.0012147427
4.684925e-05
0.0012009144
0.00050735474
0.00084114075
0.0014798641
8.85725e-05
0.00024950504
0.0002117157
0.00015711784
0.00042498112
0.0006251335
0.00010037422
0.0005993843
0.0
0.00026118755
0.001229167
2.69413e-05
8.666515e-05
0.0014929771
0.0015306473
0.00020682812
0.00025236607
0.00014448166
0.0007442236
0.0
0.00021159649
0.00046873093
0.0010863543
0.0001001358
0.0008999109
0.0014526844
0.0017040968
7.43866e-05
4.7683716e-06
0.00010573864
0.00038564205
0.0004580021
0.0005182028
0.00012278557
0.00016593933
8.1181526e-05
0.0006226301
3.9339066e-06
3.540516e-05
1.1920929e-05
9.727478e-05
1.5497208e-06
0.00025713444
0.00094234943
0.0
0.000218153
0.00044572353
0.00035846233
3.0755997e-05
0.00016701221
0.00019443035
0.0011305809
0.001045227
0.0004130602
0.00020086765
0.0013561249
2.7298927e-05
0.0005391836
0.0014508963
8.606911e-05
5.2452087e-05
0.0016617775
8.368492e-05
0.0016828775
1.0609627e-05
3.7550926e-05
0.00053715706
0.00086951256
3.2544136e-05
0.00054323673
4.529953e-05
0.0
0.00079739094
0.0010882616
0.00070631504
0.00020563602
0.0002746582
0.00091922283
1.0728836e-06
0.00053310394
0.00034070015
0.00014269352
1.180172e-05
0.00048017502
0.00037050247
7.390976e-06
8.332729e-05
-1.1920929e-07
5.1259995e-06
0.000101566315
0.0012831688
1.7404556e-05
0.00060260296
0.001113534
0.0005007982
5.8412552e-05
0.00042259693
0.00073480606
0.00039553642
8.916855e-05
1.5497208e-06
0.0006363392
0.0007531643
0.0006825924
0.0005699396
3.7908554e-05
0.0016783476
0.0
2.1457672e-06
0.00020778179
0.00084114075
0.001922369
3.4928322e-05
0.00042033195
0.0002207756
0.0
0.00019395351
0.00020718575
0.0010728836
0.00033009052
0.0002757311
2.1457672e-06
0.0
0.0003540516
0.00056278706
6.496906e-05
9.858608e-05
0.00036656857
0.00054752827
0.0010973215
0.00020754337
0.0012744665
1.0251999e-05
0.0009422302
4.36306e-05
0.00075399876
2.2053719e-05
0.00039374828
0.0012122393
0.0017939806
2.3841858e-06
0.0004043579
4.2438507e-05
0.00022959709
0.00041341782
0.00039291382
0.0013277531
0.00046348572
3.5762787e-06
4.7683716e-07
0.00013589859
4.4822693e-05
0.0
7.1525574e-07
0.0008816719
0.00094652176
0.0018947124
0.001836896
1.04904175e-05
-4.7683716e-07
0.00032830238
0.0017172098
0.0005239248
1.1920929e-06
2.1576881e-05
0.0027142763
9.262562e-05
4.4107437e-06
1.4305115e-05
0.0001155138
0.00030767918
0.0019079447
0.0004851818
0.0
0.00026774406
0.0012539625
0.00018715858
6.663799e-05
0.0015039444
0.00042426586
0.00038468838
2.7537346e-05
0.00010716915
0.00065755844
0.0009698868
0.0011874437
0.00063335896
0.0015095472
0.000490427
0.00049579144
0.00013005733
0.00081419945
0.00027740002
9.536743e-06
0.00011098385
0.0002105236
0.0010601282
5.9604645e-06
5.4836273e-06
0.0004976988
0.0008043051
0.0010129213
7.259846e-05
0.00046551228
0.0012501478
0.00028252602
7.390976e-06
0.0011459589
0.00022876263
9.262562e-05
5.8174133e-05
0.00093245506
0.00046873093
1.04904175e-05
5.4597855e-05
0.0019789934
2.6226044e-06
0.0006637573
0.0003979206
0.00021839142
0.00038671494
0.00027799606
0.0007522106
0.0009983778
0.0012625456
0.00017130375
0.0008432865
3.3974648e-05
0.00073099136
0.001009345
0.0020463467
1.1920929e-06
0.00063467026
0.00018382072
0.00071287155
5.9604645e-07
0.0017644167
0.00029277802
0.000528574
0.00045251846
0.0005015135
1.180172e-05
1.1920929e-07
0.0003925562
0.001360178
0.001006484
0.0020157099
0.0011367798
1.6570091e-05
0.0009826422
2.5868416e-05
4.6491623e-06
0.0015664101
0.0015537739
0.0003566742
0.0017157793
0.00011718273
0.0018519163
2.360344e-05
0.0013275146
1.41859055e-05
0.00030982494
0.0012910366
0.00057065487
8.749962e-05
0.0001989603
0.0007882118
0.0013022423
0.0002554655
1.4901161e-05
0.0007045269
0.00011301041
8.237362e-05
0.00011622906
0.00020360947
0.0
0.00025486946
1.4305115e-06
0.00037407875
0.00075030327
0.00078094006
0.00037181377
0.0
0.0008468628
0.00021517277

0.00025582314
0.0004388094
0.00032186508
0.0016528368
0.0005890131
0.00078749657
0.0003490448
0.00056505203
0.0003631115
0.00012207031
0.0005441904
0.0009492636
0.00028014183
6.0081482e-05
0.00018596649
2.6226044e-06
0.0004056692
0.00024867058
0.0004976988
0.00013053417
0.0004338026
0.00047147274
0.0006811619
0.00023460388
0.00063955784
0.000264287
0.00019657612
0.0010509491
0.00016736984
1.1920929e-07
1.04904175e-05
0.0001335144
0.00066173077
0.0003296137
5.9604645e-07
0.000108361244
0.0005836487
0.00024473667
0.00012719631
0.00017213821
0.00016748905
0.0007305145
0.00014805794
0.00067961216
0.0007712841
0.0009702444
0.0006905794
0.00031459332
0.00067579746
0.00064241886
6.1392784e-05
0.0005478859
0.00024843216
0.00043809414
0.00068843365
0.0008575916
3.4213066e-05
0.0010291338
0.0
0.0006941557
1.1920929e-07
0.0011644363
0.00026535988
0.00012791157
8.34465e-07
0.0008227825
0.00028920174
0.0007263422
1.5377998e-05
0.001127243
0.0010170937
0.00046348572
9.679794e-05
0.00051677227
0.00087726116
0.0007185936
0.0013680458
0.00027763844
0.00061678886
0.00037562847
0.00081658363
0.0007944107
0.00055098534
0.0008094311
0.0002849102
0.00031101704
1.1086464e-05
0.0018213987
0.00096333027
0.00024271011
0.0005283356
0.0003026724
0.00013911724
6.186962e-05
0.0003746748
0.00035512447
0.0004632473
0.0
2.4318695e-05
6.532669e-05
5.722046e-06
0.00032913685
0.00080549717
0.0003272295
0.00073099136
0.0005273819
0.0007060766
0.00070369244
0.00018954277
0.00014865398
0.00045979023
7.593632e-05
0.0008304119
0.00048077106
0.00029623508
0.00057053566
0.0005042553
0.00030076504
0.00038778782
0.00020956993
2.5749207e-05
0.00028979778
0.0010112524
0.0002655983
6.8068504e-05
0.00024914742
1.1444092e-05
0.0013073683
6.341934e-05
3.838539e-05
2.2530556e-05
0.0006335974
0.0001707077
0.0016341209
0.00070273876
7.998943e-05
0.001886487
0.00019431114
0.00046670437
0.0
0.0005247593
1.7762184e-05
0.00058066845
0.0018008947
2.2053719e-05
0.00069892406
0.00013184547
0.0016206503
3.9339066e-06
0.00022625923
0.00089490414
0.00023770332
0.00049459934
9.346008e-05
0.0
0.0003851652
0.0004956722
0.000238657
0.0010293722
3.9577484e-05
0.00016629696
0.00013828278
0.00048089027
0.0002310276
2.3841858e-07
0.0004017353
0.00010359287
0.0013617277
0.0003926754
0.0011256933
0.00055754185
0.0
0.0007671118
0.0001951456
4.720688e-05
0.0007687807
0.0
0.00042426586
0.00051665306
0.00078451633
0.00012230873
8.547306e-05
0.00010251999
0.00088369846
0.0009781122
0.0008062124
1.21593475e-05
9.918213e-05
0.0011848211
0.000310421
0.0012737513
4.9829483e-05
0.00041162968
0.0015194416
0.00021231174
0.0001385212
0.00038182735
0.00049078465
0.0014923811
0.0006122589
0.00041162968
3.8981438e-05
2.861023e-05
5.6028366e-05
9.4771385e-05
0.00049448013
0.0
0.00083327293
1.7762184e-05
0.00022280216
0.00039184093
0.0009133816
0.0013477802
0.0003516674
5.6028366e-06
0.00014841557
0.00036668777
0.0003671646
-1.1920929e-07
0.0005943775
0.00050342083
0.00071942806
0.0003527403
0.0009315014
0.0007404089
3.0875206e-05
0.00038468838
0.0005302429
0.0011022091
0.00092351437
0.0004812479
0.0006071329
4.0769577e-05
0.00021326542
0.00039958954
0.0004963875
0.0012449026
0.0006453991
0.00025486946
0.00026094913
0.0012712479
0.0004518032
0.0008364916
4.9114227e-05
0.00012922287
0.0011638403
0.00030875206
0.00041151047
0.00083196163
0.00021314621
0.00139606
0.0017242432
0.00066792965
0.0
0.00028777122
9.202957e-05
0.00029599667
0.0014351606
0.00026667118
9.405613e-05
0.00087857246
9.596348e-05
0.00013124943
0.0006053448
0.0011912584
0.001159668
0.00047457218
0.0014761686
0.00057935715
0.00027275085
0.0004348755
9.536743e-07
0.0005066395
0.0005377531
7.867813e-06
0.00033807755
0.00037419796
0.00033974648
0.00032699108
0.0010006428
0.0003029108
0.00031673908
0.00023460388
9.3221664e-05
1.3232231e-05
8.1539154e-05
0.00070488453
0.00025749207
0.00021862984
3.862381e-05
0.0010774136
0.0003015995
0.00064885616
0.00020134449
0.0009198189
0.0
0.00037920475
8.952618e-05
0.0020942688
0.00046217442
0.00025892258
5.6028366e-05
0.00050520897
0.0007100105
0.00058186054
5.0902367e-05
0.00041413307
0.0009505749
0.000579834
0.0005028248
9.894371e-06
0.0004439354
0.00018000603
0.000700593
0.0010080338
0.0006055832
0.0008958578
0.0009855032
0.00047397614
0.00068342686
-1.1920929e-07
0.00041294098
3.85046e-05
1.2993813e-05
0.00028133392
0.00033771992
0.0011678934
0.00015938282
0.0008517504
0.00043439865
0.0003068447
0.00014531612
0.0010293722
0.001121521
0.0016053915
0.00074231625
0.00023686886
0.0008575916
0.00047779083
0.00051772594
0.000690341
7.903576e-05
0.0
0.0005155802
0.00047588348
0.0009781122
0.00053071976
0.001244545
0.0010281801
1.5616417e-05
0.0005956888
0.00032615662
1.4662743e-05
4.9710274e-05
0.00064229965
4.5776367e-05
0.0002541542
0.00094020367
0.0005791187
6.389618e-05
5.4836273e-06
0.00019288063
0.0003272295
0.0
1.9073486e-06
0.00010919571
0.0017597675
0.00011444092
0.00078105927
1.0728836e-06
0.0012543201
0.00091934204
0.0001552105
1.0609627e-05
0.00031232834
1.9550323e-05
0.00014400482
0.00018060207
0.0002629757
0.00015735626
0.0006159544
0.0004297495
0.0020200014
0.000672102
8.4877014e-05
0.0004146099
2.6226044e-06
6.0796738e-06
0.00016665459
0.0014753342
9.655952e-06
6.1273575e-05
0.00015103817
0.00039613247
0.00021243095
7.557869e-05
0.0012242794
0.0008339882
0.0005840063
0.001024723
0.0014156103
5.030632e-05
0.00038909912
0.00068581104
0.0005129576
0.000713706
1.9431114e-05
0.00023508072
0.00070261955
0.00011241436
0.00032532215
0.00030696392
2.3841858e-07
1.1920929e-07
2.0742416e-05
0.00019574165
0.0001654625
0.00022959709
0.00046682358
0.0009202957
0.0009481907
9.083748e-05
0.0007237196
0.00015890598
0.0003248453
0.00023317337
8.821487e-06
0.001420021
0.0010858774
0.0007030964
0.00051391125
0.0004876852
0.0017538071
0.00027298927
0.00048935413
0.00011193752
0.0017755032
0.00080549717
0.00072324276
0.00034928322
2.4795532e-05
0.000400424
0.00022149086
0.0
4.4107437e-06
0.00029277802
0.0010206699
0.0008907318
5.888939e-05
0.0004930496
0.00037050247
0.0003798008
0.00061929226
7.8082085e-05
0.00033855438
0.00051784515
7.998943e-05
0.0014747381
0.00090658665
8.094311e-05
0.0009602308
4.529953e-06
0.0005556345
0.00041401386
0.0011814833
0.00037777424
0.0001347065
0.000111460686
0.0002272129
8.833408e-05
0.00031006336
2.9563904e-05
7.939339e-05
9.4890594e-05
0.00022697449
0.00025129318
0.0006028414
0.00069594383
0.0004273653
0.00017082691
0.0008660555
4.7802925e-05
0.00094652176
0.00032114983
0.00029540062
0.00053834915
0.00044894218
0.0004235506
0.00024044514
3.027916e-05
0.00022816658
0.0005853176
0.0003399849
0.0006352663
0.000874877
5.9604645e-07
0.0008237362
0.0005364418
0.00051796436
0.001032114
0.00049209595
0.0009756088
0.00018048286
0.00036036968
0.0
0.00024926662
0.0008660555
0.00014519691
1.9073486e-06
0.00054073334
0.0007481575
5.555153e-05

0.00033712387
0.0010418892
0.00030469894
0.00024724007
0.00094139576
0.00038146973
0.00034081936
0.0010581017
0.00034308434
0.0014784336
0.0008404255
0.000625968
0.00067436695
0.0006713867
0.00072312355
0.00096428394
0.00060653687
1.1920929e-05
0.00055217743
7.903576e-05
4.374981e-05
0.0009701252
8.583069e-05
0.00030493736
0.00020372868
0.00070273876
4.3034554e-05
0.0006406307
0.00020873547
0.0004924536
0.0011094809
0.0008844137
0.00028419495
1.3113022e-06
0.00031793118
0.00045716763
0.0012149811
0.0012202263
0.001183629
0.0004477501
0.00020635128
0.0005748272
0.0007431507
0.0006290674
0.0011879206
0.001783967
0.00043284893
0.00043845177
0.00036215782
0.001111269
0.00012862682
0.00018596649
0.00051033497
0.00013422966
0.0008151531
3.4213066e-05
0.0004235506
0.00082552433
0.0005030632
0.0019769669
0.00020730495
0.00025486946
0.00062668324
0.00084769726
0.0008409023
0.0010720491
0.00046765804
0.0011767149
0.00072932243
0.00016129017
0.00084483624
0.0011377335
0.0006468296
6.67572e-05
0.00040829182
0.002724409
0.0006711483
0.0001527071
0.0009301901
0.0012550354
0.0007350445
0.0012080669
7.4505806e-05
0.0010583401
0.0019459724
0.00038921833
0.003123045
0.0001796484
0.0005427599
0.0002142191
0.000202775
0.00012409687
0.0006517172
6.4373016e-06
0.0005557537
0.0012440681
0.0007919073
0.00063443184
0.0006248951
0.0005874634
0.0005699396
0.00095129013
0.0005791187
0.0003029108
0.0005546808
0.00094151497
0.0002797842
0.0006377697
0.0
0.00034999847
0.0
0.0009880066
0.00037813187
0.00016522408
0.00036859512
0.0025775433
0.000119805336
0.0007275343
0.0003193617
0.0009390116
0.00023066998
0.0019147396
0.00029706955
0.0016630888
0.00059473515
0.0001283884
0.0008786917
5.5909157e-05
0.00026881695
0.00013244152
0.0001770258
0.00056779385
0.0011907816
0.0010364056
0.00041425228
0.00087451935
9.202957e-05
0.00057959557
0.0014685392
0.00034177303
0.0005925894
6.997585e-05
0.0009509325
0.0010226965
6.604195e-05
7.855892e-05
0.00058078766
0.00035750866
0.0
0.00038588047
9.88245e-05
0.00015223026
1.7523766e-05
0.00080800056
0.00024688244
0.00021874905
0.000957489
0.0016787052
0.00018382072
0.0008915663
0.0006750822
0.0010538101
0.0015069246
0.00019621849
0.00028812885
0.0012757778
0.00036144257
0.00058734417
0.0009789467
5.51939e-05
0.0009135008
0.00047659874
0.0006427765
0.0013225079
0.00063610077
0.0001950264
0.00044083595
0.0005596876
1.2636185e-05
6.258488e-05
0.00094652176
2.5629997e-05
0.00053298473
0.00024235249
0.0008472204
8.225441e-05
0.0012549162
0.0010097027
0.0005323887
2.6464462e-05
0.00066280365
0.0001333952
0.00044608116
0.00097346306
7.665157e-05
0.0010077953
0.0014500618
0.00012743473
0.00023174286
6.8068504e-05
0.0016545057
0.0010894537
0.00036406517
0.0004386902
0.0015026331
0.0020513535
0.0018993616
0.002184391
0.00018703938
0.00034499168
0.00012457371
0.0017622709
0.0004439354
0.00028789043
0.0024802685
0.00060629845
3.7670135e-05
0.00042891502
0.0021278858
0.00060141087
0.000731349
6.937981e-05
0.0012573004
0.00029075146
0.00025320053
0.00034618378
0.00034356117
0.0006580353
0.00012290478
0.0008481741
0.0009738207
0.00095641613
0.00037515163
0.0009887218
0.0015487671
0.0001553297
6.0081482e-05
0.00048434734
0.0007073879
0.0002002716
0.001231432
0.0004094839
0.0005939007
0.00081956387
0.0010880232
0.000823617
0.000705719
0.0022859573
0.0013090372
0.0011138916
0.00040400028
0.00016725063
0.0011236668
0.00079393387
0.00089263916
0.00067687035
0.0004428625
0.0011223555
0.0005763769
0.0007337332
0.00019931793
0.0010516644
0.0012214184
0.0013290644
0.00016760826
0.00060772896
0.0011531115
0.00013232231
0.00029695034
0.0012080669
0.000977993
0.0008304119
0.00066781044
0.00056660175
0.0014773607
2.9206276e-05
0.00021922588
0.00031280518
9.775162e-06
0.0004028082
0.00020849705
9.536743e-07
0.00012218952
0.00015246868
0.00028407574
0.0009382963
0.0006535053
3.504753e-05
0.0011868477
0.00011897087
7.843971e-05
3.2544136e-05
2.0980835e-05
0.000649333
8.583069e-06
0.0002117157
0.0007801056
0.0009810925
0.0010877848
0.0002092123
2.0623207e-05
0.00032818317
0.00032317638
0.00023829937
0.0011435747
0.0008844137
0.00064873695
8.1181526e-05
0.00029182434
0.00091314316
0.00025486946
0.0012050867
0.00013768673
0.0009088516
0.0017330647
0.0010699034
0.0003592968
0.00062966347
3.7550926e-05
0.000625968
0.0016794205
0.00018453598
0.0006301403
0.0014959574
0.0
0.0015269518
0.0007443428
0.0005662441
0.0007368326
5.555153e-05
2.5510788e-05
0.0008997917
0.001278162
0.00041007996
0.0008536577
0.00030732155
0.0
3.552437e-05
0.00041294098
0.0015063286
0.0009356737
0.001029849
0.00012850761
0.000113129616
0.0004479885
0.0011214018
0.000775218
0.0007468462
0.0008627176
0.00035345554
0.00027143955
0.00049877167
0.0011419058
0.00090265274
0.00011110306
0.0007312298
0.0012284517
0.0013551712
0.00019693375
0.0006068945
0.00020289421
0.0013022423
0.001221776
0.00012791157
0.0008906126
0.0003118515
4.2915344e-06
0.00015902519
0.0015244484
0.00043201447
0.00053060055
0.00060510635
0.00018179417
0.001237154
0.0006400347
0.000187397
0.00010967255
0.0010968447
0.00012660027
0.00073313713
0.0014677048
0.00038468838
0.0009253025
0.0
0.0006812811
0.000821352
0.0009764433
0.0011134148
8.046627e-05
0.000349164
0.00093603134
0.0
0.00042188168
0.0016433
0.00030767918
0.00067281723
0.0005520582
0.0012391806
6.9856644e-05
0.0013605356
0.0017145872
0.0007984638
0.0016415119
0.00015866756
0.00041854382
0.0006238222
0.00011456013
0.0010515451
5.9604645e-07
0.00020849705
0.00019145012
0.00052571297
9.9897385e-05
0.0013951063
1.66893e-05
0.00057315826
0.0012247562
0.00027000904
4.9948692e-05
0.0009162426
0.00056290627
0.0010352135
0.00012862682
0.0006015301
0.00026285648
0.0003606081
0.00045323372
0.0007686615
0.0004386902
0.00051379204
0.0008100271
1.2397766e-05
1.8239021e-05
0.0010100603
0.0013160706
0.0010251999
0.00034987926
0.0012581348
0.0020421743
0.0009008646
0.001050353
0.0003323555
0.0010458231
0.0017557144
0.001262784
0.000284791
0.00058436394
9.179115e-06
0.001819253
0.0008364916
0.0010502338
0.00011026859
0.00014734268
0.00047802925
0.0020253658
0.00016450882
0.0005425215
0.0005633831
0.00072169304
8.821487e-06
0.0005939007
0.00071287155
0.00013291836
0.00069880486
6.532669e-05
0.00057923794
0.00039172173
0.00031995773
8.8095665e-05
2.1219254e-05
0.00018882751
0.0006351471
0.0011630058
0.00019717216
0.0007534027
0.00012636185
0.0003039837
0.0006529093
0.0010304451
0.0007458925
0.00024557114
0.0008071661
0.0007953644
0.000264287
0.00019979477
3.0994415e-05
0.000682354
0.00020182133
0.001096487
0.00049221516
0.0004979372
0.0018429756
0.0013494492
0.0007594824
0.0006636381
1.180172e-05
0.0008043051
0.00047957897
0.00020086765
0.00073742867
2.9802322e-06
0.0002824068
0.00085794926
5.1140785e-05
0.0014959574
0.00047171116
0.00067436695
0.0005507469
0.00011265278
0.00037014484
0.0007814169
0.00034320354

0.03532684
0.027023554
0.043331265
0.04904008
0.037155032
0.04091072
0.029729843
0.027062893
0.029098034
0.028628707

