1.0108887
1.3754557
1.3689741
1.3568767
1.5242406
1.5558809
1.5608006
1.1373798
1.6723179
1.4507151
1.3278748
1.6569958
1.4368728
1.1205738
1.788576
1.5508173
1.2428879
1.3930438
1.9087032
1.2430458
1.530576
1.4160086
1.5013237
1.6835955
1.583978
1.6126777
1.5334016
1.2645355
1.639606
1.3983911
1.3787547
1.4005318
1.6673493
1.5043927
1.549841
1.501139
1.3444026
1.4422878
1.1866288
1.6676326
1.4934896
1.6500262
1.3866589
1.7766702
1.4752614
1.4266094
1.6145262
1.5315399
1.576261
1.3190804
1.4638827
1.457574
1.3378928
1.683362
1.3695939
1.5467721
1.757549
1.6814911
1.7401818
1.3644722
1.4009848
1.4786234
1.1522583
1.82007

1.3760238
1.6607236
1.4320257
1.5454925
1.5367603
1.5189106
1.6174334
1.4465135
1.4674834
1.4318532
1.5127987
1.5945063
1.599503
1.4946712
1.5288643
1.6129397
1.6268781
1.5121633
1.4479309
1.4978157
1.5081422
1.6967677
1.4936645
1.5160239
1.5592208
1.5254396
1.5254151
1.4677103
1.7242271
1.4954026
1.5781052
1.6283839
1.5136373
1.5638425
1.6078335
1.5578662
1.5899104
1.4331224
1.5279914
1.5513347
1.6882586
1.5189353
1.4145086
1.6508808
1.6130924
1.5308546
1.552761
1.4462782
1.7308333
1.934248
1.5360758
1.4658494
1.4684366
1.6099075
1.5844524
1.510225
1.5512174
1.8898163
1.4376199
1.6687466
1.6174357
1.5225796
1.5771947
1.6370345

1.464672
1.4257756
1.4447743
1.4655317
1.4749315
1.476396
1.5084319
1.4627749
1.4594661
1.4465729
1.457236
1.4100924
1.5780692
1.5008984
1.457286
1.5386413
1.5172429
1.4931828
1.4978149
1.3878107
1.5357851
1.4555783
1.4760994
1.5368966
1.4739997
1.5346067
1.4940964
1.5925512
1.5170695
1.492526
1.5444905
1.5213977
1.3849175
1.5220553
1.4410707
1.4395858
1.4358695
1.5086633
1.492119
1.4677916
1.4259312
1.4776192
1.5553045
1.4498342
1.4721516
1.3666009
1.4861054
1.4406716
1.4619763
1.3707427
1.4235091
1.4317071
1.5693884
1.5695951
1.4465294
1.5104271
1.4819256
1.5001082
1.434707
1.4772336
1.5143869
1.5022041
1.4665737
1.4972854
1.4398781
1.3860472
1.5002667
1.461151
1.3412987
1.543985
1.5551666
1.564699
1.4117541
1.463817
1.3980716
1.5322796
1.4784101
1.588754
1.5666671
1.480398
1.5288491
1.4855771
1.4166281
1.4989347
1.4338819
1.4358635
1.4364254
1.4773314
1.3789985
1.4802455
1.3989104
1.4970092
1.4617083
1.4321948
1.5244955
1.533268
1.5101602
1.4748374
1.5118245
1.4227703
1.4362767
1.4622918
1.4738623
1.4652692
1.5209367
1.4867247
1.4544146
1.4158437
1.4399608
1.5369475
1.3887117
1.4783915
1.5441858
1.4783615
1.4204599
1.3820717
1.4754635
1.4893552
1.54677
1.4503113
1.450001
1.4839365
1.4618424
1.3492818
1.4360813
1.41837
1.4823203
1.5319588

1.5804895
1.5490773
1.4061592
1.5309613
1.5321678
1.5046624
1.5377413
1.5100216
1.4280839
1.5489812
1.5659138
1.5092803
1.544837
1.543583
1.4194431
1.4118675
1.5141774
1.5369917
1.5460582
1.516067
1.496704
1.5631151
1.5290127
1.4688898
1.5641009
1.5039074
1.5259376
1.5315098
1.4263469
1.5397742
1.5577967
1.5337621
1.468133
1.4618974
1.4806873
1.4728382
1.4955462
1.4904298
1.4928755
1.526716
1.5101316
1.4836313
1.5764853
1.5189004
1.5096401
1.5042487
1.4487273
1.545925
1.5222428
1.4269193
1.5100229
1.4856826
1.434489
1.44129
1.511993
1.473517
1.5344219
1.5024234
1.5068978
1.4465376
1.4696327
1.5517979
1.5355408
1.5348991
1.5514922
1.491202
1.4307947
1.6339751
1.4783002
1.5879973
1.5099661
1.6229262
1.47233
1.4550294
1.4740003
1.4811268
1.4566164
1.5131552
1.5606253
1.4755559
1.4471884
1.5258178
1.560142
1.4727842
1.532349
1.4664168
1.5758791
1.4532472
1.52454
1.4416761
1.510637
1.4968908
1.5010507
1.4848629
1.5173607
1.4406594
1.533668
1.4729875
1.5922052
1.5337666
1.6086441
1.4749379
1.4216154
1.5808512
1.4530642
1.445903
1.5193245
1.4597429
1.5162084
1.5454079
1.5414501
1.4663737
1.6021858
1.4797632
1.5489377
1.4100248
1.519822
1.4631246
1.5235571
1.4055521
1.4268734
1.438554
1.4091167
1.4829183
1.5677987
1.5946192
1.4082549
1.5744617

1.4371189
1.5762066
1.4506463
1.4343364
1.4715949
1.4424238
1.5031791
1.4713693
1.4871475
1.4193988
1.4507426
1.4546939
1.4353102
1.4443222
1.433185
1.3970758
1.4130871
1.5099293
1.4807054
1.4287307
1.4062012
1.435299
1.5148063
1.4700233
1.457899
1.4708999
1.5103935
1.3816173
1.5297251
1.5157094
1.4091312
1.513103
1.4798986
1.5192894
1.5109779
1.5226113
1.4678079
1.3857094
1.3902205
1.3988233
1.52139
1.5246764
1.5085665
1.417651
1.4016236
1.5226666
1.4998622
1.4427313
1.4559069
1.4410229
1.4650656
1.4990109
1.410764
1.5270395
1.4568657
1.4512545
1.4520632
1.451059
1.4199445
1.4415209
1.4922895
1.3984731
1.4481825
1.5681796
1.5242361
1.4200947
1.5051279
1.5374322
1.4514766
1.4756664
1.5087391
1.4614923
1.5182168
1.4630309
1.5337843
1.4569265
1.4532151
1.450129
1.436747
1.4286066
1.4959513
1.470011
1.554715
1.48844
1.4454998
1.5424802
1.4949119
1.4506352
1.427461
1.4991801
1.3912637
1.5017785
1.4961818
1.546129
1.4634569
1.4947286
1.5221707
1.4854585
1.4582064
1.4787161
1.468696
1.5201225
1.5458461
1.499534
1.4877348
1.4972135
1.4040163
1.4613261
1.5300102
1.5090488
1.4727407
1.5027943
1.3954986
1.4688966
1.4874955
1.4773524
1.435073
1.4691297
1.4530659
1.4669394
1.4536384
1.4807599
1.4866252
1.3637474
1.4705008
1.5269545
1.4595655
1.3840376
1.4642969
1.4705912
1.4926784
1.4440901
1.4280993
1.4183066
1.5026819
1.4150765
1.4384446
1.5065739
1.4507052
1.4417967
1.4248078
1.4769853
1.4442648
1.5038999
1.4725814
1.5125341
1.5105333
1.5132158
1.5287992
1.5136309
1.4386559
1.4739249
1.3867543
1.482129
1.3596565
1.4648709
1.4581709
1.4547799
1.4464953
1.496969
1.4623001
1.4822105
1.4334177
1.4850608
1.4798061
1.4848593
1.4212152
1.4860462
1.4503899
1.4472626
1.4728103
1.497193
1.5215776
1.4987646
1.4466388
1.47301
1.5256151
1.5229037
1.4527587
1.5034498
1.4414958
1.4622234
1.5283493
1.4372122
1.4829003
1.5331663
1.4776897
1.5104431
1.4336631
1.372735
1.4819556
1.4821777
1.4818618
1.4861399
1.5176836
1.5150039
1.4702644
1.4756584
1.4365348
1.5598823
1.5144055
1.4649404
1.4632814
1.4579222
1.4530087
1.4847239
1.4229761
1.4462831
1.4649969
1.519168
1.4602499
1.4543614
1.4584198
1.5332282
1.435902
1.4764742
1.4424958
1.4075778
1.5052699
1.4696549
1.5143689
1.472517
1.4882427
1.4106457
1.4688706
1.4805219
1.5599188
1.4225099
1.512514
1.5152497
1.4751729
1.4391195
1.372302
1.571522
1.4506334
1.5068963
1.3828746
1.5137782
1.3970475
1.5429215
1.5448204
1.4780822
1.5045493
1.4732469
1.4481652
1.4971604
1.5278846
1.4387088
1.437674
1.472782
1.4509578
1.4901587
1.4614606
1.4428067
1.4563085
1.5060968

1.4815061
1.5697311
1.4456393
1.5434362
1.5280157
1.5559076
1.470339
1.5359524
1.5476091
1.4304265
1.487279
1.443978
1.4717003
1.5167267
1.5144324
1.4210272
1.4666303
1.5293281
1.4852685
1.5094931
1.5519938
1.5307018
1.5072669
1.4538832
1.4903895
1.5383672
1.4299269
1.4858556
1.5526462
1.4492458
1.5094998
1.5709264
1.3982031
1.4313738
1.5352525
1.5059571
1.5575426
1.4941518
1.4566305
1.409267
1.5235554
1.5591619
1.4953362
1.5460074
1.5168062
1.4288455
1.5494008
1.5304545
1.5374395
1.5426593
1.4173089
1.5544624
1.5213585
1.4792097
1.4061922
1.4361562
1.4455526
1.5147719
1.5881218
1.4838006
1.4880557
1.4032382
1.5567014
1.5337428
1.4746916
1.5345426
1.5385015
1.4176654
1.5122291
1.4617299
1.4848046
1.4179661
1.4789143
1.4128467
1.4796395
1.4446261
1.502475
1.5036247
1.526959
1.5283473
1.5407046
1.4473312
1.5415767
1.4053867
1.5248932
1.5076737
1.5745264
1.5285426
1.5170126
1.5418919
1.4654444
1.4583286
1.5081942
1.5443965
1.4807059
1.4894214
1.4877443
1.4484249
1.5727786
1.5847495
1.4965669
1.4386201
1.4651754
1.4771426
1.541862
1.5479851
1.4478245
1.3766959
1.563027
1.4320112
1.5091931
1.4680872
1.5591921
1.5287921
1.546562
1.5192763
1.4760395
1.4144479
1.5473657
1.531282
1.5984765
1.4978497
1.5153006
1.550261
1.4967625
1.4999754
1.4396417
1.4980538
1.5222214
1.3971796
1.4851377
1.5029781
1.5331097
1.4499387
1.4932953
1.5228271
1.5856361
1.5412861
1.512938
1.4786004
1.4870251
1.4945195
1.5668373
1.3934089
1.406665
1.4929109
1.4482061
1.5298411
1.5430984
1.5196698
1.4595299
1.4906354
1.5321461
1.5376179
1.4401978
1.5182276
1.47714
1.5155258
1.4848377
1.4189683
1.4401338
1.4624476
1.5114946
1.4834309
1.5293756
1.5238643
1.4715676
1.5528008
1.5534787
1.4894645
1.5038091
1.5164367
1.4989849
1.5113238
1.5537452
1.4547881
1.5845919
1.55153
1.529706
1.4849468
1.5363091
1.5435808
1.5725061
1.486769
1.5529438
1.5542306
1.4532968
1.4279027
1.4817075
1.4872258
1.5192165
1.470366
1.4710125
1.3981063
1.4944098
1.5427241
1.4785004
1.487052
1.4331161
1.4636657
1.4131864
1.5632093
1.5229949
1.4417406
1.5227003
1.4434556
1.5472847
1.5348264
1.4904138
1.4938729
1.5373098
1.4361373
1.4506925
1.4650738
1.5505195
1.4767215
1.4428141
1.5239866
1.5122137
1.5603329
1.537979
1.4876398
1.4522839
1.4639055
1.5403794
1.4352158
1.5128585
1.4047524
1.4936931
1.5279741
1.4837192
1.4520612
1.5440004
1.4123166
1.5419451
1.4340532
1.510548
1.4854456
1.4333779
1.5184584
1.566807
1.5126128
1.5236416
1.4758831
1.4644481
1.5938444
1.4830836
1.5346459
1.503074
1.5232412
1.4289649
1.5046957
1.4975438
1.5523667
1.4195701
1.4128194

1.4757468
1.5830815
1.4983621
1.5823842
1.4903804
1.6318653
1.5039834
1.5214086
1.5644982
1.5196762
1.5446075
1.5723617
1.5801536
1.4857484
1.5722344
1.5851943
1.4492748
1.537987
1.4220034
1.4807973
1.5332894
1.5707651
1.5175068
1.4486705
1.5122361
1.4656634
1.567099
1.487488
1.4059988
1.499922
1.4914439
1.5038925
1.4256358
1.5454482
1.5776162
1.5060633
1.5325688
1.4285237
1.494067
1.5022216
1.501345
1.5447961
1.5644677
1.5093645
1.5686808
1.4189016
1.4998748
1.5225017
1.5090007
1.5014004
1.5048183
1.4947103
1.5759186
1.4498013
1.4464648
1.5162731
1.52739
1.518829
1.4404775
1.5970522
1.5372964
1.498288
1.5277834
1.5015017
1.6080121
1.5438852
1.5218713
1.5316877
1.5501157
1.482612
1.5179365
1.4277877
1.4097874
1.4717957
1.5418593
1.521446
1.5430683
1.483789
1.5906847
1.4902543
1.5309327
1.5322242
1.565364
1.4787797
1.5331806
1.4968919
1.489616
1.4863318
1.529986
1.5489988
1.5146286
1.5637647
1.4611067
1.5792192
1.3927233
1.5203525
1.4421799
1.4824013
1.5472826
1.4631135
1.5738796
1.5468282
1.4647051
1.521904
1.5195585
1.5133591
1.52436
1.4618831
1.4804398
1.4374361
1.5040799
1.416933
1.4498183
1.5249071
1.5414186
1.5618885
1.4458836
1.4309883
1.5336514
1.4844693
1.5422237
1.5236752
1.5710244
1.4327928
1.5098337
1.5248735
1.4617057
1.4957272
1.5220361
1.4972733
1.5518113
1.4892312
1.5437783
1.4199827
1.4630822
1.5518079
1.4978039
1.530377
1.5678911
1.523511
1.4962461
1.5755743
1.626313
1.5806786
1.4900396
1.5129182
1.4945073
1.4225097
1.4332923
1.5870537
1.4767332
1.4652172
1.5841088
1.4923104
1.5826092
1.4951838
1.4874868
1.5355623
1.5600848
1.5476077
1.5624243
1.3992168
1.5290318
1.5584711
1.5505201
1.4618979
1.502187
1.5235605
1.5350513
1.4812537
1.4614915
1.5482421
1.5658947
1.5071741
1.5340188
1.4792897
1.529062
1.5312235
1.4969528
1.4738426
1.5688633
1.4931673
1.5028557
1.5300645
1.4883548
1.4875135
1.5035576
1.460894
1.563363
1.5468775
1.5475918
1.522509
1.518556
1.5060813
1.5417086
1.5449448
1.5499805
1.4588784
1.5675921
1.5222982
1.5067036
1.4481928
1.532309
1.481891
1.5338465
1.5026294
1.5186083
1.5509957
1.4880198
1.4770423
1.5261687
1.4747909
1.46396
1.4444906
1.4565705
1.5117505
1.5537075
1.4643275
1.5255271
1.5462291
1.5584135
1.5677658
1.5100796
1.4734725
1.5473657
1.5442042
1.531225
1.6264343
1.5382012
1.4401451
1.4500813
1.5253053
1.5471168
1.4287139
1.5687101
1.5375217
1.4453247
1.5452937
1.4997265
1.4890023
1.5222332
1.5180037
1.5096045
1.5536246
1.4991283
1.5772866
1.456344
1.5346601
1.5459919
1.4753973
1.5437163
1.4819434
1.5264565
1.5517539
1.5731735
1.4801807

1.4765764
1.4441184
1.4652112
1.4806582
1.4771998
1.4385483
1.3918538
1.5539756
1.5120151
1.4766439
1.4807914
1.4620521
1.4509434
1.4642432
1.4297737
1.4538839
1.4652991
1.5294112
1.4372381
1.4390442
1.4511167
1.4746656
1.4344928
1.4476743
1.4351764
1.4735045
1.4153641
1.4705961
1.4417067
1.4288586
1.503292
1.4509355
1.4914777
1.5016212
1.4675176
1.4735432
1.5105865
1.4537815
1.5103012
1.4817158
1.4794362
1.5021839
1.4910568
1.4497359
1.4501206
1.5016958
1.4713486
1.4923987
1.4546839
1.4180398
1.401944
1.5318319
1.4298736
1.5400801
1.4461997
1.4849566
1.5519
1.4537835
1.3948488
1.4767917
1.4880415
1.4682393
1.4657483
1.5058708
1.5076922
1.5140576
1.4923673
1.4417856
1.4332469
1.4511046
1.4679468
1.4654922
1.4816034
1.5293545
1.392475
1.4946439
1.4190943
1.471129
1.4504167
1.4762965
1.4854782
1.4866952
1.4944282
1.4571625
1.4932003
1.4754243
1.4807178
1.3601315
1.4781116
1.4590617
1.4614842
1.409671
1.4915636
1.4727999
1.499537
1.5023885
1.4725974
1.503549
1.455718
1.5062158
1.5224252
1.4555743
1.4965981
1.4742427
1.4163742
1.4539989
1.4425676
1.5098307
1.4957398
1.4534467
1.4670048
1.4691182
1.4953606
1.5491759
1.515403
1.5090638
1.4579004
1.5389739
1.4580388
1.4622061
1.480718
1.444559
1.4634314
1.4962474
1.4469509
1.4402479
1.4681119
1.461384
1.5265018
1.4698107
1.4404973
1.4819007
1.5421816
1.4535413
1.5024248
1.4167231
1.4878227
1.544354
1.5023822
1.4032053
1.5585258
1.3955189
1.4360813
1.4668845
1.4884319
1.4665474
1.4682997
1.4276141
1.4468983
1.4336354
1.4517757
1.45953
1.4115545
1.4492326
1.4790121
1.4923457
1.4369764
1.3907316
1.5302855
1.4720062
1.509439
1.4728059
1.4280467
1.4299223
1.4694207
1.5171554
1.3986136
1.4001291
1.4916633
1.448636
1.4277439
1.4672871
1.4786278
1.4230038
1.4142486
1.4850478
1.4081434
1.4446125
1.5047523
1.4531318
1.4517584
1.4499155
1.4898475
1.4632341
1.5110918
1.4622605
1.4824256
1.4686296
1.5212266
1.5317373
1.4073203
1.4430891
1.4694053
1.4487756
1.4684848
1.3968412
1.4474499
1.4379144
1.4831293
1.4538522
1.4864448
1.4124644
1.4412726
1.4945768
1.4942127
1.4633534
1.4457035
1.4383035
1.4886117
1.493681
1.4855121
1.5389224
1.4361794
1.5176425
1.4682065
1.4689242
1.5137613
1.5260466
1.4451578
1.4757893
1.5088102
1.522972
1.4465634
1.4208122
1.4201812
1.4527186
1.4797503
1.4491411
1.518451
1.4836864
1.4465594
1.4646732
1.4863663
1.4836032
1.4767889
1.4909297
1.483081
1.5122957
1.4331889
1.5393225
1.4422567
1.447737
1.457152
1.5238554
1.3529575
1.5314732
1.5357897
1.4754354
1.516211
1.4708796
1.5105814
1.4577746
1.4927362
1.4300773
1.4624605
1.4430623
1.4594185
1.4630467
1.5214521
1.4495519
1.4120495
1.4725943
1.4405
1.404381
1.4204315
1.4756482
1.4543827
1.4525928
1.470708
1.4399639
1.4439741
1.4954574
1.4545095
1.4593592
1.4100405
1.4472315
1.5470576
1.4885279
1.4542104
1.464986
1.5088456
1.4364905
1.4769266
1.4488137
1.4648914
1.5216031
1.4878407
1.5063448
1.4161434
1.4725207
1.4901589
1.4485897
1.5213699
1.4567864
1.44324
1.4651841
1.5123268
1.4652392
1.4880025
1.458494
1.4954073
1.4266794
1.4353194
1.4989164
1.4681333
1.4076365
1.4917761
1.5141461
1.4305296
1.527098
1.4966677
1.550195
1.5073953
1.4725128
1.4661511
1.4812484
1.4325345
1.4424341
1.4735607
1.4787953
1.4670835
1.4899367
1.4698676
1.5107974
1.4740163
1.4828997
1.4780296
1.561778
1.4207709
1.5168749
1.5110883
1.4616598
1.4732174
1.484553
1.5145446
1.4795938
1.5168754
1.4533726
1.4583726
1.4524969
1.4520015
1.4863936
1.4960746
1.4651423
1.4574379
1.4475702
1.4763397
1.4779795
1.4011662
1.4745005
1.4342451
1.4784063
1.4086047
1.4358499
1.5176159
1.4696779
1.4482889
1.4616592
1.5094969
1.493721
1.576656
1.4371489
1.4429137
1.4660286
1.4799063
1.4697071
1.4079918
1.4609723
1.502135
1.4651762
1.4197584
1.4819568
1.4638941
1.3880951
1.4942379
1.4377098
1.5114989
1.439819
1.4333535
1.4520322
1.5143182
1.5003376
1.4409554
1.4514623
1.5022058
1.4624872
1.4055278
1.3917038
1.4921011
1.4412624
1.4966638
1.4717212
1.4159526
1.4239764
1.5112519
1.5244161
1.4686908
1.4442482
1.4901096
1.4655465
1.5046433
1.4324268
1.4431657
1.4892685
1.452597
1.4988589
1.4895232
1.4643822
1.4685758
1.5340934
1.5221972
1.4300984
1.4880366
1.4948337
1.4892646
1.4095325
1.4912046
1.4585241
1.4824233
1.4673246
1.4822959
1.3855269
1.4855986
1.4755712
1.511474
1.4840602
1.4055444
1.4719031
1.4942037
1.4387248
1.3937747
1.4553459
1.4267426
1.4656531
1.4097514
1.4996884
1.4245756
1.5183213
1.4852862
1.438107
1.4449278
1.4583136
1.499382
1.4113773
1.4799303
1.4650122
1.4953561
1.4699625
1.4270248
1.5072944
1.4210707
1.472726
1.4117543
1.5195228
1.4083596
1.5183234
1.4601144
1.4434799
1.4720169
1.4626037
1.4956565
1.5093833
1.475833
1.4887592
1.4374748
1.4725608
1.4799895
1.5137845
1.4619575
1.5676023
1.4528879
1.4622645
1.4562523
1.436072
1.4901979
1.4960978
1.4644564
1.4984689
1.4360662
1.4328463
1.4666117
1.4716402
1.5272067
1.4810712
1.4542717
1.5115867
1.424769
1.4160753
1.4723841
1.4370892
1.5206728
1.4371794
1.4423668
1.4622277
1.4491793
1.4106106
1.4746152
1.4525493
1.4873556
1.4978386
1.4817014
1.5230038
1.5171199
1.4387406
1.4706336
1.4876021
1.4596543
1.4716477
1.4120382
1.4743754
1.5222123
1.5055861

1.5003631
1.4941975
1.4637113
1.460689
1.4785933
1.4541051
1.5229847
1.5227449
1.4765702
1.4491988
1.4796064
1.4837846
1.4705803
1.4372164
1.5354657
1.4932604
1.5383863
1.5097592
1.489729
1.4679618
1.47853
1.5013779
1.4404856
1.446852
1.5386257
1.4912163
1.4624248
1.429385
1.5324823
1.4784218
1.4280802
1.4591355
1.4888121
1.4714029
1.5052683
1.4632852
1.4424757
1.4476796
1.5244719
1.4782689
1.4826558
1.484426
1.4759884
1.4430797
1.4976683
1.5474018
1.4430348
1.5001605
1.4543638
1.4933345
1.4294859
1.4715371
1.487121
1.4955314
1.5209383
1.5038941
1.5278478
1.4836555
1.4668202
1.4930699
1.4684237
1.4858395
1.492261
1.43662
1.4071249
1.4493634
1.526589
1.4779536
1.3766409
1.411628
1.4360992
1.4455798
1.4952564
1.4376696
1.5039139
1.5188906
1.4721414
1.4757478
1.522306
1.5131851
1.4411663
1.4318441
1.4435284
1.4782293
1.4983855
1.4312625
1.5379066
1.4890295
1.4516926
1.4927264
1.4306381
1.4973217
1.4620888
1.5003111
1.5342147
1.4928662
1.4643824
1.4467272
1.515706
1.517542
1.5142639
1.4903021
1.4743088
1.5109144
1.4867303
1.4721667
1.5221372
1.4907571
1.4805104
1.445578
1.4611417
1.4930302
1.4399087
1.4400258
1.5179557
1.5247275
1.5155721
1.5009559
1.4893705
1.4230214
1.463059
1.4701294
1.4731315
1.4815029
1.4831563
1.5126184
1.5183737
1.4610542
1.5165838
1.4821897
1.511597
1.4632629
1.5027668
1.514463
1.547623
1.4546039
1.529662
1.4371028
1.4463474
1.5088005
1.517181
1.4614087
1.4876038
1.5072508
1.5191264
1.5181371
1.4481908
1.4722596
1.5277389
1.4532402
1.5098016
1.4612811
1.5628803
1.4850539
1.478093
1.5228896
1.4622816
1.4683172
1.4542489
1.483994
1.5083128
1.4492967
1.4672464
1.5212208
1.4999448
1.505237
1.4650967
1.3969876
1.4530174
1.4663371
1.5039848
1.4622319
1.4816399
1.431791
1.5446198
1.5329163
1.4709567
1.4500568
1.451166
1.5113744
1.5358009
1.511163
1.4571393
1.4601882
1.4931432
1.4913754
1.440266
1.4708035
1.4566563
1.5080364
1.4990927
1.4955069
1.4703517
1.4852127
1.4580673
1.4790528
1.4792033
1.5056932
1.5333754
1.407174
1.5042312
1.5280782
1.5071231
1.49734
1.4706624
1.4742165
1.4907578
1.5255029
1.5185577
1.5239655
1.4787681
1.4165493
1.4315343
1.4885726
1.4395999
1.5094119
1.463259
1.5107173
1.4926128
1.5191873
1.4546332
1.496549
1.4587567
1.4941753
1.4918052
1.5492947
1.4489183
1.4991312
1.4891094
1.4217137
1.4909874
1.479061
1.4259323
1.4289496
1.4735247
1.5075482
1.4482173
1.499977
1.4681896
1.5120305
1.4884458
1.4290456
1.4866704
1.472515
1.4430958
1.5227742
1.4655491
1.4794643
1.5101455
1.5127025
1.5041199
1.4978288
1.5514672
1.4939265
1.505787
1.5479443
1.4716276
1.4715806
1.4398679
1.4983907
1.4849241
1.5220215
1.42518
1.4541749
1.4328712
1.4911848
1.5324106
1.4226449
1.4533887
1.5210979
1.4761325
1.4768362
1.4504639
1.4976267
1.5049685
1.4887098
1.4372138
1.4783839
1.4563586
1.4524432
1.4506421
1.4883727
1.5110855
1.4387317
1.469185
1.4712261
1.4643426
1.4499483
1.4367503
1.4828535
1.4309217
1.397239
1.4856658
1.455268
1.4584486
1.4335681
1.5122055
1.4538146
1.4566482
1.4376174
1.5339916
1.4986255
1.4951532
1.5225022
1.4337665
1.4575474
1.4687465
1.4325235
1.4522319
1.5218323
1.529124
1.5032356
1.4977999
1.4552697
1.4487923
1.4091809
1.4978778
1.4588962
1.5088568
1.5443809
1.4627413
1.4398214
1.5015742
1.477746
1.4469234
1.441292
1.4431674
1.500258
1.5253383
1.4251263
1.555075
1.4967111
1.4703077
1.4244595
1.4771239
1.5239722
1.441364
1.5144429
1.5188129
1.44106
1.5177033
1.4479525
1.5337079
1.4756898
1.4958826
1.4643683
1.4886138
1.5173763
1.4654438
1.5226804
1.479871
1.4835104
1.5210868
1.4744263
1.4392049
1.525397
1.4106009
1.5150355
1.4848471
1.4962152
1.4806098
1.520605
1.4472353
1.5015216
1.5148867
1.4361653
1.4463193
1.4964242
1.4888121
1.5187104
1.4222176
1.4817706
1.4853747
1.5042711
1.5139685
1.5429578
1.4556617
1.4927142
1.4377669
1.4147221
1.4651164
1.4726818
1.4354156
1.533457
1.5135192
1.4326108
1.4242269
1.5055598
1.4532646
1.4745538
1.5340564
1.4451051
1.461747
1.4616389
1.4205335
1.4989603
1.447554
1.4704857
1.4912997
1.5407194
1.4978585
1.4922568
1.5102454
1.5063723
1.4982567
1.4814762
1.4355894
1.5215876
1.5015709
1.4556915
1.5031811
1.4620612
1.5181824
1.463949
1.5006418
1.5143467
1.4090093
1.4833797
1.4186807
1.4655353
1.5102537
1.5068771
1.4393406
1.4708487
1.4390044
1.4412357
1.485402
1.5466198
1.4424957
1.5145832
1.4522563
1.4583645
1.4329666
1.5047928
1.4776762
1.5050821
1.4442577
1.5181731
1.443805
1.5270108
1.5101941
1.532154
1.4705094
1.4613652
1.5310359
1.4411283
1.4844694
1.4488858
1.4546126
1.4403468
1.5119805
1.4906938
1.4710597
1.46426
1.5009006
1.4848651
1.4995368
1.4960825
1.4640883
1.5024855
1.5007833
1.4986361
1.4164978
1.5029557
1.4508783
1.4236895
1.4595073
1.5135627
1.4648569
1.4587606
1.4607292
1.4559232
1.485935
1.3875496
1.5136784
1.5053115
1.4897646
1.449799
1.4962996
1.5356394
1.4783295
1.512841
1.507126
1.5203054
1.5160092
1.4822907
1.4630604
1.5132098
1.4416963
1.423462
1.4666377
1.5340315
1.4606757
1.4899977
1.5054668
1.5474132
1.5089405
1.5206347
1.4529967
1.4274362
1.5627114
1.5102793
1.5214982
1.46153
1.5041847
1.4850134
1.446994
1.47256
1.487623
1.522407
1.5190216
1.5062991

1.4562668
1.5249914
1.5167705
1.4167067
1.4656694
1.4030759
1.4497666
1.4650462
1.4298859
1.5056598
1.4376725
1.4760112
1.4863944
1.4530948
1.539951
1.6009284
1.4324945
1.4985917
1.4282795
1.4964316
1.5127889
1.4787488
1.4837179
1.4021248
1.4288641
1.4825362
1.4628571
1.485072
1.4636704
1.5709448
1.444718
1.4448688
1.4862005
1.4959552
1.5194607
1.4553459
1.4485617
1.4782704
1.4736836
1.4780505
1.4705411
1.4363717
1.5664045
1.4479151
1.4769199
1.4625828
1.4618579
1.5080425
1.4783585
1.453448
1.4544004
1.5642132
1.4630505
1.5620428
1.4800577
1.4496368
1.4214342
1.4396741
1.4456327
1.4195402
1.480935
1.5054892
1.5218865
1.4171135
1.4771168
1.4641545
1.5226734
1.4200048
1.4628416
1.4706479
1.442222
1.5126773
1.4960814
1.4783797
1.4376638
1.4814901
1.4226955
1.4856834
1.4818888
1.506905
1.4397669
1.4259111
1.4468793
1.4723217
1.5566288
1.4701202
1.4533128
1.4212369
1.4841226
1.4803495
1.52773
1.4551704
1.4599218
1.4434959
1.4950442
1.5177035
1.5247381
1.5025104
1.5067497
1.4861234
1.4372772
1.4569355
1.5937312
1.4560958
1.5085491
1.4466404
1.4377072
1.4466478
1.4361517
1.4306352
1.4322014
1.4829354
1.4254094
1.4883411
1.4389285
1.4301447
1.4783484
1.4769087
1.4785267
1.4637
1.4848672
1.4612374
1.4955697
1.4571078
1.4645232
1.5392169
1.5345503
1.4552591
1.4662399
1.5510287
1.4933037
1.47461
1.4897548
1.4952903
1.5678663
1.4658321
1.4418368
1.4546714
1.5285429
1.4625614
1.4283016
1.5317425
1.4984423
1.5053707
1.4334384
1.4504156
1.4726863
1.4415085
1.5112032
1.4597521
1.4407294
1.4415082
1.4615028
1.4580317
1.4327447
1.3989094
1.4215934
1.4772506
1.4660416
1.503755
1.4912962
1.4560149
1.4986937
1.4432497
1.4764506
1.4562457
1.5453967
1.4809074
1.5422244
1.4707881
1.4125897
1.4315755
1.453639
1.4528596
1.444268
1.4438051
1.4753344
1.484407
1.4428262
1.4918694
1.4526106
1.4513953
1.4530878
1.4948983
1.4141476
1.4326396
1.4861001
1.4559573
1.5180544
1.4410231
1.4850466
1.4419752
1.4853332
1.4358279
1.4833854
1.4619739
1.4406586
1.4292761
1.4779948
1.5123401
1.4236541
1.4440856
1.461062
1.4626724
1.4306422
1.468022
1.455836
1.4556323
1.4812983
1.5161778
1.5230154
1.4214724
1.4645633
1.4350151
1.4676359
1.4556295
1.4325275
1.4418662
1.4406828
1.4555372
1.4584594
1.456882
1.4096885
1.4655105
1.4694517
1.4792855
1.5137825
1.5841022
1.4341629
1.5063627
1.5222481
1.4551116
1.4571904
1.4729801
1.4386466
1.425443
1.6143672
1.4872679
1.436735
1.5252104
1.441266
1.4834924
1.5073087
1.4433949
1.4422333
1.432889
1.4360011
1.4342564
1.4408754
1.4757464
1.488051
1.4393125
1.4777147
1.4823213
1.4281526
1.4393837
1.4942307
1.444946
1.42427
1.5024165
1.4254276
1.4304295
1.547408
1.4635735
1.4306767
1.4928427
1.4999369
1.4500237
1.4236966
1.4254367
1.4613212
1.454452
1.4688226
1.5170842
1.4416498
1.4239155
1.500285
1.4314096
1.4543272
1.4648173
1.5045737
1.5100594
1.470574
1.4827604
1.5078844
1.4232507
1.4721068
1.4523271
1.4882417
1.4570144
1.4624361
1.5907036
1.5068833
1.4489646
1.4571887
1.423092
1.5586342
1.4092017
1.4977368
1.5078034
1.4389905
1.485093
1.4398926
1.4604673
1.4396856
1.4511639
1.5183346
1.5483278
1.4621444
1.454425
1.4701706
1.502279
1.4604613
1.48294
1.4100344
1.4462475
1.4794228
1.4188359
1.4549387
1.4477261
1.4439545
1.4224006
1.4267197
1.3826265
1.5151817
1.4529805
1.501965
1.5024759
1.5038414
1.4634807
1.5220878
1.4318125
1.4923099
1.4178486
1.4617552
1.4705881
1.4639975
1.4692959
1.4539213
1.4344007
1.5411255
1.4517492
1.5122209
1.5007465
1.5021234
1.4936308
1.4136559
1.4985876
1.4293867
1.4389893
1.4256474
1.4587774
1.476816
1.5962029
1.4314824
1.4482697
1.4787987
1.5265377
1.4539357
1.4776387
1.432054
1.5122489
1.5197625
1.6177503
1.5505332
1.4615408
1.4766372
1.4019362
1.4566839
1.5287333
1.4699082
1.4723924
1.422399
1.4235507
1.4945114
1.461102
1.4402672
1.506372
1.470316
1.4837652
1.5401491
1.4814707
1.4143058
1.4968046
1.4460663
1.4368019
1.4988047
1.5219657
1.4816282
1.5164636
1.415851
1.4509833
1.4564376
1.4748904
1.4881899
1.4773686
1.4262905
1.4867616
1.4490336
1.4844424
1.4745951
1.4773287
1.4427403
1.5240707
1.5205948
1.4522396
1.4588993
1.4281545
1.4646267
1.4504935
1.4997189
1.4668777
1.4669504
1.508112
1.4985245
1.4768573
1.4361292
1.4299691
1.4326441
1.5379595
1.4335452
1.483501
1.5366845
1.5159748
1.5404109
1.5096208
1.5091711
1.4759732
1.4301678
1.4790684
1.459078
1.4719733
1.4863122
1.5247341
1.4571798
1.460812
1.4439634
1.4632431
1.4779047
1.4721613
1.5255356
1.4287632
1.4746164
1.5111452
1.4537452
1.4176111
1.4792641
1.4551914
1.462764
1.4379895
1.4649109
1.4611202
1.4453722
1.486786
1.4887784
1.4569238
1.4789263
1.462285
1.5404934
1.4704322
1.4143618
1.4932382
1.4553896
1.4697607
1.4161916
1.4207546
1.4725646
1.4690154
1.4502859
1.4887004
1.4826082
1.4390737
1.5235748
1.5383178
1.4606423
1.463864
1.4554098
1.4849648
1.4789118
1.4547613
1.4172013
1.4505106
1.4430689
1.4509494
1.4558628
1.4772581
1.4813571
1.4732466
1.4471297
1.4690237
1.4409218
1.4534577
1.435387
1.502329
1.4458053
1.422287
1.414181
1.4680867
1.4592799
1.4372132
1.4749824
1.4884962
1.457878
1.4672396
1.5103606
1.4105083
1.4245473
1.4153033
1.4691769
1.4991605
1.4900817
1.5229272

1.374765
1.4403898
1.4011027
1.4566168
1.4363238
1.4280428
1.409125
1.4070222
1.4223287
1.4057223
1.4589217
1.4315767
1.4525311
1.4166293
1.441902
1.4271563
1.4260345
1.441204
1.4535458
1.4350437
1.4420414
1.4513963
1.4376615
1.4336153
1.4403448
1.4241146
1.4428496
1.4251956
1.4663552
1.4231539
1.4260912
1.4359565
1.4285277
1.4347163
1.4050391
1.4253936
1.4727877
1.4485962
1.42582
1.4278212
1.4331836
1.4329782
1.4520994
1.4017447
1.4290891
1.409613
1.4253949
1.4073371
1.4392432
1.4266233
1.4445763
1.4593982
1.4375378
1.4376843
1.4412882
1.4128783
1.4417043
1.4773715
1.4492911
1.4591079
1.4407512
1.4565201
1.4444377
1.4569458
1.4735006
1.4045272
1.4236529
1.4397857
1.4439449
1.5105904
1.4485832
1.4101354
1.4634352
1.4524225
1.458256
1.436719
1.4272529
1.4362525
1.4369397
1.4142865
1.4891641
1.4314846
1.434923
1.4698961
1.4343476
1.396307
1.4341128
1.4420626
1.4278064
1.4318497
1.4491055
1.4531913
1.4462175
1.4234835
1.4299494
1.4274614
1.4818804
1.4900073
1.4102075
1.4265068
1.438522
1.4683263
1.4558494
1.4548995
1.435424
1.4268676
1.4380195
1.4595934
1.4339635
1.411252
1.4254357
1.4420387
1.4271492
1.4139862
1.4066545
1.4294667
1.4222318
1.4572848
1.4303406
1.4511713
1.4558643
1.4632277
1.4622308
1.4189478
1.4154415
1.467164
1.4772812
1.4395317
1.463641
1.4713726
1.4755044
1.4297165
1.464601
1.4156663
1.4103769
1.4237465
1.3966584
1.4565306
1.4460323
1.4464031
1.4451872
1.4557039
1.4422528
1.4406236
1.4052875
1.4300961
1.4788879
1.421254
1.4146558
1.4462876
1.4145663
1.4686553
1.4440131
1.423828
1.4511697
1.4501828
1.4537561
1.4199204
1.4644059
1.4310702
1.4340957
1.4242789
1.4157114
1.4537386
1.4315482
1.45959
1.437483
1.4465476
1.467517
1.4282283
1.42923
1.4453764
1.4568975
1.4516034
1.4610376
1.4395702
1.4869629
1.4372945
1.4706212
1.4548316
1.4603177
1.4172038
1.4899961
1.4285905
1.4443343
1.4082718
1.4678959
1.4176772
1.4544457
1.4481317
1.425943
1.416111
1.4038714
1.4594078
1.4333599
1.4189078
1.4259804
1.4453284
1.4457872
1.4089727
1.4313358
1.4478264
1.4316957
1.5049931
1.4258567
1.4256951
1.4265339
1.4431363
1.4295548
1.438907
1.4056453
1.4043779
1.4486549
1.474414
1.4469882
1.4020894
1.4217734
1.4121103
1.4405879
1.4348154
1.4474883
1.4656067
1.4548331
1.406853
1.426728
1.4602835
1.4540371
1.4131454
1.4223775
1.4353456
1.4692096
1.389148
1.4545023
1.442191
1.4522372
1.4026331
1.4487107
1.4313251
1.4003627
1.479865
1.429811
1.4640312
1.4178671
1.4077593
1.480282
1.4494513
1.4413964
1.4642451
1.4600211
1.4231261
1.4721079
1.4617834
1.4924086
1.4367881
1.4215112
1.4404886
1.4329283
1.4367502
1.4440004
1.428311
1.4469013
1.4076043
1.4243655
1.4331033
1.4041595
1.4150372
1.456706
1.4289762
1.4444567
1.404328
1.4500834
1.4497726
1.4128712
1.4439968
1.4292231
1.4575354
1.4565108
1.4249663
1.4203974
1.4320444
1.4533988
1.4429208
1.4415644
1.4078716
1.4187502
1.4469377
1.4450582
1.4150383
1.4262588
1.444895
1.4317672
1.4319015
1.4403256
1.4335006
1.4433314
1.406385
1.446255
1.4158213
1.4349155
1.4187533
1.4270973
1.4049882
1.4196283
1.436258
1.4271014
1.4348925
1.4237117
1.4135662
1.4035501
1.40455
1.4461476
1.4383231
1.4240077
1.436144
1.4767822
1.4156867
1.4002172
1.4493841
1.4637798
1.380308
1.4788226
1.4190049
1.4059944
1.4312755
1.4552624
1.4195104
1.4138439
1.44874
1.480437
1.469644
1.46467
1.4319365
1.471254
1.4774444
1.4376947
1.4181542
1.4149078
1.4345973
1.4519149
1.4583782
1.4327567
1.4502059
1.4444972
1.4633179
1.441186
1.4100399
1.4590154
1.4451381
1.4482676
1.4469153
1.4368383
1.4571245
1.4314028
1.4385449
1.4598588
1.4372023
1.4490268
1.4409225
1.44032
1.4230791
1.4177202
1.4660352
1.4038045
1.4226356
1.421742
1.401571
1.4590347
1.4303986
1.4550486
1.4123088
1.4246984
1.4484059
1.442182
1.446608
1.424755
1.4203374
1.4701343
1.4280528
1.4200997
1.4216897
1.4660519
1.3980131
1.4444827
1.4487528
1.4547285
1.4347913
1.4059539
1.4088788
1.4440521
1.48487
1.440943
1.425961
1.4297519
1.462631
1.4621401
1.4792749
1.4210845
1.4232781
1.4594761
1.4259684
1.4287373
1.4522738
1.4449328
1.42252
1.4232482
1.4190124
1.4825484
1.4413925
1.4295164
1.4360197
1.4182148
1.4567491
1.4287328
1.3936673
1.420383
1.4084468
1.4271365
1.4091679
1.432895
1.4730691
1.485604
1.448944
1.4503653
1.4038107
1.4673599
1.4418811
1.4287081
1.4520985
1.4198273
1.4256462
1.4300085
1.4304644
1.4481825
1.4056314
1.4151931
1.440783
1.4667119
1.4698774
1.481179
1.4636765
1.4541973
1.4051594
1.4399542
1.4378476
1.4201776
1.4213704
1.4319359
1.4687581
1.463251
1.51607
1.4565537
1.4292363
1.4215894
1.4085171
1.4388765
1.4334724
1.4538887
1.4560732
1.4600722
1.4454544
1.4413459
1.4544233
1.4719493
1.4382185
1.4050444
1.4497306
1.4128616
1.4191607
1.4171743
1.4274018
1.4506726
1.4745362
1.4124529
1.433999
1.4229313
1.4330239
1.4346223
1.4309869
1.4464685
1.4421818
1.4233696
1.426537
1.4423687
1.4075582
1.3990672
1.4429373
1.4530026
1.4293342
1.4429735
1.4683026
1.421774
1.4996549
1.4629833
1.4201274
1.4300742
1.451269
1.4304441
1.4016862
1.4156804
1.4440607
1.4437281
1.4395078
1.4428816
1.4432317
1.4458128
1.4375752
1.4501957
1.4427028
1.428104
1.4043565
1.3926793
1.4381675

1.401171
1.4233625
1.4286875
1.3902429
1.4490066
1.4560544
1.4227836
1.4298921
1.4444649
1.4420785
1.4334915
1.3969781
1.4754093
1.411775
1.4035908
1.418897
1.4213426
1.4217776
1.4367708
1.450293
1.4092243
1.4751287
1.4165267
1.4457372
1.4459851
1.4281899
1.4440011
1.4657362
1.4528124
1.4292964
1.4290932
1.4611264
1.4290735
1.42592
1.456796
1.4440037
1.4565712
1.4282299
1.4371812
1.4411328
1.3963422
1.4454898
1.4335421
1.3901662
1.4238462
1.4713268
1.450113
1.4309174
1.4297364
1.4627371
1.470514
1.4064833
1.4251468
1.406666
1.4195623
1.4421339
1.4216332
1.4258593
1.4188946
1.4486028
1.4243543
1.4508405
1.4593983
1.4292351
1.4101481
1.3955917
1.4160873
1.4262522
1.4252126
1.3846129
1.4121468
1.442529
1.4124105
1.4344792
1.4169954
1.4413109
1.4279051
1.4387128
1.4506642
1.419481
1.446151
1.4304684
1.4262232
1.414769
1.4144588
1.4147439
1.4444934
1.4221123
1.4174176
1.4475613
1.4362407
1.4159727
1.4256493
1.4591966
1.4188132
1.438517
1.4220632
1.450992
1.4406494
1.423565
1.3876588
1.4097873
1.4157548
1.4119778
1.4501384
1.4431552
1.4522387
1.4152992
1.4347551
1.4190164
1.4304785
1.400609
1.4136245
1.4660748
1.41876
1.4081036
1.4211797
1.4431517
1.4352217
1.4425966
1.4350927
1.4108115
1.403015
1.4090573
1.4126073
1.3830241
1.4411858
1.4465786
1.4565014
1.4119575
1.4198278
1.4308879
1.4363192
1.4435185
1.4108148
1.4438592
1.4749428
1.4104408
1.3939432
1.45311
1.4490528
1.4305781
1.4256164
1.4209381
1.4317975
1.424922
1.428581
1.4045124
1.423739
1.4277287
1.4300021
1.4493823
1.4247681
1.4361662
1.4418976
1.4448512
1.4255664
1.4314246
1.4101022
1.4390802
1.4255117
1.4445026
1.4343743
1.4178871
1.4250814
1.4046774
1.4261153
1.3979238
1.437176
1.4264979
1.4577461
1.4516091
1.4351526
1.4121506
1.4284602
1.4152257
1.4110507
1.4446571
1.411168
1.4233809
1.405437
1.4272817
1.4224849
1.4322659
1.435891
1.4294811
1.4287012
1.4056741
1.4431783
1.4412764
1.4751996
1.4407479
1.4389913
1.4344267
1.4398282
1.441586
1.4619194
1.4506907
1.4112724
1.4498384
1.43585
1.4129225
1.4348781
1.4313756
1.410066
1.4246854
1.4122096
1.4077334
1.4167638
1.4426607
1.4749736
1.4295318
1.426912
1.4188488
1.4126072
1.4524124
1.4381208
1.415015
1.4300243
1.4307635
1.4376118
1.4141536
1.4059582
1.4318894
1.414171
1.4234096
1.3952119
1.4594834
1.4332118
1.4335871
1.4229654
1.4648006
1.4052196
1.4033294
1.4223031
1.4286137
1.4253404
1.4487114
1.4516457
1.4057176
1.4409771
1.4361537
1.4377577
1.4160527
1.3997487
1.4449878
1.4329026
1.426157
1.4142361
1.422917
1.4492383
1.4148829
1.415719
1.4456998
1.4298493
1.425872
1.4161508
1.4174794
1.447478
1.4243981
1.4116956
1.4228048
1.4189719
1.4016706
1.4049367
1.4252841
1.4462337
1.4269744
1.404016
1.458864
1.4068847
1.4096885
1.471648
1.4227268
1.4288921
1.430872
1.4662392
1.3946974
1.4269322
1.4258801
1.431733
1.4316834
1.4300166
1.4115931
1.4128782
1.4261266
1.4116688
1.415146
1.4408529
1.4045826
1.4382684
1.424993
1.4447448
1.4159081
1.4539622
1.424701
1.4311261
1.4192151
1.4117215
1.3929096
1.4226738
1.3944526
1.4145734
1.4207265
1.4461886
1.421971
1.4510648
1.4055687
1.4304059
1.4303257
1.416326
1.4159354
1.447981
1.4347595
1.4109131
1.4338527
1.4009241
1.4273633
1.4125317
1.4049935
1.4233046
1.3841612
1.426172
1.4482914
1.4230691
1.41315
1.4274571
1.4205054
1.4086396
1.4431969
1.4385056
1.3977553
1.4326295
1.4287113
1.4520174
1.4529977
1.4345236
1.4155971
1.4006975
1.4353977
1.4513927
1.429099
1.4409151
1.4360383
1.4380025
1.4479748
1.431345
1.4127063
1.4268029
1.4422137
1.4378666
1.4089677
1.4241077
1.4298669
1.4261391
1.4222741
1.422302
1.4203738
1.4358469
1.439579
1.4286349
1.4326602
1.4605815
1.40311
1.4341577
1.4310962
1.4405776
1.4232551
1.4167008
1.4282327
1.4260802
1.4150788
1.4546322
1.4091657
1.4218115
1.4169707
1.4215869
1.4165992
1.4132993
1.4313964
1.4456575
1.4021019
1.4273669
1.4432421
1.4288968
1.4079591
1.4584082
1.4267974
1.4226943
1.3974847
1.4385343
1.4327781
1.4412026
1.411934
1.4301475
1.4670177
1.3989779
1.4269559
1.4334395
1.4260556
1.4114661
1.4205778
1.4625063
1.4358763
1.4235703
1.4277576
1.4450246
1.3988032
1.4014634
1.410144
1.4261605
1.4333242
1.4215263
1.4163499
1.4341496
1.4162961
1.4277136
1.4064484
1.4235152
1.4132231
1.4142978
1.4360237
1.4408188
1.4233227
1.4126865
1.4186469
1.4076158
1.4387432
1.4532195
1.4540063
1.4351616
1.4287637
1.4269046
1.4209611
1.405285
1.4597175
1.3856258
1.4218832
1.4449213
1.4185746
1.4574997
1.4351618
1.4577163
1.4193887
1.4364439
1.4026123
1.4251176
1.4361331
1.4930398
1.4076153
1.4221956
1.4423398
1.4092096
1.4234227
1.4407524
1.4529026
1.4633181
1.419968
1.41772
1.4209104
1.4354271
1.4364506
1.4603965
1.4307432
1.4232056
1.4228512
1.432498
1.4467909
1.4078019
1.429592
1.4406139
1.439781
1.4356431
1.4404343
1.4236413
1.442034
1.4072014
1.426846
1.4340733
1.4001341
1.433615
1.4047854
1.416007
1.448776
1.4282225
1.4088646
1.4250027
1.3987645
1.4292827
1.4414409
1.4069523
1.4375073
1.4225575
1.420785
1.4327734
1.3986435
1.4466213
1.4251369
1.4479357
1.4155544
1.4522624
1.4280702
1.4104445
1.4404484
1.4185095
1.4545207
1.3977661
1.4459722
1.4422482
1.4230216
1.4453222
1.4161983

1.4494653
1.4300263
1.4272943
1.4418708
1.4555535
1.4012717
1.4318404
1.4183828
1.3959479
1.418201
1.4326264
1.4286222
1.4225749
1.4307323
1.4187442
1.4541595
1.4438848
1.39032
1.4268221
1.449692
1.4644233
1.4105215
1.4435388
1.4382879
1.4386556
1.4395564
1.4206119
1.414823
1.445776
1.4423945
1.4328414
1.4386138
1.4176027
1.4291685
1.3953178
1.3999635
1.4234235
1.4145567
1.4162219
1.4194458
1.4340479
1.4233251
1.4607899
1.4472724
1.3974233
1.4107261
1.4422133
1.4316423
1.3929347
1.4471002
1.4153411
1.4241483
1.4018824
1.4406364
1.4392785
1.4310311
1.4152066
1.4229382
1.4285785
1.4087793
1.4102366
1.4102949
1.3882214
1.4122206
1.4243238
1.4182471
1.4246035
1.4225522
1.4439396
1.4036736
1.4369553
1.4230974
1.4270931
1.4125302
1.4176847
1.4115324
1.4078494
1.4582436
1.4316673
1.4277143
1.432622
1.4165049
1.4317176
1.4262245
1.4280227
1.4110873
1.4120938
1.4589943
1.3980137
1.4307218
1.4483393
1.4117233
1.429099
1.4197311
1.4142667
1.4195516
1.4621689
1.4259462
1.4251851
1.4041895
1.4121102
1.4007261
1.4250454
1.4320644
1.4492601
1.4207588
1.4298164
1.4333869
1.432475
1.436069
1.4328846
1.390473
1.4346197
1.436595
1.4409373
1.4298432
1.4302692
1.4216745
1.4331102
1.4385054
1.425415
1.4177675
1.4258236
1.4366306
1.3988879
1.4444679
1.4410253
1.4311258
1.4452273
1.4372011
1.441979
1.4611107
1.4342859
1.4215484
1.4479668
1.420696
1.3973999
1.4179162
1.4460764
1.430713
1.4469322
1.4149983
1.4305149
1.4290575
1.4186916
1.432157
1.4468586
1.4374259
1.4318568
1.4450606
1.4329542
1.4206189
1.4294266
1.4425063
1.4584007
1.420737
1.4178926
1.4419758
1.4336519
1.4379936
1.4403614
1.4090692
1.4386684
1.4467875
1.4207331
1.4256266
1.4269357
1.4581174
1.4440684
1.4101032
1.4749762
1.4171561
1.4651687
1.407806
1.4422829
1.4374539
1.4012237
1.463732
1.4220908
1.427808
1.3961464
1.4099224
1.4099672
1.4490088
1.4244112
1.3921446
1.4171572
1.4184773
1.4441336
1.4195248
1.4370261
1.4345888
1.4380307
1.4367522
1.4123439
1.4345101
1.444105
1.4655808
1.415453
1.415904
1.439094
1.4474772
1.4208561
1.4273819
1.4093798
1.4421186
1.4136884
1.4203967
1.4191582
1.4076486
1.412435
1.4269394
1.4233025
1.4505712
1.4461818
1.4345387
1.457945
1.4321245
1.4303473
1.4192276
1.440089
1.4331168
1.3998911
1.4229802
1.4577982
1.4332223
1.4155434
1.4131961
1.4066236
1.4313368
1.4576033
1.4534022
1.4193293
1.4019004
1.4196433
1.4068077
1.4509026
1.4138134
1.3987863
1.4427211
1.451086
1.4484162
1.4549772
1.4272187
1.4212419
1.4346843
1.4311343
1.4086901
1.4379908
1.4346275
1.4260557
1.4048228
1.4289114
1.4847904
1.4229615
1.4143775
1.4494253
1.4045095
1.4217128
1.438208
1.4417844
1.4658813
1.4062191
1.4194081
1.4117259
1.4267313
1.437538
1.4453219
1.4208276
1.4691988
1.4342625
1.4226435
1.40311
1.4066249
1.4109336
1.4264687
1.429473
1.4473773
1.4135067
1.4692276
1.4361233
1.4120541
1.4433448
1.403903
1.4141359
1.4328445
1.411328
1.4448907
1.4228094
1.4198867
1.4394455
1.419229
1.4057271
1.4257138
1.4092168
1.4028425
1.4244301
1.4201597
1.425545
1.4623508
1.4232297
1.4132738
1.4248549
1.4245628
1.417074
1.4403955
1.4041907
1.4146487
1.4043032
1.4228674
1.4292529
1.4050484
1.4251387
1.4377489
1.4243637
1.4264529
1.4289498
1.447974
1.437035
1.4223914
1.4339265
1.4090275
1.4299406
1.4126965
1.4489131
1.4426756
1.4604126
1.4234488
1.4434419
1.4482214
1.4319874
1.4287143
1.424619
1.4311817
1.4273236
1.4312847
1.43934
1.4172077
1.4203248
1.4154896
1.4248419
1.4274352
1.4072837
1.440211
1.4561815
1.42646
1.418187
1.4404551
1.4338423
1.4155077
1.4214083
1.3992354
1.4178456
1.4124553
1.4421375
1.4261981
1.4245929
1.4291496
1.4393005
1.4050984
1.4115175
1.4435548
1.4156277
1.4307379
1.4259236
1.4216359
1.4213097
1.4282901
1.3781949
1.4690049
1.4481812
1.3981336
1.4109873
1.4386505
1.4086258
1.4429007
1.4365712
1.4011214
1.4362072
1.4352815
1.4319365
1.4368274
1.4455094
1.448352
1.4339879
1.4345217
1.4246625
1.4511533
1.417016
1.4040895
1.4306717
1.4295111
1.4069983
1.3985505
1.418393
1.4325811
1.4213239
1.4073281
1.4286208
1.4186707
1.4356606
1.4224682
1.4218142
1.4111646
1.423804
1.4431485
1.430981
1.4368043
1.4009917
1.4353343
1.3968633
1.4373227
1.401426
1.4296458
1.420239
1.4326317
1.410074
1.4216667
1.4176952
1.4278148
1.4207331
1.4284447
1.3942204
1.4144957
1.4326862
1.4259351
1.4304615
1.3998866
1.4293144
1.4204676
1.4116447
1.4349017
1.4402514
1.413681
1.407684
1.4243338
1.4321893
1.4387854
1.4450425
1.4362466
1.4314327
1.4325033
1.4344156
1.3882006
1.4188524
1.4060385
1.4324034
1.4391136
1.4177471
1.4027863
1.4436548
1.4654537
1.4293449
1.452685
1.3991934
1.433116
1.4531598
1.4362044
1.4112711
1.4393342
1.4547133
1.4330305
1.3957655
1.4516699
1.421405
1.4037077
1.4331591
1.4124303
1.418065
1.4412036
1.4110531
1.4325638
1.4266268
1.4379257
1.4184513
1.4395225
1.437545
1.4641228
1.4099272
1.4291157
1.4285595
1.4261429
1.4389908
1.4337915
1.4282067
1.4294267
1.4325722
1.4209229
1.4120293
1.404597
1.4194982
1.4336541
1.4178853
1.420509
1.400691
1.4050051
1.4252048
1.4240493
1.426836
1.4444321
1.4342052
1.4259691
1.4415692
1.4310948
1.4267058
1.4256787
1.3893898
1.4003273
1.4118446
1.407449
1.4483571
1.4051574

1.829133
1.8062451
1.7632926
1.7323269
1.8717309
1.7720894
1.809553
1.79136
1.7801907
1.716093

