0.022366405
0.0781126
0.030748367
-8.34465e-05
0.18626082
0.08786023
0.043754697
0.02879703
0.035827994
0.07609916
-0.033094287
0.082962155
0.13440955
0.014643908
0.09687805
0.08513701
-0.008145094
0.084037185
0.2572106
0.04869008
0.012991548
0.014521599
0.11173129
0.005311966
0.04167235
0.15815234
-0.06765318
-0.0036190748
0.18521416
0.008140445
0.0045411587
-0.030367494
0.116003156
0.1638763
0.011080146
0.039026856
-0.18398869
0.15293217
0.06523347
0.13186216
-0.00465405
0.09347236
0.123940706
0.16070211
0.03297484
0.06656027
0.05255246
0.0834744
0.012697339
0.052901864
0.041167974
-0.021686196
0.03361988
0.12169218
-0.09606278
0.15956116
0.089519024
0.13051033
0.02344203
0.054829955
0.02463746
0.08244026
0.08732045
0.03646612

0.013558388
0.2208544
0.117779374
0.14808583
0.14515698
0.119475126
0.25072014
0.014135957
0.04663086
0.028640628
0.08290601
0.21570289
0.13187838
0.009673238
0.12430167
0.20666075
0.21617138
0.1317867
0.041423798
0.08245027
0.099081635
0.2816987
0.053711414
0.093569875
0.16356301
0.1323905
0.115302086
0.11492419
0.32153702
0.09812915
0.18454254
0.20242822
0.06844854
0.1377585
0.15135646
0.123814106
0.16144836
0.06010914
0.08015978
0.18563902
0.28290248
0.17181468
0.005008459
0.17564881
0.17655742
0.08363378
0.1297214
0.08304262
0.36349154
0.45787168
0.13855219
0.06413102
0.05760944
0.13590443
0.10850215
0.0848552
0.1261332
0.41831267
0.018044591
0.24520564
0.17344761
0.1105361
0.10702109
0.24828625

0.08847737
0.028519511
0.016421556
0.023261547
0.024564981
0.096342325
0.08557308
0.10687721
0.11589539
0.047513247
0.0329746
0.02183044
0.12780786
0.11677468
0.057374477
0.090503335
0.1013428
0.014135361
0.07121134
0.03862059
0.08090162
0.082159996
0.07906091
0.059488177
0.057459235
0.098273516
0.09447348
0.067177534
0.08315444
0.08888614
0.10128832
0.04150951
0.041606784
0.07068014
0.04151392
0.06554496
0.059533477
0.12092757
0.109663844
0.09094393
0.06184697
0.07702565
0.15782082
0.058927536
0.08650267
0.0006710291
0.046589732
0.08824921
0.05570531
-0.00017678738
0.05402696
0.03845811
0.15557992
0.07244635
0.036589026
0.10938382
0.101398945
0.061977863
0.082505226
0.05534005
0.093417525
0.071389675
0.07561231
0.07125509
0.02384317
0.012016416
0.05782485
0.049331784
0.0019600391
0.086542964
0.10203767
0.10860562
0.009633422
0.05091226
0.063815475
0.10384357
0.09228134
0.09128964
0.086802125
0.06112528
0.14988875
0.0271914
0.044920087
0.055073142
0.030837178
0.0021853447
0.077655196
0.11175692
0.0059332848
0.08733547
0.042844176
0.07840991
0.09517145
0.07932484
0.058597922
0.070521474
0.08613789
0.11447132
0.073699236
0.06370723
0.01970315
0.11265874
0.069503546
0.09183693
0.08073878
0.088554144
0.09469783
0.07434487
0.06583238
0.09297609
0.0011408329
0.07401967
0.060402513
0.123025656
0.07977712
0.0181489
0.027830243
0.11083245
0.077216744
0.03786254
0.031076312
0.08928096
0.046248674
0.02731371
0.09661758
0.033853173
0.077317715
0.08540523

0.13054681
0.11666882
-4.184246e-05
0.13608038
0.1168766
0.115436554
0.09858143
0.074241996
0.0039815903
0.15716338
0.16614532
0.038395405
0.08060384
0.12974024
0.0022147894
0.015503287
0.12381697
0.12716663
0.11655426
0.1320337
0.11628842
0.1178143
0.0512017
0.08358312
0.08599675
0.13074803
0.09033334
0.10359013
0.018561244
0.1318984
0.09717834
0.12186468
0.011983156
0.09516823
0.026552796
0.08676994
0.09163165
0.07406986
0.08734
0.12485242
0.059572577
0.112205386
0.13039029
0.113862514
0.11800492
0.028720737
0.029718876
0.11984205
0.10944724
0.03910017
0.076001406
0.1225847
0.026906848
0.060667276
0.1189276
0.044020295
0.1118145
0.13773143
0.111014485
0.009381533
0.101238966
0.101293445
0.12073207
0.11266303
0.10812628
0.09358513
0.01289475
0.1991018
0.111543894
0.1274718
0.09405184
0.18452132
0.050978065
0.10959411
0.12703276
0.039744616
0.05597949
0.05363667
0.1558963
0.09664059
0.046691418
0.1509316
0.09705269
0.072900176
0.094911575
0.056010723
0.1538533
0.083881974
0.13309574
0.02210641
0.08624518
0.06504023
0.08750212
0.056996346
0.10721755
0.01827979
0.10591841
0.015295267
0.18036318
0.09142268
0.17493308
0.05551803
0.044398904
0.11533558
0.08816707
0.056444407
0.13751173
0.106606245
0.11472678
0.10602713
0.11791074
0.07423186
0.130018
0.07623696
0.13147092
0.03900373
0.09129214
0.031964302
0.09280646
0.020419836
0.033711195
0.020903468
0.06745505
0.073850274
0.1358223
0.12289739
0.0511117
0.13650513

0.039584756
0.10192692
0.011790276
0.00174582
0.06277156
0.06754887
0.084682226
0.105559826
0.072900176
0.052165747
0.031432867
0.041942358
0.051066756
0.01652515
0.06395948
0.014231205
0.012865543
0.06469083
0.081169724
0.06559825
0.007837534
0.078252435
0.093008876
0.027773619
0.030188918
0.07259774
0.05899191
-0.00058043003
0.08021259
0.06954324
0.008512974
0.0819577
0.016129375
0.06235075
0.099196315
0.051235437
0.08598459
0.02729547
0.008087039
0.016229153
0.08039582
0.09338117
0.11383748
0.028012633
0.022166252
0.109700084
0.046889782
0.09451735
0.074563384
0.04984522
0.049452662
0.07679069
0.003029704
0.06613481
0.07777727
0.018808007
0.0322299
0.08737755
0.046099186
0.022613287
0.087898254
0.00011718273
0.0014986992
0.09992063
0.0988189
0.03627777
0.098391175
0.06623173
0.031841755
0.08009875
0.10687542
0.08621311
0.06868255
0.063239455
0.08151603
0.049245834
0.073673606
0.052466393
0.003380537
0.03411007
0.10194826
0.023799777
0.089949965
0.082414865
0.06606388
0.10673547
0.07718599
0.051676273
0.055637836
0.068748355
0.0013430119
0.096101284
0.049262047
0.08348727
0.058095932
0.075160146
0.09427595
0.07733524
0.07321334
0.053244352
0.02540338
0.057284236
0.09747672
0.06287563
0.06860089
0.06875062
0.031177163
0.10062766
0.11676276
0.08569729
0.063533545
0.08606672
0.00807035
0.05673337
0.082143426
0.06468725
0.013744116
0.080652
0.07571721
0.07910514
0.059560657
0.0811311
0.06261778
0.011334538
0.036800265
0.0982182
0.04218197
0.007013321
0.06415284
0.070540786
0.031223297
0.054341078
0.019629478
7.092953e-05
0.075988054
0.0036489964
0.0057691336
0.0754931
0.047906756
0.031913877
0.048433065
0.06920433
0.04456389
0.08744359
0.047519088
0.09444225
0.06514025
0.090572
0.070590496
0.08777881
0.0088272095
0.081719875
0.022150874
0.10328293
0.025304317
0.013226867
0.0700078
0.0049194098
0.0342685
0.06694913
0.07796872
0.062125802
0.028444052
0.06508148
0.07475042
0.08931625
0.012862682
0.078746915
0.0031141043
0.035463333
0.059812665
0.06817031
0.0973351
0.0722487
0.051202297
0.042939186
0.07921648
0.08414924
0.037781477
0.07100999
0.06033373
0.041597486
0.07650089
0.095816016
0.098116875
0.06675303
0.057756305
0.10138488
0.0488199
0.0061781406
0.08215594
0.06893957
0.06485772
0.067019105
0.10200238
0.046864867
0.060518622
0.0076155663
0.081168175
0.059038162
0.08858228
0.015781164
0.027737021
0.04321313
0.077483416
0.071781754
0.057771444
0.0035663843
0.085413575
0.07878113
0.048467875
0.007820845
0.04793465
0.087592244
0.0700438
0.043691874
0.03358662
0.01895225
0.083684206
0.008556008
0.082702756
0.033064365
0.08857942
0.03649485
0.054292202
0.082589746
0.085470915
0.06156063
0.09559858
0.10113418
0.03039813
0.01829493
0.018933654
0.10761523
0.08182311
0.07365811
0.010860324
0.1025542
0.0032954216
0.06589031
0.130041
0.06027627
0.07385838
0.07130301
0.0033603907
0.07292855
0.062006235
0.056178093
0.062527776
0.09255564
0.045401335
0.066651106
0.034098387
0.040744305
0.09012413
0.06437957

0.07717967
0.14743078
0.014168739
0.1304779
0.09579873
0.12739694
0.06909871
0.10244846
0.11431873
0.009351015
0.06117189
0.04558432
0.06494427
0.11319721
0.12198019
0.029105783
0.060965776
0.11568642
0.069027424
0.07084143
0.11204767
0.08236313
0.078012586
0.012998819
0.09340799
0.13728535
0.042045236
0.08374584
0.13535428
0.069247365
0.09953225
0.1330545
0.00998795
0.02855432
0.114806056
0.08806372
0.11180782
0.09397745
0.02428484
0.0051374435
0.099701524
0.12811625
0.092562675
0.12483239
0.10052204
0.01563561
0.122439384
0.12173998
0.1108371
0.124360204
0.030912876
0.112187386
0.10859895
0.03193164
0.02417016
0.044532895
0.04031813
0.091902494
0.14356804
0.0751698
0.103363395
0.011369824
0.120129704
0.12629545
0.07341862
0.11190808
0.11191344
0.03509736
0.10910773
0.010295272
0.066376925
0.020949364
0.07987547
0.003255725
0.07673371
0.06963503
0.12141764
0.084839344
0.13161731
0.115273
0.13100088
0.0016599894
0.11257839
0.005970955
0.103910565
0.07814193
0.14520061
0.08373821
0.099749565
0.12271941
0.03974855
0.035426617
0.1212883
0.11790502
0.05474484
0.092933536
0.037372947
0.049903393
0.12798142
0.14987433
0.055790186
0.011875391
0.032410502
0.09390628
0.12554646
0.13569355
0.030805588
0.010091782
0.13546574
0.026890397
0.11399484
0.04854381
0.11939192
0.104665756
0.11695814
0.12892115
0.04382491
0.005660653
0.13424718
0.13629115
0.1451211
0.077711225
0.12552226
0.12310672
0.105134726
0.116012335
0.028640509
0.06701231
0.12759721
0.033169866
0.08645129
0.088008046
0.1271671
0.021349907
0.07031238
0.10977423
0.12741685
0.11869192
0.095627785
0.06791532
0.09109521
0.08825159
0.13124096
0.011252284
0.006839633
0.08292651
0.042805195
0.10650039
0.12579644
0.084683895
0.05427921
0.1044575
0.11915076
0.08084357
0.03074789
0.08750677
0.09645116
0.1134882
0.086102724
0.036553502
0.040481687
0.042736292
0.10312033
0.08532238
0.11948085
0.09634256
0.06894338
0.1382792
0.11045003
0.09989691
0.09451008
0.10277212
0.079149365
0.093331695
0.1304959
0.02988255
0.15886998
0.14463973
0.1252371
0.032099605
0.1584959
0.12536108
0.14665008
0.103129745
0.13509023
0.10799253
0.00757277
0.024211407
0.03488779
0.07790923
0.09860778
0.08471346
0.056063414
0.013192892
0.071511745
0.11752474
0.06369805
0.06568444
0.03164327
0.0336951
0.010534644
0.10689378
0.121735215
0.06567454
0.10546684
0.06077361
0.10468376
0.08789468
0.11227512
0.123251915
0.13495505
0.011118054
0.013166904
0.01080668
0.13792336
0.058500648
-0.00020778179
0.13034034
0.09345603
0.138116
0.11246109
0.05526626
0.036030293
0.02809
0.093702674
0.00038206577
0.122207284
0.013104081
0.0830009
0.10333645
0.07915568
0.013382912
0.1308515
0.018250942
0.10726857
0.05915034
0.09561372
0.056947112
0.026431203
0.09067178
0.13333964
0.08610594
0.076723576
0.076807976
0.053002954
0.12818205
0.04274988
0.14059317
0.11423826
0.08573258
0.02828753
0.101089835
0.072271705
0.14970672
0.018397093
0.0067670345

0.0905602
0.1425569
0.108983874
0.1470406
0.07043624
0.17415166
0.08133495
0.1073122
0.13431454
0.08860731
0.15408707
0.12210202
0.17300153
0.060768962
0.14582586
0.14151073
0.10230827
0.0963403
0.032356024
0.07154536
0.08502936
0.15675294
0.1276877
0.013221383
0.0982362
0.08999598
0.15411115
0.0731647
0.051118493
0.07425928
0.0701226
0.106016874
0.01859355
0.12903655
0.13295114
0.1168555
0.15095735
0.046576977
0.06710136
0.110257745
0.106509805
0.13615286
0.14246273
0.06823003
0.12426782
0.014957547
0.07644689
0.13441145
0.092620015
0.09864998
0.09591067
0.123945236
0.13705909
0.009118676
0.009450674
0.104236126
0.10001671
0.10344994
0.03707111
0.16023242
0.10647142
0.11593521
0.12168133
0.10934889
0.15113497
0.13962114
0.11219287
0.106272936
0.13828623
0.07498586
0.12917686
0.035051107
0.02427876
0.08267617
0.1550523
0.11675429
0.11954367
0.04958117
0.15517437
0.093452215
0.09806931
0.12242675
0.12623358
0.110152006
0.10831678
0.09045386
0.11017215
0.06911147
0.113811135
0.124602675
0.13478315
0.1433338
0.073082685
0.117881894
0.011908054
0.11029613
0.025082111
0.06254411
0.14441335
0.04678023
0.123448014
0.107589245
0.0625931
0.11323428
0.13086557
0.1018312
0.10491443
0.07199812
0.09071219
0.04394114
0.10936451
0.022013068
0.061260104
0.10800254
0.14470935
0.1391741
0.0320673
0.018701792
0.13495958
0.07031834
0.11886251
0.09490228
0.16680062
0.04135418
0.10982752
0.102060914
0.008160353
0.09223151
0.104279995
0.057455063
0.09972763
0.11258578
0.12787116
0.024248958
0.043976784
0.1642735
0.080235004
0.12294018
0.12760389
0.10744095
0.08931041
0.12800252
0.16757095
0.17330885
0.08857596
0.1272434
0.072939396
0.0031249523
0.03769517
0.17050683
0.09734607
0.05773735
0.15834105
0.11518562
0.14081931
0.03994918
0.081555486
0.1424681
0.14427972
0.111992
0.13151944
0.025174737
0.11293888
0.15805125
0.12717903
0.074412465
0.10071957
0.11784732
0.100034475
0.068012595
0.041285396
0.13539445
0.16527498
0.094819546
0.12487233
0.09165776
0.11753631
0.11772299
0.09270215
0.079467416
0.139112
0.113101006
0.10980046
0.0870446
0.034822583
0.068626046
0.1273185
0.061462402
0.12902057
0.09560633
0.14607513
0.07013106
0.11610079
0.116966486
0.15285087
0.14643657
0.14308178
0.034517407
0.114830256
0.132581
0.12718868
0.024189949
0.13971853
0.07947767
0.1116997
0.10633528
0.09373617
0.08407295
0.057255626
0.08829415
0.130525
0.109482765
0.05598557
0.04192853
0.04690993
0.103444815
0.13478804
0.0329355
0.100883126
0.13484025
0.11860156
0.1527344
0.05224061
0.07491958
0.104904056
0.14465094
0.10935211
0.18747282
0.12106609
0.032032132
0.038943887
0.10734773
0.12862575
0.023434281
0.15093422
0.098762035
0.025306702
0.0993309
0.073436856
0.08414185
0.114112616
0.09666431
0.084089875
0.14833486
0.080252886
0.16703916
0.041742563
0.10373485
0.124878526
0.038872123
0.13305926
0.08857131
0.09134805
0.1362443
0.16135955
0.058116555

0.06447637
0.052662134
0.05195737
0.06340122
0.08464801
0.024380922
0.0040774345
0.08976674
0.07848811
0.0515579
0.058553815
0.059363723
0.07084465
0.07270789
0.01165247
0.03779006
0.059370875
0.09649873
0.031737566
0.05077362
0.039102197
0.07785392
0.034953117
0.015564442
0.013356566
0.04935658
0.025741577
0.073614955
0.01814413
0.0012288094
0.08204663
0.022394419
0.07577479
0.08423972
0.053587914
0.054225326
0.071730494
0.06744659
0.08376348
0.047447443
0.051709533
0.067720175
0.06840396
0.028423429
0.02393353
0.088478446
0.0780257
0.07230127
0.049793243
0.015974045
0.030029535
0.074404836
0.0084193945
0.08585465
0.06863129
0.05232227
0.09316409
0.029858947
0.026448846
0.080510974
0.0777117
0.037546992
0.058725357
0.09841013
0.07778549
0.07996726
0.052881956
0.020068765
0.02059555
0.034757495
0.070501804
0.031598926
0.08346796
0.10968149
0.020453095
0.09960258
0.047225595
0.052452922
0.047245502
0.055705667
0.085714936
0.083690524
0.07867634
0.063206434
0.071615815
0.043370724
0.028642178
0.009154916
0.07326436
0.035047293
0.08653724
0.015508294
0.0548898
0.06935048
0.05259621
0.064074874
0.047952175
0.048408747
0.057557702
0.087717175
0.06973505
0.012063742
0.079889655
0.07684851
0.014878631
0.07126975
0.048072815
0.07353568
0.0755049
0.07036924
0.058471084
0.07627356
0.086085916
0.09632778
0.08963668
0.06870544
0.07181835
0.074284315
0.027857065
0.037783265
0.06090653
0.060786963
0.085321784
0.07956231
0.050309896
0.04615581
0.07064068
0.029513001
0.08323467
0.07922733
0.018091798
0.07825124
0.10155332
0.05358076
0.0911541
0.04716575
0.040868044
0.0968101
0.059043765
0.025817871
0.097200274
0.014875889
0.025762796
0.06879747
0.079993725
0.03078556
0.06656897
0.041594148
0.06947243
0.06768429
0.037219644
0.026788473
0.014850616
0.054893374
0.0670017
0.08194709
0.06457293
0.028015256
0.076006174
0.046285152
0.085846305
0.026226997
0.017522097
0.03712213
0.020664811
0.07094753
0.013903737
0.020224094
0.072013736
0.017293096
0.041870832
0.06134188
0.06774151
0.03747058
0.0018965006
0.073525906
0.022139192
0.028144479
0.06834197
0.033126473
0.07002139
0.04570365
0.06367445
0.027811527
0.09104872
0.019275188
0.09022951
0.022486925
0.055733204
0.071053505
0.006213188
0.028036118
0.036259294
0.03378868
0.04787445
0.012371898
0.0652498
0.02520287
0.09863627
0.03753853
0.07332289
0.0032349825
0.050104737
0.058567166
0.08451331
0.058301687
0.03999424
0.031831503
0.07296562
0.08619201
0.08462095
0.092621446
0.01144886
0.06937003
0.036070824
0.045952678
0.09802127
0.09025121
0.020871162
0.07344079
0.08085573
0.09292793
0.012295008
0.04439938
0.031046629
0.023108482
0.0876714
0.06789708
0.07449567
0.064902425
0.08715141
0.07596564
0.06297374
0.092435
0.053854346
0.030214667
0.04891658
0.07897186
0.023185968
0.099387884
0.04545915
0.010974407
0.027959347
0.08248556
0.0032564402
0.082404375
0.10038555
0.07369685
0.07515645
0.06823361
0.0959512
0.053842306
0.087623596
0.016200066
0.061869144
0.055389047
0.06828725
0.05087304
0.096178055
0.01920104
0.013194323
0.077287436
0.015241861
0.01352489
0.01566577
0.06483972
0.015301347
0.034036398
0.053792834
0.036902428
0.05160904
0.0779891
0.0399096
0.059266567
0.03669703
0.032185435
0.069119215
0.08143866
0.052203536
0.0771234
0.099907994
0.02618444
0.07192075
0.035580993
0.072337866
0.09678328
0.03168547
0.07963288
0.014229536
0.0568074
0.079363585
0.0683862
0.08226776
0.054989934
0.035969853
0.066984534
0.08846998
0.07193744
0.075393796
0.06337583
0.087353945
0.015270233
0.07771289
0.033085585
0.083940506
0.0006225109
0.061452985
0.060691714
0.037552
0.08278847
0.09118414
0.09060538
0.09295058
0.07146478
0.06022501
0.0747838
0.0061900616
0.06936157
0.06790912
0.05659759
0.049132586
0.06886506
0.05917597
0.094647765
0.044474006
0.07010031
0.08119929
0.09299004
0.024056315
0.0994333
0.06853652
0.03799808
0.08969498
0.070568085
0.07409155
0.07014477
0.08063102
0.021841168
0.065660834
0.058545947
0.064673185
0.07079196
0.10531402
0.058122635
0.049019933
0.066049695
0.06796265
0.06913698
0.0072318316
0.018352032
0.02259934
0.04136014
0.012420058
0.036677957
0.07648432
0.058936477
0.05941665
0.031169295
0.082111955
0.093128085
0.09201729
0.03494656
0.04783082
0.054375768
0.08130002
0.010217428
0.010718226
0.044716477
0.073261976
0.055939913
0.02243936
0.066337466
0.05606103
0.018903017
0.08544552
0.03201139
0.078259945
0.036793113
0.05569017
0.071825385
0.08902502
0.08330524
0.028263807
0.058498025
0.0838536
0.07361257
0.038098812
0.011510849
0.07832003
0.012043238
0.07617366
0.038489938
0.026078701
0.005592227
0.071799874
0.065746546
0.07845533
0.039196372
0.07429373
0.085502505
0.07585132
0.029276013
0.016931057
0.068015695
0.03853166
0.07735574
0.071734905
0.05408919
0.042192817
0.08419371
0.09095979
0.018755674
0.05166745
0.05535519
0.07538676
0.00665617
0.088154316
0.04337871
0.059729457
0.06737232
0.06527996
0.0013507605
0.06275523
0.028765202
0.0821017
0.08343065
0.017573118
0.02926147
0.06944013
0.01084733
0.0045815706
0.02475679
0.01849854
0.053575754
0.011171937
0.021670818
0.019363165
0.04949546
0.06489575
0.020638108
0.021989584
0.042266846
0.06280124
0.029574156
0.08030808
0.06835258
0.066378355
0.045698524
0.014273167
0.0702014
0.008341312
0.05469632
0.0071214437
0.06389487
0.007515192
0.113850355
0.07282698
0.018931746
0.06918049
0.0828321
0.09030485
0.07049441
0.050899267
0.07311416
0.017659545
0.06323242
0.065722704
0.03426206
0.027733088
0.09981525
0.03316021
0.05855429
0.03291118
0.023495555
0.062937975
0.048212767
0.060344815
0.065185785
0.021554828
0.01702869
0.049164414
0.07531083
0.0719161
0.108205676
0.030675292
0.085687995
0.013825178
0.015526295
0.05061364
0.06359959
0.06537068
0.05550921
0.04393494
0.074109435
0.055196047
0.023108006
0.08646798
0.046939492
0.065090775
0.0779624
0.08647704
0.080878854
0.091790915
0.05823946
0.05686164
0.09552252
0.024996638
0.06427944
0.022085309
0.071511984
0.0908978
0.068190694

0.091661334
0.08227444
0.04145062
0.021704555
0.069585085
0.016788483
0.07994282
0.09758043
0.05588472
0.04820764
0.084967256
0.046271563
0.052891254
0.029346585
0.1166383
0.09198415
0.09390974
0.0780524
0.09141147
0.07434082
0.055979848
0.07760191
0.03507781
0.023807764
0.10994041
0.06862664
0.044145703
0.044688106
0.11674297
0.058657408
0.024463654
0.045400977
0.093946934
0.027485132
0.09925032
0.06795931
0.013671994
0.059833765
0.10310292
0.049249172
0.07558727
0.04961312
0.07772136
0.035740137
0.0935626
0.13093793
0.038669586
0.079913974
0.055822134
0.0623883
0.020175934
0.058217287
0.07224333
0.061961412
0.08900452
0.08252609
0.08621836
0.0841372
0.069904685
0.103464484
0.08166087
0.05445099
0.08038831
0.019958854
0.011447549
0.030969739
0.11235845
0.08886814
0.004266739
0.010951638
0.039332867
0.014146805
0.10244572
0.030489564
0.10439861
0.107221365
0.074233055
0.07605684
0.09708178
0.09041309
0.037459254
0.061673403
0.033536315
0.050315022
0.06718767
0.030530334
0.10211146
0.07863045
0.046185493
0.08853924
0.019605279
0.067763686
0.042116404
0.092452765
0.09760344
0.0889169
0.074643135
0.04312229
0.09781194
0.08861196
0.08016777
0.054859042
0.045452
0.095406175
0.07268667
0.054472208
0.10248339
0.06516206
0.077087164
0.054463863
0.057120323
0.06482041
0.04766965
0.02019906
0.099022746
0.07309723
0.11108112
0.09695172
0.06618047
0.014299512
0.03301382
0.06337333
0.05647695
0.06509125
0.09030104
0.10087395
0.07668066
0.039899707
0.09462631
0.093149066
0.12184417
0.046324372
0.08597338
0.11787617
0.12391889
0.052927136
0.08479512
0.04748559
0.037296534
0.08781028
0.0761745
0.05576372
0.0851475
0.08954561
0.08491707
0.11385965
0.039197564
0.07411718
0.10225177
0.039703727
0.09526873
0.06983948
0.13065076
0.100322604
0.07575369
0.095617056
0.04715538
0.05740869
0.02517438
0.07698977
0.0923208
0.040937662
0.0764761
0.07822502
0.06688535
0.08098447
0.075068474
0.010700941
0.03431368
0.048507094
0.06670499
0.035110593
0.07670617
0.009366751
0.117105246
0.09770298
0.06869173
0.019890904
0.052300096
0.10085344
0.09461892
0.0935173
0.0660094
0.0648967
0.061935425
0.06494987
0.0076549053
0.060435772
0.0551939
0.09380543
0.08420706
0.07387805
0.05146706
0.08574498
0.04321325
0.082895875
0.06340778
0.07736158
0.12634385
0.012822509
0.084900856
0.12016702
0.08064544
0.082542896
0.057490706
0.09232032
0.06330097
0.08919668
0.09967387
0.099258184
0.06846595
0.018017888
0.037207007
0.08065581
0.034867525
0.08915198
0.06045556
0.087227106
0.10037303
0.10365033
0.06490481
0.059903145
0.03481269
0.06753576
0.08324838
0.13107467
0.026076794
0.07266748
0.10193062
0.034775376
0.09448218
0.072440386
0.014724493
0.019914031
0.053812742
0.08115363
0.032382846
0.076114774
0.05352807
0.092844605
0.075209856
0.058793902
0.09134829
0.058428288
0.016061068
0.10623169
0.05197382
0.048909307
0.0892272
0.09132552
0.090661645
0.07768226
0.14232635
0.06090057
0.09568441
0.08014977
0.08910322
0.08391261
0.04504502
0.10158467
0.045934796
0.10711169
0.005273342
0.055367947
0.021049142
0.10303044
0.10436857
0.022420883
0.03636372
0.10772407
0.06233442
0.06878567
0.013699055
0.08625293
0.08352256
0.089761734
0.024033546
0.0590353
0.05446863
0.07311225
0.038666606
0.07448435
0.09376228
0.027712107
0.07193041
0.0441159
0.057086468
0.019275784
0.014638782
0.061666846
0.046828628
0.01649785
0.095133305
0.01190269
0.029437423
0.019303083
0.099455476
0.03647685
0.044753313
0.036695123
0.10861993
0.07789445
0.090697646
0.100695014
0.05559039
0.031144857
0.06302667
0.033722997
0.032618403
0.105546236
0.11574113
0.07238364
0.10034096
0.033863664
0.019257069
0.028086782
0.07882464
0.058021426
0.084046006
0.124619246
0.042108536
0.025974274
0.07831454
0.064554214
0.035874367
0.0035648346
0.049989343
0.08717823
0.08594823
0.008525252
0.118044496
0.066948295
0.049790025
0.025722504
0.07228768
0.094382286
0.07018554
0.08355105
0.066254735
0.046489358
0.09656823
0.025771499
0.11340761
0.060290217
0.05858755
0.048118353
0.0788337
0.10424638
0.07175386
0.075775385
0.06720626
0.07791293
0.09873116
0.05872047
0.028841972
0.09383118
0.011377692
0.08392382
0.08362448
0.08619273
0.06895125
0.091291666
0.059916258
0.063192725
0.10781479
0.033846974
0.07267237
0.0726769
0.06807172
0.109223604
0.033437133
0.07038188
0.058130145
0.100572586
0.08912718
0.11767042
0.047333837
0.0813297
0.008909941
0.0043982267
0.06098795
0.04179859
0.032754064
0.08298671
0.089410186
0.032755256
0.017539978
0.098529935
0.050066233
0.073263764
0.11322975
0.021579385
0.054322958
0.038840175
0.014003038
0.09120798
0.033890486
0.06383169
0.06503868
0.10730553
0.09118521
0.08195412
0.098459005
0.09319115
0.081504345
0.06670284
0.023651838
0.10433519
0.09039974
0.053150296
0.08861232
0.034207225
0.108239174
0.052306533
0.090761304
0.10921633
0.02169907
0.10093105
0.014878511
0.05174756
0.093759894
0.08448219
0.03523338
0.078926206
0.015530109
0.03332627
0.07685089
0.1138891
0.017740846
0.080604434
0.06664407
0.047815442
0.044347644
0.078103304
0.06478703
0.081661105
0.0016946793
0.07034242
0.05626738
0.11105168
0.0773437
0.12702608
0.061899662
0.039357305
0.119327545
0.015971422
0.084252834
0.026266336
0.047762513
0.023542166
0.08632004
0.05063677
0.043445945
0.062119722
0.07231569
0.06517732
0.086269975
0.07551873
0.056456923
0.08311045
0.09926462
0.08126652
0.0068222284
0.10098338
0.042287588
0.022161007
0.0486449
0.11054504
0.023171782
0.03891623
0.07374966
0.025846004
0.0981251
0.035076857
0.07846105
0.094260454
0.08014214
0.027996898
0.08333099
0.09881592
0.08596218
0.09658432
0.080426335
0.117100716
0.07094896
0.084677696
0.051700473
0.08486533
0.02632749
0.012392521
0.06708419
0.081163526
0.05189097
0.09252083
0.09233689
0.08744621
0.09121168
0.10426831
0.053623557
0.02188778
0.12718308
0.082950115
0.100663304
0.051814914
0.07651389
0.08327925
0.050527096
0.06091118
0.0705874
0.10904431
0.10582352
0.08837533

0.03662741
0.10102391
0.12651706
0.027627707
0.051265955
0.009334564
0.031238914
0.09171653
0.05242479
0.085404396
0.026623249
0.08228767
0.05292678
0.028799295
0.11422551
0.18122363
0.04441297
0.09766483
0.0322814
0.06433809
0.11366904
0.07580197
0.076544285
0.0055755377
0.048163414
0.049655914
0.077878356
0.06380367
0.038742065
0.12233281
0.03251362
0.0259943
0.101365805
0.07270002
0.10680604
0.031474352
0.023319006
0.07831645
0.053474307
0.040646195
0.051607728
0.028959513
0.12611187
0.03373909
0.07141471
0.054930806
0.0444324
0.09174013
0.06354022
0.04652548
0.042230368
0.14540243
0.054640412
0.15496123
0.062116265
0.056060195
0.01975441
0.037623286
0.0459224
0.01642561
0.040342808
0.078078866
0.09653902
0.012059808
0.04598546
0.038036585
0.1070869
0.02426231
0.051730037
0.051972866
0.029122591
0.08385491
0.06276667
0.06412685
0.027124882
0.05778265
0.019893408
0.0548501
0.080902934
0.07856333
0.028444648
0.006234169
0.026436925
0.055767894
0.12851954
0.030449629
0.027745962
0.023812652
0.078586936
0.041365862
0.11116111
0.018842578
0.035969973
0.023350596
0.065769434
0.10064256
0.10918641
0.0793643
0.07993734
0.045449495
0.054757595
0.036742687
0.15640259
0.068199515
0.068769336
0.02626419
0.022126317
0.053865552
0.032987952
0.054313302
0.054604053
0.08285785
0.014022112
0.087227106
0.023716569
0.024605274
0.045283556
0.051431537
0.034079194
0.059011936
0.051857233
0.0522871
0.08434415
0.027458549
0.05450487
0.112389326
0.119117856
0.037399054
0.0542264
0.1443609
0.058840513
0.084670424
0.09030032
0.080788136
0.1611085
0.04774332
0.04409182
0.019231677
0.119653106
0.07453537
0.024643898
0.11100459
0.08723545
0.06000042
0.031841278
0.035570145
0.043212533
0.017303944
0.10030639
0.049332976
0.03732896
0.050148726
0.027414203
0.043869257
0.019963026
0.008026361
0.01939118
0.05580616
0.043781877
0.09398627
0.061745882
0.025160074
0.09502828
0.040464282
0.075173736
0.043110132
0.13663208
0.060272932
0.11081898
0.055004478
0.0149178505
0.04078245
0.040493846
0.045453668
0.03209746
0.038665652
0.057055473
0.07229853
0.056697607
0.083333015
0.053741097
0.04357791
0.04747486
0.05796349
0.024335146
0.044029832
0.0799489
0.057151914
0.074175835
0.025936007
0.047915816
0.024014711
0.055640936
0.031551957
0.07454598
0.028847456
0.029086709
0.017558813
0.06665838
0.07963526
0.022271752
0.041739225
0.049237728
0.08114147
0.008325458
0.017588615
0.024427533
0.05096841
0.06520033
0.08524263
0.083705544
0.034486294
0.04196453
0.013299704
0.05372131
0.043340325
0.0209831
0.027475715
0.010281205
0.054807663
0.042258143
0.02594614
0.018212795
0.029000878
0.056936145
0.06765139
0.10579586
0.137972
0.030198932
0.085024714
0.1160754
0.051493764
0.0307194
0.044695735
0.037409306
0.013449311
0.18564272
0.056632996
0.031661272
0.10475516
0.03444624
0.05437112
0.08221114
0.019699693
0.04031396
0.03453493
0.03503406
0.017199397
0.046579123
0.07659578
0.07329512
0.03206289
0.039479375
0.06281018
0.021762013
0.027049422
0.097308636
0.032811522
0.024314046
0.09010267
0.025974989
0.023290038
0.09751868
0.034461617
0.010478616
0.06076944
0.07043016
0.0340178
0.01488328
0.035266757
0.04396081
0.041698456
0.064406395
0.10478151
0.028743386
0.018529415
0.08178222
0.025905728
0.04802084
0.034150362
0.08028555
0.09179962
0.06052828
0.06480956
0.08067846
0.019650698
0.07283831
0.032797575
0.049036026
0.042517066
0.032881856
0.1729362
0.097754836
0.049561024
0.031754255
0.039455295
0.13764322
0.0030303001
0.09015679
0.10113382
0.012400746
0.06630635
0.03145516
0.03086865
0.03227842
0.024576664
0.094750285
0.14870274
0.024778366
0.027899504
0.046746016
0.09813833
0.020669222
0.09678006
0.007963657
0.044030786
0.08018112
0.021864533
0.03252828
0.034525156
0.022607565
0.019461393
0.018330812
0.012741804
0.08959675
0.055469513
0.09247482
0.08726144
0.08479178
0.05137813
0.09557593
0.022717357
0.0566262
0.018984199
0.040528774
0.06298065
0.04782009
0.062016487
0.031243443
0.013617039
0.10823619
0.04425633
0.085929155
0.071757555
0.083782196
0.06337702
0.03711605
0.07863569
0.033227324
0.03610468
0.03897977
0.026121855
0.047073603
0.17845953
0.037864327
0.018150568
0.06645143
0.092157006
0.023843527
0.051211596
0.030914903
0.12524664
0.11395669
0.18113434
0.12392223
0.03842151
0.05303538
0.0099208355
0.06332421
0.12699461
0.044803023
0.055391073
0.008179069
0.026755333
0.082808256
0.054077983
0.049769044
0.092366934
0.03974092
0.07227385
0.10423064
0.07429218
0.032598495
0.064026475
0.021760464
0.05348468
0.06149316
0.1128875
0.08811402
0.081457734
0.021004915
0.044329762
0.04082048
0.029568553
0.07964456
0.051593184
0.026251793
0.057556987
0.013231635
0.07117605
0.06269491
0.047494054
0.03601134
0.07462847
0.11793661
0.043492675
0.029150605
0.023999214
0.063467145
0.038624525
0.080623865
0.0507555
0.07918823
0.083082676
0.08430755
0.0668751
0.02088797
0.013243079
0.026093364
0.122685194
0.01989162
0.061687827
0.102089524
0.110587955
0.11246097
0.07372308
0.056590796
0.08529031
0.03509879
0.059522867
0.05427003
0.04289198
0.063839674
0.13313627
0.030868292
0.06044972
0.0393821
0.040427327
0.06923437
0.059017777
0.113959074
0.03859496
0.08264291
0.08261931
0.04848683
0.009364009
0.04253757
0.03361523
0.0595721
0.055105805
0.04924369
0.056401968
0.038648367
0.07658684
0.04742706
0.052579403
0.06353879
0.02355504
0.11972678
0.051496387
0.027838826
0.08519852
0.029729128
0.0450958
0.015314341
0.013310194
0.037133217
0.075410485
0.033082128
0.0806092
0.060629487
0.03420484
0.09924698
0.12770486
0.030529976
0.05364096
0.05256498
0.07612777
0.07923412
0.037498236
0.0108088255
0.045570374
0.034018278
0.04865694
0.06949508
0.056870103
0.056105614
0.045979977
0.036815405
0.03458941
0.021053672
0.04961717
0.028971195
0.08884728
0.030324697
0.023426652
0.022426844
0.03689897
0.065939665
0.023718238
0.053413987
0.08311522
0.03606546
0.06862497
0.108492136
0.023706198
0.015508652
0.020092607
0.07474148
0.06819773
0.08926082
0.106452346

0.008997917
0.026900887
0.0028783083
0.05792582
0.032758355
0.010476589
0.02421391
0.007478595
0.00021004677
0.01355195
0.03007543
0.0025063753
0.013040781
0.010294199
0.012438178
0.001748085
0.01158905
0.024703383
0.032178998
0.0016752481
0.02554512
0.013184786
0.026802659
0.0061426163
0.01190567
0.01674056
0.020551085
0.0021852255
0.042245507
0.01537776
0.031532288
0.029260397
0.0037959814
0.021993756
0.009655476
0.0060970783
0.03277552
0.038060308
0.025213957
0.021373391
0.0049335957
0.019420505
0.02750194
0.008294821
0.0048935413
0.003981948
0.016677856
0.004947901
0.046322107
0.01942408
0.014131069
0.046069503
0.008514643
0.019560575
0.029522777
0.007116556
0.020536184
0.038142204
0.03972864
0.038485646
0.022854209
0.039347768
0.025902987
0.03050208
0.04652214
0.0010094643
0.007679224
0.03260362
0.026776195
0.04372537
0.02959764
0.0059423447
0.02512765
0.009379864
0.026965976
0.03692043
0.001998186
0.028600812
0.04008901
0.00043296814
0.058388352
0.018741846
0.017769456
0.03636515
0.010969639
0.0028905869
0.0064661503
0.02573657
0.009300947
0.025821447
0.027514815
0.01979518
0.012619257
0.021155477
0.019884467
0.02998817
0.05403495
0.050129652
0.015882373
0.009299517
0.034290552
0.034749508
0.018229485
0.025037885
0.013749123
0.020161986
0.028472304
0.027709007
0.023948312
0.0015016794
0.005009055
0.029749155
0.018146634
0.009399295
0.013080716
0.0055128336
0.020533323
0.019687176
0.020971894
0.0025607347
0.042145014
0.03538394
0.03570652
0.006052017
0.00010716915
0.036328435
0.06700194
0.02311647
0.045937896
0.054554343
0.07035828
0.024324775
0.0474056
0.003430128
0.00595963
0.03192985
0.011351824
0.023929238
0.013432026
0.028327942
0.031810284
0.029789686
0.018862247
0.031199098
0.01043427
0.007829666
0.044017076
0.023895383
0.022933125
0.021832228
0.011786938
0.029971719
0.021541715
0.014341712
0.052728653
0.018426895
0.040883303
0.005286336
0.034706473
0.026152253
0.019662023
0.0072557926
0.011225462
0.030193567
0.012067914
0.03131473
0.012179732
0.028624296
0.0707165
0.01585114
0.028063774
0.028398514
0.044386387
0.02209282
0.05024922
0.032441616
0.06242764
0.023059845
0.06140876
0.05355251
0.035623193
0.009224892
0.06520629
0.022224307
0.03350079
0.014957786
0.034994364
0.018413424
0.026963234
0.023643613
0.0005502701
0.0013815165
0.0032879114
0.041423917
0.02043724
0.012901664
0.010314226
0.029340744
0.0147333145
0.02551639
0.0048359632
0.021748781
0.004194379
0.06511295
0.013402224
0.015739918
0.025560021
0.028641224
0.024043798
0.03269577
0.0007302761
0.0058130026
0.03774798
0.050080895
0.033283234
0.030067801
0.01987207
0.011170626
0.03035736
0.013934612
0.04099059
0.039612412
0.033389807
0.009786725
0.00825417
0.052598715
0.025354862
0.0014041662
0.012776017
0.014809847
0.03814733
0.013553262
0.03726256
0.015006423
0.02499783
0.005426049
0.017668247
0.011277914
0.014625788
0.07392764
0.016530037
0.040423036
0.017719865
0.035405755
0.05048728
0.031060338
0.014105678
0.03999424
0.04370153
0.022665858
0.0416317
0.04614079
0.0699904
0.03237462
0.041994333
0.019298673
0.030522704
0.019606829
0.027066112
0.0016194582
0.051192045
0.0018736124
0.012794256
0.02927661
0.00978291
0.004963517
0.034804463
0.032527924
0.01930952
0.0032687187
0.048278093
0.02505958
0.005260706
0.009967208
0.0048388243
0.05482316
0.03658402
0.011888862
0.021915913
0.027992845
0.022456646
0.03627324
0.029556155
0.0019032955
0.016820312
0.035581827
0.027530551
0.0075205564
0.010035157
0.0071229935
0.013754249
0.0389508
0.042996764
0.03736186
0.03984964
0.012230873
0.010801196
0.008656383
0.02688849
0.013237834
0.016005516
0.01366365
0.011910439
0.009992957
0.0112684965
0.021714687
0.024784446
0.004107833
0.011951327
0.0024552345
0.032297015
0.01788032
0.010879636
0.014053464
0.052490592
0.0063769817
0.0027292967
0.033970118
0.031980634
0.005806446
0.055538297
0.0063622
0.01208055
0.01190114
0.030906916
0.027738333
0.0031650066
0.018747568
0.05320394
0.03702438
0.030616403
0.008869648
0.061104894
0.037089944
0.01928413
0.0027426481
0.0013971329
0.023961902
0.04153657
0.032051563
0.037991047
0.02667296
0.026627898
0.028783083
0.011642218
0.010365844
0.043308496
0.010591149
0.025989056
0.03698623
0.043923974
0.048172593
0.00064849854
0.017437339
0.037275672
0.023893595
0.037160754
0.030449271
0.015374184
0.007996321
0.010287762
0.036007047
0.017328382
0.021389246
0.026941419
0.011891365
0.025562644
0.0058227777
0.034359217
0.010284781
0.012454987
0.04351306
0.017272592
0.03530264
0.010454416
0.0010408163
0.05134642
0.016936302
0.0024787188
0.0047506094
0.024717808
0.010354638
0.017883062
0.026184201
0.03471005
0.033740044
0.01126945
0.01563716
0.0098570585
0.053076744
0.018310308
0.024853468
0.037184596
0.054970622
0.02879548
0.055926204
0.015865684
0.018086553
0.035228133
0.006524563
0.0171417
0.01888597
0.02181387
0.0011662245
0.012396455
0.021842599
0.03962922
0.043290377
0.009106159
0.0121907
0.0077682734
0.023965836
0.002454996
0.00905025
0.014695168
0.0030971766
0.020729542
0.00934577
0.0037221909
0.027650595
0.025528431
0.039568067
0.031039834
0.0016204119
0.027074099
0.025678277
0.004519105
0.011258721
0.016156793
0.017765641
0.015621185
0.032342315
0.02091384
0.01131928
0.004006386
0.037911654
0.037822127
0.05095637
0.03640032
0.033776045
0.025892854
0.014299512
0.005419135
0.020809531
0.0062123537
0.02220273
0.026777864
0.04475844
0.067552805
0.093717694
0.054157853
0.010567546
0.0114940405
0.022154212
0.026014447
0.03237903
0.021890879
0.04002571
0.013761878
0.02724266
0.024095416
0.033147335
0.020255327
0.039281845
0.0009434223
0.038677096
0.00782907
0.012819171
0.024967313
0.0065181255
0.05387616
0.0664444
0.01271975
0.015323877
0.023489118
0.013612032
0.010721564
0.017543077
0.040106654
0.023886204
0.005634904
0.0054847
0.036292672
0.008798718
0.013300538
0.0271281
0.025731087
0.013198018
0.020663261
0.045146942
0.022361517
0.07107127
0.044454098
0.013883591
0.022529483
0.024060965
0.0069953203
0.009796023
0.025120854
0.027838588
0.016670942
0.03145492
0.030591011
0.024934769
0.03469491
0.0038079023
0.04007578
0.04835534
0.019555092
0.0053464174
0.005600333
0.036987424

0.002434492
0.0070459843
0.014185786
0.006473303
0.030502677
0.026337266
0.012457728
0.017283916
0.017442822
0.022396684
0.0027343035
0.021023512
0.032379746
0.00020766258
0.004540682
0.010658383
0.012156367
0.006685376
0.01708424
0.021709085
0.021456718
0.011401296
0.006322503
0.016117454
0.016124845
0.0076975822
0.010139823
0.0029025078
0.021987677
0.0021244287
0.011362314
0.02352202
0.011761069
0.008077264
0.02676928
0.013020158
0.009955525
0.021266222
0.026209831
0.013213992
0.019152999
0.024391294
0.0067408085
0.0061689615
0.008401632
0.019447803
0.022144794
0.010030746
0.00882864
0.02941215
0.019380808
0.0053955317
0.00846827
0.0174129
0.0070021152
0.013112068
0.0038005114
0.012386918
0.01423049
0.013760686
0.0076225996
0.019748092
0.010554075
0.0016052723
0.0050385
0.008665562
0.011819601
0.011859894
0.012337804
0.001378417
0.016120315
0.020563364
0.008186698
0.015022993
0.014580011
0.043616652
0.0151234865
0.009699345
0.017421722
0.0075193644
0.014317632
0.009344816
0.016191363
0.0097590685
0.011948109
0.018159509
0.020117521
0.031095028
0.0043189526
0.0220294
0.026322842
0.008955598
0.012928009
0.01114881
0.0137194395
0.0050809383
0.01811874
0.029261827
0.012547135
0.0069799423
0.005351782
0.01154232
0.011062145
0.015915155
0.019657731
0.015155911
0.024098754
0.01933515
0.028405666
0.015835643
0.010694742
0.009912729
0.009616494
0.00444448
0.016003728
0.016139746
0.012988687
0.01585269
0.015741587
0.0039156675
0.011563659
0.0065125227
0.0021768808
0.013283372
0.0014685392
0.008022189
0.006401658
0.024081945
0.035181046
0.013461232
0.0054136515
0.0053477287
0.0049819946
0.027742982
0.0018376112
0.020797491
0.026328802
0.006810665
0.02157557
0.023451686
0.020874977
0.017117262
0.008282304
0.008099437
0.015441179
0.009803653
0.0093261
0.007967234
0.023818493
0.013346076
0.010032058
0.031718493
0.018455505
0.005681634
0.011110783
0.02024746
0.0077694654
0.009053826
0.016184926
0.018256664
0.017497301
0.017537355
0.0069921017
0.005012393
0.020205855
0.00763011
0.011764646
0.01193583
0.01619625
0.0032999516
0.0182482
0.024487257
0.012680769
0.012740612
0.023537993
0.0140298605
0.01192677
0.018802404
0.0007544756
0.017840147
0.013602018
0.017427802
0.007188201
0.009840965
0.0129288435
0.018030047
0.022405624
0.008114576
0.021329284
0.016812563
0.03742218
0.0068671703
0.023940682
0.012295961
0.02558279
0.019515872
0.015442491
0.023610592
0.013143659
0.011815786
0.022117853
0.037903547
0.020803452
0.020256639
0.004654765
0.01135838
0.013043404
0.008473635
0.020861983
0.01509583
0.025226355
0.013579845
0.014924049
0.008288622
0.009016871
0.011911988
0.01315093
0.013892174
0.012653232
0.003284216
0.011337161
0.008694887
0.010432124
0.013431311
0.016483665
0.00047683716
0.0030798912
0.015694737
0.017857075
0.007570982
0.008099318
0.017839193
0.0119668245
2.7060509e-05
0.006662965
0.0071696043
0.005466938
0.005510092
0.020026922
0.0025365353
0.016835093
0.02038598
0.026883245
0.01521647
0.0042169094
0.034893394
0.0041698217
0.01780963
0.024247646
0.0063021183
0.02792561
0.013420701
0.0042939186
0.016423821
0.019482613
0.017065763
0.014258027
0.010712147
0.016928792
0.014877915
0.010732889
0.014027476
0.006208539
0.009125948
0.011112094
0.019358397
0.023249507
0.017400026
0.022726655
0.00930047
0.010297537
0.002555728
0.008681655
0.016141057
0.01766777
0.02479875
0.009775877
0.011639357
0.016947389
0.009351373
0.009383321
0.015393853
0.024182439
0.010828733
0.005702734
0.01378119
0.009714723
0.011680126
0.004577756
0.008087993
0.008761525
0.0026009083
0.0044915676
0.017008781
0.021427631
0.011477351
0.020937562
0.014256954
0.012005687
0.0003131628
0.008635759
0.0039955378
0.00032532215
0.012982249
0.016513467
0.004813075
0.026525497
0.019526482
0.013621807
0.024609447
0.009788036
0.0035324097
0.009383082
0.0060833693
0.022279859
0.016706228
0.013171196
0.019844532
0.0003402233
0.0032740831
0.021896958
-1.13248825e-05
0.0026276112
0.006363988
0.012358189
0.0068799257
0.024520397
0.0063266754
0.010574222
0.027807713
0.019500017
0.012989163
0.0070289373
0.0080884695
0.022038221
0.027846456
0.037136555
0.010129213
0.012865782
0.023666143
0.025190234
0.019778728
0.01832068
0.014771938
0.017676115
0.018277049
0.013734341
0.016134262
0.010062337
0.015354991
0.003702879
0.007494211
0.011339784
0.0111579895
0.021139741
0.0013519526
0.02555728
2.9683113e-05
0.01001966
0.013563275
0.0036029816
0.022468567
0.006408453
0.009833574
0.0027382374
0.009197235
0.0127824545
0.005103469
0.019327879
0.015333891
0.012017131
0.0066531897
0.018690705
0.00501287
0.022870064
0.0056078434
0.0031331778
0.013172865
0.0011041164
0.01690638
0.009849548
0.009459376
0.0071024895
0.0188936
0.0074851513
0.007681608
0.01328373
0.0126110315
0.00082468987
0.0018758774
0.017719865
0.013085604
0.0077502728
0.0026853085
0.013887525
0.021244526
0.010993719
0.02626717
0.00126791
0.0038311481
0.013364077
0.0044777393
0.022110224
0.020607948
0.0013628006
0.016848445
0.025919676
0.002447486
0.0052342415
0.016683698
0.012604475
0.017199993
0.009742022
0.012466669
0.019286036
0.016889334
0.0059040785
0.0028671026
0.014020681
0.02453971
0.013101935
0.01674056
0.011897922
0.014395475
0.011247516
0.018802047
0.01633656
0.031323314
0.018593788
0.017600417
0.0075051785
0.020745754
0.027850866
0.01139307
0.010421276
0.02889359
0.003098607
0.015849233
0.012364626
0.0016682148
0.009260297
0.017098784
0.024375439
0.009328723
0.02900052
-4.2915344e-06
0.025382161
0.022983313
0.044084907
0.004328847
0.0065448284
0.012293935
0.009418964
0.011547446
0.019010425
0.009646654
0.015081048
0.015001535
0.0108418465
0.014668584
0.019731045
0.004075289
0.029178739
0.009588122
0.024297833
0.014126182
0.015430093
0.025823116
0.007578373
0.012130737
0.023308754
0.0013519526
0.0062013865
0.017071843
0.014088273
0.018089175
0.007357955
0.0072288513
0.011764407
0.007852316
0.022943497
0.015806079
0.009136558
0.020939589
0.0038784742
0.016243577
0.0064008236
0.010249972
0.027386189
0.025109291
0.022030115
0.009492993
0.013627529
0.0011575222
0.014215112
0.008602977
0.02069807
0.005361676
0.013995767
0.015008807
0.015045404
0.022912502
0.02098906
0.021246314
0.0024524927
0.014255762
0.0077444315
0.017709613
0.022869349
0.009068012
0.01449585
0.02316308

0.02150762
0.0033580065
0.014465213
0.02009058
0.016040921
0.0050854683
0.0073572397
0.0069172382
0.008048296
0.008536816
0.008207083
0.008520961
0.00080633163
0.010951281
0.0036907196
0.02331245
0.01827252
0.006811857
0.014028072
0.022776961
0.03437841
0.015924335
0.0032331944
0.0047847033
0.0029572248
0.0076049566
0.010919094
0.020867586
0.025506139
0.009798527
0.0131236315
0.010455847
0.012527347
0.020031214
0.0034151077
0.00044870377
0.012270808
0.014680743
0.0033904314
0.011639237
0.010077834
0.006219268
0.017729282
0.01652944
0.0060995817
0.021563888
0.010775685
0.011239648
0.0029853582
0.020210981
0.008884072
0.017887712
0.012801886
0.0042454004
0.020162702
0.010252714
0.012000561
0.017433047
0.011487484
0.0038142204
0.004357815
0.008047581
0.00429976
0.0056399107
0.008063912
0.018720388
0.008350134
0.011404514
0.018310666
0.0067607164
0.0091046095
0.011289477
0.008172631
0.0129054785
0.013176203
0.00582695
0.021205068
0.015596986
0.0051892996
0.0073924065
0.016444802
0.006199479
0.016805649
0.010623574
0.023048043
0.008258462
0.0153723955
0.022656202
0.01780045
0.0064287186
0.012199998
0.0075091124
0.0032194853
0.011828303
0.008664489
0.009744048
0.021493196
0.019113302
0.0026316643
0.014577627
0.007518649
0.0052717924
0.00757432
0.024790168
0.025008678
0.008578658
0.011586189
0.011682272
0.024762273
0.020671964
0.012587905
0.011017919
0.008700848
0.008043051
0.027647495
0.017549157
0.011751533
0.023193002
0.0073418617
0.019913316
0.0048211813
0.019010067
0.0066355467
0.019836307
0.005960703
0.02279985
0.012698889
0.014174819
0.02058351
0.005936742
0.0029876232
0.016546011
0.0039823055
0.020548582
0.014601111
0.006334543
0.003222704
0.01214695
0.007952809
0.01648438
0.014719129
0.012598872
0.0035574436
0.00605917
0.0070147514
0.011761785
0.029123425
0.0015217066
0.0042436123
0.011794686
0.006605983
0.013003111
0.009641886
0.017701626
0.017843723
0.013216972
0.01579225
0.009878159
0.005238533
0.015651464
0.008149505
0.021233678
0.016961455
0.024401188
0.014557958
0.0066030025
0.004802704
0.013577938
0.020038247
0.012536287
0.014984727
0.0057202578
0.021956325
0.00027418137
0.02196896
0.01599574
0.0041457415
0.027502418
0.005386591
0.0086090565
0.0026693344
0.009012461
0.020059466
0.021283746
0.018997908
0.0059993267
0.016433
0.013407946
0.018252373
0.015574932
0.008631349
0.003138423
0.020598292
0.0036070347
0.004137397
0.012069702
0.011435032
0.023793101
0.0036388636
0.0093073845
0.008776307
0.014529586
0.005211711
0.012491226
0.02214384
0.013087869
0.020116568
0.01072228
0.0033566952
0.028954625
0.009626627
0.009793401
0.015657067
0.018529654
0.008433819
0.013520479
0.016840577
0.01622963
0.009919524
0.006757021
0.012444019
0.025618672
0.006644845
0.014617324
0.014492512
0.012705803
0.008490205
0.012514949
0.009240389
0.018229485
0.03320408
0.019305706
0.008830905
0.0065191984
0.006999016
0.017741442
0.02038443
0.009329319
0.012528539
0.009098649
0.03044784
0.014942527
0.01074338
0.013931632
0.016659498
0.0071855783
0.00086188316
0.012036204
0.024541616
0.006314039
0.009477615
0.011131406
0.0059239864
0.025135636
0.0036578178
0.018497944
0.02700591
0.010430694
0.008884311
0.015247822
0.014300466
0.03925717
0.003678441
0.01564014
0.00671947
0.00734663
0.027610898
0.015551567
0.012313962
0.015960097
0.020337224
0.015030265
0.00040638447
0.012741685
0.0132700205
0.004075289
0.009762049
0.0090914965
0.008705497
0.040242553
0.006489277
0.0043615103
0.025184512
0.0015133619
0.0091995
0.0012545586
0.00795567
0.021029115
0.014776111
0.007757783
0.009355307
0.006664157
0.007564783
0.013435841
0.005251646
0.0053030252
0.011906505
0.005523324
0.0050866604
0.03140509
0.011992216
0.016267538
0.004395604
0.0040159225
0.009635329
0.019904256
0.010347128
0.006844759
0.003021717
0.006801605
0.0146279335
0.019867182
0.019764543
0.016510725
0.015079498
0.024365067
0.018418074
0.008607388
0.031219602
0.0048048496
0.022316217
0.015389204
0.0060204268
0.0027147532
0.020073175
0.0070357323
0.023839235
0.006162882
0.011020422
0.012621522
0.009135485
0.014139056
0.00266397
0.013560891
0.01626265
0.0068264008
0.014811993
0.0075905323
0.012329102
0.005032778
0.0017777681
0.012562275
0.008835793
0.0023742914
0.01096189
0.015828013
0.021835923
0.014423966
0.0070278645
0.012286067
0.005684018
0.0024950504
0.010434985
0.0046732426
0.017505765
0.013491511
0.016133904
0.020261288
0.034397125
0.0071394444
0.009272456
0.010662198
0.006580472
0.012107134
0.009668708
0.0054739714
0.009352684
0.0036963224
0.0014592409
0.027575493
0.027701378
0.0077650547
0.019889832
0.030491948
0.00787282
0.010620236
0.01937735
0.007850766
0.009864211
0.0074915886
0.02131164
0.024868965
0.022946239
0.0067451
0.01602459
0.015121102
0.0050092936
0.012286305
0.0053813457
0.015485644
0.018400192
0.013357401
0.0060611963
0.0048879385
0.0062584877
0.02365148
0.010473728
0.012010217
0.008308649
0.01101017
0.013894081
0.003813386
0.0053430796
0.011868238
0.010039568
0.0074213743
0.01421237
0.012946129
0.013876319
0.00309515
0.0036183596
0.0149799585
0.0032038689
0.0049962997
0.008013487
0.0071548223
0.012122154
0.01749599
0.0076873302
0.0037904978
0.008441448
0.0068073273
0.0073940754
0.003089428
0.010015011
0.0047227144
0.015544295
0.006685853
0.008774042
0.009291649
0.003151536
0.014525175
0.015876055
0.011433363
0.007643819
0.004325986
0.009276748
0.014304042
0.018539548
0.010550499
0.0077552795
0.007110119
0.014692187
0.005859971
0.0059205294
0.009352446
0.02077353
0.010467172
0.011676788
0.003378868
0.015409112
0.012437463
0.01010704
0.028066397
0.0018965006
0.012946606
0.028547883
0.012435436
0.005985737
0.034439325
0.01635778
0.02620244
0.0051617622
0.012916923
0.009541392
0.019029737
0.012288332
0.0044943094
0.009385705
0.009186506
0.013623238
0.0037093163
0.0156053305
0.009694099
0.011585355
0.015135407
0.014603496
0.019605756
0.017400146
0.005217552
3.683567e-05
0.0044915676
0.024964333
0.004339814
0.004757285
0.019611478
0.012470126
0.008938193
0.00706017
0.014423013
0.022017956
0.0074203014
0.02636385
0.011639118
0.016732454
0.012123227
0.015435576
0.00940156
0.0051664114
0.011096954
0.020155549
0.005108714
0.011863351
0.0105576515
0.011762261
0.011722922
0.006353855
0.011033535
0.013300419
0.008011699
0.018523097
0.014642477

0.43489575
0.3526057
0.3619163
0.34292555
0.38210762
0.30961895
0.34871888
0.4307624
0.41369462
0.3378793

