0.00257802
0.011282444
0.0003324747
0.010252833
0.005011797
0.0060350895
0.013205767
0.005460143
0.002111435
0.0056313276
0.00451231
0.009046793
0.0037840605
0.010572076
0.004992366
0.0054267645
0.0016263723
0.00141716
0.0015667677
0.002290368
0.011128664
0.001796484
0.003440857
0.008984089
0.0048451424
0.0039588213
0.0011498928
0.0043922663
0.0042186975
0.0035674572
0.0053095818
0.0052808523
0.006197691
0.008842349
0.011137128
0.0039457083
-0.00015485287
0.0178473
0.0074635744
0.007620573
0.0031280518
0.003428936
0.006260395
0.0053771734
0.011786103
0.018448949
0.0064077377
0.0049601793
0.0031567812
0.01661539
0.0053355694
0.0041714907
0.006536603
0.0065256357
0.012637973
0.0037420988
0.0094691515
0.0054525137
0.0031872988
0.0053287745
0.0064452887
0.009198546
0.007969141
0.008723617

0.020874858
0.008909345
0.005767703
0.002397418
0.0017530918
0.0031945705
0.014728427
0.0027347803
0.0078264475
0.016970158
0.001455307
0.0033955574
0.001727581
0.009524465
0.0044726133
0.0036200285
0.0089120865
0.014276385
0.003124237
0.006658554
0.007086158
0.0020325184
4.696846e-05
7.6293945e-05
0.0023200512
0.017682076
0.0010674
0.015112996
0.0033612251
0.0081294775
0.019868731
0.01789987
-1.8239021e-05
0.0128314495
0.013422608
0.004167199
0.007431507
0.0075870752
0.0021431446
0.012535453
0.002184391
0.0031852722
0.004987359
0.016435623
0.0036560297
0.009082079
0.015435219
0.006619692
0.023565412
0.0060002804
0.0055468082
0.004598379
0.002884984
0.0011447668
0.0052502155
0.0007557869
0.00074636936
0.0035421848
0.0016670227
0.009745479
0.0100672245
0.0054135323
0.008010626
0.011755228

7.18832e-05
0.0036985874
0.002709031
9.262562e-05
3.2544136e-05
0.0028033257
0.0034476519
0.002347231
5.9127808e-05
0.007870436
0.00724864
0.00013387203
0.0062857866
0.0010561943
0.0056358576
0.0029000044
0.0015417337
0.0016700029
-5.364418e-06
0.0042304993
0.0064103603
0.0030647516
0.010274529
0.0076795816
0.0031875372
0.005835533
4.6372414e-05
0.0028473139
0.0011782646
0.002696395
0.0005221367
0.0029257536
0.0023109913
0.005103588
0.00040507317
0.004016757
0.0060614347
0.00055134296
0.009542942
0.0035455227
0.002579093
0.0034931898
0.0052160025
0.0012454987
0.0019344091
0.004120469
0.001794219
0.0014569759
0.0017559528
0.0048936605
0.0056581497
0.004795909
0.0029934645
0.0020984411
0.007543087
0.0025327206
0.007429123
0.0034493208
0.0018843412
0.007855058
0.0065051317
0.0014100075
3.9815903e-05
0.011037469
0.0014801025
0.0047967434
0.004978776
0.0043777227
0.0012873411
0.0029625893
0.005002141
0.00030648708
0.0032060146
-5.1259995e-06
0.0027451515
0.0016024113
0.006432295
0.0063124895
0.0021721125
0.0027154684
0.0062823296
0.0052058697
0.0043483973
0.0058859587
0.0028777122
0.0036144257
0.002809763
0.0069135427
0.001957655
0.0039895773
0.00045192242
0.0058174133
0.0033625364
0.0046761036
0.0023940802
0.0054986477
0.0007032156
0.0063103437
0.0011342764
0.0043236017
0.0010331869
0.0010319948
0.005144477
0.0026768446
0.0017585754
0.0073754787
0.0033711195
4.7564507e-05
0.0047904253
0.0030901432
0.006178379
0.008836985
0.0030213594
0.0027532578
0.0024174452
0.003709793
0.0013452768
0.0015895367
0.0033905506
0.0060595274
0.0069391727
0.0038995743
0.004380107
0.006808996
0.00687027
0.002552867
0.00088071823
0.003514409

0.0004836321
0.0036746264
0.0057296753
0.007091403
4.87566e-05
0.0032901764
0.0020706654
7.1525574e-07
0.0049259663
0.0024735928
0.0065306425
0.0028254986
0.0046625137
0.0044691563
0.0026034117
0.003659606
0.009794235
0.0034629107
0.0010623932
0.00023901463
0.0006623268
0.0029082298
0.004398465
0.0054403543
0.0051259995
0.0010888577
0.004364848
0.0019240379
0.001863122
0.0033898354
0.0007272959
0.0010339022
0.0043861866
0.0034428835
0.015946269
0.001419425
0.0041778088
0.008947849
0.003463149
0.0033124685
0.0054723024
0.0064202547
0.004131198
0.0049268007
0.0047962666
0.003832817
0.0036232471
0.0009964705
0.00046420097
0.0034456253
0.0027798414
0.0008033514
0.00079619884
0.002354741
0.0023530722
0.005474925
0.0026453733
0.0039800406
0.001863718
0.0037286282
0.0024021864
0.005051732
0.0045335293
0.0030072927
0.0023707151
0.0026444197
0.0056027174
0.0035873652
0.0019391775
0.001188159
0.00095427036
0.00689137
0.002396226
0.0069539547
0.001365304
0.0043268204
3.7431717e-05
0.0024591684
0.0015325546
0.0054986477
0.0078020096
0.0048630238
0.0055338144
0.0035198927
0.0035822392
0.0027093887
0.0050348043
0.002447009
0.0027977228
0.0047768354
0.0039764643
0.006358981
0.0028704405
0.0033653975
0.0014307499
0.003861308
0.002802372
0.00231874
0.0011119843
0.002666235
0.002644062
0.005978942
0.004861951
0.0039241314
0.00606668
0.0002888441
0.0003516674
0.0018975735
0.0011087656
0.0029884577
0.0022548437
0.0006222725
0.0050657988
0.0069202185
0.0017148256
0.006795883
0.0074204206
0.0062845945
0.0050508976
0.0029654503
0.004915476
0.0037971735
0.00654459
0.0035668612
0.0052620173
0.004342675
0.0051538944
0.004615426

0.001270175
0.0025749207
0.0020356178
0.0018231869
0.0049248934
0.0004081726
0.0025670528
0.001282692
0.0007778406
0.0021559
0.0028041601
0.000982523
0.0030379295
9.10759e-05
0.0022016764
0.0002155304
0.0010819435
0.0026859045
4.339218e-05
0.0013567209
0.0014126301
0.0022099018
0.003632903
0.004009962
0.001891017
0.0026137829
0.0023460388
0.0027474165
0.00016236305
0.004131317
0.0013295412
0.00017738342
0.0015909672
0.0021909475
0.004086733
0.0020878315
0.00088608265
0.0017762184
0.0024795532
0.0038895607
0.0018978119
0.0022559166
0.00036597252
0.00051760674
0.0020046234
0.0024527311
0.004131913
0.0030704737
0.0045084953
0.0028434992
0.0003453493
0.0026236773
0.0014041662
0.0010682344
0.0018321276
0.0017063618
0.0004992485
0.00088095665
1.9788742e-05
0.0008302927
0.0012139082
0.00096583366
0.0015985966
0.0002989769
0.0022091866
0.0002770424
0.0018700361
0.0031528473
0.0020405054
0.0012215376
0.0015999079
0.00230062
1.1205673e-05
0.003034711
0.00088977814
0.002282977
0.00037777424
0.001991272
0.0033786297
0.00078999996
0.003378749
0.0020785332
0.0043224096
0.00016987324
0.0020680428
0.002820611
0.0015696287
0.00012552738
0.0022653341
0.00075268745
0.0028613806
0.0007311106
0.0014168024
0.00056159496
0.0014269352
0.0020192862
0.0014801025
0.0022970438
0.00068485737
0.0014648438
0.0024386644
0.0027296543
2.2530556e-05
-1.4305115e-06
0.002436757
0.0020036697
0.00038182735
0.0012695789
0.0016012192
0.00017464161
0.002833128
0.0009357929
0.00033259392
0.0013145208
0.0024760962
0.0020141602
0.000336051
0.00022637844
0.0021816492
0.0015048981
0.0034569502
0.0009926558
0.0011270046
0.0024129152
0.002286315
0.00280118
0.0011941195
0.0011657476
0.0033659935
0.0027793646
0.0035277605
0.0026746988
0.0025951862
0.0006570816
0.0019780397
0.0025644302
-4.196167e-05
0.003797412
0.0027326345
0.00074899197
0.0018436909
0.00041294098
0.00402081
0.0002361536
0.0014737844
0.0015187263
0.000472188
0.0014412403
0.001038909
0.0020618439
0.000228405
0.0022325516
0.0019644499
0.001321435
0.00068342686
0.0022441149
0.0038046837
0.002956152
3.838539e-05
0.0027935505
0.0022220612
0.0036103725
0.0011203289
0.0032498837
0.0010988712
0.00012254715
0.0009726286
0.002180338
0.0010777712
0.0022611618
0.00016963482
0.0017650127
0.0022192001
0.0010428429
0.0018070936
0.0017161369
0.00050246716
0.0051038265
0.0010989904
0.0014333725
5.888939e-05
0.00042545795
0.002797246
0.002886653
0.00039041042
0.0029513836
0.001490593
0.002264738
2.8014183e-05
0.0020159483
0.0031477213
0.0015518665
0.0011008978
1.347065e-05
0.0035380125
0.0021291971
0.00012242794
0.0042521954
0.004376173
0.002201438
0.0019307137
0.0020765066
0.0024312735
0.0026435852
0.001560092
0.00034856796
0.0024844408
0.00054216385
0.001131177
0.0010591745
0.002998352
0.0019282103
0.0003247261
0.0019772053
0.0041031837
0.00067579746
0.00020444393
-1.8000603e-05
0.001914382
0.0009970665
0.0015981197
0.002569437
0.0020047426
7.748604e-06
0.0012626648
0.00087308884
0.0013532639
0.0019526482
0.0011497736
0.0015169382
0.0021810532
0.0021947622
0.003858924
0.004173875
0.00315094
0.0024299622
0.0022331476
0.0016463995
0.0044953823
0.00041091442
0.0023069382
0.0022091866
0.0031155348
0.0040391684
0.005273223
0.0005719662
0.0009622574
0.0013275146
0.00018966198
0.002886176
0.0023810863
0.0025367737
0.00086414814
0.0017988682
0.002045989
0.00078618526

0.0025616884
0.0015205145
0.0006556511
0.0009506941
0.0029752254
0.003914833
0.00123775
0.001637578
0.0011126995
0.0037169456
0.0006223917
0.0025314093
6.425381e-05
0.0015318394
0.003050685
0.003412962
0.0014503002
0.0027945042
0.0010917187
0.0019472837
0.0008134842
0.0024644136
0.0013078451
0.004655719
0.00036978722
0.0021035671
0.0024597645
0.0017472506
2.3007393e-05
0.0018115044
0.0011672974
0.0017988682
0.002322793
0.0014907122
0.0018322468
0.0024665594
0.0004504919
0.002015829
0.002140522
0.0014429092
0.0009586811
0.003443718
0.001552701
0.0018599033
0.0016366243
0.00039494038
0.0024781227
0.0013587475
0.00027918816
0.0018210411
0.0031425953
0.0009920597
0.0031034946
0.0013840199
0.0014733076
0.00046098232
0.005401373
0.0020056963
0.00085794926
0.0024417639
0.0021915436
0.002453804
0.0023519993
0.0013661385
0.00096046925
0.0003002882
0.0016640425
0.0005222559
0.0014747381
0.0033296347
0.0029472113
0.0028957129
0.001560092
0.0011147261
0.0014576912
0.0015437603
3.4570694e-06
0.0031160116
0.0018455982
0.0014283657
0.0023208857
0.0019853115
0.001044035
0.0017083883
0.0010612011
0.0019761324
0.0012694597
0.0013692379
0.0045399666
0.0035830736
0.002973199
0.00054740906
0.0027096272
0.0014843941
0.0017451048
0.0029228926
0.00065398216
0.0018738508
0.0006017685
0.0016326904
0.0013790131
0.0031081438
0.00021159649
0.0015454292
0.0011315346
0.0020831823
0.0011309385
0.0026471615
0.0017094612
0.003429532
0.00037050247
0.0020439625
0.0020984411
0.002671361
0.0016829967
0.0015292168
3.325939e-05
0.0006661415
0.0018465519
0.0006735325
0.00035583973
0.0042202473
0.0007059574
2.849102e-05
0.0034681559
0.002882719
0.0004339218
0.0026004314
0.001234889
0.0014669895
0.0017802715
0.001455903
0.0022294521
0.0019345284
0.0012544394
0.001960516
0.0008896589
0.0023499727
0.0021344423
0.0021737814
0.0014158487
0.002548337
0.0012197495
0.0010117292
0.0020703077
0.00050115585
0.0033464432
0.0043565035
0.0035332441
0.0026985407
0.0013401508
0.00040531158
0.003668666
0.00045084953
0.0018638372
0.0007661581
0.0030264854
0.0008018017
0.0012102127
0.0032277107
0.0017498732
5.698204e-05
0.0021119118
0.0038893223
0.0017923117
0.00090014935
0.0016331673
0.0027201176
0.0014362335
2.69413e-05
0.002557397
0.0001283884
0.0013071299
0.0024849176
0.0028253794
0.001516819
0.0010532141
0.00047588348
0.0017428398
0.0043298006
0.0031820536
0.0026743412
0.0021356344
0.0021454096
0.0027685165
0.0022962093
0.00013840199
0.0002641678
0.0030943155
0.0027770996
0.00010550022
0.002855301
0.0008279085
0.0018446445
0.0007289648
0.0015518665
0.0020787716
0.0009020567
0.0015076399
0.00027394295
0.0005970001
0.0041218996
0.0010322332
0.0014864206
0.002968192
0.002512455
0.0011978149
0.0038961172
0.001447916
0.002794385
0.0014371872
4.9948692e-05
0.0032402277
0.0010293722
0.003043294
0.0011599064
0.0046110153
0.00038599968
0.0003592968
0.0031116009
0.0025898218
0.0015790462
0.0024760962
0.0013540983
0.003021717
0.0027612448
0.0009441376
0.0006043911
8.4519386e-05
0.0020048618
0.0019093752
0.0026046038
0.0029699802
0.00030386448
0.00026500225
0.0012136698
0.0027970076
0.0003709793
0.0030186176
0.00026392937
0.00013387203
0.0007623434
0.0028117895
0.0022779703
0.001224637
0.002077341
0.0030742884
0.0004657507
0.0012236834
0.0017133951
0.002453804
0.002576828
0.0028225183
0.0016406775
0.0013051033
0.00253582

0.0015685558
0.0024582148
0.0015121698
0.0009549856
0.001547575
0.0011810064
0.0013598204
0.00065779686
0.00091362
0.0010778904
0.001721859
0.0014792681
0.0035555363
0.0031989813
0.0011000633
0.0011014938
0.0014686584
0.00042068958
0.002012968
0.0010966063
0.0019803047
0.00072956085
0.0016127825
0.0016490221
0.0025237799
0.0047100782
0.0022310019
0.0011206865
0.0030264854
0.0017622709
0.0016450882
0.000636816
0.0017460585
0.00023949146
0.0005763769
0.0031187534
0.0041378736
0.00085508823
0.0023895502
0.0014972687
0.00028765202
0.0009824038
0.00050222874
0.0024279356
0.0015882254
0.00056922436
0.001129508
0.0010414124
0.0017222166
0.003331542
0.0015053749
0.0025191307
0.00031781197
0.0016396046
0.0013341904
0.0029109716
0.0023524761
0.0024300814
0.001822114
0.0030757189
0.0018180609
0.002238512
0.002588749
0.00051283836
0.0031112432
0.0019378662
0.0022410154
0.0026866198
4.8041344e-05
0.0026234388
0.0012677908
0.001236558
0.0013161898
0.00074100494
0.00077462196
0.0017066002
0.0023401976
0.0025781393
0.00043320656
0.0020714998
0.0025997162
0.0010918379
0.0011765957
0.001218915
0.0015203953
0.0024579763
0.0016287565
0.0016890764
0.00042307377
0.0016762018
0.0028092861
0.0032148361
0.0014973879
0.001983285
0.0024636984
0.0016269684
0.0036621094
0.0007508993
0.0037782192
0.0026620626
0.00056290627
0.00095927715
0.0017256737
0.0031003952
0.0018180609
0.0028182268
0.0015649796
0.0031169653
0.003411293
0.0017206669
0.001909256
0.0013332367
0.00020897388
0.0032194853
0.00084495544
0.0015860796
0.001917243
0.0017216206
0.0016156435
0.0034536123
0.001838088
0.0029484034
0.00036406517
0.0031126738
0.002126813
0.002424717
0.002688408
0.0013102293
0.00035429
0.0009050369
0.002068162
0.0009045601
0.00151968
0.0031260252
0.0021457672
0.00079226494
0.0015559196
0.0029824972
0.004573345
0.002235651
0.0008955002
0.00022399426
0.0042289495
0.002715826
0.003562808
0.0016269684
0.0018289089
0.0022583008
0.0014746189
0.0026658773
0.0023163557
0.0029735565
0.0010027885
0.00092947483
0.001884222
0.00082218647
0.0011950731
0.00027799606
0.0025966167
0.0026429892
0.000846982
0.0009189844
0.0020272732
0.0060726404
0.0013048649
0.0025235415
0.0025199652
0.0020076036
0.0020116568
0.0030441284
0.001986146
0.0013426542
0.0017809868
0.0008119345
0.0013771057
0.002239108
0.0025752783
0.0010005236
0.0018962622
0.0002669096
0.0006673336
0.00059485435
0.0012538433
0.0014719963
0.0028691292
0.00046384335
0.0018482208
0.002650857
0.0022519827
0.0031478405
0.0028601885
0.0011949539
1.9907951e-05
0.0024561882
0.00014317036
0.0021828413
0.0013830662
0.0010226965
0.0015969276
0.0019532442
0.0024375916
0.0030145645
5.376339e-05
0.0015456676
0.00016868114
0.0016518831
0.0018074512
0.0012085438
0.0034162998
0.00023972988
0.0014443398
0.0007082224
0.0019527674
0.001070261
0.0009176731
0.0016549826
0.0022406578
0.003071785
0.0020793676
0.0016473532
0.00049352646
0.002308011
0.0033750534
0.001688838
0.0019491911
0.0010911226
0.0009266138
0.0008968115
0.0025092363
0.0026752949
0.00033581257
0.0004080534
0.0030111074
0.0021930933
0.0015209913
0.002627492
0.0003142357
0.002831459
0.0030965805
0.0032502413
0.0011441708
0.0012514591
0.0013430119
0.0015265942
0.0006892681
0.0034741163
0.0010780096
0.0038746595
0.0031684637
0.0017662048
0.0009250641
0.0024262667
0.0011104345
0.00045514107
0.0026791096
0.002030015

0.0012285709
0.00096821785
0.0011532307
0.0008832216
0.0016874075
0.0021510124
0.00090277195
0.0015627146
0.0010453463
0.0006016493
0.0010476112
0.001439333
0.0001001358
0.0015542507
0.000890851
0.0017592907
3.9219856e-05
0.000857234
0.00091671944
0.0013103485
0.00060391426
0.001070857
0.00042688847
0.0005700588
0.0009833574
0.0012985468
0.00013875961
0.0011050701
0.00019109249
0.00019311905
0.0010054111
0.001758337
-8.225441e-06
0.00075244904
0.00027680397
0.00018298626
0.000997901
0.00070619583
0.0009236336
0.0006724596
0.001137495
0.00046646595
0.0011140108
0.0018651485
-9.894371e-06
0.0012327433
0.0010111332
0.0018231869
0.0010583401
0.0007843971
0.00067830086
0.0013836622
0.0004156828
0.0021845102
0.00065791607
0.00079476833
0.001258254
0.00057041645
0.0010026693
0.0008380413
0.00045907497
0.0011502504
0.00037372112
0.00018942356
0.0020564795
0.0007710457
0.001350522
0.0003335476
0.0009940863
0.0010688305
0.0007596016
0.0008414984
0.001947999
0.0007764101
0.00047564507
0.0007480383
0.0012011528
0.0017774105
0.0010156631
0.0010173321
0.0010820627
0.00060880184
0.00045490265
0.0013154745
0.00051128864
0.00029969215
0.00089645386
0.0013592243
0.0011047125
9.23872e-05
0.0009174347
0.00094532967
0.00057709217
0.0015083551
0.0010992289
0.0010344982
0.0012888908
0.00069594383
0.0010755062
0.0003489256
0.0007007122
0.0011719465
0.00086152554
0.0014719963
0.0008891821
0.00026071072
0.0010293722
0.0008621216
0.0012943745
0.00014340878
0.00087857246
0.0012549162
0.00058960915
0.00076413155
0.00052297115
0.001003623
0.0003848076
0.00040245056
0.0013082027
0.0004439354
0.0012928247
0.0018235445
0.0017212629
8.08239e-05
0.0015476942
0.00015377998
0.0005362034
0.00049984455
0.001119256
0.00058472157
0.0009496212
0.0010722876
0.00085246563
0.0007045269
0.0009505749
0.00080907345
0.00095546246
0.0007660389
0.0004912615
0.0002757311
7.2956085e-05
0.0014811754
0.00076663494
0.0012665987
0.0010635853
0.0015369654
0.0015878677
0.0011259317
0.0011036396
2.7418137e-05
0.0015858412
0.0010200739
0.00036156178
0.0006700754
0.0013350248
0.00023019314
0.0004633665
0.001255393
0.00060641766
0.00037276745
0.00074255466
0.00086832047
0.0009493828
0.0006366968
0.0005514622
0.0020728111
0.0009319782
0.00031924248
0.0019387007
0.00018453598
0.00082087517
0.0007932186
0.00084233284
0.0009211302
0.00028014183
0.0010724068
0.00046002865
0.0008929968
0.0012811422
0.0005865097
0.0014623404
0.0008738041
0.0001553297
0.0005213022
0.00069761276
0.0013511181
0.00082206726
0.0013155937
0.00022435188
0.0011138916
0.0014504194
0.0008145571
0.0019687414
9.8109245e-05
0.0018573999
0.0009019375
0.00086832047
0.0015077591
0.00012946129
0.000864625
0.0015131235
0.00022399426
0.0006506443
0.0003837347
0.0005108118
0.0014032125
0.00022256374
0.00039446354
0.00064992905
0.0005146265
0.00065660477
0.0009874105
0.0010652542
0.0015103817
0.001301527
0.0010219812
0.0008136034
0.0010032654
0.0002450943
0.0008286238
0.0004696846
0.0012663603
0.000997901
0.0013853312
0.0006786585
0.0011128187
0.00089240074
0.00071525574
0.0012308359
0.0012190342
0.0006875992
0.0007914305
0.0023111105
0.0013208389
0.0005708933
0.001940012
0.0005443096
0.0008075237
0.00042402744
9.9778175e-05
0.00049972534
0.0006892681
0.000626564
0.0010040998
0.0010597706
0.0018757582
1.0967255e-05
0.00183177
0.0009778738
0.0014256239
0.00096201897
0.00082945824
0.00086033344
0.0007817745
0.0011035204
0.00041341782
0.0007404089
0.0010455847
0.0010120869
0.0005648136
0.0010614395
0.0012019873
0.0012686253
0.0012332201
0.0010713339
0.001257062
0.0010420084
0.0008921623
0.00059890747
0.00021600723
0.0007996559
0.0006414652
0.0012568235
0.00069510937
0.0013135672
0.00063061714
0.00087177753
0.00085663795
0.0007683039
0.001308918
0.00077843666
0.0013357401
0.0009661913
0.0008869171
0.0013661385
0.00028514862
0.0010924339
0.0014210939
0.0014089346
0.0007866621
0.0011550188
0.00061666965
0.00055229664
0.00029683113
0.0006504059
0.00041341782
0.0007506609
0.00024187565
0.00047194958
0.0014880896
0.000970006
0.0010647774
0.0012809038
0.00013637543
0.0008161068
0.0023013353
0.0010818243
0.0013021231
0.00048351288
0.001159668
0.0002821684
0.0009649992
0.0002824068
0.0007984638
0.0012513399
0.0016081333
0.0007722378
0.00048601627
0.0010955334
0.0024346113
0.0010404587
0.0008056164
0.0012193918
0.0005983114
0.00077462196
0.0005272627
0.0010348558
0.00042665005
0.0005093813
0.001001358
0.0010942221
0.00073468685
0.0010597706
0.00035953522
0.0014902353
0.0006349087
0.0017906427
0.00014281273
0.00064599514
0.0005325079
0.0008467436
0.0019739866
0.00042569637
0.0003336668
0.0009166002
0.00047647953
0.0015873909
0.0014951229
0.0012811422
0.0008112192
0.0014882088
0.0012346506
0.0013961792
0.0007054806
0.00077962875
0.0021816492
0.0010486841
0.0012168884
0.0003966093
0.00065875053
0.0008896589
0.0011297464
0.0006059408
0.001036644
0.0013985634
0.0004930496
0.0015186071
0.0014135838
0.0006272793
0.0009166002
0.00024616718
0.00037550926
0.00034677982
0.00032639503
0.0009382963
0.00016272068
0.00044810772
0.00056409836
0.0015349388
0.00064873695
0.00047671795
0.00033688545
0.00052785873
0.0013741255
0.0009057522
0.0018639565
0.0007009506
0.0010259151
0.0011799335
0.0005081892
0.0011903048
0.0011485815
0.0013061762
0.0013113022
0.0008010864
0.0008568764
0.0003606081
0.0010281801
0.0017836094
0.0011388063
0.0004951954
0.0011913776
0.00061762333
0.0004197359
0.00022089481
0.00017869473
0.00062930584
0.0007253885
0.0007855892
0.0006337166
0.00063967705
0.0017364025
0.0016902685
0.0002706051
0.0012099743
8.08239e-05
0.0014013052
-1.5854836e-05
0.0016334057
0.0015026331
0.0002901554
0.0014187098
0.0007536411
0.0012003183
0.0013545752
0.00061523914
0.0009086132
0.00042378902
0.0017963648
0.0011805296
0.00085914135
0.0006406307
0.0012741089
0.00034821033
0.0011283159
0.0013418198
0.0010721684
0.0008016825
0.0008023977
0.00056540966
0.00057578087
0.0015057325
0.0015983582
0.0005605221
0.0008852482
0.00080657005
0.00087857246
0.0015182495
0.0009813309
0.0006327629
0.0004298687
0.0013779402
0.0015233755
0.00031661987
0.0025652647
0.00086808205
0.001439333
0.0014636517
0.0009635687
0.0004913807
0.0017472506
0.0014271736
0.0011149645
0.00087082386
0.0003902912
0.0012952089
4.8160553e-05
0.0008621216
0.00034070015
0.0010179281
0.00062584877
0.00080120564
0.00012493134
0.0015765429
0.00037491322
0.0014994144
0.0006891489
0.0004349947
0.0008196831
0.00016009808
0.00033807755
0.00011622906
0.0013186932
0.00091195107
0.000688076
0.00027692318
0.0020760298
0.0007748604
0.0005379915
0.0016020536
0.0003350973
0.0007914305
0.0011634827
0.0011535883
0.0010558367
0.0010371208
0.0009406805
0.0009276867
0.00012290478
0.00051534176
0.0004452467
0.00025475025
0.00058603287
0.00084865093
0.0013446808
0.001167059
7.605553e-05
0.0010560751
0.000477314
0.000999093
0.00089514256
0.00077176094

0.0007045269
0.0013445616
0.00022828579
0.0015796423
0.0018063784
0.0006517172
0.00019907951
0.00091814995
0.0009301901
0.0011034012
0.0014446974
0.0010830164
0.00018060207
0.00043737888
0.00017464161
0.000993371
0.0003771782
0.0021086931
0.000697732
0.0018706322
0.00047934055
0.00061130524
0.0005123615
0.00039231777
0.001573205
0.0017004013
0.0012899637
0.00081658363
0.0004130602
0.001134038
0.0011737347
0.0008510351
0.00052273273
0.0013520718
2.4318695e-05
0.0010499954
0.0011386871
0.0012742281
0.0014009476
0.00070512295
0.0008186102
0.00045394897
0.00031340122
0.00026130676
0.0011730194
0.00064599514
0.0009982586
0.000101566315
0.00043034554
0.0012543201
0.0005607605
0.0005465746
0.0015089512
0.0012856722
0.000952363
0.00031542778
0.00032174587
0.0009559393
2.5510788e-05
0.00017631054
0.0014755726
0.0005494356
0.00061941147
0.0003529787
0.0009406805
0.0004956722
0.0016082525
0.000900507
0.0002655983
0.0008585453
0.0012359619
0.0005156994
0.00057029724
0.0016920567
0.0017966032
0.002023816
0.0011236668
0.0007982254
0.00041639805
0.0015517473
0.0010699034
0.002038598
0.0012164116
0.0011291504
0.0016461611
0.0013862848
0.0006184578
0.0005699396
0.00060784817
0.00023806095
0.0019950867
0.0013208389
0.0013592243
0.001049757
0.0014141798
0.0006122589
5.6266785e-05
0.0007419586
0.00090420246
0.0011503696
0.0007122755
0.000577569
0.0013206005
0.001070261
1.7762184e-05
0.00088083744
0.0006028414
0.001285553
0.0007737875
0.00033593178
0.0007234812
0.0012856722
0.00081431866
0.0008149147
0.002490759
0.0012272596
0.001344204
0.0004594326
0.0012487173
0.00020289421
0.0020464659
8.714199e-05
0.0004595518
0.0005725622
0.0007930994
0.00047028065
0.0003452301
0.0014871359
0.00038409233
0.0008237362
0.0018452406
0.0017018318
0.0020700693
0.0014317036
0.0009772778
0.0013166666
0.0007532835
0.0010710955
0.0008354187
0.0011097193
0.0007482767
0.0006506443
0.00028562546
0.0012811422
0.00046539307
0.00074875355
0.0005477667
0.0012472868
0.00014948845
0.00047016144
0.000549078
0.00043141842
0.0006251335
0.0018355846
0.0011303425
0.0003938675
0.0006183386
0.0014947653
0.0010999441
0.0016450882
0.0007946491
0.001635313
0.001057148
0.00131917
0.001768589
0.0012418032
0.0009703636
0.0012574196
0.00045597553
0.0007635355
0.00010788441
0.002002716
0.00034952164
0.00038444996
0.0023720264
0.00025558472
0.00050246716
0.00044190884
0.001613617
0.001283288
0.0005222559
0.0003862381
0.0013605356
0.00077438354
0.0006492138
0.0006160736
0.0026361942
0.0008736849
0.001380682
0.0012689829
0.0016212463
0.0016211271
0.0005518198
0.0019247532
0.00175035
0.00066149235
0.0004900694
0.0013297796
0.00022244453
0.00063943863
0.00085389614
0.0008659363
0.0009483099
0.0020136833
0.00077331066
0.00084102154
0.0011274815
0.0011672974
0.00034618378
0.00024056435
0.00046920776
0.0006325245
0.00023126602
0.0004849434
0.0009742975
0.0017023087
0.00058341026
0.0008842945
0.00090026855
0.001577735
0.00058090687
0.0009998083
0.00086152554
0.0005787611
0.0013014078
0.0009753704
0.00054967403
0.0013217926
0.0013892651
0.000839591
0.0008018017
0.0007365942
0.00018787384
0.0016434193
0.00073206425
0.0008434057
0.00042557716
0.0008171797
0.0011843443
0.000833869
0.0016379356
1.8119812e-05
0.0016678572
0.0006854534
0.00065004826
0.0009435415
0.0013489723
0.0007355213
0.0013657808
0.0010198355
0.00073838234
0.001382947
0.00088977814
0.0007817745
0.0006159544
0.0005515814
0.00030875206
0.00032532215
0.000867486
0.001462698
0.0013136864
0.0009976625
0.000710845
0.00071525574
0.00097608566
0.0005168915
0.0006663799
0.00070667267
0.00094139576
0.0014742613
0.0001513958
0.0007439852
0.0010107756
0.0009239912
0.00031793118
0.0008789301
0.0017020702
0.0006196499
0.00013804436
0.00032377243
0.0005671978
0.0015953779
0.00075531006
0.00082194805
0.0012818575
0.00026345253
0.00029480457
0.002131462
0.0014373064
0.0013273954
0.00059616566
0.00053215027
4.029274e-05
0.0016140938
0.00053310394
0.0011559725
0.00026142597
0.0010956526
0.0029706955
0.001319766
0.00010883808
0.00044250488
0.0013773441
0.00077569485
0.0022892952
0.0007530451
0.0011650324
0.0011147261
0.0018050671
0.0010763407
0.00090646744
0.00040006638
0.000426054
0.0017540455
0.0005930662
0.0014537573
0.0020490885
0.0011034012
0.00041234493
0.0006047487
0.00073361397
0.0016343594
0.0012816191
0.00010442734
0.00039696693
0.00020718575
0.00024056435
0.0009393692
-9.417534e-06
0.0014919043
0.0014109612
0.0006712675
0.0027124882
0.0009701252
0.00015819073
0.0010268688
0.0009778738
0.0014829636
0.0013314486
0.0011693239
0.0004976988
0.0012359619
0.00044739246
1.5854836e-05
0.0003578663
8.177757e-05
0.0012705326
0.0003811121
0.00041925907
0.00041282177
0.0010449886
0.0008212328
0.00052928925
0.000898242
0.0005866289
0.00021970272
0.00097465515
2.7418137e-05
0.00081276894
0.00078332424
0.0016747713
0.00055992603
0.00067460537
0.0013403893
0.00024330616
0.0015046597
0.0010039806
0.0006619692
0.0011072159
0.0007517338
0.000323534
7.6413155e-05
-4.1365623e-05
0.00071787834
0.00083875656
0.0011056662
0.0011746883
0.00027489662
0.0007303953
0.0012687445
0.002005577
0.0006556511
0.0006387234
0.0015699863
0.00037014484
0.00041353703
5.853176e-05
0.0009920597
0.0017650127
0.0014683008
0.0004168749
0.0015356541
0.0009024143
0.0007292032
0.0009614229
0.0015611649
0.00079107285
0.0017484426
0.00095903873
0.00026905537
0.00022768974
0.0004657507
0.0013610125
0.0013461113
0.00033152103
0.0011986494
0.0003424883
0.00011861324
0.00068056583
0.0014355183
0.0005503893
0.0005571842
0.0006490946
0.0016565323
0.0010451078
0.001423955
0.0013908148
0.0001924038
0.0007067919
0.00022673607
0.0013028383
0.00086963177
0.0004453659
0.0013284683
0.0017175674
0.0004543066
0.00010609627
0.0014070272
0.001322031
0.0013362169
0.00043141842
0.0001950264
0.0013133287
0.0012556314
0.0006505251
0.0016534328
0.0013458729
0.000161767
0.0008933544
0.00022387505
0.0017108917
0.000736475
0.00051629543
0.0011041164
0.0006554127
0.00067830086
0.0019468069
9.3221664e-05
0.0005675554
0.0012037754
0.00082457066
0.0010086298
0.0010111332
0.00042414665
0.0010067225
0.00062072277
0.00070381165
0.0012643337
0.00035715103
0.0002785921
0.0012637377
0.0012938976
0.00043570995
0.00058090687
0.0006712675
0.00026226044
0.00078344345
0.0013448
0.0013008118
0.0007739067
0.00066161156
0.0010756254
0.0005738735
0.00082850456
0.0010844469
0.0010737181
0.00046610832
0.00020229816
0.0016222
0.00036656857
0.00057709217
0.0004310608
0.0013314486
0.00047266483
0.00094771385
0.00025498867
0.00057792664
0.0014634132
1.8000603e-05
0.0018486977
0.0010783672
0.0006533861
0.001120925
0.00083720684
0.0011956692
0.0010071993
0.00091457367
0.0004067421
0.0017820597
0.0008852482
0.0011583567
0.0021233559
0.0003041029
0.0003376007
0.00030469894
0.0005477667
0.00032413006
0.0013560057
0.0016304255
0.0005297661
-7.1525574e-07
0.0013900995

3.1113625e-05
3.7789345e-05
0.0023964643
0.0032840967
0.0006864071
0.00059843063
0.00068867207
0.0017135143
0.00091576576
0.0011082888
0.00023245811
0.00033593178
0.00077819824
0.0006697178
0.0011713505
0.0014779568
4.7326088e-05
9.1433525e-05
0.0003759861
0.0012803078
0.0019694567
0.00021827221
0.0006170273
0.0011273623
0.0022343397
0.0007482767
0.00057017803
0.000114917755
0.0002732277
0.0015410185
0.0005095005
2.1219254e-05
0.00052702427
0.002194643
0.0013458729
0.0003812313
0.0008083582
0.0027291775
0.0003862381
0.00016093254
0.0015971661
0.0004515648
0.00087046623
0.0011591911
0.0004723072
0.00025224686
0.00063943863
0.00026893616
0.0005850792
0.00081956387
0.00070905685
0.00041127205
8.237362e-05
0.00025606155
0.0008598566
0.00066125393
0.0009214878
0.00011122227
0.0001540184
0.0004502535
0.0015192032
0.00087952614
0.00020825863
0.00082218647
0.0009057522
0.0005791187
0.00018525124
0.00022220612
0.0006968975
0.0003812313
0.001701951
0.00060641766
0.00203681
2.1100044e-05
0.0013285875
0.0003720522
0.0025885105
0.0022249222
0.00021493435
0.00013697147
0.0002808571
0.000223279
0.0017639399
0.0024030209
0.001765728
0.00050735474
0.00020742416
0.0021189451
0.0024582148
0.00020778179
0.0032753944
0.001679182
0.00015127659
0.00046026707
0.00020313263
0.00021588802
0.00072586536
0.0014472008
0.00071644783
2.5391579e-05
0.0006377697
0.00029981136
0.00062179565
0.0011816025
0.0014029741
0.0006169081
0.00047683716
0.0005260706
5.2452087e-06
0.00037801266
0.00044953823
0.00095903873
0.0020895004
0.0030094385
0.00017666817
0.0005540848
0.0001912117
0.0015454292
0.0022115707
0.0021816492
0.0026881695
0.0018213987
0.0013091564
0.0021886826
0.0013536215
0.0005159378
0.0015716553
0.0013130903
0.00034594536
0.00022149086
0.0009009838
0.0003092289
0.0003002882
0.0013973713
0.00036001205
8.1181526e-05
0.0002412796
0.00036871433
0.0005801916
0.00039696693
0.0014201403
0.0004376173
0.001079917
0.0029619932
0.001069665
0.0041792393
0.0007661581
0.00032126904
0.00043177605
0.00019192696
8.6426735e-05
0.00012660027
0.0015329123
0.0009762049
0.0005003214
0.0005017519
0.00050354004
0.0005261898
0.00018405914
0.0002528429
0.00022137165
0.00025498867
0.00084507465
0.0022279024
0.00040769577
0.0014294386
0.0022809505
0.0012578964
0.0009725094
0.00018906593
0.00028932095
0.00015187263
0.0009459257
0.00035893917
0.0012494326
0.00025308132
0.0020730495
0.00012552738
0.0012903214
0.0005760193
0.00022339821
0.00058603287
0.00018894672
0.0034657717
0.00065779686
0.00026607513
0.00030076504
0.00016152859
0.0012402534
0.006095886
0.0006414652
0.000187397
0.0002270937
-1.41859055e-05
0.0013151169
0.0011204481
0.00035619736
0.00076663494
0.0009729862
0.00032365322
6.92606e-05
0.0009024143
0.0031483173
0.0015718937
0.0004286766
0.00044500828
0.00072836876
0.00073993206
0.00017786026
0.0019712448
0.0002964735
0.00023293495
0.0035179853
0.0003733635
0.0013194084
0.00038075447
3.838539e-05
0.0011547804
0.00079512596
0.0015451908
0.00040233135
0.00033938885
0.0008393526
0.0016317368
0.0010889769
0.00049734116
0.0014197826
0.00095820427
0.00040888786
0.0003553629
0.0002645254
0.0001347065
0.0010660887
0.0011547804
0.00022161007
0.0022706985
0.0006482601
0.00066554546
0.0035151243
0.00030493736
0.00059497356
0.0006034374
0.000269413
0.00092709064
0.0044047832
0.00043952465
5.698204e-05
0.0010308027
0.000228405
0.00018548965
0.000857234
0.0008689165
0.00037038326
0.00060760975
0.0010756254
0.0015057325
0.00022757053
0.00013685226
0.00026977062
0.0031567812
0.00068342686
0.000330925
0.00047051907
0.00063562393
0.0005835295
0.0010380745
0.00047159195
0.0018001795
0.0014048815
0.0003875494
0.00040340424
0.0012135506
0.0011827946
0.0008200407
0.00094234943
-1.0609627e-05
7.1525574e-05
0.0002449751
0.0020126104
0.00029540062
0.0012942553
0.0026158094
0.00033450127
0.00049066544
0.0015420914
0.0003502369
0.0016877651
0.00043344498
0.0022884607
0.00023257732
0.00028276443
0.0005400181
0.00032043457
0.00016081333
0.0013859272
0.00033032894
0.0015827417
0.0017309189
0.00038337708
0.00055897236
9.214878e-05
0.0016597509
8.34465e-06
0.0040285587
0.00033986568
0.00025975704
0.0009926558
0.00040864944
0.0010142326
0.0006430149
0.0005065203
-3.33786e-06
0.0017564297
0.002139926
0.0001103878
0.00071811676
0.0019000769
0.0023999214
4.1127205e-05
0.0020356178
0.0003219843
0.0016323328
0.0027452707
0.0033490658
0.0014907122
0.0001322031
0.00022995472
0.0007593632
0.0005338192
0.0022300482
0.00030982494
0.00055217743
0.0012013912
0.0014470816
0.0014288425
0.002431035
0.0005867481
0.00052022934
0.00081014633
0.0021137
0.0008329153
0.0008068085
6.67572e-06
0.0010992289
1.8119812e-05
0.0006594658
0.00030219555
0.0004390478
0.0014903545
0.00052928925
0.00011527538
0.003911495
0.00030231476
0.0002053976
0.0002913475
0.0050385
2.8133392e-05
0.0013808012
3.707409e-05
0.0033615828
0.00042545795
0.0016829967
0.0010358095
0.00068616867
0.00020515919
0.0008444786
0.0020973682
0.0007805824
0.0006248951
0.0004506111
0.0005122423
0.0012158155
4.7564507e-05
0.0019123554
0.0013669729
9.1552734e-05
0.0009019375
0.000957489
0.0006393194
0.0005825758
0.0026863813
0.0012216568
0.0011436939
-8.440018e-05
6.2704086e-05
0.0005327463
0.00029993057
0.0008968115
0.00043821335
0.0007019043
5.531311e-05
0.00011634827
0.0005325079
0.00014698505
0.0004221201
5.4240227e-05
-4.887581e-05
0.0013636351
0.0003196001
0.000579834
0.0006827116
0.00022816658
0.00012743473
0.00029206276
0.0016188622
0.00091946125
0.00044190884
0.0017205477
2.9802322e-05
0.00021755695
0.00017416477
0.00037550926
0.0009584427
0.00020051003
0.002424717
0.0008940697
0.0009237528
0.0011388063
0.00028014183
5.4597855e-05
0.0013935566
0.0004762411
0.001085639
0.00043678284
0.0005581379
0.0023787022
0.0024739504
0.001681447
0.00031614304
0.001956582
0.00088238716
0.0005272627
0.0006927252
0.0010027885
0.00086808205
0.00026774406
0.00018453598
0.00026130676
0.0003553629
0.004475832
0.00065398216
0.0012710094
0.0005836487
0.0005840063
0.0012210608
0.0008382797
0.0014970303
0.0016055107
0.00053179264
0.0007362366
0.00019133091
0.00027406216
0.0005378723
0.0006517172
0.0007596016
0.0036982298
0.00050520897
0.00018715858
0.00028145313
0.0015546083
0.0009818077
0.0016207695
0.0014798641
0.00063693523
0.00047373772
0.0013306141
3.9458275e-05
0.00051128864
0.0013122559
0.0001322031
0.00026142597
0.000898242
0.00060772896
0.0028253794
0.0004491806
0.00014638901
6.9737434e-05
6.878376e-05
0.00094640255
0.002050519
0.0008313656
0.0001308918
0.002444625
0.00041282177
0.00037932396
0.00024664402
0.00019228458
0.00058829784
0.00034320354
0.00024580956
0.00119555
0.000182271
0.00018012524
0.0022580624
0.00094783306
0.00013816357
0.0019130707
0.0007097721
8.058548e-05
0.0012809038
0.00036668777
0.00032806396
0.0015126467
0.0009980202
0.00044226646
0.00060749054
0.00063192844
0.0023396015
0.0012084246
0.0010720491
2.503395e-06
1.7523766e-05

0.0015637875
0.0017360449
0.00048983097
6.556511e-06
0.0017018318
0.00068581104
3.6120415e-05
0.0028890371
0.0008248091
0.0020228624
0.001008749
0.0016584396
0.0007492304
0.0010565519
0.0004092455
0.0031410456
0.0005657673
1.2636185e-05
5.9604645e-07
0.0012193918
0.00059080124
0.0009009838
0.00080394745
0.002431035
0.00022172928
0.00042569637
0.0010817051
0.00081682205
0.00012636185
0.0002515316
0.00010192394
0.0011202097
0.0032513142
0.0005913973
1.5497208e-06
0.00044596195
0.0014340878
0.0015255213
0.00017237663
6.532669e-05
0.00043463707
0.0016286373
0.00013554096
0.0017026663
0.002487421
0.0009918213
0.0004169941
0.0027514696
0.000885725
0.0029088259
0.001470089
0.000106573105
0.00078833103
0.0003244877
0.00032031536
-1.0728836e-06
3.7550926e-05
8.559227e-05
0.00034332275
0.00026357174
0.0011277199
0.0015566349
0.00065124035
0.0001232624
0.00085389614
0.0019335747
0.00028204918
0.0008252859
6.699562e-05
0.0011973381
1.1205673e-05
0.0010728836
0.00023174286
0.0029847622
0.00068295
0.00095820427
5.722046e-06
0.00012910366
0.00071132183
0.00084900856
0.00084006786
0.00068986416
0.0012216568
5.221367e-05
0.0008889437
2.2411346e-05
0.0013213158
0.0011485815
0.0007388592
0.00086033344
0.00064480305
3.9219856e-05
0.000618577
0.00036406517
0.00056040287
0.00044178963
0.00015687943
0.00029814243
0.00011622906
0.0003284216
4.9710274e-05
0.0017139912
0.00058448315
0.0005413294
0.0026329756
0.0006915331
0.00087428093
0.0013431311
0.0011093616
0.0010623932
0.001300931
0.0005207062
0.0011799335
0.0010675192
0.0019482374
0.0014698505
0.0004528761
0.0019125938
0.0029637814
0.0005443096
0.0015964508
0.0009535551
0.00045895576
0.0006041527
0.0010402203
9.6559525e-05
0.002108097
0.00019490719
-2.1457672e-06
0.00052154064
0.00073337555
0.00066280365
8.511543e-05
0.0009241104
0.00096571445
0.00044763088
0.00012278557
0.00042414665
0.0004799366
0.0011943579
0.00043094158
9.953976e-05
0.003339529
0.0006854534
0.0006246567
0.0006773472
1.347065e-05
0.0005556345
0.0007047653
0.0010701418
0.0005941391
0.0011432171
0.0020700693
0.000677824
0.00012564659
0.0011651516
3.2186508e-06
0.001476407
0.00024735928
0.0019264221
0.00034356117
0.000972867
1.2278557e-05
0.0016889572
0.0012285709
0.0010118484
0.0012664795
0.0017700195
0.00054073334
0.0014683008
0.0006071329
0.00011444092
0.0001437664
0.0008069277
0.00034034252
0.00076949596
0.00016355515
0.00012111664
0.0002155304
0.00011217594
0.00067043304
1.04904175e-05
-7.987022e-06
0.0016236305
0.0015041828
0.0010026693
0.0003182888
0.0029809475
0.000772357
0.00012660027
0.001986146
0.0012674332
0.0030738115
0.0006645918
0.00021612644
0.0003092289
0.00056147575
0.00086307526
0.0003465414
0.0018976927
0.0020196438
0.0022628307
0.001177907
0.0016310215
0.00070786476
0.003232479
0.0015068054
0.0029976368
0.0008254051
5.1259995e-06
0.00047314167
0.0002951622
0.0007827282
0.001445651
0.00024580956
0.00048482418
0.00075006485
4.053116e-06
0.0007227659
0.0016731024
4.184246e-05
0.0010305643
0.0005886555
-2.1457672e-06
0.00030326843
0.00012302399
0.0008445978
0.0006877184
0.0021619797
0.000410676
0.0005925894
0.0007355213
0.0024303198
0.00053954124
0.0009924173
0.00018262863
0.0022972822
0.0013910532
0.00016200542
0.0010477304
0.002359271
0.0001386404
0.00061786175
0.00073313713
0.000108361244
8.893013e-05
6.16312e-05
0.0014140606
0.0009034872
0.00093889236
0.0015814304
0.0005335808
0.0005275011
0.00045919418
0.0017693043
0.0014430285
0.00018191338
0.0015636683
5.030632e-05
0.00016653538
0.0012950897
0.000870347
0.0009856224
0.00043582916
0.00071930885
0.00066900253
0.00064349174
0.0017820597
0.00086581707
0.00027310848
0.00042712688
0.0002810955
0.00012409687
0.0014234781
0.000854373
0.00016009808
0.00083220005
0.0027760267
0.0023173094
0.00036120415
0.00011301041
0.0012277365
0.0004608631
0.00022757053
2.4437904e-05
0.0009520054
0.0010781288
0.00045788288
0.00016629696
0.0031358004
0.00014150143
0.0018471479
0.00048685074
0.000800848
0.0007234812
0.00045239925
0.0008685589
0.00044095516
0.0013535023
0.00022995472
0.0007029772
4.7683716e-07
0.0019112825
1.0967255e-05
2.1457672e-06
0.0013375282
0.00015854836
0.0022143126
0.0016314983
0.000625968
0.0022886992
0.00087606907
0.0005660057
0.0015404224
0.00057041645
3.4570694e-06
0.0012074709
1.0609627e-05
0.0011976957
1.4901161e-05
0.000274539
0.00062930584
0.00062572956
0.00013244152
0.0005942583
0.00019049644
0.00021076202
0.00025320053
0.0039744377
0.000905633
0.00030875206
0.000849247
0.0010194778
0.00093245506
0.0006970167
0.00047123432
0.0035580397
0.0004991293
0.0014653206
9.441376e-05
0.0008788109
0.0008302927
0.0013734102
4.2796135e-05
0.00075984
6.186962e-05
0.0005136728
0.0010550022
0.0005004406
0.0020759106
0.0025683641
0.000336051
0.0013244152
0.000590086
0.0011495352
0.00056385994
0.00028073788
0.0027948618
7.867813e-05
0.0008877516
0.00017440319
0.0011324883
7.987022e-06
0.00022304058
0.00057542324
0.0007275343
0.0014493465
0.0022995472
0.00041091442
0.001425147
0.0011755228
0.0008248091
0.00082182884
0.002322793
0.000161767
0.00083708763
0.0008100271
0.0009737015
0.0002887249
0.0011478662
0.0005233288
7.9512596e-05
0.00046145916
0.0014377832
0.0026370287
0.0015158653
0.00013327599
0.0003992319
0.00256598
0.0011843443
0.0003979206
1.0728836e-05
0.00056517124
9.930134e-05
0.00058567524
0.00018966198
0.0007556677
0.00013709068
0.0006735325
0.0005161762
0.0007519722
0.0005207062
0.00020635128
2.1100044e-05
0.00095665455
0.0028486252
5.1021576e-05
0.0011816025
0.0021537542
7.939339e-05
0.0007481575
0.0010809898
0.0025342703
0.0013906956
0.00015878677
0.00086569786
0.0010740757
0.0006365776
0.0017546415
0.00030827522
0.0014289618
0.00052416325
0.0007081032
0.00014853477
0.0008163452
0.00016117096
0.0008202791
9.846687e-05
0.0024089813
0.0012180805
0.0011056662
0.0005608797
5.9723854e-05
0.00012922287
0.00045466423
0.0020426512
9.894371e-06
0.00068223476
0.0003092289
0.0005778074
0.000726223
0.0021169186
0.00093376637
0.0009974241
0.0006930828
0.0003349781
6.92606e-05
0.00076782703
0.00030851364
0.0003196001
0.00014436245
0.00053191185
0.000997901
0.00029277802
0.0018312931
0.0006130934
0.00012564659
0.0009988546
0.0022246838
0.0026587248
0.00055134296
0.001652956
0.0009870529
-5.9604645e-06
0.00021481514
0.002594471
0.0032281876
0.0013115406
0.0015391111
0.00077450275
0.0028042793
0.00035512447
0.00011599064
0.0004069805
0.00017356873
0.0001335144
0.0011700392
0.0003926754
0.0003168583
0.00054979324
-1.5497208e-06
0.0012942553
-2.2649765e-06
0.0034085512
0.0012700558
0.00012254715
0.00020778179
0.00031518936
0.0035936832
0.0005502701
0.0013618469
7.748604e-06
0.0011953115
0.0011012554
0.0011283159
0.0006891489
0.001747489
0.0006648302
0.00035440922
0.0013039112
3.9815903e-05
0.0006121397
2.2888184e-05
0.0013065338
9.512901e-05
0.0005829334
0.00066030025
0.0012490749
0.0010112524
0.0014166832
0.0030546188
0.00012552738

0.00099051
0.0012292862
0.00085282326
0.0005874634
0.00095164776
0.000677228
0.0012614727
0.00018835068
0.000628829
0.0006933212
0.0011992455
0.00020074844
0.00051140785
0.00036525726
0.0003336668
0.0026478767
0.0018959045
0.00015258789
0.00030314922
8.6426735e-05
0.0008983612
0.0008505583
0.0004194975
0.0011805296
0.0011610985
0.0008698702
0.00063705444
5.1259995e-06
0.001273632
0.001425147
0.0006695986
0.0010769367
0.0011659861
0.0010510683
0.00074100494
0.00050735474
0.0009019375
0.0013430119
0.00093245506
0.00091457367
0.00080657005
6.997585e-05
0.0009317398
0.0016924143
0.0005117655
0.0009691715
0.0017085075
0.0008814335
0.00043654442
0.0008701086
0.00094377995
0.00073873997
0.0006006956
0.00037276745
0.00076675415
0.00039041042
0.0003989935
7.414818e-05
0.00023758411
1.5974045e-05
0.0019587278
0.000936985
0.0008009672
0.0006661415
0.0018886328
0.000110030174
0.00044214725
0.0011361837
0.0007482767
0.0011501312
0.0002812147
0.0008274317
0.0008599758
0.0007748604
0.0009135008
0.00063085556
0.0003055334
6.020069e-05
0.0009996891
0.00093221664
0.0006849766
0.00017249584
0.00025820732
8.9645386e-05
0.0001591444
0.0008047819
0.0017952919
0.0002592802
0.0005928278
0.00046384335
0.0015624762
0.00052559376
0.0008890629
0.0014206171
0.00033128262
0.00049722195
0.00079858303
0.002247095
0.0009886026
0.001005888
0.00034284592
0.00040531158
0.0001885891
0.00061786175
0.0004925728
0.0018521547
0.0010687113
0.0014853477
0.0012882948
0.0009377003
0.0008789301
0.0007789135
6.16312e-05
0.0005172491
0.0008074045
0.00085031986
0.0003684759
0.00064623356
0.0017307997
0.0014190674
0.0009840727
0.0008109808
0.00052917004
0.0003503561
0.0013105869
0.0008877516
0.00054478645
0.00018703938
0.0006824732
0.0006248951
0.000202775
0.0013957024
0.0023183823
6.699562e-05
0.0017558336
0.0011076927
0.0006098747
0.00045120716
0.00032937527
0.00020742416
0.0010454655
0.0013198853
0.0006201267
0.0022505522
0.00048077106
0.0020397902
0.00109303
0.0010054111
0.0008774996
0.0012392998
0.0012140274
0.0005866289
0.00031542778
0.0012509823
2.3841858e-07
0.0012782812
0.0013974905
0.00054097176
0.0007677078
0.0
0.0019853115
0.00092482567
0.0006119013
0.0008941889
0.00037181377
0.0007882118
0.00073730946
0.00031411648
0.00076425076
0.0006878376
0.001652956
0.00051903725
0.0016684532
0.00010025501
0.0012792349
0.0008020401
0.0009789467
0.00047671795
0.0005916357
0.0008068085
0.0002616644
0.0008331537
0.00016617775
0.0015904903
0.0003014803
0.0031915903
0.0021213293
0.0006586313
0.00021111965
0.0007330179
0.0012067556
0.0004917383
0.00020039082
7.998943e-05
0.00016319752
0.0011312962
0.00076794624
0.0008100271
8.237362e-05
0.00066912174
0.0006275177
0.0005899668
1.9669533e-05
0.0004054308
0.0011280775
0.0023697615
6.878376e-05
0.0003669262
0.00022339821
0.0005719662
0.00087690353
0.0015232563
0.0021129847
0.0014067888
0.001383543
0.00039100647
0.0016230345
0.0004017353
0.0013819933
0.001383543
0.00058686733
5.376339e-05
0.0006278753
0.00096583366
0.00019907951
0.0008735657
0.00027894974
0.0010620356
0.0006380081
0.0013393164
0.00012731552
0.00040900707
0.0008016825
0.0006971359
0.0006349087
0.0010639429
0.00036752224
0.00044977665
0.0008302927
0.0016987324
0.0014555454
0.0017092228
0.0011687279
0.0008339882
0.0014790297
0.0014629364
0.0013064146
0.00031733513
0.00045847893
0.0007607937
0.0004988909
1.1920929e-06
0.0012421608
0.0009249449
4.4703484e-05
0.0007318258
0.0023519993
0.0009874105
1.1920929e-07
0.0026304722
0.00044250488
0.0007599592
0.0017422438
0.0005004406
0.00034427643
0.0016233921
0.0014773607
0.00047385693
4.7683716e-07
0.0012581348
8.46386e-06
0.0003182888
0.00016915798
0.0001257658
0.00017392635
0.0003426075
0.00010085106
0.0016332865
0.0021355152
0.00015354156
0.0009543896
0.0002733469
0.0009789467
0.00041937828
0.00088989735
0.000451684
0.0014578104
0.0006453991
0.000819087
0.00094521046
0.002067566
0.0007464886
0.0004930496
0.00027787685
0.00045382977
0.0009329319
0.0004785061
0.0010596514
0.00039303303
0.00018703938
0.0005645752
0.00147295
0.00045359135
0.00059735775
0.0005258322
0.0011303425
0.0011190176
0.00092196465
0.0025250912
0.0006349087
0.00040352345
0.0017147064
0.0009795427
0.0014309883
0.0008586645
0.0004891157
0.00030434132
0.0007967949
0.0012911558
0.0009698868
0.00085675716
0.00081551075
0.0007176399
0.001060605
0.00085127354
0.00057923794
0.0011485815
0.0016847849
0.00079882145
0.0011700392
0.00024414062
0.0011787415
0.0003734827
0.0016293526
0.0004259348
0.00071668625
0.0015261173
0.00051009655
0.00031769276
0.0006325245
0.0018070936
0.0011376143
0.0008816719
0.00052785873
0.0006122589
0.00024354458
0.00028312206
2.503395e-06
0.0007311106
0.0012737513
2.002716e-05
0.0010861158
0.0015512705
0.00049197674
0.0005198717
0.0006366968
0.00029587746
0.002201438
0.00042116642
0.00097489357
0.0005605221
0.0020830631
0.0006145239
0.002047062
0.0015647411
0.00043845177
0.0018225908
0.00024712086
0.00041103363
0.00042557716
0.0011978149
0.0024865866
0.00029587746
0.00020170212
0.0004632473
0.00095176697
0.00055623055
0.0015255213
0.0014232397
0.0016345978
0.0014001131
0.00027036667
0.0009843111
0.0004184246
0.00059866905
7.045269e-05
0.0011047125
0.0014003515
0.00015854836
0.0015543699
0.0018695593
0.0013275146
0.00051760674
0.0008494854
0.0006707907
2.3841858e-07
0.000977993
0.0014183521
0.00019800663
0.00039553642
0.0006107092
0.00021004677
0.0008046627
0.0010205507
0.000749588
0.0008420944
2.2292137e-05
0.0012687445
0.00022697449
0.00042772293
0.0009031296
0.0008484125
0.0009689331
0.0023226738
0.0014545918
0.00030112267
0.001033783
0.0010566711
0.00052440166
0.0012587309
0.0012741089
0.0006465912
0.0025531054
0.0008096695
0.0007032156
0.0014210939
0.00045275688
0.0017671585
0.0006340742
0.0005944967
0.00047421455
0.0005681515
0.0018725395
0.0019358397
0.0010540485
0.0014179945
0.00042188168
0.0011944771
0.0011291504
0.002588749
0.00023674965
0.0011017323
0.0002387762
0.0009588003
0.0010120869
0.0026359558
0.0011175871
0.00012373924
0.0016676188
0.00036752224
0.0006814003
0.0003004074
0.0011202097
0.0014380217
0.001275897
0.00019776821
3.2782555e-05
0.0004937649
0.00084102154
0.0010536909
0.00093972683
0.002341628
0.0008971691
0.0017994642
0.0005377531
0.0011053085
0.0014594793
0.0012350082
0.0009073019
0.00032436848
0.001584053
0.0014619827
0.0019898415
0.0009217262
0.0013920069
0.0015904903
0.0014654398
0.00050866604
0.00053691864
1.1920929e-07
0.00057709217
0.0012053251
0.002049327
0.0003502369
0.0015739202
0.0004184246
0.00091159344
0.0015254021
0.0009765625
0.0003925562
0.00075137615
0.0011274815
8.8214874e-05
0.00075793266
0.0006920099
0.0002155304
0.0008249283
0.00035905838
5.9247017e-05
0.0019236803
0.00062441826
0.0006929636
0.00068211555
0.0017478466
0.0014691353
0.0009338856
6.318092e-05
0.0010415316
0.0024220943
0.0013818741
0.00029170513
0.0009703636

0.0017279387
0.0003900528
0.00087070465
0.0018247366
0.0011949539
0.0007234812
0.00063192844
0.0019136667
0.00046348572
0.00058555603
0.00070393085
0.0010585785
0.0011305809
0.00087082386
0.0011649132
0.0014104843
0.0007956028
0.0
-4.7683716e-07
0.00077176094
0.000864625
0.00049316883
0.00010049343
0.0006324053
0.00070858
0.00081658363
0.00019264221
0.00049579144
0.001505971
0.0002194643
0.0002682209
0.0005517006
0.0021845102
0.0002732277
0.0005632639
0.0022411346
0.0011379719
0.001183629
0.000999093
0.0004234314
5.1259995e-06
0.001062274
0.0013650656
0.0015594959
0.0008419752
0.0016583204
0.00038468838
0.0008968115
0.0028882027
0.001983285
0.00012040138
0.0011017323
0.0009357929
0.00059759617
0.00019860268
0.00042307377
0.001123786
0.0011349916
0.001865983
0.00067579746
0.00048065186
0.0012177229
0.001532197
0.00091159344
0.00018560886
0.00063622
0.00030469894
0.00082969666
0.00048184395
0.000579834
0.0007046461
0.0015927553
0.0006581545
0.0012091398
0.0012463331
0.0010304451
0.001326561
0.0008292198
0.0007303953
0.0016928911
0.00022697449
0.00049221516
0.0005648136
0.00048041344
0.0015347004
0.0007787943
0.001026988
0.00054335594
0.00034201145
0.0001540184
0.0005480051
0.00045847893
0.00013113022
0.001082778
0.0003068447
0.0008119345
0.0007610321
0.0007468462
0.00031745434
0.0015412569
0.0014131069
0.0010980368
0.0012108088
0.0016112328
0.00090801716
0.0006933212
0.0009815693
9.715557e-05
0.00095140934
0.0011786222
0.0007208586
0.0015938282
0.0016014576
0.0006263256
0.00028061867
0.00091040134
0.0010304451
0.00065231323
0.0011512041
0.0010880232
0.0013020039
0.0009161234
0.0008611679
0.0012933016
0.0019050837
0.00019395351
0.00031507015
0.0009292364
0.0005338192
0.0017638206
0.0009816885
0.0007170439
2.503395e-06
0.0015559196
0.00033175945
0.0010918379
0.0006020069
0.0023994446
0.0010426044
0.0006238222
0.0005033016
0.00057065487
0.0011421442
0.0018416643
0.0007249117
0.0011460781
0.0005465746
0.00091159344
0.0005828142
0.0006289482
0.00088202953
0.0018742085
0.0010383129
0.0005146265
0.0014227629
0.00024962425
0.00044178963
0.0010507107
0.000667572
0.0013375282
0.000864625
0.0009162426
0.0017653704
0.0013947487
0.0016419888
0.00030338764
0.00050497055
0.00071799755
0.0010050535
0.0006763935
0.00026583672
0.0017536879
0.0011695623
0.0003786087
0.00023889542
1.2397766e-05
0.0012646914
0.001281023
0.00055480003
0.0008587837
0.0020192862
0.00034928322
0.0003887415
0.00046789646
0.0010839701
0.00026333332
0.00028812885
0.0009330511
0.00023376942
0.0008999109
0.00057685375
0.00020229816
0.00048017502
0.0010142326
0.0007760525
0.001250267
0.000492692
0.00050389767
0.00095260143
0.001401782
0.0017776489
0.0006619692
0.00030362606
0.0009351969
0.00093853474
0.0003798008
0.0010466576
0.0017242432
0.0005811453
0.00058948994
0.001265049
0.0005198717
0.0009715557
0.00044584274
0.0011241436
0.0013613701
0.001362443
0.0009173155
0.0011508465
0.000490427
0.0009120703
0.0010551214
0.0016379356
0.00064492226
0.0007184744
0.00048601627
0.00062811375
0.0014387369
0.0004966259
0.0005352497
0.00124681
0.00072157383
0.0011452436
0.00080132484
0.0008225441
0.0010305643
0.00031888485
0.0009753704
0.000156641
0.001270175
0.0007187128
0.00089609623
0.00018334389
0.00029873848
0.0013290644
0.0012267828
0.0016473532
0.00036537647
0.00018072128
0.0012490749
0.00071549416
9.298325e-06
0.0023800135
0.001000762
0.00020253658
0.00036287308
0.0015031099
0.00030708313
0.0014679432
0.0010688305
0.0011659861
0.0003080368
0.00040519238
0.0007596016
0.00091063976
0.0010023117
0.0008636713
0.0009496212
0.00019860268
2.3841858e-07
0.00026595592
0.0006082058
0.0015429258
0.00035989285
0.000664711
0.0006211996
0.0013079643
0.00063431263
0.00028419495
0.0
0.0009557009
0.0001399517
0.0019555092
0.0017360449
0.001028657
0.0005762577
0.0011615753
0.0006753206
0.0010471344
0.00039291382
0.0010545254
0.00061774254
0.0006276369
0.00044441223
0.0010797977
0.00084388256
0.0007762909
0.0021691322
0.0009353161
0.0006145239
0.0020625591
0.0018415451
0.000697732
0.000587821
0.00027763844
8.201599e-05
0.00051653385
0.0015336275
0.0011012554
0.0024847984
0.0010763407
-1.0728836e-06
0.0021647215
0.0002682209
0.00048744678
0.0013451576
0.00038468838
0.00034356117
3.4332275e-05
0.0010496378
0.00048816204
0.00043690205
0.00029850006
0.0018455982
0.00084507465
0.00062549114
0.00043225288
0.000991106
0.0012215376
0.0016218424
0.0003478527
0.0006816387
0.0003592968
0.00046944618
0.0014096498
0.0013306141
0.0007889271
0.0005096197
0.0007379055
0.0009534359
0.0005943775
0.0008636713
0.00037527084
0.00054752827
0.0007339716
0.0022728443
0.0010439157
0.0005877018
0.0007921457
0.00035953522
0.0009250641
0.0006929636
0.0012916327
0.0010637045
0.0009057522
0.00087440014
0.0019675493
0.0007632971
0.0009171963
0.0009878874
0.0001718998
0.00060498714
0.0011181831
0.0012270212
0.0008111
0.00020384789
0.00091814995
0.0006381273
0.0009742975
0.0008510351
0.0008225441
0.00039601326
0.0006943941
0.00078189373
0.0013600588
0.0009703636
0.0008350611
0.0005567074
0.001028657
0.00045239925
0.0012187958
0.00035858154
0.0007534027
0.0005506277
0.00075256824
0.0005027056
0.000841856
0.0013984442
0.0011166334
0.00020587444
0.00092995167
0.0009510517
0.00073313713
0.0025476217
0.0018919706
0.0016499758
0.0016443729
0.002198577
0.0002799034
0.0009469986
0.00045490265
0.0011239052
0.0018032789
0.0006548166
0.00045979023
0.0006930828
0.00047564507
0.0013098717
0.0003606081
0.00020587444
0.00021064281
0.00056791306
0.0006982088
0.0012885332
0.0008826256
0.001470089
0.00025308132
0.002289176
0.00044238567
0.00042390823
0.0013724566
0.0019181967
0.0005123615
0.0010703802
0.0023254156
0.0013445616
0.00088858604
0.0006403923
0.0013165474
0.0009101629
0.0002348423
0.00031805038
0.00020217896
0.0010404587
0.0013487339
0.00042414665
0.0010353327
0.000680089
0.00013887882
0.0005886555
0.0008277893
0.0007160902
0.003031969
0.0012238026
0.00027287006
0.0015519857
0.0008211136
0.00017642975
0.0007362366
0.0008202791
0.00041902065
0.0004924536
0.0024209023
0.0033410788
0.0007930994
0.00072824955
0.00081181526
0.0011168718
0.00072813034
9.4652176e-05
0.0012843609
0.0009305477
0.0012389421
0.0020807981
0.0019798279
0.00071918964
0.00083458424
0.0013779402
0.0016746521
0.0009627342
0.0016252995
0.0011759996
0.0006747246
0.0005456209
0.0012744665
0.0008286238
0.0002683401
0.00015592575
0.0005608797
0.0005674362
0.00041544437
0.00041556358
0.00025832653
0.00036978722
0.0009914637
0.00035512447
0.00036609173
0.0009137392
0.0006916523
0.00042569637
0.0009250641
0.0010365248
0.0005992651
0.0003899336
0.00013124943
0.00031471252
0.0021235943
0.00035119057
0.0008189678
0.0011616945
0.0015618801
0.001019597
0.0013114214
0.0024290085
0.0011609793
0.0012245178
0.00044190884
0.0007183552
0.0012755394
0.0010607243
0.001032114
0.0010962486

0.038080573
0.034793973
0.05261576
0.045029998
0.040320754
0.048520803
0.032386303
0.026794553
0.030969381
0.03263259

