0.12941921
0.6569805
0.33176827
0.1637379
11.057383
2.0246482
0.2223543
0.09532714
0.14641726
0.7301097
0.25702357
0.21847975
3.3628032
0.06543851
0.23293471
0.16496432
0.17094052
0.09817588
0.2076906
0.556185
0.7797458
1.7716846
0.38054514
0.19527388
1.1753237
4.0760417
1.0509315
0.61811185
0.41155577
0.0810653
2.4242823
0.33004868
1.0101273
0.06428969
0.13313746
0.047632933
0.3771391
0.28082073
1.0632915
1.3982003
1.4780562
0.12109101
0.756016
0.22865593
0.5258131
0.8575952
1.8501494
1.0319631
0.86425304
1.6947095
8.002441
0.57697606
6.372117
0.24148166
1.236866
0.3965962
1.1447928
0.18941426
0.7337651
0.108307004
0.45579267
0.089419365
0.20961738
10.206234
0.2878456
0.23045897
0.99139357
9.857759
1.6587567
1.9952011
0.2855177
0.5010617
0.4837649
1.1190565
0.07205498
1.4440701
0.2830013
0.3921293
0.76620483
0.03230548
0.19552696
8.467345
0.05158353
0.10608506
0.19347501
0.36738372
0.30500317
3.0492315
0.43107724
0.10024226
5.590603
0.07994771
3.9655273
6.9940844
0.39523292
0.1273228
7.8671055
0.36406767
6.2909193
0.5982504
2.8167052
0.5762539
0.51622605
0.0507859
0.36334634
1.2612064
0.26440585
1.6100781
0.22031319
0.28821266
0.9662154
0.520648
0.37451124
0.7231624
0.06419349
0.6080446
0.2071364
0.51268554
0.23468208
0.16144478
0.45787072
0.08861995
0.6991465
0.5821707
0.7467489
0.004626751
0.20115006
5.34587
3.3782992
0.3596462
0.27860963
0.2899201
0.6445322
0.56650805
0.53517795
0.3982463
0.56976795
0.054393053
0.16642201
2.2147791
12.891554
0.09184694
1.900955
57.15968
0.06237638
1.2824659
0.098098636
0.8618915
2.1092954
0.5162432
2.7575366
0.24475527
0.61208606
0.21484649
4.7391276
0.49451137
0.41874433
3.7209709
0.20767868
2.8474734
0.042983294
2.271575
2.277249
21.786446
0.123150945
1.7773814
10.0075
0.6210146
0.19286513
0.2831049
0.45985365
0.6401651
0.99241877
0.22572458
2.206619
0.8805535
1.3916507
1.95417
0.13983488
0.2843716
0.18844223
0.72536874
0.58203626
0.12853324
1.496314
0.17148888
0.28451514
1.0890231
0.73677397
0.4170115
1.653178
1.2660325
1.2352436
0.014517784
0.83199954
0.12791777
0.63384604
8.593212
0.9607668
0.27696514
0.6985204
0.33934057
0.6404941
0.09782517
1.312114
0.9301877
0.41710472
2.760282
3.7681065
0.27987146
0.5484061
0.7528627
0.25579917
3.0545938
0.015609145
0.013440609
1.6832342
0.6173816
0.09382129
0.33225012
0.25004458
1.0631847
2.7912812
0.26638007
0.8706794
2.5557463
0.2299149
0.14561975
0.846617
0.5078633
0.78998756
0.1919837
0.07523227
0.033889174
29.799324
0.3465941
0.3373556
3.305205
0.027214408
0.5739355
1.0002332
0.10324252
0.48456383
0.20787
0.11332893
0.20017695
0.7552483
0.13151646
0.030498385
0.051323056
2.8936129
0.27382696
0.5933659
2.3056893
0.124706626
0.38437104
0.06510389
0.35326147
0.13728368
2.5205777
5.062689
0.13751984
0.7298014
0.6115043
0.45714283
0.6185131
0.11436999
8.059896
0.1300143
6.2367287
0.12774837
0.81524205
0.023186684
1.3698463
0.0557487
0.44864106
0.23202384
1.0680625
0.121344805
0.045876384
2.5670667
0.35381103
0.47079062
0.079743266
0.20494723
0.68262434
0.30030775
0.43801904
0.110995054
1.5035565
0.39755654
0.021363378
0.9659252
0.6671834
0.7687578
0.4204929
0.2596506
0.043895364
0.42155504
0.1122905
3.1390831
0.004155755
0.88487387
0.37582898
0.11893284
15.379839
0.16846204
0.28356302
0.7814131
0.13126016
0.6381092
0.715482
0.09926474
4.5285587
0.98297834
0.30195272
0.2491839
2.1891582
0.17906213
8.076961
1.3563471
0.26597548
0.6738951
0.60192275
0.2550745
1.1597533
0.6203189
1.8251581
3.5154753
0.108216286
0.23601866
1.5184038
15.352656
0.06726158
0.9531536
0.8472712
0.02838552
2.5223126
0.12181485
10.209843
0.52877927
0.13413548
0.52374935
0.1842103
0.14098573
1.8067176
0.41141605
0.052881002
0.030094981
0.19222629
2.000558
0.08922851
0.84926224
0.3791033
0.7783749
8.288321
0.10799408
0.09405661
0.3097222
0.011090636
1.4566796
4.7695746
1.6883385
0.39800978
0.0519166
0.029125333
0.22397614
0.24253583
1.4193621
1.4574964
6.6741643
1.3362546
0.21544814
8.045415
0.24402559
0.6545911
0.45178652
0.3099079
5.301375
0.25547755
1.1669128
1.3244498
12.5236
0.16265845
0.15669608
4.142535
2.73317
0.6142645
0.8251629
27.402239
38.41475
0.020301223
1.16153
0.4833473
7.1637673
1.8538022
0.15302849
0.7034917
1.4066443
0.4711573
1.3123856
0.21207988
0.11732447
0.17575586
0.59336853
0.6161361
0.47840667
0.8007293
0.3416958
0.20649695
1.1904688
1.3687828
0.0379709
0.2725129
0.7331848
0.26283276
2.0952065
0.07424259
0.18225265
0.16488755
0.10673809
0.03331387
0.23665106
4.7956924
3.5003076
0.10917318
0.103729844
5.6476116
1.0742731
0.015440106
0.24500668
0.001090765
0.10906458
0.15464664
0.5752597
0.77776384
28.184477
0.08809614
0.83252096
12.564683
47.770927
5.8228607
1.5326676
0.64335847
0.89574504
0.32288325
0.37759173
0.30200553
1.0883558
0.32003355
52.44695
1.9603059
0.2190466
1.0732036
0.18114555
3.9253578
0.7884648
0.30028594
0.5944483
8.295626
0.40689778
0.52284646
0.25688684
41.140938
5.7193317
1.4223304
11.808727
0.496197
0.94015265
1.210288
0.4342904
0.49788165
0.47057486
0.22846568
1.9528961
0.6166556
2.4680138
0.3636644
1.5131543
0.23666501
0.09551883
0.3839085
5.559866
0.55097795
0.5194433
0.16624343
0.08843434
0.48936868
0.36931992
1.2257543
2.717982
0.02743578
0.35982776
0.4796095
0.9343147
0.17380464
0.5529134
0.49087405
0.023537874
1.3980649
1.0185647
0.4088521
0.3550079
0.06723404
0.23460841
0.21016002
0.1778866
0.35363138
0.561527
2.2380648
0.4425726
1.8013973
0.17407429
0.03321731
0.025058866
0.11985743
0.24963248
0.34449637
4.0435696
0.55492043
1.3253977
0.06229508
5.610419
0.33635473
0.18199933
0.8419056
1.0633507
2.1539195
0.3899777
0.6757293
4.812914
0.10293138
0.6162436
0.38218307
0.4320655
0.23453462
0.10806477
0.24216485
0.08673501
0.39830208
0.47699213
0.945966
0.37379813
0.048987746
0.45202422
0.19291699
0.31999362
1.8862488
1.3506498
1.0482528
0.8891406
0.6738765
2.0455244
22.71752
0.1203022
0.35035324
0.14214087
0.08087659
2.5023367
0.20882535
1.1120901
9.665447
1.6655223
0.38068783
0.12916708
0.1508199
0.3629942
0.20400286
0.015262485
13.396776
0.18825293
0.27732635
1.7509217
0.0429672
0.1253289
4.0974684
15.272446
0.41001487
7.1525846
3.6939876
0.05556798
0.36457324
0.23288345
0.9739399
0.7635164
0.07296026
1.4853952
0.74475455
0.47055316
0.25615644
0.15322697
0.5670686
0.10113692
17.794453
0.156052
0.061214328
0.27996683
16.416101
3.675231
1.0971451
4.2544355
0.003601551
0.3164587
0.21254337
1.4558845
2.6213775
0.32477558
0.5214217
0.6123831
6.9123735
0.059304595
0.27021956
0.055930614
2.2517405
1.3159025
1.3372476
0.3135209
0.86162925
0.51323104
0.0385772
5.6565223
10.676111
0.087673426
0.36688924
0.2817099
0.1629107
0.15675533
0.6741035
0.6484921
0.07846236
4.733898
0.09228754
0.42107248
0.24055052
0.099502444
0.17176259
0.16615808
0.3349688
1.2812164
0.17251194
0.07041693
0.45936203
0.17700481
1.0548139
0.8789289
0.28553116
0.112758756
0.92239475
0.0827961
0.2409674
0.0013123751
0.7685826
0.0748024
0.16801608
1.7358825
1.9596407
0.62859607
0.55703735
0.5643742
5.4731307
0.31888115
2.150143
0.59230876
1.947645
0.06950712
0.27207828
0.4047482
7.78699
0.56689334
0.20430481
0.3398565
0.20802116
0.21079195
0.16237354
0.35322022
0.22352219
0.31843746
0.5923066
0.3797784
0.047768116
0.10556769
0.4659636
0.16707098
3.3552787
0.075154066
1.4513595
0.6868057
0.19129944
0.07878995
0.22265923
2.1161342
0.57065344
0.34988034
3.0499837
0.08721316
0.9793296
1.1220388
19.192154
0.11128569
61.106506
3.7414954
0.25958276
0.21103966
1.16207
0.1836114
1.4604602
1.669076
0.18953538
0.36601722
0.14586127
0.29941416
0.069360495
0.5001936
1.8055491
1.2048857
0.43511105
0.13571501
0.22250569
0.57336307
0.23176396
0.08611226
0.17820656
0.80123806
1.226701
1.0479343
0.8380289
0.45049143
0.13371289
0.13681448
0.47554255
0.061781287
0.041528344
0.12423921
0.30747294
0.23978066
0.4320507
1.6225548
2.10628
0.017344356
0.041686416
0.5460584
0.5833366
1.0303743
0.34517014
0.3105359
1.5511596
0.49243212
0.3717847
0.004062295
0.05588615
2.9047885
0.26346385
0.89490414
0.23720753
0.09646559
0.13662899
0.2731005
0.06088376
9.268504
0.20805264
0.48435044
2.084817
5.485565
9.601299
0.6201353
0.15864277
19.622517
2.4038062
63.67044
0.118444204
11.455925
1.207864
2.4036932
0.06842208
0.0477314
0.72769
0.31984174
6.05485
1.3646395
0.22035742
1.7972803
1.475909
0.29602778
0.4492712
0.9904537
0.22512162
0.21861124
0.23305225
2.5661016
0.10741973
0.03328991
2.7567787
0.09091604
0.26029766
1.5947425
0.8563199
0.28162014
0.18946695
0.4175657
0.19680357
0.993284
0.42091846
0.051373243
0.067782044
0.1788888
1.0085435
0.10888457
0.55089283
1.0071704
0.25106132
0.269477
0.20169008
0.5896001
4.6294804
1.2201161
1.5821042
3.0537336
0.56251335
0.24690533
26.87748
0.6313803
0.31804323
0.22228813
0.20284152
0.33056283
0.118131876
0.76818514
0.5297625
3.2043614
0.3664739
0.4318838
0.9104285
0.33104277
3.9923623
0.29938662
0.61194205
0.334826
2.751896
0.112320185
0.4578464
0.23671675
0.4799316
4.252859
0.2268523
0.32478142
0.043681264
0.14099586
0.8344507
35.346718
0.26968038
16.553574
0.123473406
0.72098327
0.118832946
0.32791352
15.1851845
0.63695407
0.8794191
2.2677257
0.024976254
0.25029302
0.08253777
0.43208504
0.35359287
0.1667335
3.3379414
0.24984848
0.015494943
0.7382858
1.53445
0.3107431
0.23799312
0.44532537
11.429268
0.64940476
0.33411348
0.2603923
1.8347778
0.03149128
0.45334172
0.1108166
0.38827586
0.067106605
0.9644525
5.2609816
11.516966
0.13972616
0.70507336
0.898221
22.508877
0.06668639
0.5174638
0.32820714
1.2351005
0.28944623
0.34181738
1.1546686
0.4704144
0.43636346
0.7900071
0.8248043
0.7051492
0.5431471
1.8459067
0.11143589
1.0715222
0.40117097
0.5217099
1.4847207
0.1789757
0.17529261
0.5630884
0.18721128
0.23147297
0.26444077
0.34268427
0.31749928
2.4061987
0.055154562
0.052110076
0.072811365
9.580407
0.030335784
0.37919402
0.13872802
1.7586277
0.18307996
5.386797
1.1574068
1.2913442
2.9849868
0.25830436
0.12838936
0.3246827
1.3162479
0.59345746
24.685036
0.47850752
0.13518775
0.19341862
1.1852725
0.56243753
2.2522635
0.48304415
0.91691136
0.9462173
0.1794213
0.24706626
0.64536166
0.77786946
0.13851249
0.1666522
0.36793768
0.18071532
0.08913422
0.19767737
0.31326962
0.1694969
0.47238564
1.5849357
1.2588434
1.815553
5.278144
0.13240933
0.6194947
0.28033507
0.60713077
0.26824975
0.5518358
19.12798
0.13290274
3.0080357
10.543922
0.45234513
0.10878813
0.60665846
1.2359438
0.20915353
0.09602511
18.719849
8.39624
0.13430965
0.31766737
2.947468
1.8783324
0.7428353
0.5205872
0.16801333
11.1125555
0.34936786
0.3592211
0.10466623
2.3022466
0.36470222
0.23950434
0.13558555
0.33878028
0.33719957
0.19214678
0.20700407
0.43671584
8.451977
15.5231495
2.7537239
1.455872
0.16289961
0.53231907
0.35673475
4.6663094
0.115479946
0.36384368
0.16726303
18.034367
0.20391607
0.45103145
10.1900215
0.14504063
0.16753209
0.66077995
11.9767475
0.6114428
11.331283
1.016604
4.7512884

2.23138
2.669962
2.8784761
3.0212145
2.570815
2.86137
2.53551
2.934044
3.0570211
3.0528193

