0.39292943
1.5614915
0.9748547
0.46740317
14.348561
3.4757342
0.6441058
0.32069862
0.48576617
1.66141
0.7220757
0.66367745
5.3026676
0.24204278
0.65728724
0.49182808
0.52869165
0.288406
0.6387274
1.404147
1.6874473
3.2901306
1.0663079
0.57766056
2.3363547
6.479995
2.112082
1.3019704
1.219744
0.29056942
4.062517
0.8213483
2.221308
0.23962224
0.3993057
0.22148514
0.98356605
0.7680826
2.0642524
2.7678423
2.686878
0.4030981
1.8182253
0.57866037
1.2059712
1.81936
3.2423358
2.0247416
2.034438
3.0771606
10.660737
1.2849938
8.565263
0.6970445
2.4158075
1.0689594
2.3994427
0.5587468
1.5304172
0.39401376
1.1775692
0.31184733
0.72903275
13.921058
0.7367314
0.66696835
2.115879
13.560793
3.3604312
3.623201
0.7906976
1.0801961
1.2139592
2.2750006
0.26522493
2.8182979
0.76108885
0.955853
1.7976619
0.14583147
0.5481149
11.3278475
0.21844196
0.38779163
0.59543586
0.9413452
0.83822024
4.861777
1.093958
0.35115862
8.354899
0.23746455
6.0952077
9.366688
0.9933313
0.37921715
10.210188
0.9440383
8.374725
1.478967
4.6175413
1.2904459
1.2111807
0.14495671
0.90975606
2.5152113
0.6693895
2.8660536
0.70009863
0.7347182
2.1103523
1.4374769
1.0697438
1.645991
0.1982112
1.3609334
0.57969
1.264194
0.62484026
0.45596063
1.1561103
0.29929268
1.5896302
1.289657
1.6715419
0.025456429
0.57776093
7.6878
5.460898
0.89196277
0.8025911
0.7584752
1.5067724
1.2183304
1.2992984
0.9770684
1.4083587
0.20950937
0.44604528
3.6289482
16.451704
0.3390411
3.2252984
67.48913
0.232602
2.2695174
0.3266071
1.8008636
3.83725
1.1968802
4.825383
0.68920696
1.473942
0.6037402
7.286442
1.2105523
1.1201291
5.782331
0.5881376
4.8171225
0.13913107
4.085361
4.0249476
25.87843
0.39394844
3.062142
12.926946
1.3859904
0.5678742
0.69899476
1.2828068
1.5433947
2.248372
0.61209035
3.8393593
1.9081498
2.5114064
3.3783205
0.481691
0.74670255
0.5371208
1.7567614
1.3137785
0.39613593
2.641952
0.56360745
0.8160957
2.1450593
1.697795
1.1471927
3.2362986
2.6711385
2.3534927
0.057870388
1.7529315
0.43130553
1.3006306
11.668209
1.8526652
0.8053454
1.5441194
0.8637824
1.482368
0.32823706
2.5002313
1.8584545
1.092976
4.630991
5.814211
0.7285185
1.2678396
1.6104116
0.7069224
5.469181
0.07113409
0.06550455
3.1888418
1.2851129
0.31180835
0.8661573
0.7749406
2.0939019
4.5142565
0.84350574
1.5824032
4.192223
0.60686946
0.41194606
1.7510474
1.1672721
1.5515642
0.6340296
0.27495873
0.145177
34.987713
0.80210435
0.92264855
5.1575375
0.09561896
1.2567314
1.8989873
0.36774695
1.1429572
0.6796689
0.39732802
0.60978746
1.5823306
0.40735972
0.106963515
0.17844188
4.941451
0.75609946
1.3697734
3.904509
0.3844999
0.9875208
0.2302469
0.88510525
0.43897593
4.1254044
6.9316416
0.43056762
1.7226888
1.5167559
1.1400378
1.4185132
0.34169018
10.639536
0.42631912
8.154118
0.39779508
1.6330163
0.09729564
2.8475819
0.21473074
1.1401631
0.70611215
2.2485394
0.38356972
0.17636192
4.284915
0.944414
1.2718656
0.25556028
0.64395106
1.4821864
0.85303104
1.3327929
0.41429782
2.876801
1.0100124
0.10489726
2.000544
1.4391675
1.7185837
1.0593913
0.7912121
0.13817823
1.1190631
0.35840178
4.9672427
0.021271348
1.9162036
1.0313381
0.3936361
18.621075
0.5367887
0.8721602
1.7820959
0.4067924
1.4719331
1.6638203
0.3181895
6.7147703
1.9803715
0.6956762
0.69939303
3.7403014
0.52617943
10.855024
2.60109
0.7234149
1.6322032
1.4429638
0.7713039
2.2814777
1.3064512
3.181169
5.6344905
0.37850642
0.6726444
3.1117249
19.050125
0.23871744
1.9715488
1.786733
0.11474919
4.1834865
0.42981637
13.130534
1.2401996
0.42459476
1.1982611
0.5439954
0.40602887
3.2611785
0.92490554
0.18799102
0.1472528
0.52723074
3.4469104
0.307194
1.8350797
1.0131053
1.5554165
10.244807
0.3554262
0.3115648
0.8487456
0.038050532
2.8793752
6.824054
3.256874
1.0329994
0.18340218
0.099613905
0.74991953
0.63386583
2.7434678
2.7485971
8.994116
2.7129743
0.6108717
10.32202
0.7166352
1.5932348
1.1146162
0.78537977
8.131433
0.7047281
2.4644322
2.6267076
15.608381
0.51992726
0.44880903
5.9429255
4.8696346
1.4480374
1.7398428
32.840565
45.356094
0.092010975
2.2990289
1.0919987
9.672671
3.4806213
0.5238099
1.7190106
2.7856045
1.3036971
2.7351747
0.59455454
0.3385992
0.49240232
1.5559534
1.3849533
1.0797395
1.7166225
1.0595589
0.56944346
2.4752522
2.793367
0.10424471
0.7465615
1.6632028
0.7131151
3.6962185
0.25169373
0.58379114
0.5010936
0.35708988
0.107812524
0.6293422
6.896205
5.5741243
0.330433
0.31114423
7.9881153
2.1116643
0.060124755
0.7407608
0.006055832
0.34601104
0.42434597
1.3901343
1.6203353
33.7095
0.29399347
1.8503001
16.076557
58.03199
7.993946
3.1475172
1.4555744
1.8303951
0.8943261
0.87997043
0.9050195
2.114463
0.9129962
64.45337
3.5181262
0.67126536
2.0516553
0.55640304
5.8092365
1.8189822
0.763901
1.5361763
10.966464
0.98414814
1.2990226
0.7499622
50.2463
8.467811
2.6958747
15.194153
1.2506347
2.0355377
2.5463789
1.0343348
1.189158
1.1756576
0.7089758
3.4058886
1.6659203
4.079344
1.0139978
2.7696369
0.6716783
0.35774004
0.9989866
8.146393
1.2179909
1.3440003
0.4661541
0.30357766
1.1791227
1.0340403
2.6034422
4.5308175
0.10860038
0.9122311
1.2038022
1.9360464
0.5447047
1.4300569
1.2038794
0.10927248
2.613771
2.085328
1.0995979
0.8742335
0.23987138
0.65387297
0.6038382
0.59282017
0.861043
1.4035777
3.7916422
1.1651608
3.4275823
0.63106453
0.13830245
0.10491729
0.4514153
0.8023126
0.91132367
6.004158
1.3228637
2.7855644
0.23068082
7.683547
0.8514918
0.60658264
1.8427955
2.1295836
3.6703453
1.1538693
1.558038
6.9369087
0.32359064
1.4766016
1.1246859
1.1542296
0.72691274
0.34892213
0.6448101
0.29651105
0.9833677
1.268067
1.9026854
0.9664407
0.17150998
1.1640775
0.5737355
0.8345815
3.588289
2.458457
2.0729265
1.8779943
1.5095818
3.3521707
27.21827
0.37486517
0.8578061
0.43993807
0.26052916
4.3103175
0.61336994
2.1222553
13.885093
3.500474
0.95224774
0.3982911
0.4980141
0.9097481
0.50413907
0.063990474
17.124664
0.6433444
0.7055751
3.0869021
0.17465293
0.41213775
6.21847
18.351707
1.0548563
9.157032
5.507331
0.15891516
0.9517174
0.69497705
2.1206303
1.7818174
0.285761
2.8931384
1.7826595
1.1392046
0.73833036
0.4779204
1.2708234
0.3463446
22.373308
0.53774464
0.22751272
0.74101305
21.1485
5.680123
2.244512
6.517515
0.0038628578
0.8387368
0.62358856
2.5583315
4.30356
0.7560009
1.155571
1.4870491
9.405402
0.20190346
0.68918216
0.18844807
3.805173
2.529519
2.6423974
0.8012327
1.8825324
1.1752783
0.16321504
8.081234
14.000007
0.2949854
0.9285444
0.73271894
0.5067754
0.50838566
1.5909566
1.4313433
0.24059808
6.7042766
0.29622316
1.0728655
0.7109052
0.36452734
0.56250596
0.49462986
0.9137739
2.3278756
0.59752643
0.2645812
1.1825997
0.5755614
2.209294
1.8554208
0.6865244
0.3688233
1.9625257
0.30329287
0.7362983
-0.0096719265
1.6731544
0.27450776
0.470379
3.0907774
3.4311178
1.4822083
1.417721
1.2425442
8.102699
0.7350223
3.602205
1.266962
3.3666887
0.25984645
0.7658503
1.1047345
10.424821
1.3532046
0.6273073
0.8709519
0.5611335
0.5656458
0.56515265
1.0145476
0.6198107
0.902784
1.3810672
0.94653
0.21062315
0.3584286
1.1761621
0.5183464
5.8452654
0.23021567
2.5644426
1.6435864
0.5802729
0.2725371
0.69730806
3.59906
1.3178102
0.8949907
4.668828
0.27840924
2.031818
2.1310627
24.00636
0.38559186
72.16144
5.6301355
0.85193014
0.51757455
2.4358983
0.51951206
2.6721704
3.0213447
0.5460373
0.95581734
0.51276934
0.8120307
0.20240557
1.252402
3.2874856
2.5516186
1.0498248
0.46626258
0.62465
1.3344151
0.62047946
0.2752291
0.57184994
1.7139679
2.3002267
2.1803174
2.0092773
1.1504402
0.4004302
0.56964433
1.1590477
0.23179054
0.15653014
0.37451518
0.77698064
0.81415534
1.1121256
2.9391043
3.54486
0.07891357
0.15291584
1.5889074
1.2591985
2.1034865
0.91053855
0.8242073
2.8117685
1.2669741
1.0684431
0.018450499
0.16110647
4.898348
0.682631
1.8043908
0.6764556
0.3414687
0.42565227
0.7428026
0.16050828
12.287066
0.66541743
1.1704131
3.55767
7.3867316
12.796311
1.3970721
0.4605993
24.267773
3.8340404
76.11263
0.45610678
15.399687
2.1963887
4.0125036
0.19526279
0.16666174
1.5485772
0.7851144
8.303485
2.490342
0.6503192
3.2273085
2.6016903
0.8921994
1.1418377
2.1363418
0.74401844
0.618768
0.71376324
4.8496127
0.41125655
0.13666713
5.4427176
0.3002633
0.6790482
3.0207777
2.1218755
0.7515011
0.5439048
0.96872854
0.5879555
1.9017766
1.0245123
0.18487191
0.2691629
0.6327572
2.1104271
0.4007826
1.3825628
1.9876298
0.71631706
0.74267733
0.5393889
1.3964165
6.8060837
2.2891607
3.0265393
4.767664
1.3006507
0.7931737
32.84836
1.4587802
0.8169583
0.6175822
0.5339643
0.9480897
0.38100016
1.5662898
1.184988
4.959359
0.88352895
1.2809336
1.7909855
0.9672271
6.2143106
0.77879894
1.3541802
0.81656003
4.517646
0.3415736
1.1575012
0.59986544
1.2156506
6.6315355
0.60253966
0.80851257
0.17473328
0.5240691
1.8410094
43.45795
0.77231526
20.981539
0.39778018
1.5727345
0.3825432
0.8756318
19.908684
1.4690466
1.9747797
3.7500448
0.08768761
0.68759274
0.278432
1.04728
0.9844984
0.44033027
5.159725
0.73811483
0.073090196
1.7366494
2.996845
0.82580864
0.66616106
1.2770996
15.159991
1.6090899
0.8524754
0.6784644
3.345172
0.14513612
1.0806199
0.39720237
1.1715424
0.18900716
2.0170217
7.1647773
15.095475
0.46775568
1.5228981
1.8882816
26.849285
0.22673464
1.174599
0.9346216
2.4874249
0.7581073
0.91646993
2.1658916
1.1529408
1.1460218
1.6559364
1.6210511
1.9072748
1.2056177
3.214151
0.38813734
2.103056
1.0697016
1.297666
2.8246481
0.53210163
0.52422726
1.337569
0.53536093
0.7014556
0.7379091
0.9810233
0.8471849
4.12026
0.19952786
0.15000391
0.25266623
12.667759
0.1357305
0.98276556
0.44328094
2.9893417
0.49475455
7.857403
2.3737853
2.6886768
4.81735
0.8153806
0.4322344
0.93545556
2.4184608
1.4538219
30.466967
1.245012
0.4592029
0.5687443
2.246214
1.2906591
3.8545198
1.1350473
2.0068378
2.0986352
0.5528861
0.80508995
1.5441238
1.6987042
0.41163194
0.5024328
0.9297917
0.47447455
0.29116154
0.5829439
0.7731737
0.5747893
1.1370522
2.9049542
2.41967
3.2004442
7.555519
0.47060204
1.4497648
0.69620776
1.3862952
0.78825545
1.4092935
23.026106
0.35939896
4.6340685
13.521018
1.1116003
0.44215107
1.4144962
2.418817
0.59921634
0.2953639
22.659279
11.309576
0.41786957
0.84800804
4.7395263
3.4881928
1.6407088
1.2693688
0.4773357
14.991223
1.0361866
0.8267175
0.35247707
3.7958639
0.92139685
0.6157415
0.41530848
0.77351344
0.9281653
0.56806076
0.5746027
1.1056106
11.626239
18.997538
4.4085855
2.7347922
0.43252516
1.2923326
0.93506384
6.8131795
0.43358755
0.9352832
0.48900783
22.076479
0.61188376
1.265706
12.95675
0.4602648
0.5264448
1.4919375
15.314805
1.3647172
14.925696
2.1401439
6.8617773

8.828576
10.662898
11.587469
12.3009815
11.477296
11.865056
10.067612
12.088351
12.425821
13.242997

