1.6915522
0.4969579
0.19367468
0.28027618
0.9788233
0.57899594
0.812361
1.56675
1.1598958
0.14426851
0.23574853
0.99806535
0.9794582
1.695312
0.71495414
0.5661384
1.6508536
1.5631802
0.96710205
0.7439556
0.47423637
1.1159099
0.4991634
0.90319586
0.87594306
0.9579326
0.8845295
0.65455794
0.8810396
0.2910689
0.93776655
0.8364012
1.1028458
0.50071776
0.1918155
0.4681071
0.2306199
0.7052996
0.44972694
3.4663644
1.6651089
0.3381629
3.2178154
0.23319435
0.60054755
0.64824474
0.500002
0.70450413
0.3935547
1.0487219
0.48298383
1.4679767
2.0337892
0.2966895
1.8576782
0.5758358
3.1088805
0.38949645
5.613529
0.57055295
0.87424815
0.38805962
2.269495
0.5832156
0.89439166
0.18414068
1.051102
0.45365977
0.1786325
0.47318673
2.272784
0.49166203
0.43229163
0.18220639
2.3581815
1.5627484
0.77083564
0.9917898
0.31326425
1.7547015
0.41463864
0.35433984
0.40532553
0.26002944
1.7556448
1.0094625
5.386808
0.98760927
1.075604
0.10035539
0.73053455
1.2983689
1.2698654
0.54004896
0.5638515
0.35866928
1.6985619
0.71164286
0.1661557
0.46567726
0.1877693
0.4645573
4.138051
0.30860054
0.69583344
0.93204
0.9313195
0.6792371
1.2241627
0.7871406
0.5838511
3.2038498
0.23565495
0.42313826
15.804117
2.0839734
0.26747262
4.8444524
1.1994247
0.38424182
0.5115179
0.5736369
0.7088587
0.67530644
0.65444064
0.46806967
0.25233757
1.5334939
8.68357
0.68815374
1.5654805
0.3462627
0.72805893
1.385556
1.2225578
2.2882605
1.2850655
0.73800886
0.24609756
2.24127
1.0131934
2.955789
0.15332854
1.4165708
0.72331417
0.32744932
0.64188874
1.8669044
0.2420665
1.2140694
0.9747741
1.1844288
0.8502153
0.8773552
0.53786755
0.85962856
0.21816325
0.22298527
0.39802825
1.164936
0.47575045
2.2838058
5.253931
0.39949787
0.36467433
0.120851636
0.64172244
0.6012827
1.4082204
0.45658827
0.3349477
1.4209404
1.1730425
0.42564952
0.91266704
0.43260372
0.5079498
0.5229473
1.1458074
0.21124864
0.5737127
1.8489556
0.122968554
1.6374973
0.24759066
0.79972804
1.0604973
0.8661138
1.0573524
1.2417842
1.0215528
0.9288783
0.526513
0.72013044
0.52484524
1.0469853
0.40957403
0.69125175
1.3177829
0.46606243
0.4324292
0.8526472
0.77129996
0.37399495
4.7064285
1.2190433
0.41309166
0.7047391
0.42008924
0.45279443
0.9988948
0.46428883
0.4078772
0.2864828
0.30121493
1.900231
1.0350633
1.2265354
1.3038954
0.7181268
0.8501358
1.1786451
0.52117
0.5322858
5.8040323
0.30027485
1.1949692
1.4055202
0.6717552
0.7719979
0.72962165
0.122072816
0.32996762
1.3359118
0.7406558
2.3302274
1.2315336
1.6928514
0.42615497
0.46204746
2.843185
0.32086384
4.856624
0.6600559
0.4017694
1.1637355
0.77180386
4.3548465
0.624591
0.1361258
0.34753156
1.0674262
1.8945491
0.6238501
0.20638537
1.1029195
2.4327962
1.95774
0.3130201
0.57790756
2.4183035
0.3189211
0.70281017
0.5228703
1.0878505
1.5003186
0.2488569
0.18652034
2.424963
0.59450376
0.89099896
1.1552659
5.3336344
0.36614454
2.4037154
0.33128917
2.1151319
1.8887397
1.2267543
1.2364559
2.6839404
0.13765109
1.9303728
0.65179634
0.6097053
0.96435416
0.321604
1.0150031
1.2268127
0.87097573
0.5801017
0.8124248
0.12579358
1.1962624
0.13103652
0.9189968
0.9675094
0.7869967
1.4854132
0.24441135
3.1339052
0.16639459
0.6517483
1.4864984
1.9153597
0.660076
1.2152356
0.4314717
9.972818
0.86366034
0.32855463
4.10287
0.22938943
0.43399012
0.26214576
0.97140586
0.44772923
1.2365346
2.6070228
0.29156125
0.38538277
1.8554323
0.9366995
1.403479
0.83623564
0.57883286
0.2775532
0.8069674
0.25129914
0.6691123
0.9340955
0.07872343
0.396886
0.32492113
2.5899558
0.8462421
0.46736002
0.32062864
0.036136627
0.6655208
0.69303143
0.543198
0.53127015
0.1704061
0.3707596
0.25974607
1.3293223
0.39788878
0.42654455
2.145021
0.3797747
0.6291238
0.964188
1.5255045
0.54784346
0.6029699
0.8829497
0.84569466
1.8285218
0.7191297
0.6308125
0.40198827
0.63848495
0.48614168
0.9331174
1.6982461
0.50161076
0.3815012
1.3364553
0.5273545
0.5112356
8.407666
0.96140516
0.38470852
0.67674065
0.46004272
0.3835585
0.18378437
0.21126151
0.28683162
0.38705075
0.3745911
0.61004627
1.1330764
0.32451737
0.7412473
0.60668516
0.59260535
0.45745158
0.40838194
0.14333224
1.2548578
0.35532236
0.16074455
0.76108825
1.5937139
0.33801365
0.6846857
0.7734537
0.6068392
0.5409883
0.31083477
0.22771907
0.27633786
1.0267452
0.19499266
1.2165499
0.2671523
1.6524835
0.36968207
1.4463247
1.3227706
0.43428028
0.8940325
0.43922937
1.4318353
0.6972542
0.23839569
2.5024261
0.6005101
0.67534053
0.6887275
1.1719898
0.9926013
2.1014934
0.40657783
0.43044114
1.0193399
0.08842945
1.093341
0.53923976
0.68153155
0.52909005
3.0801053
0.33497405
0.8999078
1.6545575
1.0952985
1.0667677
0.41795278
0.40895057
3.2415128
1.2039417
0.3433349
0.65335727
0.15846944
0.2343812
0.70996785
0.7742343
0.87306106
1.9400461
0.9471513
0.6948558
1.0052272
0.6035054
0.3403523
0.09198737
0.3007288
4.592179
2.3945122
1.1464623
2.9088025
0.40971494
1.5412294
0.56609726
2.0318851
0.38745964
0.34915745
0.06480467
1.4646268
2.750048
1.6492347
1.1439638
0.6143935
1.0898557
1.0878805
0.75577664
1.293367
0.21460903
0.51989484
0.38428915
0.59518576
1.794818
0.40867925
0.56439555
0.9652778
0.5490328
0.9763837
3.2430663
3.8219392
0.63308275
0.6029154
1.9962697
1.9421349
1.3795617
0.24915242
0.69843984
0.26609302
2.4504375
0.58922267
0.48248374
1.3585901
0.94787467
1.1828237
0.26980186
0.1946752
0.10500026
1.0292656
1.9117535
0.48949707
0.15690684
0.25327384
0.5610497
0.7396593
1.0667565
1.1395437
1.7954676
1.4562898
0.92450154
0.9383919
0.9541061
1.043282
1.050601
0.4945271
0.09601641
0.8236941
0.2073381
0.6420518
2.345654
0.29562485
0.8745614
0.80883574
0.8814901
1.73921
0.3871789
0.36125433
0.668097
0.8078104
0.18245113
0.40484607
1.1898594
0.37700617
1.3730038
1.2234873
0.3425343
3.17852
0.6044252
0.73391104
1.992111
1.3714408
1.9245296
0.54736996
0.3363855
1.5357486
0.25619948
0.7896044
0.38394475
0.4962803
1.1423894
0.32290447
0.16727436
0.37203372
0.2549163
0.95818126
0.5488554
0.26155615
1.2043333
0.7774451
0.4589362
0.8298632
0.98590934
0.74961305
1.753691
0.39160073
3.5885375
0.6078938
0.8634969
1.1974875
0.6420039
0.16651094
0.21832025
0.34286702
1.0905442
0.22191024
0.8327348
0.1378429
0.67359674
0.4867543
0.536824
0.8945178
0.6558001
0.5596491
1.876764
0.85416746
0.61726296
1.0618268
0.29417932
1.9080257
0.41009092
0.58670163
0.5827122
0.71395504
0.25124872
2.3561482
0.27036965
0.47910428
0.2390449
0.6431147
1.9728246
0.6188226
1.8874284
0.34169567
0.41960418
0.785848
0.96796274
0.1757356
2.746613
0.44491684
0.81846833
0.7149457
0.9994794
0.6265228
0.7531141
0.0034805536
4.3053193
0.07415044
1.0352331
1.4495372
0.4239874
1.1382716
0.15001321
0.51206553
0.42473722
0.4373896
1.7417086
0.5992366
0.7719544
0.08931303
0.5922915
0.2541442
2.029343
0.41758645
0.375414
2.9883785
0.62269366
5.052953
0.2701286
0.71117055
0.6386852
1.0324075
0.9673574
0.12141442
1.0079634
0.6495533
0.61782265
0.38980103
0.36395764
0.66980124
1.2327188
0.9787524
0.71837115
2.164009
0.79653716
0.92058635
0.38986266
2.3980417
0.8295293
0.5838188
0.39564562
0.60923564
1.5386809
0.42146158
0.41096365
1.0143025
0.6216625
0.22756445
0.44993997
3.0718627
0.05671668
0.7080717
0.15440226
0.6261281
1.3969911
1.0732946
0.78210306
0.639447
1.7272834
0.55239093
0.37559342
0.8502064
0.6023433
2.1609004
0.5385419
1.6476264
1.181596
0.9045441
0.46561778
3.4297
0.5302048
0.29931366
1.3399565
0.8997408
5.134307
0.6188657
0.8890852
0.6959133
0.9457555
0.8262886
1.4116744
0.656317
0.08391857
1.1835011
0.40663874
0.41484535
0.18844903
1.9279622
1.492799
0.37796462
0.5184915
1.7668597
0.26267934
0.38262272
0.13409102
0.21182466
0.30433917
0.4442159
0.46180665
0.52338374
2.0548022
1.4377425
0.30519235
0.58321536
1.6494843
0.08971298
1.526655
0.10436118
0.45729554
4.805434
0.6221868
0.7040043
0.7190416
1.1481749
0.27669394
1.3645449
0.44458616
2.9169352
0.8316461
1.7815814
1.6035758
1.385498
1.2348694
0.94242275
0.5570762
0.82579553
0.17203534
1.2467874
0.27478456
0.18853605
0.12427437
6.3023396
0.38490927
2.0071087
0.22957468
1.1075051
0.56782866
2.6671183
0.21722722
0.05082023
0.22052193
0.5814743
0.9190012
0.6503905
1.0689286
1.2366999
1.2520949
1.9322091
0.34285986
0.7831522
0.36741245
0.12857044
0.822139
1.4596034
0.3167764
0.2860049
1.3516468
0.8709717
0.6331718
0.78620505
1.7889253
0.8401096
5.2804546
0.46918893
1.0075064
1.0108236
0.6405573
1.5073011
1.6076338
0.56903577
0.74197865
0.086731315
0.4661529
0.27451527
0.68701315
0.099648
0.72760224
0.9746553
0.5540639
1.1748003
0.5791173
0.34333825
1.0589811
0.23049164
0.8248495
0.230806
0.693241
0.39486206
1.4656211
1.0888679
0.2304796
0.96388924
0.36213052
1.0969682
0.3399037
1.1446165
0.8744197
0.50365114
0.42982185
0.6327939
0.39693832
0.65074897
0.34984648
0.64635026
4.9561777
0.62765074
0.27680135
0.9977428
1.6173482
0.31381822
0.4808283
0.20488107
0.53309834
0.96973145
0.46499884
0.9812304
1.010572
0.7754464
0.94381714
0.0009204149
1.2255758
0.0941757
0.5896121
1.7458763
1.1157709
0.33570492
0.1948371
2.1661906
1.3373362
0.6690588
0.2639265
1.9458816
3.5115263
0.3428712
0.4230224
0.47083986
0.91086316
2.2408223
0.5886328
0.88903284
1.0270146
0.31239927
0.80065393
0.72878206
1.4767978
1.2858815
0.88541865
5.057208
0.12965965
0.34244895
0.14339924
0.46015596
1.0483521
0.03275895
0.51154006
0.066275
0.85089624
0.5404837
0.41627383
2.218985
0.345963
0.9293122
2.0450191
0.91810906
2.5017369
0.5081543
0.29488862
0.7236781
1.2161626
0.6834668
1.0453825
0.19442046
0.25074923
2.2006564
0.18980765
1.1640246
0.93808687
1.1294657
0.8966974
1.474652
1.2745813
0.16667747
0.1620872
0.90074646
0.4144889
0.2685641
0.9993998
1.8525238
0.024462104
1.3250215
0.66139936
0.4633007
0.038934708
0.6842978
0.61849976
0.7978883
2.0541925
0.6273942
1.2998943
0.5089996
0.4525529
2.188871
0.18420959
0.30081737
3.3985767
1.1174498
0.31114686
0.42481768
0.52918863
0.6743486
0.29756343
0.41483057
0.4002087
1.139973
0.42417467
0.2208122
0.41545236
0.81289244
0.23547208
0.23251879
2.137735
0.3102188
1.6442227
1.4079473
4.8965173
0.6469941
0.99069166
0.3226217
0.2610345
0.7870641
1.9089317
0.5298734
0.92294574
0.2619573
0.47301853
0.26084602
0.9180809
0.20071042
0.39217436
0.6408
3.444512
1.3832781
0.75284576
0.120319605
1.0449206
1.6566021
0.7633543
0.43878078
0.29353452
0.7328465
0.3560636
0.17313218
0.41127777
0.23145366
0.5171288
0.2265563
0.5795646
0.26196027
0.774693
3.2736382
0.8126452
0.11728823
0.29138982
0.7726675
0.65841365
0.65413785
0.94367313
0.34054708
0.7971866
0.88841677
0.6970736
0.38680017
0.642938
0.7959287
1.5056002
0.30916965
0.09656167
0.8408834
1.580369
0.559111
0.77103937
1.785579
0.6898105
0.4911065
1.5064471
0.44724214
1.0315075
0.64045143
0.691442
0.16900313
0.33203912
2.1202693
3.3935914
0.1696347
0.6314781
0.9493406

5.1223745
6.170799
6.7152233
7.093644
6.7241507
6.8669796
5.865259
7.085961
7.3526497
8.155227

