3.1793725
1.928035
1.6596195
1.677761
2.4557679
1.9841459
2.2570882
3.0383773
2.7251906
1.5568166
1.7163447
2.4155006
2.441317
3.0985343
2.193946
2.0127275
3.1291137
3.0556936
2.4428258
2.2022142
1.9360199
2.5501149
2.0025146
2.352566
2.3852615
2.3559675
2.3435447
2.059911
2.309962
1.7253649
2.3772478
2.289277
2.5169065
1.8793862
1.6030922
1.9044216
1.6246603
2.1404123
1.8527979
4.9802613
3.1603606
1.8071604
4.73633
1.6566287
2.0786674
1.9926609
1.9754721
2.1198728
1.8320857
2.5312812
1.9185867
2.927173
3.6070144
1.6743746
3.3818018
1.9815576
4.6341634
1.7971599
7.1638956
2.0136478
2.3214195
1.7980849
3.7600088
2.05898
2.3634346
1.5698279
2.4712303
1.8874816
1.5305709
1.8604277
3.743273
1.877517
1.8190969
1.5904113
3.9337518
3.0075312
2.217677
2.4843476
1.7148832
3.3089676
1.8375938
1.7550806
1.7733141
1.707024
3.2535098
2.432687
6.9984283
2.4596298
2.5380604
1.4388529
2.2082062
2.7583508
2.7472253
1.989011
1.9840252
1.7916176
3.1805105
2.1831617
1.6248038
1.9335468
1.5519286
1.9193407
5.634654
1.7274324
2.1041288
2.4409888
2.3637867
2.0447197
2.6321392
2.259697
2.0130434
4.721857
1.6012626
1.8823019
17.605612
3.547412
1.6814077
6.322755
2.6887646
1.8450961
1.9040486
1.9746656
2.2250617
2.1402664
2.1521087
1.8364519
1.6498686
2.9876597
10.400435
2.136951
3.0989008
1.7122661
2.1941187
2.8902156
2.6563046
3.8488233
2.808169
2.114573
1.6840279
3.7560344
2.450044
4.477983
1.5561244
2.9027393
2.11863
1.7468184
2.049645
3.3511217
1.697515
2.6828575
2.406859
2.7086434
2.2558124
2.3272238
1.9971681
2.2980778
1.6564585
1.6263046
1.7735258
2.5859678
1.9434727
3.7010443
6.730707
1.7631967
1.7916856
1.52382
2.1105683
2.0968552
2.8888261
1.8651532
1.7324039
2.8934522
2.6519036
1.7967174
2.4234133
1.8491621
1.9388428
1.9873332
2.5660832
1.6808726
1.9621903
3.3449383
1.5254321
3.1777701
1.6675786
2.2139866
2.4744449
2.3008215
2.505992
2.6873703
2.458105
2.36385
2.0036633
2.136271
1.9936261
2.5166235
1.8511767
2.1611962
2.792386
1.8898144
1.8640028
2.3118834
2.1684852
1.8151864
6.293636
2.741879
1.825279
2.2296202
1.9091077
1.8516566
2.4271803
1.8340423
1.7778817
1.7308964
1.7773156
3.3800654
2.4656997
2.643086
2.806939
2.1878514
2.3066363
2.6444232
1.9418827
1.9439559
7.41992
1.7089113
2.65109
2.8838403
2.1322985
2.1857216
2.1776655
1.5323862
1.7570834
2.8198655
2.292352
3.8181825
2.7151637
3.1325324
1.7800242
1.8492928
4.3840547
1.770388
6.2585864
2.14435
1.825083
2.6524272
2.136118
6.0124846
2.170294
1.6069063
1.824719
2.5621524
3.3990598
2.0473814
1.5368979
2.55329
4.0185432
3.5466812
1.696956
1.9713454
4.010556
1.7591369
2.1225135
1.959267
2.5770345
2.9694924
1.6432558
1.5721973
3.8369012
2.040647
2.370839
2.5457733
6.8580065
1.7900802
3.8662856
1.7675345
3.5470178
3.3983924
2.695832
2.7062056
4.19491
1.5815682
3.449726
2.081249
2.0095582
2.453433
1.6767949
2.4940522
2.647869
2.3309526
2.1030204
2.2332199
1.5023416
2.6139235
1.5776793
2.409701
2.4777856
2.3028638
2.9587781
1.6305434
4.653783
1.572003
2.0822437
2.9855502
3.327281
2.1676817
2.6377888
1.8453957
11.683508
2.3205183
1.7529467
5.5932646
1.6865575
1.8689938
1.5743728
2.4102194
1.8594922
2.7383304
4.15344
1.7207905
1.8227717
3.3626342
2.355999
2.8575046
2.3528705
2.0409486
1.7086028
2.1935406
1.6786625
2.0578377
2.3348153
1.4816589
1.8074458
1.715444
4.1000504
2.279974
1.9012301
1.7507064
1.4633962
2.1459222
2.1397207
1.9684497
1.971227
1.5536673
1.7230288
1.7069046
2.7648947
1.7824408
1.8688223
3.6507077
1.8523676
2.11286
2.3599312
2.955763
1.9570925
2.070032
2.3519745
2.3930502
3.3816803
2.1916971
2.0657606
1.8534521
2.085889
1.8988469
2.3164067
3.214963
1.9180188
1.7115763
2.8016505
1.9462388
2.0117362
10.031093
2.4642577
1.8402388
2.1115384
1.918549
1.9029032
1.6382686
1.6479298
1.7410344
1.7807155
1.8334463
2.0345168
2.549333
1.7578491
2.197439
2.0337267
2.0323322
1.9298115
1.8045716
1.5443959
2.700198
1.7180943
1.633838
2.2281945
3.0548308
1.793291
2.1958106
2.3147194
2.0645483
1.9439708
1.7233033
1.5805248
1.6775724
2.5463033
1.5576198
2.6817563
1.6551768
3.125589
1.7954195
2.9083354
2.816721
1.8565493
2.3321016
1.8312539
2.9099824
2.1642153
1.6375698
4.031712
2.0244842
2.1704993
2.1580794
2.5890095
2.4509397
3.5702913
1.8020822
1.8927598
2.4589453
1.484389
2.5863214
1.9950901
2.116155
1.9028494
4.643466
1.768705
2.268842
3.1237006
2.5530162
2.495877
1.7643878
1.8551052
4.7294745
2.6030097
1.7625034
2.145885
1.5115639
1.6719263
2.077305
2.2044828
2.3353233
3.4822989
2.4220643
2.1402652
2.441461
2.0655634
1.690513
1.4872417
1.6543399
6.1438384
3.9126039
2.5693986
4.425052
1.8021998
2.9787207
1.9791977
3.5327451
1.79041
1.7445883
1.5320499
2.9602077
4.276657
3.1530552
2.6294508
2.1050165
2.6293852
2.5556505
2.1710947
2.7555811
1.5958962
1.9583986
1.8215196
2.0118685
3.2348208
1.7912799
2.0259778
2.4205496
1.9682416
2.418859
4.7818065
5.3582745
2.0417764
2.0350354
3.4309392
3.40233
2.8760774
1.6752969
2.122045
1.7319787
4.007433
2.0824685
1.8748511
2.8178918
2.3794663
2.6572502
1.667495
1.6291772
1.5078598
2.5158792
3.4621758
1.9066026
1.6173397
1.736639
1.9459878
2.1853702
2.5133328
2.5249472
3.2417884
2.9647796
2.3203738
2.3559918
2.4512084
2.513868
2.585106
1.9446868
1.5122931
2.258112
1.6879741
2.101743
3.9000285
1.7057574
2.333241
2.2713897
2.3559093
3.2407956
1.8060706
1.764662
2.0692155
2.2653546
1.5850787
1.7511128
2.6875436
1.8092347
2.865442
2.638735
1.7872169
4.6539145
2.0619566
2.2027795
3.5198755
2.813166
3.3975434
1.9664329
1.7643045
3.0333045
1.6642414
2.1762426
1.7962583
1.9245707
2.6763246
1.7100726
1.5816841
1.7867004
1.7043828
2.4539692
2.0380998
1.6341504
2.666955
2.185905
1.9098065
2.284079
2.4781184
2.154824
3.2161674
1.8643014
5.071232
2.0304036
2.3316712
2.7301
2.1241105
1.5965011
1.5734792
1.7110935
2.4905462
1.5713217
2.3238778
1.52767
2.159511
1.9182571
1.9355117
2.3690462
2.0514743
1.9790812
3.3817718
2.3251727
2.106165
2.5255852
1.7074063
3.3930752
1.8244743
1.9813315
1.9891521
2.1516576
1.6339943
3.852999
1.733132
1.9343023
1.6679147
2.1096227
3.417741
2.0272422
3.346575
1.7625585
1.8762109
2.2280896
2.4395237
1.5772122
4.292696
1.8073553
2.2250352
2.1856315
2.498793
2.1051853
2.112987
1.390611
5.87214
1.460359
2.5023813
2.8737292
1.8363934
2.570748
1.5272051
1.952507
1.8032454
1.8972602
3.1897023
2.0083425
2.2193265
1.4758307
2.0102186
1.6644946
3.4919913
1.8646337
1.8159784
4.3649235
2.1354394
6.643723
1.7450691
2.1112015
2.1029165
2.4950273
2.4299736
1.5878899
2.5219395
2.1287735
2.012696
1.7885189
1.8528891
2.0842965
2.663203
2.4397106
2.1412976
3.65742
2.2761228
2.3340461
1.8341582
3.9399118
2.2886667
2.0208695
1.789524
1.9932362
3.0051458
1.8153223
1.8321985
2.4473627
2.0876946
1.6437659
1.8823019
4.5304203
1.4891543
2.1286302
1.5361156
2.139972
2.8665931
2.4984412
2.185359
2.0573466
3.2678022
2.0151143
1.7874388
2.3103778
2.0172958
3.7230089
1.9677727
3.1347322
2.656518
2.32893
1.8668778
4.948068
1.9455874
1.684685
2.8047187
2.3006542
6.6868715
2.1400106
2.345035
2.0772426
2.4328756
2.2811708
2.9056737
2.0832498
1.4787643
2.6366644
1.826065
1.8677353
1.5888302
3.3688977
2.939748
1.768783
2.0520437
3.3153617
1.686089
1.7621833
1.5284444
1.6598945
1.8002768
1.8080317
1.8544508
1.9391123
3.5360198
2.8750083
1.7120194
2.0257945
3.1164405
1.5508734
3.1263087
1.5310751
1.8455632
6.4527645
2.0104697
2.1720107
2.1638417
2.6049545
1.6837791
2.8379378
1.8403025
4.427386
2.238975
3.2725015
3.0682297
2.885836
2.754343
2.4617903
1.9673809
2.2703161
1.6212242
2.7311065
1.7443273
1.5596642
1.5156634
7.8269887
1.8025336
3.4783733
1.5966296
2.51555
2.0863726
4.211708
1.6399288
1.4381386
1.6090767
2.0709693
2.3562124
2.1055353
2.450273
2.8298905
2.728403
3.396185
1.7873856
2.214354
1.8357733
1.5253339
2.282894
2.9577425
1.7105985
1.7134644
2.846694
2.2530668
2.068163
2.2400658
3.1556342
2.237602
6.803945
1.8977892
2.4998846
2.4846435
2.1383288
2.992149
3.1302161
1.9797156
2.2756302
1.4006608
1.8820766
1.714427
2.1116264
1.4726017
2.1526268
2.332776
2.0714123
2.6431592
1.987317
1.8253901
2.5066233
1.6195731
2.250183
1.5477983
2.1559143
1.8567051
2.9278328
2.50845
1.631314
2.3831508
1.8182385
2.4756904
1.7140491
2.568772
2.3485956
1.9107664
1.8747047
2.1295428
1.7969213
2.0786076
1.764071
2.1523583
6.5156355
2.0324032
1.6726608
2.449306
3.0505977
1.7192494
1.9320774
1.613054
1.9855253
2.3876152
1.9576755
2.4140682
2.5136456
2.1843643
2.3322194
1.4036673
2.6547244
1.4131672
2.0130906
3.2451017
2.5545816
1.7319
1.6149218
3.6182513
2.7894166
2.0736752
1.639528
3.432815
5.152118
1.7433777
1.8134689
1.90088
2.352524
3.7624357
1.9423615
2.3359025
2.549312
1.7581547
2.2937424
2.1793208
2.9755967
2.641951
2.3815153
6.554383
1.5081874
1.7572324
1.5279353
1.866561
2.4861615
1.3942089
1.92937
1.4708015
2.276594
1.9972279
1.8602024
3.6671042
1.7450476
2.400861
3.5247676
2.4020853
3.9936616
1.8953265
1.7411249
2.16713
2.70571
2.13828
2.5014877
1.6342635
1.6857482
3.6813178
1.5826044
2.637272
2.378776
2.5628672
2.4148266
3.0400858
2.7662945
1.6054499
1.6067873
2.3969674
1.8522501
1.6296133
2.4848142
3.3605149
1.4901376
2.9111156
2.1381183
1.8907343
1.4617933
2.1049383
2.045523
2.2389317
3.4966443
2.030958
2.8495016
1.9571187
1.8727039
3.6264224
1.6447634
1.6995885
4.829787
2.5854993
1.7192901
1.8633332
1.9669696
2.1725469
1.6539115
1.8111974
1.7957174
2.6245258
1.8513709
1.6849718
1.8384312
2.286163
1.642062
1.5165656
3.5837772
1.7184935
3.1030884
2.9287136
6.4910984
2.1290076
2.411683
1.6463012
1.7287408
2.2851565
3.4053268
1.9628074
2.3432488
1.6877664
1.9124836
1.7161791
2.3681178
1.666659
1.795218
2.0598626
5.036214
2.8934095
2.1394188
1.5350312
2.5284357
3.1311908
2.3154864
1.905041
1.6816317
2.2255466
1.7876636
1.6513661
1.9000459
1.6241502
1.9708966
1.6173732
1.9790573
1.6638919
2.254214
4.829961
2.2790174
1.5431708
1.6993841
2.2811396
2.1795008
2.1047194
2.3367105
1.8225884
2.2023265
2.3005314
2.1557217
1.7774092
2.0758014
2.2131796
3.0027423
1.7620593
1.4921315
2.3425438
3.0693324
1.9721096
2.2198455
3.306838
2.1979785
1.9715632
2.9550798
1.8460386
2.4053025
2.0055275
2.1476426
1.593133
1.7515037
3.6495223
4.9457006
1.5795527
2.0531213
2.4324334

8.101384
9.338105
10.233389
10.778414
10.381526
10.560129
9.076821
10.635843
10.955018
11.893599

